1.000000e+00 0.000000e+00 0.000000e+00 0.000000e+00 0.000000e+00 1.000000e+00 0.000000e+00 0.000000e+00 0.000000e+00 0.000000e+00 1.000000e+00 0.000000e+00
9.999909e-01 4.269650e-03 -1.112186e-04 3.910051e-01 -4.269693e-03 9.999907e-01 -3.848979e-04 -8.255263e-03 1.095742e-04 3.853693e-04 9.999999e-01 -5.329522e-03
9.999667e-01 8.154468e-03 3.241558e-04 6.138260e-01 -8.154188e-03 9.999664e-01 -8.528291e-04 -1.155083e-02 -3.310993e-04 8.501575e-04 9.999996e-01 -8.290737e-03
9.999230e-01 1.240879e-02 1.842313e-04 8.472974e-01 -1.240847e-02 9.999216e-01 -1.644482e-03 -2.024438e-02 -2.046229e-04 1.642069e-03 9.999986e-01 -1.021339e-02
9.998457e-01 1.754950e-02 7.668665e-04 1.078025e+00 -1.754752e-02 9.998430e-01 -2.523176e-03 -3.317043e-02 -8.110264e-04 2.509330e-03 9.999965e-01 -1.712464e-02
9.997335e-01 2.306744e-02 8.673996e-04 1.313792e+00 -2.306453e-02 9.997288e-01 -3.227478e-03 -4.977924e-02 -9.416140e-04 3.206612e-03 9.999944e-01 -1.815551e-02
9.995944e-01 2.845487e-02 1.115481e-03 1.563155e+00 -2.845039e-02 9.995878e-01 -3.849204e-03 -6.145371e-02 -1.224550e-03 3.815907e-03 9.999920e-01 -2.115582e-02
9.994237e-01 3.391986e-02 1.334168e-03 1.809904e+00 -3.391384e-02 9.994154e-01 -4.295598e-03 -7.620412e-02 -1.479094e-03 4.247875e-03 9.999899e-01 -2.555096e-02
9.992004e-01 3.996858e-02 1.012490e-03 2.057599e+00 -3.996367e-02 9.991910e-01 -4.474836e-03 -9.026510e-02 -1.190524e-03 4.430796e-03 9.999894e-01 -2.724321e-02
9.989785e-01 4.518847e-02 -6.676778e-05 2.308178e+00 -4.518831e-02 9.989685e-01 -4.487237e-03 -1.109826e-01 -1.360724e-04 4.485670e-03 9.999899e-01 -2.960286e-02
9.987283e-01 5.041539e-02 1.243750e-04 2.559210e+00 -5.041423e-02 9.987171e-01 -4.744098e-03 -1.339342e-01 -3.633910e-04 4.731795e-03 9.999887e-01 -2.743573e-02
9.984337e-01 5.592453e-02 1.612773e-03 2.829443e+00 -5.591610e-02 9.984236e-01 -4.872805e-03 -1.530423e-01 -1.882740e-03 4.774993e-03 9.999868e-01 -3.447694e-02
9.980879e-01 6.175378e-02 2.627426e-03 3.088249e+00 -6.174071e-02 9.980807e-01 -4.793736e-03 -1.773220e-01 -2.918415e-03 4.622351e-03 9.999850e-01 -3.775722e-02
9.977623e-01 6.675147e-02 3.841258e-03 3.357997e+00 -6.673388e-02 9.977605e-01 -4.536935e-03 -2.062479e-01 -4.135503e-03 4.270440e-03 9.999824e-01 -3.952648e-02
9.974871e-01 7.071582e-02 4.344291e-03 3.626656e+00 -7.069767e-02 9.974890e-01 -4.199664e-03 -2.318417e-01 -4.630365e-03 3.881980e-03 9.999818e-01 -4.589612e-02
9.971806e-01 7.494550e-02 3.741092e-03 3.896413e+00 -7.492983e-02 9.971800e-01 -4.168226e-03 -2.599284e-01 -4.042933e-03 3.876155e-03 9.999843e-01 -4.864356e-02
9.969271e-01 7.825635e-02 3.497154e-03 4.178650e+00 -7.823999e-02 9.969240e-01 -4.592667e-03 -2.851754e-01 -3.845802e-03 4.304937e-03 9.999833e-01 -5.191154e-02
9.967076e-01 8.099347e-02 3.739751e-03 4.451056e+00 -8.097696e-02 9.967064e-01 -4.374786e-03 -3.097960e-01 -4.081763e-03 4.057549e-03 9.999834e-01 -5.170193e-02
9.964750e-01 8.381583e-02 3.543614e-03 4.727831e+00 -8.380179e-02 9.964746e-01 -3.941001e-03 -3.392973e-01 -3.861440e-03 3.630148e-03 9.999859e-01 -6.091258e-02
9.962813e-01 8.610759e-02 3.000588e-03 5.007730e+00 -8.609682e-02 9.962806e-01 -3.552351e-03 -3.641565e-01 -3.295311e-03 3.280800e-03 9.999892e-01 -6.078143e-02
9.960276e-01 8.896868e-02 3.672890e-03 5.293468e+00 -8.895665e-02 9.960301e-01 -3.318517e-03 -4.004287e-01 -3.953553e-03 2.978607e-03 9.999877e-01 -6.341763e-02
9.957571e-01 9.190277e-02 4.649367e-03 5.582858e+00 -9.188864e-02 9.957641e-01 -3.167058e-03 -4.332089e-01 -4.920735e-03 2.726397e-03 9.999842e-01 -6.544515e-02
9.955720e-01 9.381739e-02 5.899529e-03 5.884140e+00 -9.379982e-02 9.955859e-01 -3.189007e-03 -4.615645e-01 -6.172673e-03 2.621511e-03 9.999775e-01 -6.801664e-02
9.953451e-01 9.614363e-02 6.680533e-03 6.180497e+00 -9.612481e-02 9.953644e-01 -3.084658e-03 -4.983736e-01 -6.946136e-03 2.428134e-03 9.999729e-01 -7.354350e-02
9.951553e-01 9.806190e-02 7.056297e-03 6.485818e+00 -9.804426e-02 9.951782e-01 -2.804624e-03 -5.300730e-01 -7.297299e-03 2.099208e-03 9.999712e-01 -7.677931e-02
9.949293e-01 1.003618e-01 6.579135e-03 6.808328e+00 -1.003474e-01 9.949492e-01 -2.491283e-03 -5.679710e-01 -6.795936e-03 1.818451e-03 9.999753e-01 -8.289045e-02
9.947002e-01 1.026674e-01 5.562468e-03 7.128580e+00 -1.026547e-01 9.947140e-01 -2.518838e-03 -6.039978e-01 -5.791666e-03 1.934475e-03 9.999813e-01 -8.480752e-02
9.944768e-01 1.048402e-01 4.938750e-03 7.458919e+00 -1.048276e-01 9.944866e-01 -2.749345e-03 -6.437181e-01 -5.199763e-03 2.216443e-03 9.999840e-01 -8.879965e-02
9.942887e-01 1.065930e-01 5.277892e-03 7.797817e+00 -1.065790e-01 9.943000e-01 -2.873942e-03 -6.833174e-01 -5.554150e-03 2.295016e-03 9.999819e-01 -8.969655e-02
9.941569e-01 1.077655e-01 6.218370e-03 8.152596e+00 -1.077500e-01 9.941742e-01 -2.781962e-03 -7.260954e-01 -6.481942e-03 2.095677e-03 9.999768e-01 -9.100938e-02
9.940078e-01 1.090454e-01 7.589683e-03 8.507576e+00 -1.090299e-01 9.940354e-01 -2.439477e-03 -7.671385e-01 -7.810428e-03 1.597357e-03 9.999682e-01 -9.734163e-02
9.939082e-01 1.099128e-01 8.106109e-03 8.868719e+00 -1.099007e-01 9.939407e-01 -1.930902e-03 -8.140460e-01 -8.269222e-03 1.028273e-03 9.999653e-01 -1.056131e-01
9.938722e-01 1.102155e-01 8.406428e-03 9.245728e+00 -1.102070e-01 9.939075e-01 -1.463890e-03 -8.593726e-01 -8.516555e-03 5.284726e-04 9.999636e-01 -1.119060e-01
9.938590e-01 1.103498e-01 8.200419e-03 9.622603e+00 -1.103431e-01 9.938927e-01 -1.267676e-03 -9.056337e-01 -8.290225e-03 3.550310e-04 9.999655e-01 -1.132276e-01
9.938203e-01 1.106665e-01 8.608663e-03 1.001280e+01 -1.106748e-01 9.938567e-01 4.891778e-04 -9.475678e-01 -8.501641e-03 -1.438917e-03 9.999628e-01 -1.179504e-01
9.937817e-01 1.110242e-01 8.461611e-03 1.041098e+01 -1.110426e-01 9.938142e-01 1.739006e-03 -9.979173e-01 -8.216197e-03 -2.667792e-03 9.999627e-01 -1.239268e-01
9.937629e-01 1.111084e-01 9.495724e-03 1.081366e+01 -1.111357e-01 9.938022e-01 2.398962e-03 -1.043555e+00 -9.170327e-03 -3.439313e-03 9.999520e-01 -1.319336e-01
9.937044e-01 1.116746e-01 8.961148e-03 1.121808e+01 -1.117045e-01 9.937372e-01 2.911244e-03 -1.094393e+00 -8.579914e-03 -3.893917e-03 9.999556e-01 -1.403919e-01
9.936520e-01 1.122070e-01 8.080563e-03 1.163601e+01 -1.122345e-01 9.936771e-01 3.031170e-03 -1.144650e+00 -7.689352e-03 -3.918845e-03 9.999627e-01 -1.447761e-01
9.936398e-01 1.123462e-01 7.631750e-03 1.205271e+01 -1.123846e-01 9.936533e-01 4.798904e-03 -1.191886e+00 -7.044174e-03 -5.626073e-03 9.999593e-01 -1.520983e-01
9.935973e-01 1.127873e-01 6.591324e-03 1.249909e+01 -1.128308e-01 9.935919e-01 6.648927e-03 -1.239759e+00 -5.799173e-03 -7.350060e-03 9.999562e-01 -1.621211e-01
9.935934e-01 1.127832e-01 7.222779e-03 1.293552e+01 -1.128339e-01 9.935889e-01 7.053131e-03 -1.292916e+00 -6.380999e-03 -7.822919e-03 9.999490e-01 -1.630166e-01
9.936073e-01 1.126830e-01 6.862871e-03 1.337837e+01 -1.127303e-01 9.936013e-01 6.953041e-03 -1.349878e+00 -6.035469e-03 -7.682246e-03 9.999523e-01 -1.753121e-01
9.935463e-01 1.131190e-01 8.359719e-03 1.383377e+01 -1.131766e-01 9.935517e-01 6.776640e-03 -1.408853e+00 -7.539247e-03 -7.679030e-03 9.999421e-01 -1.817934e-01
9.935179e-01 1.134903e-01 6.486370e-03 1.429951e+01 -1.135374e-01 9.935061e-01 7.424727e-03 -1.460160e+00 -5.601612e-03 -8.113045e-03 9.999514e-01 -1.957125e-01
9.936028e-01 1.128218e-01 4.966489e-03 1.477001e+01 -1.128574e-01 9.935824e-01 7.574259e-03 -1.520115e+00 -4.080074e-03 -8.086310e-03 9.999590e-01 -2.062324e-01
9.937249e-01 1.117821e-01 3.938685e-03 1.525448e+01 -1.118069e-01 9.937071e-01 6.766888e-03 -1.571420e+00 -3.157481e-03 -7.164798e-03 9.999694e-01 -2.198305e-01
9.938282e-01 1.108543e-01 4.089756e-03 1.574067e+01 -1.108767e-01 9.938174e-01 5.740047e-03 -1.629094e+00 -3.428162e-03 -6.158080e-03 9.999751e-01 -2.217522e-01
9.939150e-01 1.100785e-01 3.952521e-03 1.623223e+01 -1.100996e-01 9.939049e-01 5.583235e-03 -1.687797e+00 -3.313836e-03 -5.984432e-03 9.999766e-01 -2.281951e-01
9.940113e-01 1.092046e-01 3.976156e-03 1.673861e+01 -1.092203e-01 9.940096e-01 3.976747e-03 -1.747875e+00 -3.518058e-03 -4.387209e-03 9.999842e-01 -2.411552e-01
9.940367e-01 1.089922e-01 3.413535e-03 1.725131e+01 -1.089921e-01 9.940426e-01 -2.135316e-04 -1.802179e+00 -3.416472e-03 -1.597902e-04 9.999942e-01 -2.516759e-01
9.941046e-01 1.084039e-01 2.129279e-03 1.776055e+01 -1.083931e-01 9.940971e-01 -4.680591e-03 -1.859934e+00 -2.624105e-03 4.422199e-03 9.999868e-01 -2.546909e-01
9.942563e-01 1.069897e-01 2.762521e-03 1.827183e+01 -1.069684e-01 9.942379e-01 -6.970077e-03 -1.918713e+00 -3.492330e-03 6.634540e-03 9.999719e-01 -2.536910e-01
9.942901e-01 1.066109e-01 4.611197e-03 1.877729e+01 -1.065708e-01 9.942713e-01 -8.216006e-03 -1.977436e+00 -5.460696e-03 7.677675e-03 9.999556e-01 -2.621342e-01
9.943582e-01 1.059399e-01 5.332092e-03 1.928385e+01 -1.058943e-01 9.943436e-01 -8.204198e-03 -2.040489e+00 -6.171084e-03 7.593274e-03 9.999521e-01 -2.691695e-01
9.945351e-01 1.042852e-01 4.960265e-03 1.979600e+01 -1.042436e-01 9.945196e-01 -8.021271e-03 -2.095941e+00 -5.769579e-03 7.460359e-03 9.999555e-01 -2.778585e-01
9.947018e-01 1.026876e-01 4.850097e-03 2.029882e+01 -1.026482e-01 9.946874e-01 -7.769186e-03 -2.151954e+00 -5.622130e-03 7.230170e-03 9.999580e-01 -2.786782e-01
9.948779e-01 1.009829e-01 4.519999e-03 2.080460e+01 -1.009431e-01 9.948575e-01 -8.305262e-03 -2.211104e+00 -5.335443e-03 7.806459e-03 9.999553e-01 -2.806288e-01
9.950820e-01 9.884236e-02 6.479229e-03 2.131585e+01 -9.878617e-02 9.950725e-01 -8.484276e-03 -2.263671e+00 -7.285908e-03 7.802492e-03 9.999430e-01 -2.810326e-01
9.952505e-01 9.705171e-02 7.577399e-03 2.182608e+01 -9.698144e-02 9.952441e-01 -9.148918e-03 -2.325341e+00 -8.429280e-03 8.370599e-03 9.999294e-01 -2.853670e-01
9.953482e-01 9.597503e-02 8.417499e-03 2.232514e+01 -9.588609e-02 9.953380e-01 -1.040077e-02 -2.384672e+00 -9.376471e-03 9.545271e-03 9.999105e-01 -2.935811e-01
9.954824e-01 9.457331e-02 8.409436e-03 2.283142e+01 -9.448268e-02 9.954700e-01 -1.059068e-02 -2.440076e+00 -9.372937e-03 9.748285e-03 9.999086e-01 -2.934891e-01
9.956162e-01 9.303122e-02 9.673704e-03 2.333862e+01 -9.292934e-02 9.956173e-01 -1.049653e-02 -2.488104e+00 -1.060781e-02 9.551545e-03 9.998981e-01 -2.925406e-01
9.957678e-01 9.137280e-02 9.868693e-03 2.382852e+01 -9.129595e-02 9.957918e-01 -7.976187e-03 -2.533414e+00 -1.055597e-02 7.041459e-03 9.999195e-01 -3.094279e-01
9.958888e-01 9.002643e-02 1.003415e-02 2.432302e+01 -8.997787e-02 9.959303e-01 -5.191977e-03 -2.586613e+00 -1.046073e-02 4.267781e-03 9.999362e-01 -3.125089e-01
9.960545e-01 8.819279e-02 9.871401e-03 2.481986e+01 -8.817539e-02 9.961026e-01 -2.185963e-03 -2.627788e+00 -1.002571e-02 1.306923e-03 9.999489e-01 -3.196356e-01
9.961728e-01 8.700109e-02 8.391767e-03 2.530647e+01 -8.701643e-02 9.962057e-01 1.478887e-03 -2.673687e+00 -8.231263e-03 -2.203449e-03 9.999637e-01 -3.248185e-01
9.963106e-01 8.519294e-02 1.036004e-02 2.579811e+01 -8.524329e-02 9.963499e-01 4.519633e-03 -2.722614e+00 -9.937187e-03 -5.386083e-03 9.999361e-01 -3.324619e-01
9.964274e-01 8.389397e-02 9.713166e-03 2.628385e+01 -8.395520e-02 9.964510e-01 6.077650e-03 -2.770908e+00 -9.168816e-03 -6.871407e-03 9.999344e-01 -3.365337e-01
9.964741e-01 8.332523e-02 9.814189e-03 2.677324e+01 -8.339333e-02 9.964937e-01 6.746273e-03 -2.812653e+00 -9.217645e-03 -7.540924e-03 9.999291e-01 -3.625803e-01
9.965646e-01 8.242741e-02 8.043119e-03 2.725835e+01 -8.248588e-02 9.965661e-01 7.229699e-03 -2.853462e+00 -7.419574e-03 -7.868306e-03 9.999415e-01 -3.645177e-01
9.965960e-01 8.216227e-02 6.768386e-03 2.773627e+01 -8.221460e-02 9.965837e-01 7.854145e-03 -2.895144e+00 -6.099949e-03 -8.383870e-03 9.999462e-01 -3.842763e-01
9.966381e-01 8.168708e-02 6.308880e-03 2.821285e+01 -8.173521e-02 9.966235e-01 7.790900e-03 -2.941517e+00 -5.651163e-03 -8.280366e-03 9.999498e-01 -3.844421e-01
9.966625e-01 8.133555e-02 6.958839e-03 2.867452e+01 -8.139164e-02 9.966486e-01 8.196869e-03 -2.989667e+00 -6.268820e-03 -8.735904e-03 9.999422e-01 -4.017693e-01
9.967109e-01 8.076987e-02 6.605089e-03 2.915007e+01 -8.082426e-02 9.966927e-01 8.430739e-03 -3.031277e+00 -5.902295e-03 -8.936861e-03 9.999427e-01 -4.145205e-01
9.967319e-01 8.045182e-02 7.286126e-03 2.961135e+01 -8.051874e-02 9.967089e-01 9.410245e-03 -3.080655e+00 -6.505073e-03 -9.966161e-03 9.999292e-01 -4.220188e-01
9.968008e-01 7.968732e-02 6.161119e-03 3.007767e+01 -7.975193e-02 9.967532e-01 1.107025e-02 -3.113733e+00 -5.258957e-03 -1.152619e-02 9.999197e-01 -4.425210e-01
9.967932e-01 7.974985e-02 6.590132e-03 3.053855e+01 -7.982364e-02 9.967389e-01 1.181744e-02 -3.159899e+00 -5.626202e-03 -1.230559e-02 9.999084e-01 -4.463654e-01
9.968311e-01 7.912138e-02 8.214137e-03 3.100806e+01 -7.921843e-02 9.967819e-01 1.225044e-02 -3.201482e+00 -7.218432e-03 -1.286233e-02 9.998912e-01 -4.644571e-01
9.968356e-01 7.900343e-02 8.788019e-03 3.146417e+01 -7.910477e-02 9.967958e-01 1.185351e-02 -3.243781e+00 -7.823393e-03 -1.251117e-02 9.998911e-01 -4.734536e-01
9.968426e-01 7.879554e-02 9.807373e-03 3.192861e+01 -7.891150e-02 9.968088e-01 1.205925e-02 -3.285403e+00 -8.825860e-03 -1.279509e-02 9.998792e-01 -4.854645e-01
9.968641e-01 7.846195e-02 1.027428e-02 3.237353e+01 -7.857354e-02 9.968482e-01 1.094931e-02 -3.334128e+00 -9.382789e-03 -1.172226e-02 9.998873e-01 -5.023609e-01
9.968125e-01 7.919878e-02 9.615839e-03 3.283001e+01 -7.929848e-02 9.967958e-01 1.047172e-02 -3.370671e+00 -8.755680e-03 -1.120086e-02 9.998989e-01 -5.124089e-01
9.968575e-01 7.873744e-02 8.693459e-03 3.327533e+01 -7.883103e-02 9.968272e-01 1.100671e-02 -3.421252e+00 -7.799236e-03 -1.165743e-02 9.999017e-01 -5.300542e-01
9.968964e-01 7.814345e-02 9.543813e-03 3.373310e+01 -7.824454e-02 9.968767e-01 1.072288e-02 -3.455041e+00 -8.676081e-03 -1.143635e-02 9.998969e-01 -5.360699e-01
9.969083e-01 7.802607e-02 9.258589e-03 3.418185e+01 -7.812472e-02 9.968849e-01 1.081828e-02 -3.491708e+00 -8.385640e-03 -1.150815e-02 9.998986e-01 -5.477395e-01
9.968989e-01 7.809000e-02 9.723295e-03 3.463150e+01 -7.820100e-02 9.968702e-01 1.161294e-02 -3.532968e+00 -8.786007e-03 -1.233730e-02 9.998853e-01 -5.696558e-01
9.969510e-01 7.749379e-02 9.131806e-03 3.507411e+01 -7.759950e-02 9.969140e-01 1.185388e-02 -3.574989e+00 -8.185023e-03 -1.252637e-02 9.998881e-01 -5.782915e-01
9.969763e-01 7.718742e-02 8.963320e-03 3.551785e+01 -7.728876e-02 9.969416e-01 1.157190e-02 -3.614492e+00 -8.042702e-03 -1.222967e-02 9.998929e-01 -5.913706e-01
9.969835e-01 7.714482e-02 8.520622e-03 3.595734e+01 -7.723998e-02 9.969465e-01 1.146897e-02 -3.656294e+00 -7.609833e-03 -1.209250e-02 9.998979e-01 -6.007696e-01
9.970090e-01 7.684584e-02 8.232983e-03 3.640014e+01 -7.694340e-02 9.969599e-01 1.227209e-02 -3.693883e+00 -7.264895e-03 -1.286885e-02 9.998908e-01 -6.139864e-01
9.970208e-01 7.678059e-02 7.366376e-03 3.684390e+01 -7.686615e-02 9.969677e-01 1.213447e-02 -3.728723e+00 -6.412345e-03 -1.266455e-02 9.998993e-01 -6.308240e-01
9.970360e-01 7.668822e-02 6.163956e-03 3.728599e+01 -7.675409e-02 9.969864e-01 1.127240e-02 -3.765471e+00 -5.280919e-03 -1.171210e-02 9.999174e-01 -6.435010e-01
9.970357e-01 7.675042e-02 5.397631e-03 3.770940e+01 -7.680944e-02 9.969766e-01 1.174409e-02 -3.809807e+00 -4.479947e-03 -1.212387e-02 9.999165e-01 -6.491060e-01
9.970431e-01 7.662671e-02 5.781066e-03 3.814395e+01 -7.669618e-02 9.969705e-01 1.294367e-02 -3.843835e+00 -4.771722e-03 -1.334878e-02 9.998995e-01 -6.611958e-01
9.970574e-01 7.638928e-02 6.413066e-03 3.858905e+01 -7.647009e-02 9.969809e-01 1.347590e-02 -3.884570e+00 -5.364290e-03 -1.392665e-02 9.998887e-01 -6.780959e-01
9.970698e-01 7.617126e-02 7.053972e-03 3.901788e+01 -7.626394e-02 9.969900e-01 1.396453e-02 -3.924678e+00 -5.969043e-03 -1.446157e-02 9.998776e-01 -6.902987e-01
9.971429e-01 7.523097e-02 6.801390e-03 3.944235e+01 -7.532908e-02 9.970375e-01 1.555057e-02 -3.962830e+00 -5.611356e-03 -1.601848e-02 9.998559e-01 -7.045391e-01
9.972889e-01 7.335834e-02 5.776355e-03 3.987579e+01 -7.344192e-02 9.971725e-01 1.590680e-02 -3.991602e+00 -4.593126e-03 -1.628790e-02 9.998568e-01 -7.189960e-01
9.974478e-01 7.114321e-02 6.041929e-03 4.030379e+01 -7.122566e-02 9.973512e-01 1.474767e-02 -4.023261e+00 -4.976729e-03 -1.514037e-02 9.998730e-01 -7.270012e-01
9.976553e-01 6.810585e-02 6.738847e-03 4.073454e+01 -6.818857e-02 9.975889e-01 1.291838e-02 -4.059832e+00 -5.842780e-03 -1.334761e-02 9.998938e-01 -7.347385e-01
9.978291e-01 6.540988e-02 7.660599e-03 4.115617e+01 -6.549842e-02 9.977810e-01 1.194142e-02 -4.088511e+00 -6.862516e-03 -1.241725e-02 9.998993e-01 -7.489284e-01
9.979966e-01 6.276201e-02 7.979567e-03 4.158052e+01 -6.285449e-02 9.979516e-01 1.192034e-02 -4.117661e+00 -7.215077e-03 -1.239801e-02 9.998971e-01 -7.686066e-01
9.981797e-01 5.997019e-02 6.393738e-03 4.200364e+01 -6.004149e-02 9.981283e-01 1.161365e-02 -4.145567e+00 -5.685298e-03 -1.197640e-02 9.999121e-01 -7.864797e-01
9.983223e-01 5.773763e-02 4.356726e-03 4.243146e+01 -5.778603e-02 9.982574e-01 1.194972e-02 -4.157610e+00 -3.659185e-03 -1.218143e-02 9.999191e-01 -7.992014e-01
9.985000e-01 5.465914e-02 3.157903e-03 4.284480e+01 -5.469595e-02 9.984176e-01 1.307022e-02 -4.184175e+00 -2.438499e-03 -1.322334e-02 9.999096e-01 -8.120413e-01
9.986252e-01 5.234945e-02 2.681322e-03 4.325698e+01 -5.238339e-02 9.985185e-01 1.472271e-02 -4.211883e+00 -1.906624e-03 -1.484293e-02 9.998880e-01 -8.074021e-01
9.987389e-01 5.002872e-02 4.195621e-03 4.366722e+01 -5.008636e-02 9.986323e-01 1.499159e-02 -4.242618e+00 -3.439873e-03 -1.518283e-02 9.998788e-01 -8.255085e-01
9.988386e-01 4.782870e-02 5.818254e-03 4.409323e+01 -4.790632e-02 9.987533e-01 1.402544e-02 -4.258607e+00 -5.140182e-03 -1.428788e-02 9.998847e-01 -8.347564e-01
9.989436e-01 4.579775e-02 3.772036e-03 4.450108e+01 -4.584694e-02 9.988476e-01 1.419115e-02 -4.283772e+00 -3.117767e-03 -1.434909e-02 9.998922e-01 -8.608923e-01
9.989988e-01 4.465779e-02 2.647817e-03 4.490503e+01 -4.469377e-02 9.988788e-01 1.559547e-02 -4.309582e+00 -1.948390e-03 -1.569820e-02 9.998749e-01 -8.701563e-01
9.990224e-01 4.420428e-02 4.655299e-04 4.531790e+01 -4.420582e-02 9.988786e-01 1.694385e-02 -4.327212e+00 2.839826e-04 -1.694786e-02 9.998564e-01 -8.837688e-01
9.990388e-01 4.382883e-02 7.609288e-04 4.572957e+01 -4.383543e-02 9.988933e-01 1.704706e-02 -4.347761e+00 -1.293424e-05 -1.706402e-02 9.998544e-01 -8.882364e-01
9.990758e-01 4.293437e-02 2.071385e-03 4.613083e+01 -4.296449e-02 9.989182e-01 1.779447e-02 -4.371755e+00 -1.305149e-03 -1.786702e-02 9.998395e-01 -9.017465e-01
9.990931e-01 4.250545e-02 2.494511e-03 4.652362e+01 -4.254546e-02 9.989115e-01 1.911518e-02 -4.394302e+00 -1.679296e-03 -1.920398e-02 9.998142e-01 -9.181152e-01
9.990667e-01 4.319362e-02 2.238565e-04 4.692104e+01 -4.318906e-02 9.988545e-01 2.059986e-02 -4.414279e+00 6.661827e-04 -2.059031e-02 9.997877e-01 -9.410636e-01
9.990418e-01 4.370577e-02 -2.299111e-03 4.732033e+01 -4.364728e-02 9.988214e-01 2.122788e-02 -4.430566e+00 3.224182e-03 -2.110719e-02 9.997720e-01 -9.538991e-01
9.990348e-01 4.373577e-02 -4.079669e-03 4.769757e+01 -4.363422e-02 9.987980e-01 2.233005e-02 -4.454531e+00 5.051387e-03 -2.213048e-02 9.997423e-01 -9.694848e-01
9.990441e-01 4.340103e-02 -5.218375e-03 4.808953e+01 -4.327363e-02 9.988110e-01 2.245138e-02 -4.472764e+00 6.186583e-03 -2.220410e-02 9.997343e-01 -9.838489e-01
9.990457e-01 4.331553e-02 -5.600919e-03 4.845876e+01 -4.318316e-02 9.988267e-01 2.191774e-02 -4.501200e+00 6.543725e-03 -2.165495e-02 9.997441e-01 -9.910433e-01
9.990613e-01 4.287508e-02 -6.172518e-03 4.883532e+01 -4.274080e-02 9.988768e-01 2.045232e-02 -4.530982e+00 7.042480e-03 -2.016931e-02 9.997718e-01 -1.005841e+00
9.990600e-01 4.291546e-02 -6.112567e-03 4.922232e+01 -4.281710e-02 9.989642e-01 1.540338e-02 -4.546087e+00 6.767278e-03 -1.512717e-02 9.998627e-01 -1.028344e+00
9.989961e-01 4.339105e-02 -1.113827e-02 4.960159e+01 -4.328430e-02 9.990162e-01 9.652514e-03 -4.553679e+00 1.154614e-02 -9.160710e-03 9.998914e-01 -1.022321e+00
9.989441e-01 4.355055e-02 -1.462960e-02 4.996625e+01 -4.344093e-02 9.990262e-01 7.729099e-03 -4.569566e+00 1.495196e-02 -7.085414e-03 9.998631e-01 -1.036885e+00
9.989362e-01 4.342097e-02 -1.552824e-02 5.032406e+01 -4.330214e-02 9.990306e-01 7.908512e-03 -4.586355e+00 1.585658e-02 -7.227693e-03 9.998481e-01 -1.054032e+00
9.989272e-01 4.369118e-02 -1.534318e-02 5.068582e+01 -4.357151e-02 9.990178e-01 8.049094e-03 -4.609327e+00 1.567979e-02 -7.371934e-03 9.998499e-01 -1.059319e+00
9.989231e-01 4.379244e-02 -1.532372e-02 5.103828e+01 -4.367219e-02 9.990129e-01 8.095789e-03 -4.627301e+00 1.566313e-02 -7.417850e-03 9.998498e-01 -1.084198e+00
9.989087e-01 4.398340e-02 -1.571045e-02 5.138586e+01 -4.386737e-02 9.990079e-01 7.656042e-03 -4.649942e+00 1.603160e-02 -6.958511e-03 9.998473e-01 -1.083503e+00
9.988858e-01 4.417155e-02 -1.661559e-02 5.171910e+01 -4.402718e-02 9.989901e-01 8.956483e-03 -4.670038e+00 1.699443e-02 -8.214965e-03 9.998218e-01 -1.101974e+00
9.988208e-01 4.482683e-02 -1.864535e-02 5.205992e+01 -4.457432e-02 9.989116e-01 1.374500e-02 -4.680973e+00 1.924120e-02 -1.289769e-02 9.997317e-01 -1.113741e+00
9.988022e-01 4.465104e-02 -2.001292e-02 5.240012e+01 -4.434988e-02 9.988998e-01 1.524765e-02 -4.704161e+00 2.067172e-02 -1.434181e-02 9.996834e-01 -1.116869e+00
9.988269e-01 4.397177e-02 -2.028208e-02 5.274109e+01 -4.371577e-02 9.989609e-01 1.289724e-02 -4.723831e+00 2.082812e-02 -1.199547e-02 9.997111e-01 -1.108018e+00
9.988372e-01 4.430263e-02 -1.901227e-02 5.307437e+01 -4.409207e-02 9.989631e-01 1.135488e-02 -4.737815e+00 1.949560e-02 -1.050338e-02 9.997548e-01 -1.134394e+00
9.988046e-01 4.513125e-02 -1.877721e-02 5.340211e+01 -4.489540e-02 9.989097e-01 1.279803e-02 -4.765019e+00 1.933432e-02 -1.193972e-02 9.997418e-01 -1.139102e+00
9.988167e-01 4.485562e-02 -1.879226e-02 5.373210e+01 -4.457401e-02 9.988912e-01 1.514603e-02 -4.778672e+00 1.945081e-02 -1.429046e-02 9.997087e-01 -1.155363e+00
9.988206e-01 4.474322e-02 -1.885382e-02 5.406320e+01 -4.444848e-02 9.988872e-01 1.577278e-02 -4.807719e+00 1.953857e-02 -1.491616e-02 9.996978e-01 -1.160411e+00
9.988288e-01 4.489017e-02 -1.805338e-02 5.440161e+01 -4.462026e-02 9.988902e-01 1.508549e-02 -4.821812e+00 1.871054e-02 -1.426228e-02 9.997232e-01 -1.163522e+00
9.988428e-01 4.517466e-02 -1.650317e-02 5.473408e+01 -4.493624e-02 9.988840e-01 1.454278e-02 -4.850561e+00 1.714172e-02 -1.378436e-02 9.997581e-01 -1.174556e+00
9.988453e-01 4.529903e-02 -1.600347e-02 5.507064e+01 -4.506724e-02 9.988778e-01 1.455931e-02 -4.861850e+00 1.664503e-02 -1.382126e-02 9.997659e-01 -1.182989e+00
9.988426e-01 4.571241e-02 -1.496021e-02 5.540800e+01 -4.548458e-02 9.988489e-01 1.523101e-02 -4.882510e+00 1.563924e-02 -1.453292e-02 9.997721e-01 -1.200618e+00
9.988332e-01 4.571493e-02 -1.556834e-02 5.575349e+01 -4.547324e-02 9.988447e-01 1.553978e-02 -4.896350e+00 1.626076e-02 -1.481370e-02 9.997581e-01 -1.212232e+00
9.988151e-01 4.601479e-02 -1.584262e-02 5.609319e+01 -4.576626e-02 9.988288e-01 1.570825e-02 -4.922338e+00 1.654687e-02 -1.496458e-02 9.997511e-01 -1.215605e+00
9.988599e-01 4.561237e-02 -1.408616e-02 5.644265e+01 -4.539149e-02 9.988470e-01 1.562126e-02 -4.936039e+00 1.478244e-02 -1.496406e-02 9.997787e-01 -1.232771e+00
9.988622e-01 4.593769e-02 -1.280707e-02 5.680164e+01 -4.574563e-02 9.988419e-01 1.490710e-02 -4.966453e+00 1.347703e-02 -1.430428e-02 9.998069e-01 -1.233832e+00
9.988596e-01 4.635779e-02 -1.142305e-02 5.716274e+01 -4.619617e-02 9.988340e-01 1.402794e-02 -4.992436e+00 1.206003e-02 -1.348424e-02 9.998363e-01 -1.244402e+00
9.988967e-01 4.638086e-02 -7.364932e-03 5.753471e+01 -4.631549e-02 9.988879e-01 8.811967e-03 -5.028322e+00 7.765450e-03 -8.461134e-03 9.999341e-01 -1.237821e+00
9.988863e-01 4.665570e-02 -7.022050e-03 5.790659e+01 -4.664386e-02 9.989097e-01 1.840927e-03 -5.040950e+00 7.100285e-03 -1.511341e-03 9.999737e-01 -1.245236e+00
9.988268e-01 4.803933e-02 -6.105407e-03 5.827457e+01 -4.803731e-02 9.988453e-01 4.764037e-04 -5.062977e+00 6.121244e-03 -1.825575e-04 9.999812e-01 -1.271107e+00
9.987819e-01 4.890373e-02 -6.577438e-03 5.863933e+01 -4.887757e-02 9.987966e-01 4.080335e-03 -5.082487e+00 6.769065e-03 -3.753876e-03 9.999700e-01 -1.287893e+00
9.987416e-01 4.966693e-02 -6.961642e-03 5.901302e+01 -4.961985e-02 9.987451e-01 6.780175e-03 -5.099882e+00 7.289657e-03 -6.426207e-03 9.999528e-01 -1.303335e+00
9.986884e-01 5.084364e-02 -6.033118e-03 5.939360e+01 -5.078764e-02 9.986680e-01 9.098426e-03 -5.128318e+00 6.487679e-03 -8.780085e-03 9.999404e-01 -1.316559e+00
9.986265e-01 5.198180e-02 -6.560524e-03 5.978120e+01 -5.189872e-02 9.985771e-01 1.225594e-02 -5.151800e+00 7.188276e-03 -1.189863e-02 9.999034e-01 -1.323813e+00
9.985880e-01 5.278786e-02 -5.947263e-03 6.016172e+01 -5.266795e-02 9.984356e-01 1.878089e-02 -5.168154e+00 6.929361e-03 -1.844114e-02 9.998059e-01 -1.317454e+00
9.984846e-01 5.469628e-02 -6.076709e-03 6.055448e+01 -5.450371e-02 9.981126e-01 2.829435e-02 -5.201117e+00 7.612836e-03 -2.792026e-02 9.995812e-01 -1.332380e+00
9.983913e-01 5.650051e-02 -4.731576e-03 6.095295e+01 -5.634249e-02 9.979998e-01 2.866809e-02 -5.239998e+00 6.341874e-03 -2.835538e-02 9.995778e-01 -1.335546e+00
9.982658e-01 5.872605e-02 -4.077078e-03 6.136743e+01 -5.862119e-02 9.980314e-01 2.229621e-02 -5.272987e+00 5.378420e-03 -2.201854e-02 9.997431e-01 -1.354977e+00
9.981364e-01 6.089852e-02 -3.878568e-03 6.177262e+01 -6.081836e-02 9.979825e-01 1.821498e-02 -5.302688e+00 4.980009e-03 -1.794515e-02 9.998266e-01 -1.373249e+00
9.979734e-01 6.336799e-02 -5.785005e-03 6.217123e+01 -6.325220e-02 9.978284e-01 1.838286e-02 -5.334139e+00 6.937326e-03 -1.797969e-02 9.998143e-01 -1.397058e+00
9.976900e-01 6.739990e-02 -8.487636e-03 6.257674e+01 -6.722826e-02 9.975547e-01 1.910231e-02 -5.371755e+00 9.754376e-03 -1.848758e-02 9.997815e-01 -1.410364e+00
9.973263e-01 7.237095e-02 -1.014068e-02 6.298196e+01 -7.216721e-02 9.972080e-01 1.919352e-02 -5.412567e+00 1.150142e-02 -1.841038e-02 9.997644e-01 -1.428442e+00
9.969337e-01 7.744633e-02 -1.119225e-02 6.338610e+01 -7.724391e-02 9.968585e-01 1.750997e-02 -5.457058e+00 1.251317e-02 -1.659175e-02 9.997841e-01 -1.433045e+00
9.964744e-01 8.308464e-02 -1.164449e-02 6.379516e+01 -8.287974e-02 9.964129e-01 1.709530e-02 -5.497857e+00 1.302308e-02 -1.606994e-02 9.997861e-01 -1.450264e+00
9.958669e-01 8.993561e-02 -1.267941e-02 6.420527e+01 -8.970801e-02 9.958143e-01 1.750375e-02 -5.549338e+00 1.420055e-02 -1.629396e-02 9.997664e-01 -1.462548e+00
9.951801e-01 9.748659e-02 -1.062540e-02 6.461492e+01 -9.730268e-02 9.951159e-01 1.663531e-02 -5.608940e+00 1.219522e-02 -1.552125e-02 9.998052e-01 -1.462773e+00
9.941944e-01 1.069726e-01 -1.159394e-02 6.501534e+01 -1.068102e-01 9.941833e-01 1.382163e-02 -5.669932e+00 1.300503e-02 -1.250304e-02 9.998373e-01 -1.489440e+00
9.929693e-01 1.179016e-01 -1.053902e-02 6.542519e+01 -1.177758e-01 9.929696e-01 1.184959e-02 -5.740272e+00 1.186201e-02 -1.052504e-02 9.998742e-01 -1.482875e+00
9.913763e-01 1.303964e-01 -1.302942e-02 6.583248e+01 -1.302644e-01 9.914237e-01 1.050871e-02 -5.807824e+00 1.428797e-02 -8.720812e-03 9.998599e-01 -1.515902e+00
9.893845e-01 1.446231e-01 -1.423169e-02 6.622706e+01 -1.445013e-01 9.894614e-01 9.253986e-03 -5.894716e+00 1.542005e-02 -7.099253e-03 9.998559e-01 -1.523208e+00
9.868909e-01 1.605179e-01 -1.674239e-02 6.662460e+01 -1.604133e-01 9.870219e-01 7.423784e-03 -5.979645e+00 1.771675e-02 -4.640764e-03 9.998323e-01 -1.539930e+00
9.840915e-01 1.769747e-01 -1.562103e-02 6.700586e+01 -1.768847e-01 9.842068e-01 6.976979e-03 -6.072244e+00 1.660908e-02 -4.102863e-03 9.998537e-01 -1.536478e+00
9.807145e-01 1.949001e-01 -1.459552e-02 6.738126e+01 -1.947972e-01 9.808095e-01 8.178770e-03 -6.187500e+00 1.590947e-02 -5.177871e-03 9.998600e-01 -1.548029e+00
9.767336e-01 2.140763e-01 -1.276313e-02 6.776397e+01 -2.139802e-01 9.768012e-01 8.486616e-03 -6.287434e+00 1.428382e-02 -5.558106e-03 9.998825e-01 -1.573645e+00
9.722557e-01 2.335474e-01 -1.320711e-02 6.815482e+01 -2.334628e-01 9.723358e-01 7.638558e-03 -6.414836e+00 1.462571e-02 -4.343262e-03 9.998836e-01 -1.564169e+00
9.670010e-01 2.544720e-01 -1.236853e-02 6.851511e+01 -2.543951e-01 9.670715e-01 7.462178e-03 -6.536073e+00 1.386017e-02 -4.069441e-03 9.998957e-01 -1.580558e+00
9.611148e-01 2.757109e-01 -1.555333e-02 6.888278e+01 -2.756115e-01 9.612339e-01 8.245600e-03 -6.663327e+00 1.722378e-02 -3.638291e-03 9.998450e-01 -1.614960e+00
9.548289e-01 2.963858e-01 -2.138537e-02 6.924103e+01 -2.961805e-01 9.550531e-01 1.227113e-02 -6.770499e+00 2.406115e-02 -5.382898e-03 9.996960e-01 -1.613164e+00
9.484281e-01 3.165432e-01 -1.686933e-02 6.959932e+01 -3.163547e-01 9.485528e-01 1.293822e-02 -6.911641e+00 2.009695e-02 -6.934280e-03 9.997740e-01 -1.596805e+00
9.411687e-01 3.378588e-01 -7.269586e-03 6.993550e+01 -3.377458e-01 9.411421e-01 1.339910e-02 -7.079306e+00 1.136872e-02 -1.015554e-02 9.998838e-01 -1.594023e+00
9.331142e-01 3.595351e-01 -5.699431e-03 7.028157e+01 -3.594486e-01 9.330842e-01 1.226236e-02 -7.243397e+00 9.726796e-03 -9.393526e-03 9.999086e-01 -1.663663e+00
9.254524e-01 3.787273e-01 -1.017088e-02 7.063598e+01 -3.786040e-01 9.254786e-01 1.219192e-02 -7.384502e+00 1.403035e-02 -7.432309e-03 9.998739e-01 -1.654594e+00
9.178396e-01 3.967546e-01 -1.250183e-02 7.095750e+01 -3.965747e-01 9.178854e-01 1.465953e-02 -7.532545e+00 1.729148e-02 -8.497187e-03 9.998144e-01 -1.651478e+00
9.090006e-01 4.165061e-01 -1.551034e-02 7.126978e+01 -4.162810e-01 9.090985e-01 1.582054e-02 -7.698670e+00 2.068977e-02 -7.924222e-03 9.997545e-01 -1.681834e+00
8.993807e-01 4.367422e-01 -1.925208e-02 7.161012e+01 -4.365219e-01 8.995739e-01 1.467893e-02 -7.874007e+00 2.372958e-02 -4.797996e-03 9.997069e-01 -1.709464e+00
8.908127e-01 4.540038e-01 -1.825773e-02 7.192976e+01 -4.537795e-01 8.909843e-01 1.520791e-02 -8.045038e+00 2.317180e-02 -5.262417e-03 9.997177e-01 -1.687936e+00
8.822657e-01 4.705590e-01 -1.347137e-02 7.222215e+01 -4.703135e-01 8.823179e-01 1.790171e-02 -8.227689e+00 2.030984e-02 -9.458299e-03 9.997490e-01 -1.709162e+00
8.720836e-01 4.892563e-01 -9.921513e-03 7.250495e+01 -4.889152e-01 8.719785e-01 2.480089e-02 -8.418262e+00 2.078534e-02 -1.677767e-02 9.996431e-01 -1.725415e+00
8.616857e-01 5.073140e-01 -1.141443e-02 7.281231e+01 -5.068472e-01 8.615463e-01 2.904751e-02 -8.615191e+00 2.457027e-02 -1.924445e-02 9.995129e-01 -1.728844e+00
8.523416e-01 5.228288e-01 -1.279696e-02 7.310271e+01 -5.223753e-01 8.522741e-01 2.744297e-02 -8.808377e+00 2.525450e-02 -1.670597e-02 9.995415e-01 -1.757005e+00
8.418748e-01 5.394585e-01 -1.521119e-02 7.338458e+01 -5.390731e-01 8.419335e-01 2.341073e-02 -9.005090e+00 2.543593e-02 -1.150897e-02 9.996102e-01 -1.768119e+00
8.312893e-01 5.556116e-01 -1.593388e-02 7.367035e+01 -5.552390e-01 8.313817e-01 2.267099e-02 -9.209365e+00 2.584341e-02 -9.999040e-03 9.996160e-01 -1.787891e+00
8.212049e-01 5.703892e-01 -1.669498e-02 7.394843e+01 -5.699950e-01 8.213185e-01 2.326725e-02 -9.415030e+00 2.698329e-02 -9.591123e-03 9.995899e-01 -1.794611e+00
8.111282e-01 5.846395e-01 -1.636317e-02 7.421654e+01 -5.842455e-01 8.112379e-01 2.345297e-02 -9.618964e+00 2.698596e-02 -9.463257e-03 9.995910e-01 -1.805470e+00
8.013746e-01 5.979829e-01 -1.467263e-02 7.447896e+01 -5.976187e-01 8.014507e-01 2.299162e-02 -9.837387e+00 2.550799e-02 -9.656259e-03 9.996280e-01 -1.818380e+00
7.926426e-01 6.095161e-01 -1.441964e-02 7.473917e+01 -6.091700e-01 7.927229e-01 2.241353e-02 -1.005099e+01 2.509218e-02 -8.981903e-03 9.996448e-01 -1.831686e+00
7.843989e-01 6.200910e-01 -1.433841e-02 7.499767e+01 -6.197388e-01 7.844790e-01 2.272744e-02 -1.026592e+01 2.534126e-02 -8.941310e-03 9.996389e-01 -1.862785e+00
7.758881e-01 6.306449e-01 -1.687299e-02 7.524641e+01 -6.302890e-01 7.760438e-01 2.217840e-02 -1.048391e+01 2.708087e-02 -6.573092e-03 9.996116e-01 -1.873349e+00
7.673525e-01 6.409254e-01 -1.961838e-02 7.550572e+01 -6.405437e-01 7.675880e-01 2.262959e-02 -1.069464e+01 2.956271e-02 -4.798440e-03 9.995514e-01 -1.893327e+00
7.598022e-01 6.498335e-01 -2.042191e-02 7.576012e+01 -6.494446e-01 7.600656e-01 2.284851e-02 -1.092332e+01 3.036972e-02 -4.097447e-03 9.995303e-01 -1.885477e+00
7.523518e-01 6.584727e-01 -1.950712e-02 7.599294e+01 -6.580790e-01 7.525902e-01 2.323417e-02 -1.115038e+01 2.997994e-02 -4.643043e-03 9.995397e-01 -1.905510e+00
7.450259e-01 6.667677e-01 -1.889862e-02 7.623578e+01 -6.663464e-01 7.452450e-01 2.433766e-02 -1.137996e+01 3.031167e-02 -5.539157e-03 9.995251e-01 -1.918871e+00
7.382027e-01 6.743578e-01 -1.727328e-02 7.647574e+01 -6.739095e-01 7.383687e-01 2.564191e-02 -1.160229e+01 3.004588e-02 -7.288300e-03 9.995220e-01 -1.932984e+00
7.312982e-01 6.818548e-01 -1.664015e-02 7.670359e+01 -6.813672e-01 7.314379e-01 2.715177e-02 -1.183484e+01 3.068480e-02 -8.517992e-03 9.994928e-01 -1.947664e+00
7.250356e-01 6.885279e-01 -1.589268e-02 7.693781e+01 -6.880192e-01 7.251483e-01 2.809728e-02 -1.206612e+01 3.087031e-02 -9.437058e-03 9.994789e-01 -1.962157e+00
7.191448e-01 6.946821e-01 -1.573445e-02 7.716606e+01 -6.941025e-01 7.192336e-01 3.041066e-02 -1.230174e+01 3.244248e-02 -1.094835e-02 9.994136e-01 -1.984819e+00
7.128123e-01 7.011179e-01 -1.822591e-02 7.739704e+01 -7.004703e-01 7.129776e-01 3.168887e-02 -1.254161e+01 3.521230e-02 -9.821505e-03 9.993316e-01 -2.003506e+00
7.071495e-01 7.067946e-01 -1.951852e-02 7.762301e+01 -7.060763e-01 7.073510e-01 3.332613e-02 -1.277549e+01 3.736118e-02 -9.784993e-03 9.992539e-01 -2.012152e+00
7.025355e-01 7.113741e-01 -1.976926e-02 7.784779e+01 -7.106084e-01 7.027394e-01 3.454393e-02 -1.300552e+01 3.846629e-02 -1.022014e-02 9.992076e-01 -2.019096e+00
6.977807e-01 7.160929e-01 -1.769177e-02 7.808521e+01 -7.152866e-01 6.978906e-01 3.624843e-02 -1.325180e+01 3.830417e-02 -1.263877e-02 9.991862e-01 -2.035625e+00
6.937821e-01 7.199908e-01 -1.672286e-02 7.830235e+01 -7.191696e-01 6.938498e-01 3.698101e-02 -1.349914e+01 3.822914e-02 -1.363019e-02 9.991760e-01 -2.050541e+00
6.903870e-01 7.232732e-01 -1.554412e-02 7.853375e+01 -7.224557e-01 6.904088e-01 3.732832e-02 -1.374316e+01 3.773038e-02 -1.454105e-02 9.991822e-01 -2.076013e+00
6.873852e-01 7.261060e-01 -1.647830e-02 7.877161e+01 -7.252609e-01 6.874409e-01 3.770689e-02 -1.399559e+01 3.870706e-02 -1.396809e-02 9.991530e-01 -2.087416e+00
6.846382e-01 7.287146e-01 -1.566811e-02 7.899833e+01 -7.278690e-01 6.846611e-01 3.802248e-02 -1.424975e+01 3.843489e-02 -1.462730e-02 9.991540e-01 -2.108765e+00
6.822635e-01 7.309241e-01 -1.632490e-02 7.923222e+01 -7.300330e-01 6.823015e-01 3.894129e-02 -1.450593e+01 3.960163e-02 -1.465051e-02 9.991081e-01 -2.126296e+00
6.800706e-01 7.329851e-01 -1.539097e-02 7.946943e+01 -7.320836e-01 6.800649e-01 3.956206e-02 -1.476353e+01 3.946526e-02 -1.563751e-02 9.990986e-01 -2.143837e+00
6.789150e-01 7.340664e-01 -1.486343e-02 7.969033e+01 -7.331276e-01 6.788710e-01 4.071720e-02 -1.501402e+01 3.997948e-02 -1.674673e-02 9.990602e-01 -2.164871e+00
6.772476e-01 7.355930e-01 -1.544476e-02 7.991967e+01 -7.346554e-01 6.772336e-01 4.044715e-02 -1.526811e+01 4.021235e-02 -1.604616e-02 9.990623e-01 -2.184103e+00
6.753188e-01 7.373587e-01 -1.570319e-02 8.015185e+01 -7.363777e-01 6.753021e-01 4.141122e-02 -1.552964e+01 4.113933e-02 -1.640229e-02 9.990188e-01 -2.210229e+00
6.745882e-01 7.380127e-01 -1.637297e-02 8.038303e+01 -7.369888e-01 6.745881e-01 4.217490e-02 -1.578288e+01 4.217061e-02 -1.638399e-02 9.989761e-01 -2.218454e+00
6.738205e-01 7.387212e-01 -1.603128e-02 8.060966e+01 -7.376837e-01 6.737993e-01 4.263089e-02 -1.603678e+01 4.229420e-02 -1.689955e-02 9.989623e-01 -2.244747e+00
6.735607e-01 7.389661e-01 -1.565180e-02 8.083725e+01 -7.379457e-01 6.735283e-01 4.237717e-02 -1.628673e+01 4.185722e-02 -1.699342e-02 9.989791e-01 -2.254884e+00
6.733145e-01 7.391962e-01 -1.538101e-02 8.105945e+01 -7.381685e-01 6.732662e-01 4.266186e-02 -1.654235e+01 4.189100e-02 -1.737107e-02 9.989712e-01 -2.281573e+00
6.732703e-01 7.392336e-01 -1.551267e-02 8.128069e+01 -7.382076e-01 6.732291e-01 4.256752e-02 -1.678813e+01 4.191092e-02 -1.720788e-02 9.989731e-01 -2.301577e+00
6.729578e-01 7.395041e-01 -1.617104e-02 8.150854e+01 -7.384636e-01 6.729435e-01 4.264406e-02 -1.702809e+01 4.241765e-02 -1.675593e-02 9.989594e-01 -2.324135e+00
6.725786e-01 7.398505e-01 -1.610204e-02 8.171842e+01 -7.388132e-01 6.725626e-01 4.259604e-02 -1.727846e+01 4.234434e-02 -1.675279e-02 9.989626e-01 -2.340528e+00
6.724092e-01 7.400075e-01 -1.596206e-02 8.193197e+01 -7.389642e-01 6.723843e-01 4.279554e-02 -1.752170e+01 4.240166e-02 -1.698072e-02 9.989563e-01 -2.355430e+00
6.720364e-01 7.403674e-01 -1.493800e-02 8.214151e+01 -7.393448e-01 6.719700e-01 4.272415e-02 -1.775394e+01 4.166945e-02 -1.766785e-02 9.989752e-01 -2.380074e+00
6.720005e-01 7.403896e-01 -1.544424e-02 8.234086e+01 -7.393687e-01 6.719598e-01 4.247197e-02 -1.798125e+01 4.182371e-02 -1.712219e-02 9.989783e-01 -2.392863e+00
6.715833e-01 7.407874e-01 -1.448860e-02 8.255129e+01 -7.397814e-01 6.715027e-01 4.251392e-02 -1.821145e+01 4.122291e-02 -1.783324e-02 9.989908e-01 -2.415817e+00
6.715055e-01 7.408301e-01 -1.584828e-02 8.275017e+01 -7.398046e-01 6.714834e-01 4.241811e-02 -1.843904e+01 4.206647e-02 -1.675937e-02 9.989743e-01 -2.431648e+00
6.713805e-01 7.409385e-01 -1.607453e-02 8.295365e+01 -7.398940e-01 6.713620e-01 4.277628e-02 -1.866797e+01 4.248643e-02 -1.682571e-02 9.989554e-01 -2.454917e+00
6.719680e-01 7.404063e-01 -1.604899e-02 8.315055e+01 -7.393598e-01 6.719466e-01 4.283588e-02 -1.888280e+01 4.250002e-02 -1.691836e-02 9.989532e-01 -2.464682e+00
6.722869e-01 7.401243e-01 -1.569651e-02 8.334165e+01 -7.390780e-01 6.722479e-01 4.297100e-02 -1.910070e+01 4.235582e-02 -1.728789e-02 9.989530e-01 -2.489947e+00
6.727648e-01 7.396884e-01 -1.576732e-02 8.353745e+01 -7.386097e-01 6.727152e-01 4.370409e-02 -1.931484e+01 4.293433e-02 -1.775667e-02 9.989201e-01 -2.501206e+00
6.737245e-01 7.388254e-01 -1.523687e-02 8.372913e+01 -7.377486e-01 6.736478e-01 4.388436e-02 -1.952958e+01 4.268716e-02 -1.832499e-02 9.989204e-01 -2.518972e+00
6.738977e-01 7.386472e-01 -1.619403e-02 8.390299e+01 -7.375724e-01 6.738694e-01 4.344002e-02 -1.973061e+01 4.299951e-02 -1.732986e-02 9.989248e-01 -2.542371e+00
6.742972e-01 7.382529e-01 -1.748940e-02 8.410249e+01 -7.371525e-01 6.743231e-01 4.352452e-02 -1.993843e+01 4.392561e-02 -1.645611e-02 9.988993e-01 -2.555144e+00
6.754665e-01 7.371783e-01 -1.769534e-02 8.428431e+01 -7.360451e-01 6.754889e-01 4.418625e-02 -2.014976e+01 4.452614e-02 -1.682177e-02 9.988666e-01 -2.571128e+00
6.765990e-01 7.361336e-01 -1.792176e-02 8.446712e+01 -7.350264e-01 6.766407e-01 4.351444e-02 -2.033658e+01 4.415903e-02 -1.626886e-02 9.988920e-01 -2.584967e+00
6.768957e-01 7.358675e-01 -1.764203e-02 8.464514e+01 -7.347573e-01 6.769218e-01 4.368637e-02 -2.053915e+01 4.408966e-02 -1.660851e-02 9.988895e-01 -2.600379e+00
6.778049e-01 7.350201e-01 -1.805302e-02 8.482703e+01 -7.338958e-01 6.778451e-01 4.384846e-02 -2.073289e+01 4.446666e-02 -1.647167e-02 9.988751e-01 -2.617901e+00
6.780373e-01 7.348092e-01 -1.791119e-02 8.499863e+01 -7.336863e-01 6.780703e-01 4.387290e-02 -2.092883e+01 4.438326e-02 -1.660627e-02 9.988766e-01 -2.634548e+00
6.786025e-01 7.342495e-01 -1.940021e-02 8.516780e+01 -7.330980e-01 6.787001e-01 4.397367e-02 -2.111385e+01 4.545457e-02 -1.561838e-02 9.988443e-01 -2.653943e+00
6.793487e-01 7.335489e-01 -1.978432e-02 8.533611e+01 -7.323982e-01 6.794649e-01 4.382272e-02 -2.130219e+01 4.558886e-02 -1.528091e-02 9.988434e-01 -2.665657e+00
6.799909e-01 7.329441e-01 -2.013293e-02 8.550747e+01 -7.317598e-01 6.801126e-01 4.443250e-02 -2.148564e+01 4.625920e-02 -1.548123e-02 9.988095e-01 -2.684444e+00
6.802380e-01 7.327021e-01 -2.058709e-02 8.567010e+01 -7.314848e-01 6.803719e-01 4.499074e-02 -2.165959e+01 4.697169e-02 -1.554527e-02 9.987752e-01 -2.696390e+00
6.806540e-01 7.323083e-01 -2.085219e-02 8.584123e+01 -7.310333e-01 6.807820e-01 4.611050e-02 -2.184184e+01 4.796289e-02 -1.614165e-02 9.987187e-01 -2.707219e+00
6.810709e-01 7.319075e-01 -2.130402e-02 8.600352e+01 -7.305938e-01 6.812096e-01 4.675904e-02 -2.202209e+01 4.873579e-02 -1.628164e-02 9.986790e-01 -2.728007e+00
6.814564e-01 7.315531e-01 -2.114799e-02 8.616518e+01 -7.302541e-01 6.815907e-01 4.650675e-02 -2.219443e+01 4.843643e-02 -1.624892e-02 9.986941e-01 -2.738021e+00
6.819618e-01 7.310609e-01 -2.186495e-02 8.633115e+01 -7.297348e-01 6.821252e-01 4.682159e-02 -2.237952e+01 4.914407e-02 -1.597492e-02 9.986640e-01 -2.757600e+00
6.824181e-01 7.306462e-01 -2.148646e-02 8.649783e+01 -7.293528e-01 6.825711e-01 4.627565e-02 -2.255550e+01 4.847715e-02 -1.590813e-02 9.986976e-01 -2.766601e+00
6.828732e-01 7.302264e-01 -2.129470e-02 8.665065e+01 -7.289391e-01 6.830170e-01 4.621318e-02 -2.272287e+01 4.829072e-02 -1.603521e-02 9.987046e-01 -2.786197e+00
6.828146e-01 7.302706e-01 -2.165668e-02 8.681397e+01 -7.289748e-01 6.829751e-01 4.626646e-02 -2.290255e+01 4.857801e-02 -1.580424e-02 9.986944e-01 -2.801175e+00
6.829009e-01 7.301746e-01 -2.216897e-02 8.697638e+01 -7.288567e-01 6.830816e-01 4.655275e-02 -2.308086e+01 4.913485e-02 -1.563291e-02 9.986698e-01 -2.810416e+00
6.834656e-01 7.296488e-01 -2.207782e-02 8.713869e+01 -7.283254e-01 6.836387e-01 4.669008e-02 -2.325053e+01 4.916061e-02 -1.583122e-02 9.986654e-01 -2.828697e+00
6.834114e-01 7.296836e-01 -2.259663e-02 8.729550e+01 -7.283475e-01 6.836088e-01 4.678436e-02 -2.342468e+01 4.958504e-02 -1.551477e-02 9.986494e-01 -2.844805e+00
6.837105e-01 7.293914e-01 -2.297972e-02 8.745788e+01 -7.280235e-01 6.839185e-01 4.730077e-02 -2.360197e+01 5.021703e-02 -1.561026e-02 9.986163e-01 -2.860770e+00
6.838512e-01 7.292391e-01 -2.361771e-02 8.762016e+01 -7.278779e-01 6.840960e-01 4.697243e-02 -2.377635e+01 5.041092e-02 -1.493134e-02 9.986169e-01 -2.872926e+00
6.834338e-01 7.296050e-01 -2.438978e-02 8.777938e+01 -7.282506e-01 6.837234e-01 4.661835e-02 -2.395065e+01 5.068884e-02 -1.409868e-02 9.986150e-01 -2.890824e+00
6.829965e-01 7.300190e-01 -2.425291e-02 8.794307e+01 -7.286767e-01 6.832829e-01 4.642012e-02 -2.412231e+01 5.045917e-02 -1.403225e-02 9.986275e-01 -2.898710e+00
6.824484e-01 7.305292e-01 -2.431745e-02 8.810268e+01 -7.291710e-01 6.827347e-01 4.672124e-02 -2.429901e+01 5.073360e-02 -1.415326e-02 9.986119e-01 -2.920602e+00
6.816163e-01 7.313070e-01 -2.427566e-02 8.826145e+01 -7.299471e-01 6.819015e-01 4.677065e-02 -2.447443e+01 5.075731e-02 -1.415969e-02 9.986106e-01 -2.929619e+00
6.807328e-01 7.321408e-01 -2.392821e-02 8.841793e+01 -7.307994e-01 6.810056e-01 4.651263e-02 -2.464909e+01 5.034904e-02 -1.417596e-02 9.986311e-01 -2.945969e+00
6.798364e-01 7.329436e-01 -2.482163e-02 8.857603e+01 -7.315999e-01 6.801587e-01 4.632207e-02 -2.482348e+01 5.083412e-02 -1.333193e-02 9.986181e-01 -2.961413e+00
6.786505e-01 7.340600e-01 -2.427885e-02 8.873807e+01 -7.327320e-01 6.789496e-01 4.616403e-02 -2.500572e+01 5.037129e-02 -1.353935e-02 9.986388e-01 -2.975806e+00
6.778581e-01 7.347916e-01 -2.428496e-02 8.889553e+01 -7.334823e-01 6.781640e-01 4.579711e-02 -2.518889e+01 5.012051e-02 -1.323136e-02 9.986556e-01 -2.987957e+00
6.764054e-01 7.361420e-01 -2.388650e-02 8.905201e+01 -7.348388e-01 6.766940e-01 4.579588e-02 -2.536756e+01 4.987612e-02 -1.342386e-02 9.986652e-01 -3.001857e+00
6.748378e-01 7.375628e-01 -2.439214e-02 8.922346e+01 -7.362508e-01 6.751539e-01 4.584908e-02 -2.555126e+01 5.028503e-02 -1.298196e-02 9.986506e-01 -3.024014e+00
6.734192e-01 7.388474e-01 -2.471744e-02 8.938310e+01 -7.375533e-01 6.737595e-01 4.542532e-02 -2.573371e+01 5.021598e-02 -1.235986e-02 9.986619e-01 -3.036590e+00
6.718695e-01 7.402337e-01 -2.540530e-02 8.955100e+01 -7.388965e-01 6.722387e-01 4.612058e-02 -2.591897e+01 5.121844e-02 -1.221513e-02 9.986128e-01 -3.053866e+00
6.700658e-01 7.418672e-01 -2.539522e-02 8.971607e+01 -7.405235e-01 6.704359e-01 4.626652e-02 -2.611775e+01 5.134948e-02 -1.219585e-02 9.986063e-01 -3.064610e+00
6.685725e-01 7.432207e-01 -2.517486e-02 8.988610e+01 -7.418618e-01 6.689297e-01 4.663055e-02 -2.630308e+01 5.149700e-02 -1.249964e-02 9.985949e-01 -3.079723e+00
6.666794e-01 7.449362e-01 -2.467178e-02 9.004816e+01 -7.435924e-01 6.670160e-01 4.647456e-02 -2.650510e+01 5.107705e-02 -1.263788e-02 9.986147e-01 -3.092146e+00
6.647629e-01 7.466426e-01 -2.480140e-02 9.022205e+01 -7.452753e-01 6.651042e-01 4.691927e-02 -2.669715e+01 5.152744e-02 -1.270633e-02 9.985908e-01 -3.121213e+00
6.624399e-01 7.486938e-01 -2.511818e-02 9.039589e+01 -7.473586e-01 6.628098e-01 4.624176e-02 -2.690125e+01 5.126949e-02 -1.186010e-02 9.986144e-01 -3.127808e+00
6.600842e-01 7.507674e-01 -2.524212e-02 9.056655e+01 -7.494007e-01 6.604577e-01 4.684196e-02 -2.711096e+01 5.183877e-02 -1.200318e-02 9.985833e-01 -3.147635e+00
6.578568e-01 7.526969e-01 -2.591742e-02 9.074630e+01 -7.513099e-01 6.582664e-01 4.710346e-02 -2.731706e+01 5.251520e-02 -1.151532e-02 9.985538e-01 -3.156759e+00
6.554135e-01 7.548541e-01 -2.506996e-02 9.091679e+01 -7.534994e-01 6.557883e-01 4.669612e-02 -2.752934e+01 5.168933e-02 -1.171507e-02 9.985945e-01 -3.181950e+00
6.531035e-01 7.568571e-01 -2.496188e-02 9.109548e+01 -7.555037e-01 6.534764e-01 4.671903e-02 -2.774320e+01 5.167163e-02 -1.165357e-02 9.985961e-01 -3.190108e+00
6.506528e-01 7.589732e-01 -2.470972e-02 9.127444e+01 -7.576396e-01 6.510206e-01 4.641382e-02 -2.795982e+01 5.131339e-02 -1.147822e-02 9.986166e-01 -3.215003e+00
6.481926e-01 7.610727e-01 -2.479560e-02 9.145908e+01 -7.597304e-01 6.485673e-01 4.658756e-02 -2.818340e+01 5.153813e-02 -1.135974e-02 9.986064e-01 -3.229791e+00
6.457145e-01 7.632020e-01 -2.398909e-02 9.164294e+01 -7.618930e-01 6.460574e-01 4.614217e-02 -2.841287e+01 5.071412e-02 -1.151755e-02 9.986468e-01 -3.249277e+00
6.433557e-01 7.651936e-01 -2.392155e-02 9.182856e+01 -7.638632e-01 6.436937e-01 4.659687e-02 -2.863197e+01 5.105378e-02 -1.170556e-02 9.986273e-01 -3.269210e+00
6.409467e-01 7.672269e-01 -2.345826e-02 9.201073e+01 -7.658880e-01 6.412619e-01 4.689006e-02 -2.885726e+01 5.101820e-02 -1.208763e-02 9.986246e-01 -3.281636e+00
6.384176e-01 7.693139e-01 -2.406189e-02 9.219412e+01 -7.679671e-01 6.387677e-01 4.692790e-02 -2.908851e+01 5.147225e-02 -1.148086e-02 9.986084e-01 -3.302690e+00
6.357660e-01 7.714877e-01 -2.466116e-02 9.238801e+01 -7.701453e-01 6.361537e-01 4.673795e-02 -2.933219e+01 5.174604e-02 -1.072172e-02 9.986027e-01 -3.318036e+00
6.333932e-01 7.734517e-01 -2.419959e-02 9.258067e+01 -7.720909e-01 6.337559e-01 4.721214e-02 -2.957002e+01 5.185294e-02 -1.121956e-02 9.985917e-01 -3.338475e+00
6.310189e-01 7.753538e-01 -2.533064e-02 9.277397e+01 -7.740085e-01 6.314498e-01 4.670894e-02 -2.981595e+01 5.221099e-02 -9.868084e-03 9.985873e-01 -3.354981e+00
6.284428e-01 7.774267e-01 -2.583456e-02 9.297054e+01 -7.761043e-01 6.289092e-01 4.620837e-02 -3.006699e+01 5.217121e-02 -8.989001e-03 9.985977e-01 -3.379802e+00
6.263269e-01 7.791367e-01 -2.570517e-02 9.316789e+01 -7.778190e-01 6.267906e-01 4.616210e-02 -3.031378e+01 5.207834e-02 -8.918591e-03 9.986032e-01 -3.389291e+00
6.244506e-01 7.806860e-01 -2.431046e-02 9.336289e+01 -7.793693e-01 6.248431e-01 4.641973e-02 -3.056287e+01 5.142945e-02 -1.004000e-02 9.986262e-01 -3.413659e+00
6.224512e-01 7.822900e-01 -2.402049e-02 9.355686e+01 -7.810062e-01 6.228378e-01 4.585354e-02 -3.082777e+01 5.083163e-02 -9.781443e-03 9.986593e-01 -3.427132e+00
6.215197e-01 7.830413e-01 -2.365518e-02 9.375911e+01 -7.818092e-01 6.218985e-01 4.491001e-02 -3.108480e+01 4.987751e-02 -9.418625e-03 9.987109e-01 -3.450226e+00
6.208737e-01 7.835565e-01 -2.356237e-02 9.396358e+01 -7.822741e-01 6.212387e-01 4.593036e-02 -3.134868e+01 5.062689e-02 -1.008472e-02 9.986667e-01 -3.472407e+00
6.201919e-01 7.840536e-01 -2.493970e-02 9.417239e+01 -7.827600e-01 6.206287e-01 4.590085e-02 -3.160513e+01 5.146702e-02 -8.945534e-03 9.986346e-01 -3.497415e+00
6.198728e-01 7.842968e-01 -2.522245e-02 9.438351e+01 -7.830158e-01 6.203272e-01 4.561093e-02 -3.187216e+01 5.141868e-02 -8.523399e-03 9.986408e-01 -3.513293e+00
6.200799e-01 7.841268e-01 -2.541753e-02 9.458263e+01 -7.828161e-01 6.205394e-01 4.615042e-02 -3.213389e+01 5.196036e-02 -8.719703e-03 9.986111e-01 -3.530080e+00
6.205202e-01 7.837893e-01 -2.507939e-02 9.479203e+01 -7.824833e-01 6.209617e-01 4.611307e-02 -3.239510e+01 5.171628e-02 -8.989884e-03 9.986213e-01 -3.554082e+00
6.213689e-01 7.831123e-01 -2.521648e-02 9.499909e+01 -7.818210e-01 6.218190e-01 4.579595e-02 -3.265685e+01 5.154345e-02 -8.741403e-03 9.986325e-01 -3.565289e+00
6.227959e-01 7.819879e-01 -2.490388e-02 9.521054e+01 -7.807565e-01 6.232375e-01 4.465837e-02 -3.291665e+01 5.044333e-02 -8.369181e-03 9.986919e-01 -3.598181e+00
6.245244e-01 7.806064e-01 -2.495997e-02 9.541506e+01 -7.793847e-01 6.249678e-01 4.443885e-02 -3.317706e+01 5.028843e-02 -8.299731e-03 9.987003e-01 -3.609993e+00
6.267369e-01 7.788104e-01 -2.559501e-02 9.561933e+01 -7.776181e-01 6.272144e-01 4.372798e-02 -3.342150e+01 5.010936e-02 -7.502794e-03 9.987156e-01 -3.631570e+00
6.290557e-01 7.769476e-01 -2.532544e-02 9.581139e+01 -7.757477e-01 6.295149e-01 4.389103e-02 -3.367435e+01 5.004377e-02 -7.963751e-03 9.987153e-01 -3.648157e+00
6.312661e-01 7.751297e-01 -2.601826e-02 9.600872e+01 -7.739410e-01 6.317594e-01 4.353484e-02 -3.391003e+01 5.018243e-02 -7.345472e-03 9.987131e-01 -3.671058e+00
6.336547e-01 7.732036e-01 -2.525747e-02 9.620079e+01 -7.720197e-01 6.341063e-01 4.352719e-02 -3.414066e+01 4.967129e-02 -8.081937e-03 9.987329e-01 -3.683904e+00
6.361017e-01 7.712029e-01 -2.491430e-02 9.639037e+01 -7.700369e-01 6.365354e-01 4.319484e-02 -3.437322e+01 4.917082e-02 -8.291377e-03 9.987560e-01 -3.702777e+00
6.394119e-01 7.685013e-01 -2.362764e-02 9.658675e+01 -7.673827e-01 6.397851e-01 4.241017e-02 -3.460079e+01 4.770888e-02 -8.986125e-03 9.988208e-01 -3.724999e+00
6.439661e-01 7.646785e-01 -2.396711e-02 9.678434e+01 -7.635700e-01 6.443520e-01 4.209166e-02 -3.482302e+01 4.762983e-02 -8.805040e-03 9.988263e-01 -3.736337e+00
6.492695e-01 7.601503e-01 -2.491619e-02 9.698022e+01 -7.590857e-01 6.497023e-01 4.094052e-02 -3.504279e+01 4.730905e-02 -7.667903e-03 9.988509e-01 -3.762939e+00
6.548522e-01 7.553238e-01 -2.558625e-02 9.717356e+01 -7.542216e-01 6.553041e-01 4.154968e-02 -3.524632e+01 4.815024e-02 -7.911198e-03 9.988088e-01 -3.771231e+00
6.609524e-01 7.499756e-01 -2.604661e-02 9.736464e+01 -7.488634e-01 6.614172e-01 4.160491e-02 -3.545842e+01 4.843034e-02 -7.993510e-03 9.987946e-01 -3.790568e+00
6.681167e-01 7.436391e-01 -2.491722e-02 9.755595e+01 -7.425698e-01 6.685238e-01 4.081783e-02 -3.565803e+01 4.701149e-02 -8.768300e-03 9.988559e-01 -3.801511e+00
6.759096e-01 7.365384e-01 -2.563962e-02 9.774378e+01 -7.354836e-01 6.763440e-01 4.028362e-02 -3.585361e+01 4.701163e-02 -8.370569e-03 9.988593e-01 -3.824823e+00
6.835533e-01 7.294150e-01 -2.662117e-02 9.793121e+01 -7.283645e-01 6.840259e-01 3.992201e-02 -3.603605e+01 4.732929e-02 -7.898906e-03 9.988481e-01 -3.838601e+00
6.911862e-01 7.221393e-01 -2.786456e-02 9.812652e+01 -7.210906e-01 6.917098e-01 3.957487e-02 -3.622549e+01 4.785275e-02 -7.260732e-03 9.988280e-01 -3.854478e+00
6.987607e-01 7.147847e-01 -2.857071e-02 9.830578e+01 -7.137279e-01 6.993073e-01 3.952013e-02 -3.639722e+01 4.822809e-02 -7.223403e-03 9.988102e-01 -3.869653e+00
7.053311e-01 7.082164e-01 -3.061951e-02 9.848237e+01 -7.071550e-01 7.059698e-01 3.922226e-02 -3.656530e+01 4.939429e-02 -6.011939e-03 9.987612e-01 -3.886228e+00
7.110807e-01 7.023944e-01 -3.172360e-02 9.866409e+01 -7.013354e-01 7.117672e-01 3.893577e-02 -3.673747e+01 4.992809e-02 -5.437586e-03 9.987380e-01 -3.894467e+00
7.162737e-01 6.970246e-01 -3.329678e-02 9.884101e+01 -6.959462e-01 7.170311e-01 3.905381e-02 -3.690434e+01 5.109630e-02 -4.800454e-03 9.986822e-01 -3.911916e+00
7.203752e-01 6.927263e-01 -3.449361e-02 9.901462e+01 -6.916570e-01 7.211894e-01 3.868435e-02 -3.706871e+01 5.167409e-02 -4.009506e-03 9.986560e-01 -3.924953e+00
7.241178e-01 6.887748e-01 -3.525129e-02 9.918512e+01 -6.877190e-01 7.249671e-01 3.828046e-02 -3.722508e+01 5.192264e-02 -3.476581e-03 9.986451e-01 -3.935345e+00
7.275141e-01 6.851603e-01 -3.575673e-02 9.934989e+01 -6.840999e-01 7.283844e-01 3.825542e-02 -3.738018e+01 5.225575e-02 -3.370188e-03 9.986280e-01 -3.948992e+00
7.302471e-01 6.822333e-01 -3.601298e-02 9.950526e+01 -6.811932e-01 7.311281e-01 3.778202e-02 -3.753135e+01 5.210626e-02 -3.058411e-03 9.986368e-01 -3.957785e+00
7.326707e-01 6.796646e-01 -3.535133e-02 9.966595e+01 -6.786554e-01 7.335160e-01 3.716578e-02 -3.767918e+01 5.119102e-02 -3.238909e-03 9.986836e-01 -3.971311e+00
7.350900e-01 6.770598e-01 -3.511056e-02 9.982539e+01 -6.760583e-01 7.359201e-01 3.697310e-02 -3.782375e+01 5.087156e-02 -3.441781e-03 9.986992e-01 -3.981414e+00
7.374891e-01 6.744674e-01 -3.469076e-02 9.997328e+01 -6.734896e-01 7.382959e-01 3.647785e-02 -3.796249e+01 5.021518e-02 -3.538147e-03 9.987321e-01 -3.994478e+00
7.397223e-01 6.720063e-01 -3.490731e-02 1.001244e+02 -6.710659e-01 7.405397e-01 3.566209e-02 -3.809689e+01 4.981540e-02 -2.954938e-03 9.987541e-01 -4.002334e+00
7.415717e-01 6.699496e-01 -3.519893e-02 1.002727e+02 -6.690273e-01 7.424020e-01 3.523583e-02 -3.822729e+01 4.973799e-02 -2.580846e-03 9.987590e-01 -4.015396e+00
7.432953e-01 6.680171e-01 -3.557260e-02 1.004184e+02 -6.670991e-01 7.441423e-01 3.508770e-02 -3.836064e+01 4.991026e-02 -2.350077e-03 9.987509e-01 -4.027525e+00
7.447463e-01 6.663601e-01 -3.629147e-02 1.005547e+02 -6.654709e-01 7.456285e-01 3.444604e-02 -3.848291e+01 5.001343e-02 -1.502644e-03 9.987474e-01 -4.041427e+00
7.455189e-01 6.652446e-01 -4.063359e-02 1.006998e+02 -6.642982e-01 7.466252e-01 3.547595e-02 -3.860044e+01 5.393826e-02 5.448293e-04 9.985441e-01 -4.060189e+00
7.473067e-01 6.632562e-01 -4.029864e-02 1.008318e+02 -6.620961e-01 7.483876e-01 3.930280e-02 -3.872045e+01 5.622683e-02 -2.689667e-03 9.984144e-01 -4.053319e+00
7.491715e-01 6.613944e-01 -3.605043e-02 1.009528e+02 -6.601862e-01 7.500100e-01 4.048850e-02 -3.882698e+01 5.381704e-02 -6.532831e-03 9.985294e-01 -4.050688e+00
7.495404e-01 6.612041e-01 -3.159378e-02 1.010740e+02 -6.601850e-01 7.501717e-01 3.739004e-02 -3.896077e+01 4.842321e-02 -7.167605e-03 9.988012e-01 -4.076612e+00
7.503874e-01 6.601493e-01 -3.349125e-02 1.012116e+02 -6.593408e-01 7.511303e-01 3.275628e-02 -3.907626e+01 4.678032e-02 -2.497754e-03 9.989021e-01 -4.095643e+00
7.522615e-01 6.578150e-01 -3.717637e-02 1.013490e+02 -6.571248e-01 7.531775e-01 3.017513e-02 -3.917822e+01 4.785007e-02 1.729931e-03 9.988530e-01 -4.096449e+00
7.526711e-01 6.571526e-01 -4.045457e-02 1.014685e+02 -6.563976e-01 7.537525e-01 3.161171e-02 -3.928553e+01 5.126645e-02 2.761059e-03 9.986812e-01 -4.102217e+00
7.524203e-01 6.574722e-01 -3.992484e-02 1.015883e+02 -6.566113e-01 7.534783e-01 3.364658e-02 -3.939539e+01 5.220420e-02 8.987281e-04 9.986360e-01 -4.098967e+00
7.524512e-01 6.575734e-01 -3.760983e-02 1.017043e+02 -6.566853e-01 7.533900e-01 3.417880e-02 -3.950863e+01 5.080994e-02 -1.020059e-03 9.987078e-01 -4.109336e+00
7.519371e-01 6.582550e-01 -3.592934e-02 1.018140e+02 -6.573902e-01 7.527928e-01 3.377845e-02 -3.961637e+01 4.928219e-02 -1.779672e-03 9.987833e-01 -4.127168e+00
7.503494e-01 6.600234e-01 -3.667202e-02 1.019272e+02 -6.591515e-01 7.512438e-01 3.393963e-02 -3.972096e+01 4.995058e-02 -1.294164e-03 9.987509e-01 -4.130942e+00
7.488765e-01 6.616586e-01 -3.731010e-02 1.020377e+02 -6.607719e-01 7.498047e-01 3.425657e-02 -3.982542e+01 5.064144e-02 -1.000479e-03 9.987164e-01 -4.141438e+00
7.473066e-01 6.634449e-01 -3.706314e-02 1.021442e+02 -6.625323e-01 7.482238e-01 3.481579e-02 -3.992064e+01 5.082987e-02 -1.462543e-03 9.987063e-01 -4.146362e+00
7.454338e-01 6.656047e-01 -3.603938e-02 1.022521e+02 -6.646781e-01 7.463012e-01 3.518289e-02 -4.003009e+01 5.031413e-02 -2.271933e-03 9.987308e-01 -4.154159e+00
7.434300e-01 6.678729e-01 -3.546316e-02 1.023571e+02 -6.669374e-01 7.442706e-01 3.544030e-02 -4.013185e+01 5.006379e-02 -2.695676e-03 9.987424e-01 -4.160659e+00
7.410033e-01 6.705644e-01 -3.545984e-02 1.024683e+02 -6.696291e-01 7.418468e-01 3.549812e-02 -4.023199e+01 5.010955e-02 -2.559280e-03 9.987404e-01 -4.172654e+00
7.379772e-01 6.737598e-01 -3.791232e-02 1.025719e+02 -6.729090e-01 7.389503e-01 3.385235e-02 -4.033265e+01 5.082367e-02 5.292799e-04 9.987075e-01 -4.190854e+00
7.347263e-01 6.771306e-01 -4.088386e-02 1.026895e+02 -6.764210e-01 7.358484e-01 3.133611e-02 -4.043790e+01 5.130295e-02 4.631237e-03 9.986724e-01 -4.194281e+00
7.333096e-01 6.787822e-01 -3.888131e-02 1.027979e+02 -6.781917e-01 7.343208e-01 2.879167e-02 -4.054175e+01 4.809463e-02 5.255772e-03 9.988289e-01 -4.195350e+00
7.311653e-01 6.813653e-01 -3.374302e-02 1.028882e+02 -6.807464e-01 7.319416e-01 2.908435e-02 -4.064160e+01 4.451499e-02 1.704969e-03 9.990073e-01 -4.191976e+00
7.281764e-01 6.847941e-01 -2.856918e-02 1.029838e+02 -6.840230e-01 7.287238e-01 3.277656e-02 -4.074726e+01 4.326423e-02 -4.325137e-03 9.990543e-01 -4.204828e+00
7.243732e-01 6.888260e-01 -2.832516e-02 1.030777e+02 -6.878538e-01 7.248871e-01 3.735992e-02 -4.085069e+01 4.626703e-02 -7.578956e-03 9.989004e-01 -4.226237e+00
7.214271e-01 6.916845e-01 -3.339736e-02 1.031916e+02 -6.906255e-01 7.221842e-01 3.855554e-02 -4.095597e+01 5.078732e-02 -4.749950e-03 9.986982e-01 -4.225132e+00
7.189146e-01 6.941383e-01 -3.652055e-02 1.032987e+02 -6.932153e-01 7.198415e-01 3.578691e-02 -4.105909e+01 5.113008e-02 -4.111268e-04 9.986919e-01 -4.229290e+00
7.161051e-01 6.971004e-01 -3.527714e-02 1.033989e+02 -6.962838e-01 7.169733e-01 3.373395e-02 -4.116536e+01 4.880872e-02 4.058499e-04 9.988081e-01 -4.232145e+00
7.129395e-01 7.004339e-01 -3.331089e-02 1.034957e+02 -6.996157e-01 7.137169e-01 3.385756e-02 -4.127568e+01 4.748953e-02 -8.335710e-04 9.988714e-01 -4.243309e+00
7.103449e-01 7.031612e-01 -3.121478e-02 1.035957e+02 -7.023041e-01 7.110249e-01 3.482249e-02 -4.138115e+01 4.668031e-02 -2.813717e-03 9.989059e-01 -4.250664e+00
7.076319e-01 7.058990e-01 -3.104397e-02 1.036887e+02 -7.050428e-01 7.083070e-01 3.486773e-02 -4.148946e+01 4.660175e-02 -2.786195e-03 9.989097e-01 -4.260545e+00
7.051882e-01 7.083246e-01 -3.139906e-02 1.037888e+02 -7.075087e-01 7.058846e-01 3.403496e-02 -4.159658e+01 4.627191e-02 -1.785945e-03 9.989273e-01 -4.269715e+00
7.029009e-01 7.105834e-01 -3.164628e-02 1.038863e+02 -7.097816e-01 7.036119e-01 3.377019e-02 -4.170272e+01 4.626323e-02 -1.275148e-03 9.989285e-01 -4.271106e+00
7.006587e-01 7.128223e-01 -3.101358e-02 1.039777e+02 -7.120445e-01 7.013437e-01 3.331344e-02 -4.179847e+01 4.549774e-02 -1.258301e-03 9.989637e-01 -4.283360e+00
6.982501e-01 7.151961e-01 -3.068086e-02 1.040723e+02 -7.144290e-01 6.989229e-01 3.313864e-02 -4.190317e+01 4.514418e-02 -1.219764e-03 9.989797e-01 -4.286889e+00
6.955841e-01 7.177683e-01 -3.117125e-02 1.041636e+02 -7.170117e-01 6.962819e-01 3.295011e-02 -4.200903e+01 4.535452e-02 -5.694199e-04 9.989708e-01 -4.296474e+00
6.933641e-01 7.199360e-01 -3.063425e-02 1.042504e+02 -7.191522e-01 6.940392e-01 3.360832e-02 -4.210577e+01 4.545721e-02 -1.272114e-03 9.989655e-01 -4.301829e+00
6.910404e-01 7.221642e-01 -3.069246e-02 1.043455e+02 -7.213588e-01 6.917200e-01 3.412709e-02 -4.220829e+01 4.587596e-02 -1.442926e-03 9.989461e-01 -4.308843e+00
6.888832e-01 7.242557e-01 -2.989323e-02 1.044444e+02 -7.234238e-01 6.895274e-01 3.478308e-02 -4.231705e+01 4.580405e-02 -2.335999e-03 9.989477e-01 -4.318753e+00
6.866941e-01 7.263266e-01 -3.001283e-02 1.045427e+02 -7.254968e-01 6.873465e-01 3.477236e-02 -4.242225e+01 4.588531e-02 -2.103761e-03 9.989445e-01 -4.322285e+00
6.845152e-01 7.284320e-01 -2.873619e-02 1.046376e+02 -7.275783e-01 6.851102e-01 3.541251e-02 -4.253438e+01 4.548306e-02 -3.332578e-03 9.989595e-01 -4.332806e+00
6.824796e-01 7.303228e-01 -2.915815e-02 1.047391e+02 -7.294637e-01 6.830956e-01 3.553868e-02 -4.265211e+01 4.587252e-02 -2.984611e-03 9.989429e-01 -4.339948e+00
6.802900e-01 7.323557e-01 -2.933508e-02 1.048453e+02 -7.315158e-01 6.809179e-01 3.515152e-02 -4.276677e+01 4.571819e-02 -2.454158e-03 9.989514e-01 -4.351566e+00
6.783071e-01 7.341479e-01 -3.043544e-02 1.049539e+02 -7.333103e-01 6.789880e-01 3.508980e-02 -4.288640e+01 4.642640e-02 -1.483042e-03 9.989206e-01 -4.358631e+00
6.760838e-01 7.362367e-01 -2.943065e-02 1.050636e+02 -7.353911e-01 6.767204e-01 3.534779e-02 -4.301675e+01 4.594066e-02 -2.255030e-03 9.989416e-01 -4.359547e+00
6.737416e-01 7.384028e-01 -2.887284e-02 1.051723e+02 -7.375227e-01 6.743530e-01 3.617239e-02 -4.314882e+01 4.618028e-02 -3.076473e-03 9.989284e-01 -4.371070e+00
6.715013e-01 7.404901e-01 -2.757376e-02 1.052887e+02 -7.396185e-01 6.720561e-01 3.612715e-02 -4.328862e+01 4.528291e-02 -3.865367e-03 9.989668e-01 -4.379671e+00
6.693590e-01 7.424273e-01 -2.757215e-02 1.054083e+02 -7.415673e-01 6.699170e-01 3.590446e-02 -4.342094e+01 4.512751e-02 -3.586363e-03 9.989748e-01 -4.391320e+00
6.669055e-01 7.446155e-01 -2.801232e-02 1.055301e+02 -7.437686e-01 6.674871e-01 3.562373e-02 -4.356679e+01 4.522385e-02 -2.922975e-03 9.989726e-01 -4.402530e+00
6.642596e-01 7.469740e-01 -2.809219e-02 1.056545e+02 -7.461016e-01 6.648462e-01 3.622393e-02 -4.371878e+01 4.573531e-02 -3.102457e-03 9.989488e-01 -4.409187e+00
6.616627e-01 7.492569e-01 -2.857486e-02 1.057737e+02 -7.484074e-01 6.622756e-01 3.574084e-02 -4.387522e+01 4.570351e-02 -2.262747e-03 9.989525e-01 -4.418209e+00
6.589098e-01 7.516797e-01 -2.855660e-02 1.059034e+02 -7.508392e-01 6.595252e-01 3.559522e-02 -4.402340e+01 4.559000e-02 -2.012620e-03 9.989582e-01 -4.433796e+00
6.559424e-01 7.542326e-01 -2.954298e-02 1.060472e+02 -7.534072e-01 6.566067e-01 3.528725e-02 -4.417050e+01 4.601291e-02 -8.885097e-04 9.989405e-01 -4.435407e+00
6.532027e-01 7.566080e-01 -2.950499e-02 1.061792e+02 -7.557904e-01 6.538684e-01 3.517099e-02 -4.433275e+01 4.590303e-02 -6.742012e-04 9.989457e-01 -4.453872e+00
6.501670e-01 7.592255e-01 -2.931586e-02 1.063087e+02 -7.584159e-01 6.508274e-01 3.505866e-02 -4.449416e+01 4.569700e-02 -5.603731e-04 9.989552e-01 -4.453824e+00
6.473036e-01 7.616519e-01 -2.973718e-02 1.064505e+02 -7.608547e-01 6.479863e-01 3.484017e-02 -4.465209e+01 4.580537e-02 7.350184e-05 9.989504e-01 -4.473597e+00
6.443385e-01 7.641575e-01 -2.985289e-02 1.065843e+02 -7.633952e-01 6.450292e-01 3.413388e-02 -4.481916e+01 4.533965e-02 7.957853e-04 9.989713e-01 -4.478706e+00
6.409358e-01 7.670125e-01 -2.988737e-02 1.067095e+02 -7.662668e-01 6.416311e-01 3.383374e-02 -4.499458e+01 4.512757e-02 1.216445e-03 9.989805e-01 -4.490519e+00
6.379915e-01 7.695057e-01 -2.877225e-02 1.068443e+02 -7.687609e-01 6.386398e-01 3.385135e-02 -4.516790e+01 4.442391e-02 5.221069e-04 9.990126e-01 -4.501097e+00
6.357015e-01 7.714313e-01 -2.788271e-02 1.069796e+02 -7.707235e-01 6.363125e-01 3.304108e-02 -4.533327e+01 4.323104e-02 4.855990e-04 9.990650e-01 -4.511330e+00
6.338583e-01 7.729121e-01 -2.881974e-02 1.071184e+02 -7.722399e-01 6.345105e-01 3.227773e-02 -4.549533e+01 4.323428e-02 1.796246e-03 9.990634e-01 -4.527347e+00
6.319017e-01 7.744507e-01 -3.043493e-02 1.072509e+02 -7.738065e-01 6.326246e-01 3.177325e-02 -4.564579e+01 4.386070e-02 3.473176e-03 9.990316e-01 -4.535712e+00
6.294395e-01 7.764231e-01 -3.119403e-02 1.073706e+02 -7.757928e-01 6.301973e-01 3.157471e-02 -4.581544e+01 4.417372e-02 4.325732e-03 9.990145e-01 -4.539819e+00
6.277947e-01 7.777231e-01 -3.194468e-02 1.075043e+02 -7.771036e-01 6.285863e-01 3.145022e-02 -4.597006e+01 4.453955e-02 5.080045e-03 9.989947e-01 -4.546127e+00
6.253444e-01 7.797137e-01 -3.147828e-02 1.076219e+02 -7.790654e-01 6.261203e-01 3.210034e-02 -4.612983e+01 4.473827e-02 4.449870e-03 9.989888e-01 -4.558357e+00
6.231140e-01 7.814740e-01 -3.205143e-02 1.077389e+02 -7.808228e-01 6.239184e-01 3.227357e-02 -4.628871e+01 4.521844e-02 4.916369e-03 9.989650e-01 -4.570125e+00
6.213155e-01 7.829226e-01 -3.161236e-02 1.078586e+02 -7.822630e-01 6.221025e-01 3.245441e-02 -4.643941e+01 4.507542e-02 4.564752e-03 9.989731e-01 -4.577474e+00
6.189797e-01 7.847414e-01 -3.232725e-02 1.079725e+02 -7.840718e-01 6.198028e-01 3.280145e-02 -4.659798e+01 4.577718e-02 5.043454e-03 9.989389e-01 -4.588510e+00
6.164998e-01 7.867184e-01 -3.165756e-02 1.080776e+02 -7.860197e-01 6.172972e-01 3.342324e-02 -4.675258e+01 4.583680e-02 4.278042e-03 9.989398e-01 -4.598981e+00
6.149889e-01 7.878726e-01 -3.233472e-02 1.081893e+02 -7.871394e-01 6.158227e-01 3.426212e-02 -4.689794e+01 4.690664e-02 4.381116e-03 9.988897e-01 -4.606483e+00
6.142071e-01 7.885138e-01 -3.155165e-02 1.082964e+02 -7.877862e-01 6.150045e-01 3.409267e-02 -4.703737e+01 4.628696e-02 3.915993e-03 9.989205e-01 -4.616855e+00
6.138241e-01 7.887704e-01 -3.257808e-02 1.084073e+02 -7.880135e-01 6.146729e-01 3.481231e-02 -4.717626e+01 4.748378e-02 4.303333e-03 9.988627e-01 -4.627388e+00
6.137203e-01 7.888260e-01 -3.317942e-02 1.085172e+02 -7.880676e-01 6.145984e-01 3.490348e-02 -4.731043e+01 4.792480e-02 4.726650e-03 9.988397e-01 -4.635921e+00
6.144344e-01 7.882717e-01 -3.313788e-02 1.086270e+02 -7.874820e-01 6.153127e-01 3.553078e-02 -4.744854e+01 4.839807e-02 4.264148e-03 9.988191e-01 -4.643202e+00
6.152719e-01 7.876049e-01 -3.345251e-02 1.087312e+02 -7.867936e-01 6.161666e-01 3.598101e-02 -4.757825e+01 4.895114e-02 4.182115e-03 9.987924e-01 -4.651320e+00
6.169862e-01 7.862841e-01 -3.294639e-02 1.088409e+02 -7.854286e-01 6.178570e-01 3.680339e-02 -4.769570e+01 4.929408e-02 3.169853e-03 9.987793e-01 -4.659872e+00
6.188350e-01 7.848154e-01 -3.328719e-02 1.089451e+02 -7.839627e-01 6.197206e-01 3.672903e-02 -4.782389e+01 4.945427e-02 3.366705e-03 9.987707e-01 -4.665348e+00
6.213236e-01 7.828381e-01 -3.348663e-02 1.090467e+02 -7.819704e-01 6.222171e-01 3.698884e-02 -4.794307e+01 4.979223e-02 3.203517e-03 9.987544e-01 -4.683249e+00
6.233650e-01 7.811636e-01 -3.463462e-02 1.091473e+02 -7.802829e-01 6.243151e-01 3.727632e-02 -4.806546e+01 5.074181e-02 3.788043e-03 9.987046e-01 -4.683620e+00
6.255907e-01 7.793545e-01 -3.525575e-02 1.092411e+02 -7.784548e-01 6.265713e-01 3.763943e-02 -4.818087e+01 5.142469e-02 3.898127e-03 9.986693e-01 -4.695304e+00
6.279554e-01 7.774357e-01 -3.557859e-02 1.093403e+02 -7.765124e-01 6.289514e-01 3.806157e-02 -4.828996e+01 5.196763e-02 3.726242e-03 9.986418e-01 -4.700542e+00
6.298521e-01 7.758775e-01 -3.606265e-02 1.094393e+02 -7.749553e-01 6.308709e-01 3.802715e-02 -4.840649e+01 5.225529e-02 3.995467e-03 9.986258e-01 -4.709908e+00
6.318266e-01 7.742715e-01 -3.603842e-02 1.095337e+02 -7.732980e-01 6.328453e-01 3.895062e-02 -4.852378e+01 5.296510e-02 3.258400e-03 9.985911e-01 -4.718587e+00
6.335816e-01 7.727670e-01 -3.749082e-02 1.096300e+02 -7.717717e-01 6.346775e-01 3.940856e-02 -4.864436e+01 5.424821e-02 3.965817e-03 9.985196e-01 -4.726055e+00
6.355309e-01 7.711763e-01 -3.724858e-02 1.097286e+02 -7.701663e-01 6.366119e-01 3.961352e-02 -4.876244e+01 5.426190e-02 3.511988e-03 9.985206e-01 -4.735471e+00
6.374731e-01 7.695278e-01 -3.814448e-02 1.098286e+02 -7.685007e-01 6.386015e-01 3.993207e-02 -4.887428e+01 5.508796e-02 3.858443e-03 9.984741e-01 -4.737804e+00
6.395569e-01 7.678110e-01 -3.785770e-02 1.099321e+02 -7.667715e-01 6.406676e-01 4.008471e-02 -4.899467e+01 5.503168e-02 3.391748e-03 9.984788e-01 -4.752808e+00
6.411595e-01 7.664590e-01 -3.814564e-02 1.100403e+02 -7.653989e-01 6.422849e-01 4.043046e-02 -4.911692e+01 5.548866e-02 3.274256e-03 9.984540e-01 -4.758205e+00
6.429991e-01 7.648969e-01 -3.853525e-02 1.101468e+02 -7.638280e-01 6.441441e-01 4.056282e-02 -4.924584e+01 5.584862e-02 3.352445e-03 9.984336e-01 -4.769791e+00
6.446794e-01 7.634498e-01 -3.915054e-02 1.102514e+02 -7.623647e-01 6.458575e-01 4.084308e-02 -4.937575e+01 5.646732e-02 3.516288e-03 9.983982e-01 -4.779380e+00
6.462519e-01 7.620790e-01 -3.992609e-02 1.103641e+02 -7.610217e-01 6.474699e-01 4.035956e-02 -4.950695e+01 5.660811e-02 4.302176e-03 9.983872e-01 -4.786822e+00
6.477078e-01 7.608477e-01 -3.981619e-02 1.104815e+02 -7.597808e-01 6.489179e-01 4.047995e-02 -4.964038e+01 5.663652e-02 4.032396e-03 9.983867e-01 -4.793906e+00
6.492701e-01 7.595387e-01 -3.936296e-02 1.105965e+02 -7.584524e-01 6.504532e-01 4.074845e-02 -4.978166e+01 5.655378e-02 3.398186e-03 9.983938e-01 -4.807292e+00
6.504801e-01 7.585011e-01 -3.939376e-02 1.107161e+02 -7.574189e-01 6.516631e-01 4.064450e-02 -4.992165e+01 5.650035e-02 3.399136e-03 9.983968e-01 -4.813195e+00
6.518720e-01 7.572799e-01 -3.987652e-02 1.108381e+02 -7.562066e-01 6.530797e-01 4.047904e-02 -5.006222e+01 5.669650e-02 3.767731e-03 9.983844e-01 -4.827936e+00
6.532478e-01 7.560615e-01 -4.047591e-02 1.109699e+02 -7.550156e-01 6.544853e-01 4.000079e-02 -5.020722e+01 5.673396e-02 4.429523e-03 9.983795e-01 -4.837777e+00
6.547824e-01 7.547044e-01 -4.100531e-02 1.110985e+02 -7.536559e-01 6.560483e-01 4.004217e-02 -5.035309e+01 5.712146e-02 4.684987e-03 9.983562e-01 -4.846690e+00
6.559788e-01 7.536802e-01 -4.071960e-02 1.112318e+02 -7.526416e-01 6.572258e-01 3.981092e-02 -5.050523e+01 5.676667e-02 4.532143e-03 9.983772e-01 -4.859586e+00
6.571320e-01 7.526736e-01 -4.074213e-02 1.113622e+02 -7.516312e-01 6.583788e-01 3.984556e-02 -5.066175e+01 5.681446e-02 4.439272e-03 9.983749e-01 -4.867372e+00
6.579609e-01 7.519491e-01 -4.074333e-02 1.114964e+02 -7.509099e-01 6.592063e-01 3.976770e-02 -5.081059e+01 5.676154e-02 4.428977e-03 9.983779e-01 -4.882128e+00
6.587535e-01 7.512128e-01 -4.151018e-02 1.116299e+02 -7.501718e-01 6.600418e-01 3.983762e-02 -5.096668e+01 5.732499e-02 4.896589e-03 9.983436e-01 -4.890306e+00
6.592904e-01 7.506925e-01 -4.239083e-02 1.117670e+02 -7.496811e-01 6.606263e-01 3.938643e-02 -5.112340e+01 5.757159e-02 5.812509e-03 9.983245e-01 -4.906782e+00
6.593909e-01 7.505752e-01 -4.290145e-02 1.119060e+02 -7.496147e-01 6.607506e-01 3.855261e-02 -5.128709e+01 5.728380e-02 6.738318e-03 9.983352e-01 -4.915417e+00
6.591659e-01 7.507346e-01 -4.356726e-02 1.120499e+02 -7.498214e-01 6.605588e-01 3.781613e-02 -5.145470e+01 5.716861e-02 7.740568e-03 9.983345e-01 -4.924143e+00
6.588494e-01 7.510081e-01 -4.363929e-02 1.121935e+02 -7.501534e-01 6.602386e-01 3.681155e-02 -5.161629e+01 5.645812e-02 8.482898e-03 9.983689e-01 -4.937204e+00
6.581239e-01 7.516330e-01 -4.382559e-02 1.123323e+02 -7.508475e-01 6.595137e-01 3.563431e-02 -5.178745e+01 5.568751e-02 9.454546e-03 9.984035e-01 -4.946000e+00
6.578018e-01 7.521036e-01 -4.045943e-02 1.124749e+02 -7.511767e-01 6.590213e-01 3.773955e-02 -5.195755e+01 5.504768e-02 5.567044e-03 9.984682e-01 -4.934485e+00
6.565955e-01 7.535247e-01 -3.290708e-02 1.126025e+02 -7.523883e-01 6.574150e-01 4.144205e-02 -5.212613e+01 5.286122e-02 -2.451763e-03 9.985989e-01 -4.960301e+00
6.543597e-01 7.556130e-01 -2.936546e-02 1.127409e+02 -7.543715e-01 6.549861e-01 4.378261e-02 -5.230224e+01 5.231668e-02 -6.497113e-03 9.986094e-01 -4.988496e+00
6.514151e-01 7.581587e-01 -2.921825e-02 1.128821e+02 -7.569967e-01 6.520472e-01 4.231168e-02 -5.247966e+01 5.113065e-02 -5.444350e-03 9.986771e-01 -5.007176e+00
6.489381e-01 7.601197e-01 -3.312967e-02 1.130338e+02 -7.590441e-01 6.497822e-01 4.043721e-02 -5.265591e+01 5.226418e-02 -1.094365e-03 9.986327e-01 -5.024584e+00
6.450861e-01 7.632958e-01 -3.526320e-02 1.131831e+02 -7.623170e-01 6.460463e-01 3.869144e-02 -5.283060e+01 5.231468e-02 1.922434e-03 9.986288e-01 -5.021319e+00
6.407718e-01 7.669417e-01 -3.481353e-02 1.133194e+02 -7.659883e-01 6.417133e-01 3.828762e-02 -5.301828e+01 5.170468e-02 2.133127e-03 9.986601e-01 -5.030396e+00
6.362987e-01 7.707272e-01 -3.321965e-02 1.134574e+02 -7.697806e-01 6.371640e-01 3.820922e-02 -5.320091e+01 5.061525e-02 1.259366e-03 9.987174e-01 -5.040957e+00
6.312675e-01 7.748924e-01 -3.229453e-02 1.135970e+02 -7.739139e-01 6.320931e-01 3.893438e-02 -5.338735e+01 5.058310e-02 4.151650e-04 9.987198e-01 -5.057203e+00
6.256402e-01 7.794250e-01 -3.272528e-02 1.137426e+02 -7.784458e-01 6.264946e-01 3.907002e-02 -5.358472e+01 5.095436e-02 1.031084e-03 9.987004e-01 -5.066259e+00
6.200840e-01 7.838965e-01 -3.165447e-02 1.138853e+02 -7.828698e-01 6.208915e-01 4.010856e-02 -5.377222e+01 5.109495e-02 -8.935481e-05 9.986938e-01 -5.077679e+00
6.134390e-01 7.890431e-01 -3.322050e-02 1.140288e+02 -7.880714e-01 6.143341e-01 3.920406e-02 -5.397984e+01 5.134218e-02 2.130821e-03 9.986789e-01 -5.094438e+00
6.081789e-01 7.933508e-01 -2.670303e-02 1.141638e+02 -7.926088e-01 6.087646e-01 3.430456e-02 -5.419072e+01 4.347141e-02 3.017522e-04 9.990546e-01 -5.101313e+00
6.018141e-01 7.983910e-01 -1.978720e-02 1.142915e+02 -7.978216e-01 6.021343e-01 3.024476e-02 -5.440152e+01 3.606170e-02 -2.415066e-03 9.993467e-01 -5.117043e+00
5.946521e-01 8.038367e-01 -1.534498e-02 1.144268e+02 -8.032273e-01 5.948123e-01 3.200545e-02 -5.460768e+01 3.485454e-02 -6.706603e-03 9.993699e-01 -5.137767e+00
5.879464e-01 8.087188e-01 -1.711643e-02 1.145718e+02 -8.080056e-01 5.881596e-01 3.457284e-02 -5.481352e+01 3.802689e-02 -6.496803e-03 9.992556e-01 -5.176383e+00
5.807835e-01 8.136517e-01 -2.572073e-02 1.147186e+02 -8.129234e-01 5.813520e-01 3.442834e-02 -5.501409e+01 4.296547e-02 9.135753e-04 9.990761e-01 -5.175538e+00
5.747049e-01 8.178690e-01 -2.836643e-02 1.148665e+02 -8.172329e-01 5.753871e-01 3.255884e-02 -5.523111e+01 4.295054e-02 4.470252e-03 9.990672e-01 -5.175150e+00
5.683498e-01 8.223127e-01 -2.793675e-02 1.150078e+02 -8.217412e-01 5.690116e-01 3.110352e-02 -5.544916e+01 4.147315e-02 5.279096e-03 9.991257e-01 -5.182880e+00
5.626125e-01 8.263842e-01 -2.358634e-02 1.151409e+02 -8.257872e-01 5.631038e-01 3.145653e-02 -5.567253e+01 3.927674e-02 1.779458e-03 9.992268e-01 -5.188075e+00
5.570195e-01 8.302400e-01 -2.075636e-02 1.152774e+02 -8.296124e-01 5.574056e-01 3.228356e-02 -5.590284e+01 3.837281e-02 -7.628426e-04 9.992632e-01 -5.207490e+00
5.517508e-01 8.338189e-01 -1.781094e-02 1.154204e+02 -8.331578e-01 5.520266e-01 3.338620e-02 -5.613586e+01 3.767015e-02 -3.581539e-03 9.992838e-01 -5.222364e+00
5.469427e-01 8.369828e-01 -1.770498e-02 1.155756e+02 -8.362939e-01 5.472155e-01 3.417280e-02 -5.637616e+01 3.829048e-02 -3.883992e-03 9.992591e-01 -5.238267e+00
5.429811e-01 8.395509e-01 -1.804778e-02 1.157310e+02 -8.388833e-01 5.432720e-01 3.361678e-02 -5.662161e+01 3.802785e-02 -3.113301e-03 9.992718e-01 -5.255141e+00
5.409641e-01 8.409339e-01 -1.371505e-02 1.158757e+02 -8.402930e-01 5.410979e-01 3.347825e-02 -5.687091e+01 3.557418e-02 -6.585871e-03 9.993454e-01 -5.254764e+00
5.398649e-01 8.416965e-01 -9.637816e-03 1.160409e+02 -8.410881e-01 5.398585e-01 3.352109e-02 -5.712584e+01 3.341764e-02 -9.990610e-03 9.993916e-01 -5.290804e+00
5.386972e-01 8.423828e-01 -1.401370e-02 1.162106e+02 -8.417223e-01 5.388399e-01 3.398388e-02 -5.738511e+01 3.617859e-02 -6.511378e-03 9.993241e-01 -5.303847e+00
5.418308e-01 8.402510e-01 -1.994461e-02 1.164076e+02 -8.395766e-01 5.421957e-01 3.369091e-02 -5.763938e+01 3.912269e-02 -1.509743e-03 9.992332e-01 -5.333616e+00
5.434278e-01 8.390960e-01 -2.457846e-02 1.165816e+02 -8.385085e-01 5.439724e-01 3.158257e-02 -5.790787e+01 3.987081e-02 3.446400e-03 9.991989e-01 -5.317235e+00
5.444267e-01 8.384216e-01 -2.546928e-02 1.167587e+02 -8.378929e-01 5.450001e-01 3.017376e-02 -5.818624e+01 3.917908e-02 4.913130e-03 9.992201e-01 -5.338883e+00
5.461808e-01 8.373225e-01 -2.403013e-02 1.169422e+02 -8.368070e-01 5.466951e-01 2.963825e-02 -5.846919e+01 3.795393e-02 3.920735e-03 9.992718e-01 -5.345880e+00
5.471002e-01 8.367901e-01 -2.153192e-02 1.171277e+02 -8.362998e-01 5.475191e-01 2.873189e-02 -5.876252e+01 3.583170e-02 2.287920e-03 9.993552e-01 -5.367069e+00
5.477475e-01 8.363544e-01 -2.200177e-02 1.173191e+02 -8.358626e-01 5.481830e-01 2.879553e-02 -5.905717e+01 3.614426e-02 2.617777e-03 9.993432e-01 -5.377997e+00
5.493356e-01 8.353983e-01 -1.844042e-02 1.175155e+02 -8.349662e-01 5.496447e-01 2.687536e-02 -5.936404e+01 3.258731e-02 6.335340e-04 9.994687e-01 -5.399562e+00
5.498689e-01 8.350250e-01 -1.942972e-02 1.177129e+02 -8.345705e-01 5.502111e-01 2.756573e-02 -5.967090e+01 3.370851e-02 1.057931e-03 9.994311e-01 -5.423926e+00
5.522513e-01 8.334550e-01 -1.926862e-02 1.179329e+02 -8.329310e-01 5.525874e-01 2.954870e-02 -5.998977e+01 3.527511e-02 -2.688728e-04 9.993776e-01 -5.429194e+00
5.568331e-01 8.303639e-01 -2.079932e-02 1.181508e+02 -8.298156e-01 5.572213e-01 3.017579e-02 -6.030236e+01 3.664671e-02 4.567225e-04 9.993282e-01 -5.453300e+00
5.612174e-01 8.274074e-01 -2.078382e-02 1.183697e+02 -8.268921e-01 5.616016e-01 2.920751e-02 -6.062583e+01 3.583874e-02 7.942161e-04 9.993573e-01 -5.464767e+00
5.670718e-01 8.233517e-01 -2.283772e-02 1.186027e+02 -8.228713e-01 5.675248e-01 2.825715e-02 -6.095145e+01 3.622655e-02 2.768668e-03 9.993398e-01 -5.476723e+00
5.740955e-01 8.184588e-01 -2.322969e-02 1.188397e+02 -8.180189e-01 5.745548e-01 2.705504e-02 -6.127111e+01 3.549017e-02 3.470151e-03 9.993640e-01 -5.498110e+00
5.814329e-01 8.132534e-01 -2.355074e-02 1.190781e+02 -8.128234e-01 5.818985e-01 2.668973e-02 -6.160339e+01 3.540966e-02 3.624303e-03 9.993663e-01 -5.512380e+00
5.879632e-01 8.085241e-01 -2.425232e-02 1.193159e+02 -8.081122e-01 5.884479e-01 2.614776e-02 -6.194662e+01 3.541232e-02 4.224676e-03 9.993638e-01 -5.528082e+00
5.951453e-01 8.032493e-01 -2.434416e-02 1.195694e+02 -8.028427e-01 5.956287e-01 2.588760e-02 -6.228963e+01 3.529428e-02 4.137642e-03 9.993684e-01 -5.537150e+00
6.031266e-01 7.972803e-01 -2.413581e-02 1.198359e+02 -7.969134e-01 6.035933e-01 2.457929e-02 -6.261736e+01 3.416479e-02 4.409726e-03 9.994065e-01 -5.559318e+00
6.096287e-01 7.923282e-01 -2.384923e-02 1.201048e+02 -7.919937e-01 6.100779e-01 2.347243e-02 -6.297153e+01 3.314776e-02 4.578979e-03 9.994400e-01 -5.573735e+00
6.177816e-01 7.859956e-01 -2.359330e-02 1.203799e+02 -7.856698e-01 6.182171e-01 2.303625e-02 -6.332107e+01 3.269217e-02 4.305172e-03 9.994562e-01 -5.580802e+00
6.254532e-01 7.798871e-01 -2.417634e-02 1.206694e+02 -7.795421e-01 6.259067e-01 2.355603e-02 -6.367565e+01 3.350318e-02 4.113283e-03 9.994301e-01 -5.609571e+00
6.331343e-01 7.736708e-01 -2.396885e-02 1.209658e+02 -7.733662e-01 6.335717e-01 2.216718e-02 -6.403007e+01 3.233609e-02 4.501902e-03 9.994669e-01 -5.619711e+00
6.411566e-01 7.670477e-01 -2.358234e-02 1.212697e+02 -7.668021e-01 6.415691e-01 2.009390e-02 -6.438414e+01 3.054268e-02 5.199647e-03 9.995199e-01 -5.641063e+00
6.491209e-01 7.603226e-01 -2.348581e-02 1.215806e+02 -7.601181e-01 6.495197e-01 1.856267e-02 -6.473586e+01 2.936811e-02 5.802578e-03 9.995518e-01 -5.663088e+00
6.570725e-01 7.534426e-01 -2.407954e-02 1.218913e+02 -7.532945e-01 6.574739e-01 1.660049e-02 -6.508897e+01 2.833918e-02 7.231259e-03 9.995722e-01 -5.669627e+00
6.647946e-01 7.466181e-01 -2.468997e-02 1.222033e+02 -7.464874e-01 6.652071e-01 1.599390e-02 -6.543212e+01 2.836528e-02 7.798102e-03 9.995672e-01 -5.690349e+00
6.722662e-01 7.398624e-01 -2.572543e-02 1.225285e+02 -7.397769e-01 6.726948e-01 1.455714e-02 -6.578497e+01 2.807564e-02 9.244806e-03 9.995630e-01 -5.698751e+00
6.798682e-01 7.328501e-01 -2.664572e-02 1.228558e+02 -7.327963e-01 6.803124e-01 1.359201e-02 -6.612923e+01 2.808832e-02 1.028511e-02 9.995525e-01 -5.715158e+00
6.874678e-01 7.257102e-01 -2.707070e-02 1.231872e+02 -7.257071e-01 6.879034e-01 1.175423e-02 -6.647321e+01 2.715218e-02 1.156474e-02 9.995644e-01 -5.722572e+00
6.948361e-01 7.186500e-01 -2.729303e-02 1.235124e+02 -7.186772e-01 6.952637e-01 1.056303e-02 -6.680869e+01 2.656697e-02 1.227530e-02 9.995717e-01 -5.741053e+00
7.016582e-01 7.119794e-01 -2.758740e-02 1.238460e+02 -7.120174e-01 7.020886e-01 1.013780e-02 -6.714054e+01 2.658670e-02 1.252943e-02 9.995680e-01 -5.761728e+00
7.077413e-01 7.058534e-01 -2.955162e-02 1.241824e+02 -7.059203e-01 7.082223e-01 9.888771e-03 -6.747858e+01 2.790914e-02 1.386240e-02 9.995143e-01 -5.767965e+00
7.147264e-01 6.987162e-01 -3.101320e-02 1.245294e+02 -6.988347e-01 7.152311e-01 8.638592e-03 -6.779873e+01 2.821753e-02 1.549887e-02 9.994816e-01 -5.784196e+00
7.199194e-01 6.932679e-01 -3.309889e-02 1.248682e+02 -6.934506e-01 7.204655e-01 7.465371e-03 -6.812001e+01 2.902211e-02 1.757798e-02 9.994242e-01 -5.793034e+00
7.237885e-01 6.891209e-01 -3.525034e-02 1.252095e+02 -6.893287e-01 7.244064e-01 7.815896e-03 -6.844133e+01 3.092167e-02 1.864202e-02 9.993479e-01 -5.807125e+00
7.272067e-01 6.854461e-01 -3.652469e-02 1.255481e+02 -6.856777e-01 7.278644e-01 7.727554e-03 -6.876466e+01 3.188184e-02 1.942464e-02 9.993029e-01 -5.813612e+00
7.303061e-01 6.821659e-01 -3.609403e-02 1.258864e+02 -6.823965e-01 7.309446e-01 7.401066e-03 -6.908723e+01 3.143149e-02 1.922540e-02 9.993210e-01 -5.825105e+00
7.333744e-01 6.789045e-01 -3.536601e-02 1.262276e+02 -6.791330e-01 7.339824e-01 6.936091e-03 -6.940270e+01 3.066697e-02 1.893147e-02 9.993504e-01 -5.835140e+00
7.351252e-01 6.770539e-01 -3.448156e-02 1.265628e+02 -6.772569e-01 7.357116e-01 7.183597e-03 -6.972401e+01 3.023216e-02 1.807203e-02 9.993795e-01 -5.852506e+00
7.364329e-01 6.755270e-01 -3.646636e-02 1.268980e+02 -6.757938e-01 7.370638e-01 6.298805e-03 -7.003174e+01 3.113305e-02 2.000510e-02 9.993150e-01 -5.864407e+00
7.367723e-01 6.750624e-01 -3.817598e-02 1.272272e+02 -6.754024e-01 7.374319e-01 5.099764e-03 -7.034554e+01 3.159484e-02 2.202678e-02 9.992580e-01 -5.864372e+00
7.370235e-01 6.748080e-01 -3.782255e-02 1.275600e+02 -6.751298e-01 7.376790e-01 5.425687e-03 -7.065814e+01 3.156220e-02 2.153627e-02 9.992697e-01 -5.876694e+00
7.365696e-01 6.754109e-01 -3.585161e-02 1.278880e+02 -6.756619e-01 7.371838e-01 6.414783e-03 -7.096170e+01 3.076184e-02 1.949863e-02 9.993365e-01 -5.892329e+00
7.354692e-01 6.767098e-01 -3.389511e-02 1.282118e+02 -6.768984e-01 7.360402e-01 7.308186e-03 -7.127670e+01 2.989369e-02 1.756860e-02 9.993986e-01 -5.893729e+00
7.342359e-01 6.781635e-01 -3.149255e-02 1.285365e+02 -6.782794e-01 7.347550e-01 8.480560e-03 -7.158427e+01 2.889052e-02 1.513402e-02 9.994680e-01 -5.922476e+00
7.326083e-01 6.799053e-01 -3.184222e-02 1.288540e+02 -6.799833e-01 7.331598e-01 9.981257e-03 -7.188704e+01 3.013174e-02 1.433982e-02 9.994431e-01 -5.923979e+00
7.308406e-01 6.817535e-01 -3.292803e-02 1.291749e+02 -6.818224e-01 7.314376e-01 1.083255e-02 -7.220162e+01 3.146993e-02 1.453421e-02 9.993990e-01 -5.941026e+00
7.296877e-01 6.830364e-01 -3.189220e-02 1.294985e+02 -6.831302e-01 7.302340e-01 9.555827e-03 -7.251210e+01 2.981575e-02 1.481376e-02 9.994456e-01 -5.940472e+00
7.282245e-01 6.846386e-01 -3.097088e-02 1.298185e+02 -6.847383e-01 7.287344e-01 8.925861e-03 -7.282256e+01 2.868053e-02 1.470692e-02 9.994804e-01 -5.953363e+00
7.269102e-01 6.861939e-01 -2.719418e-02 1.301216e+02 -6.862394e-01 7.273190e-01 9.093562e-03 -7.312988e+01 2.601879e-02 1.205151e-02 9.995888e-01 -5.965729e+00
7.256047e-01 6.876485e-01 -2.524807e-02 1.304374e+02 -6.876834e-01 7.259591e-01 8.651291e-03 -7.344080e+01 2.427811e-02 1.108526e-02 9.996438e-01 -5.979480e+00
7.245282e-01 6.888160e-01 -2.431813e-02 1.307607e+02 -6.888514e-01 7.248560e-01 8.228723e-03 -7.374842e+01 2.329522e-02 1.078964e-02 9.996704e-01 -6.001229e+00
7.231022e-01 6.902856e-01 -2.508122e-02 1.310727e+02 -6.903344e-01 7.234458e-01 8.047150e-03 -7.406029e+01 2.369973e-02 1.149552e-02 9.996530e-01 -6.002978e+00
7.226238e-01 6.908043e-01 -2.458171e-02 1.313895e+02 -6.908090e-01 7.229726e-01 9.670443e-03 -7.436232e+01 2.445229e-02 9.993174e-03 9.996511e-01 -6.021198e+00
7.223327e-01 6.911733e-01 -2.269319e-02 1.317056e+02 -6.911526e-01 7.226394e-01 1.000548e-02 -7.466948e+01 2.331452e-02 8.457171e-03 9.996924e-01 -6.021331e+00
7.228879e-01 6.906385e-01 -2.125178e-02 1.320161e+02 -6.906071e-01 7.231616e-01 9.958093e-03 -7.498337e+01 2.224591e-02 7.478046e-03 9.997246e-01 -6.034233e+00
7.252407e-01 6.882390e-01 -1.879125e-02 1.323404e+02 -6.882017e-01 7.254585e-01 9.415794e-03 -7.528886e+01 2.011259e-02 6.103451e-03 9.997791e-01 -6.045634e+00
7.292701e-01 6.839994e-01 -1.760685e-02 1.326655e+02 -6.839500e-01 7.294652e-01 9.626810e-03 -7.558571e+01 1.942831e-02 5.021658e-03 9.997987e-01 -6.060338e+00
7.356008e-01 6.772178e-01 -1.635722e-02 1.330076e+02 -6.771670e-01 7.357705e-01 9.306321e-03 -7.588194e+01 1.833757e-02 4.230835e-03 9.998229e-01 -6.067798e+00
7.442638e-01 6.677335e-01 -1.425902e-02 1.333475e+02 -6.676865e-01 7.443936e-01 8.533318e-03 -7.617078e+01 1.631231e-02 3.169517e-03 9.998619e-01 -6.082984e+00
7.551267e-01 6.554580e-01 -1.258835e-02 1.337026e+02 -6.554147e-01 7.552280e-01 7.879902e-03 -7.643591e+01 1.467202e-02 2.300267e-03 9.998897e-01 -6.093309e+00
7.668995e-01 6.416287e-01 -1.332835e-02 1.340498e+02 -6.415875e-01 7.670109e-01 7.734563e-03 -7.670426e+01 1.518570e-02 2.619667e-03 9.998813e-01 -6.111839e+00
7.801853e-01 6.253710e-01 -1.489548e-02 1.344094e+02 -6.253265e-01 7.803216e-01 8.052463e-03 -7.696555e+01 1.665904e-02 3.032124e-03 9.998567e-01 -6.124058e+00
7.945146e-01 6.070492e-01 -1.542273e-02 1.347661e+02 -6.070096e-01 7.946576e-01 7.665206e-03 -7.721674e+01 1.690894e-02 3.271627e-03 9.998517e-01 -6.124258e+00
8.100588e-01 5.862147e-01 -1.253608e-02 1.351348e+02 -5.861539e-01 8.101557e-01 8.454630e-03 -7.745078e+01 1.511240e-02 4.993239e-04 9.998857e-01 -6.136174e+00
8.256100e-01 5.641223e-01 -1.158049e-02 1.354976e+02 -5.640566e-01 8.256910e-01 8.629734e-03 -7.768600e+01 1.443014e-02 -5.927416e-04 9.998957e-01 -6.152526e+00
8.413445e-01 5.403460e-01 -1.287025e-02 1.358711e+02 -5.403059e-01 8.414419e-01 6.711660e-03 -7.790138e+01 1.445619e-02 1.307056e-03 9.998947e-01 -6.156013e+00
8.573489e-01 5.145727e-01 -1.295508e-02 1.362548e+02 -5.145637e-01 8.574417e-01 4.269812e-03 -7.810419e+01 1.330535e-02 3.005498e-03 9.999070e-01 -6.171829e+00
8.734838e-01 4.866643e-01 -1.356327e-02 1.366308e+02 -4.866744e-01 8.735791e-01 2.769961e-03 -7.829552e+01 1.319663e-02 4.181381e-03 9.999042e-01 -6.172405e+00
8.893909e-01 4.569071e-01 -1.481767e-02 1.370178e+02 -4.569291e-01 8.895006e-01 2.065611e-03 -7.846240e+01 1.412412e-02 4.933489e-03 9.998881e-01 -6.201329e+00
9.049592e-01 4.252531e-01 -1.444181e-02 1.373978e+02 -4.252803e-01 9.050609e-01 1.287051e-03 -7.862603e+01 1.361803e-02 4.977087e-03 9.998949e-01 -6.181671e+00
9.200961e-01 3.914735e-01 -1.310303e-02 1.377803e+02 -3.915042e-01 9.201764e-01 2.452219e-04 -7.877551e+01 1.215309e-02 4.904261e-03 9.999141e-01 -6.195229e+00
9.347948e-01 3.549928e-01 -1.178413e-02 1.381690e+02 -3.550239e-01 9.348571e-01 -5.905691e-04 -7.888919e+01 1.080683e-02 4.735708e-03 9.999304e-01 -6.211529e+00
9.474453e-01 3.195416e-01 -1.550680e-02 1.385612e+02 -3.196114e-01 9.475461e-01 -2.187465e-03 -7.899648e+01 1.399443e-02 7.028655e-03 9.998774e-01 -6.217909e+00
9.588695e-01 2.833448e-01 -1.688167e-02 1.389600e+02 -2.834436e-01 9.589816e-01 -3.726926e-03 -7.908685e+01 1.513320e-02 8.358636e-03 9.998506e-01 -6.210025e+00
9.685724e-01 2.482504e-01 -1.546668e-02 1.393496e+02 -2.483379e-01 9.686652e-01 -3.991037e-03 -7.915820e+01 1.399126e-02 7.706570e-03 9.998724e-01 -6.228962e+00
9.765944e-01 2.144919e-01 -1.602125e-02 1.397541e+02 -2.145602e-01 9.767070e-01 -2.656821e-03 -7.923018e+01 1.507820e-02 6.032159e-03 9.998681e-01 -6.224365e+00
9.835778e-01 1.800960e-01 -1.183268e-02 1.401450e+02 -1.801379e-01 9.836380e-01 -2.569172e-03 -7.928798e+01 1.117638e-02 4.658495e-03 9.999267e-01 -6.224970e+00
9.892470e-01 1.456145e-01 -1.367044e-02 1.405454e+02 -1.456676e-01 9.893292e-01 -2.963234e-03 -7.932635e+01 1.309307e-02 4.922710e-03 9.999022e-01 -6.251749e+00
9.935921e-01 1.119220e-01 -1.575711e-02 1.409312e+02 -1.119010e-01 9.937170e-01 2.211431e-03 -7.933090e+01 1.590561e-02 -4.340240e-04 9.998734e-01 -6.247357e+00
9.969110e-01 7.660705e-02 -1.731371e-02 1.413261e+02 -7.639691e-02 9.969993e-01 1.248989e-02 -7.933971e+01 1.821857e-02 -1.112859e-02 9.997721e-01 -6.258722e+00
9.990258e-01 4.073780e-02 -1.696511e-02 1.417077e+02 -4.046227e-02 9.990484e-01 1.627923e-02 -7.934559e+01 1.761214e-02 -1.557692e-02 9.997236e-01 -6.271834e+00
9.997427e-01 7.993532e-03 -2.122529e-02 1.421132e+02 -7.753867e-03 9.999056e-01 1.134990e-02 -7.931974e+01 2.131401e-02 -1.118241e-02 9.997103e-01 -6.285394e+00
9.993023e-01 -2.485732e-02 -2.787533e-02 1.425243e+02 2.509444e-02 9.996514e-01 8.189155e-03 -7.928773e+01 2.766206e-02 -8.882957e-03 9.995779e-01 -6.284525e+00
9.979766e-01 -5.740870e-02 -2.733046e-02 1.429231e+02 5.765052e-02 9.983035e-01 8.143419e-03 -7.924366e+01 2.681659e-02 -9.702558e-03 9.995933e-01 -6.274436e+00
9.957570e-01 -8.747487e-02 -2.856901e-02 1.433229e+02 8.769347e-02 9.961263e-01 6.487895e-03 -7.917476e+01 2.789081e-02 -8.965682e-03 9.995708e-01 -6.286944e+00
9.927416e-01 -1.150796e-01 -3.493809e-02 1.437374e+02 1.151998e-01 9.933413e-01 1.441461e-03 -7.910895e+01 3.453957e-02 -5.455861e-03 9.993885e-01 -6.311253e+00
9.887129e-01 -1.455190e-01 -3.565177e-02 1.441728e+02 1.455010e-01 9.893532e-01 -3.112169e-03 -7.903225e+01 3.572508e-02 -2.110327e-03 9.993594e-01 -6.306693e+00
9.841596e-01 -1.742485e-01 -3.266831e-02 1.445863e+02 1.741958e-01 9.847008e-01 -4.473960e-03 -7.894260e+01 3.294810e-02 -1.287592e-03 9.994562e-01 -6.303316e+00
9.791352e-01 -2.007050e-01 -3.180768e-02 1.450168e+02 2.007265e-01 9.796439e-01 -2.549942e-03 -7.884499e+01 3.167199e-02 -3.887906e-03 9.994907e-01 -6.326732e+00
9.731914e-01 -2.273562e-01 -3.475051e-02 1.454539e+02 2.274979e-01 9.737786e-01 1.268000e-04 -7.872304e+01 3.381047e-02 -8.029068e-03 9.993960e-01 -6.323502e+00
9.660581e-01 -2.553703e-01 -3.895800e-02 1.458947e+02 2.555521e-01 9.667951e-01 -3.225636e-04 -7.859165e+01 3.774678e-02 -9.644187e-03 9.992408e-01 -6.326156e+00
9.586084e-01 -2.819753e-01 -3.949333e-02 1.463365e+02 2.820405e-01 9.593940e-01 -4.028164e-03 -7.843484e+01 3.902551e-02 -7.277285e-03 9.992117e-01 -6.323788e+00
9.512047e-01 -3.061217e-01 -3.871965e-02 1.468060e+02 3.060951e-01 9.519770e-01 -6.760660e-03 -7.826596e+01 3.892981e-02 -5.421124e-03 9.992272e-01 -6.325686e+00
9.437009e-01 -3.286585e-01 -3.757987e-02 1.472694e+02 3.286301e-01 9.444320e-01 -7.105179e-03 -7.810523e+01 3.782680e-02 -5.644712e-03 9.992684e-01 -6.318749e+00
9.359937e-01 -3.501971e-01 -3.574546e-02 1.477355e+02 3.502247e-01 9.366484e-01 -5.691595e-03 -7.792022e+01 3.547411e-02 -7.191648e-03 9.993447e-01 -6.328960e+00
9.285492e-01 -3.692943e-01 -3.765867e-02 1.482036e+02 3.692865e-01 9.292860e-01 -7.418925e-03 -7.773335e+01 3.773544e-02 -7.018002e-03 9.992631e-01 -6.335738e+00
9.211884e-01 -3.874132e-01 -3.637252e-02 1.486821e+02 3.872942e-01 9.218959e-01 -1.054897e-02 -7.752573e+01 3.761848e-02 -4.369272e-03 9.992826e-01 -6.334610e+00
9.135934e-01 -4.052102e-01 -3.393717e-02 1.491541e+02 4.049568e-01 9.142233e-01 -1.434122e-02 -7.730670e+01 3.683736e-02 -6.410461e-04 9.993210e-01 -6.322062e+00
9.066819e-01 -4.206628e-01 -3.115629e-02 1.496169e+02 4.203811e-01 9.072165e-01 -1.541701e-02 -7.708629e+01 3.475086e-02 8.808048e-04 9.993956e-01 -6.335142e+00
8.990965e-01 -4.367283e-01 -2.989687e-02 1.500791e+02 4.364126e-01 8.995913e-01 -1.671992e-02 -7.686290e+01 3.419702e-02 1.985452e-03 9.994131e-01 -6.329017e+00
8.915275e-01 -4.521106e-01 -2.783396e-02 1.505344e+02 4.517420e-01 8.919526e-01 -1.870885e-02 -7.663082e+01 3.328504e-02 4.105681e-03 9.994375e-01 -6.327602e+00
8.837504e-01 -4.672016e-01 -2.660608e-02 1.509722e+02 4.668269e-01 8.841388e-01 -1.926335e-02 -7.638974e+01 3.252333e-02 4.603562e-03 9.994604e-01 -6.328173e+00
8.759759e-01 -4.817190e-01 -2.475933e-02 1.514081e+02 4.813150e-01 8.763039e-01 -2.067298e-02 -7.614449e+01 3.165527e-02 6.191997e-03 9.994797e-01 -6.322122e+00
8.679821e-01 -4.960179e-01 -2.394330e-02 1.518338e+02 4.956114e-01 8.682885e-01 -2.108323e-02 -7.589174e+01 3.124736e-02 6.433295e-03 9.994910e-01 -6.334703e+00
8.600379e-01 -5.096760e-01 -2.377154e-02 1.522594e+02 5.092403e-01 8.603380e-01 -2.219910e-02 -7.562949e+01 3.176592e-02 6.986643e-03 9.994709e-01 -6.317300e+00
8.519875e-01 -5.230106e-01 -2.402440e-02 1.526786e+02 5.225541e-01 8.522975e-01 -2.293723e-02 -7.536648e+01 3.247234e-02 6.988183e-03 9.994482e-01 -6.321920e+00
8.444623e-01 -5.351263e-01 -2.287578e-02 1.530959e+02 5.346166e-01 8.447255e-01 -2.497451e-02 -7.510081e+01 3.268827e-02 8.860259e-03 9.994263e-01 -6.310452e+00
8.323838e-01 -5.541763e-01 5.086884e-03 1.527829e+02 5.541529e-01 8.321594e-01 -2.062922e-02 -7.488457e+01 7.199128e-03 1.999034e-02 9.997743e-01 -6.186089e+00