1.000000e+00 0.000000e+00 0.000000e+00 0.000000e+00 0.000000e+00 1.000000e+00 0.000000e+00 0.000000e+00 0.000000e+00 0.000000e+00 1.000000e+00 0.000000e+00
9.999942e-01 -6.682280e-05 -3.392620e-03 1.472801e+00 5.838518e-05 9.999969e-01 -2.487092e-03 -6.487845e-03 3.392775e-03 2.486879e-03 9.999912e-01 3.946946e-03
9.999977e-01 2.013610e-03 6.543725e-04 2.896641e+00 -2.012835e-03 9.999974e-01 -1.182847e-03 -2.982788e-02 -6.567525e-04 1.181527e-03 9.999991e-01 -3.588747e-02
9.999956e-01 2.818258e-03 -9.130768e-04 4.325867e+00 -2.817497e-03 9.999957e-01 8.344236e-04 -5.668629e-02 9.154244e-04 -8.318473e-04 9.999992e-01 -4.553300e-02
9.999889e-01 4.474797e-03 1.484329e-03 5.753546e+00 -4.478619e-03 9.999865e-01 2.581600e-03 -7.742880e-02 -1.472757e-03 -2.588219e-03 9.999956e-01 -7.346620e-02
9.999792e-01 6.391099e-03 8.574111e-04 7.182203e+00 -6.394335e-03 9.999722e-01 3.826306e-03 -1.057278e-01 -8.329331e-04 -3.831709e-03 9.999923e-01 -1.130974e-01
9.999694e-01 7.449027e-03 2.391282e-03 8.603930e+00 -7.457856e-03 9.999654e-01 3.704891e-03 -1.289209e-01 -2.363601e-03 -3.722611e-03 9.999903e-01 -1.231940e-01
9.999464e-01 9.616080e-03 -3.842590e-03 1.005341e+01 -9.606254e-03 9.999504e-01 2.567373e-03 -1.622394e-01 3.867088e-03 -2.530322e-03 9.999893e-01 -1.789178e-01
9.999278e-01 1.122587e-02 -4.276661e-03 1.150017e+01 -1.121649e-02 9.999346e-01 2.210348e-03 -1.922902e-01 4.301195e-03 -2.162219e-03 9.999884e-01 -1.958773e-01
9.998670e-01 1.218900e-02 -1.084087e-02 1.295837e+01 -1.215711e-02 9.999217e-01 3.002420e-03 -2.151865e-01 1.087662e-02 -2.870227e-03 9.999367e-01 -2.254739e-01
9.998510e-01 1.398928e-02 -1.011497e-02 1.440853e+01 -1.396294e-02 9.998990e-01 2.670138e-03 -2.438787e-01 1.015130e-02 -2.528505e-03 9.999453e-01 -2.752320e-01
9.997889e-01 1.579604e-02 -1.313989e-02 1.589447e+01 -1.575938e-02 9.998716e-01 2.888848e-03 -2.835737e-01 1.318383e-02 -2.681161e-03 9.999095e-01 -2.803844e-01
9.998217e-01 1.653524e-02 -9.119801e-03 1.734287e+01 -1.649637e-02 9.998546e-01 4.321142e-03 -3.258715e-01 9.189926e-03 -4.169927e-03 9.999491e-01 -3.165407e-01
9.997759e-01 1.728138e-02 -1.222266e-02 1.881676e+01 -1.722490e-02 9.998406e-01 4.711122e-03 -3.748495e-01 1.230212e-02 -4.499532e-03 9.999142e-01 -3.694278e-01
9.998057e-01 1.804537e-02 -7.929887e-03 2.026740e+01 -1.799644e-02 9.998187e-01 6.199517e-03 -4.115897e-01 8.040323e-03 -6.055603e-03 9.999493e-01 -3.622436e-01
9.997532e-01 1.890203e-02 -1.167054e-02 2.171197e+01 -1.881484e-02 9.997945e-01 7.535913e-03 -4.562308e-01 1.181059e-02 -7.314475e-03 9.999035e-01 -4.386748e-01
9.997813e-01 1.941122e-02 -7.788017e-03 2.316357e+01 -1.935005e-02 9.997820e-01 7.855252e-03 -4.991347e-01 7.938799e-03 -7.702836e-03 9.999388e-01 -4.373275e-01
9.997303e-01 1.979751e-02 -1.213795e-02 2.458278e+01 -1.965932e-02 9.997417e-01 1.140014e-02 -5.436234e-01 1.236051e-02 -1.115845e-02 9.998614e-01 -5.002481e-01
9.997672e-01 2.009395e-02 -7.864329e-03 2.602680e+01 -1.999902e-02 9.997283e-01 1.196918e-02 -5.830697e-01 8.102701e-03 -1.180911e-02 9.998974e-01 -5.164961e-01
9.996997e-01 2.122636e-02 -1.224495e-02 2.748314e+01 -2.104105e-02 9.996649e-01 1.506866e-02 -6.389422e-01 1.256070e-02 -1.480649e-02 9.998115e-01 -5.820036e-01
9.997212e-01 2.216368e-02 -8.143802e-03 2.894907e+01 -2.203805e-02 9.996414e-01 1.520595e-02 -6.841702e-01 8.477903e-03 -1.502223e-02 9.998512e-01 -6.174149e-01
9.996725e-01 2.301331e-02 -1.119387e-02 3.037523e+01 -2.281387e-02 9.995843e-01 1.762981e-02 -7.344030e-01 1.159494e-02 -1.736866e-02 9.997819e-01 -6.679632e-01
9.996575e-01 2.393514e-02 -1.058416e-02 3.185691e+01 -2.373677e-02 9.995472e-01 1.848688e-02 -7.836578e-01 1.102185e-02 -1.822932e-02 9.997731e-01 -7.246453e-01
9.996189e-01 2.463545e-02 -1.245480e-02 3.333253e+01 -2.439931e-02 9.995261e-01 1.876890e-02 -8.353620e-01 1.291128e-02 -1.845786e-02 9.997463e-01 -7.783720e-01
9.996012e-01 2.554465e-02 -1.203915e-02 3.477850e+01 -2.532427e-02 9.995149e-01 1.811556e-02 -8.807521e-01 1.249607e-02 -1.780345e-02 9.997634e-01 -8.204634e-01
9.995346e-01 2.655293e-02 -1.501852e-02 3.627621e+01 -2.626585e-02 9.994743e-01 1.899985e-02 -9.382061e-01 1.551513e-02 -1.859654e-02 9.997067e-01 -9.214588e-01
9.995369e-01 2.770722e-02 -1.258178e-02 3.774986e+01 -2.750431e-02 9.994932e-01 1.602433e-02 -9.918826e-01 1.301939e-02 -1.567085e-02 9.997925e-01 -9.079828e-01
9.994212e-01 2.919318e-02 -1.746508e-02 3.920242e+01 -2.890026e-02 9.994411e-01 1.679522e-02 -1.043288e+00 1.794563e-02 -1.628076e-02 9.997064e-01 -9.855882e-01
9.994900e-01 3.029574e-02 -1.009061e-02 4.066547e+01 -3.010473e-02 9.993740e-01 1.857293e-02 -1.120209e+00 1.064698e-02 -1.825968e-02 9.997766e-01 -1.045437e+00
9.994830e-01 3.096780e-02 -8.640924e-03 4.214274e+01 -3.076934e-02 9.992795e-01 2.222584e-02 -1.170702e+00 9.322981e-03 -2.194848e-02 9.997156e-01 -1.052036e+00
9.994801e-01 3.167333e-02 -6.022381e-03 4.360291e+01 -3.150712e-02 9.991671e-01 2.593742e-02 -1.240830e+00 6.838888e-03 -2.573419e-02 9.996454e-01 -1.147197e+00
9.994658e-01 3.262201e-02 -2.001018e-03 4.507957e+01 -3.255909e-02 9.991322e-01 2.598466e-02 -1.317925e+00 2.846953e-03 -2.590563e-02 9.996603e-01 -1.220340e+00
9.994347e-01 3.361892e-02 -2.440068e-04 4.653948e+01 -3.360251e-02 9.991270e-01 2.482376e-02 -1.377882e+00 1.078342e-03 -2.480153e-02 9.996918e-01 -1.259943e+00
9.993665e-01 3.535641e-02 4.072394e-03 4.798805e+01 -3.545352e-02 9.990081e-01 2.694256e-02 -1.450756e+00 -3.115762e-03 -2.706988e-02 9.996287e-01 -1.339086e+00
9.992987e-01 3.714686e-02 4.715254e-03 4.945830e+01 -3.726514e-02 9.989091e-01 2.813680e-02 -1.532302e+00 -3.664917e-03 -2.829279e-02 9.995930e-01 -1.393225e+00
9.992057e-01 3.914535e-02 7.458196e-03 5.092440e+01 -3.934293e-02 9.988194e-01 2.849867e-02 -1.604697e+00 -6.333800e-03 -2.876946e-02 9.995660e-01 -1.489622e+00
9.990857e-01 4.135139e-02 1.085940e-02 5.238445e+01 -4.164435e-02 9.987316e-01 2.830175e-02 -1.686482e+00 -9.675312e-03 -2.872810e-02 9.995404e-01 -1.523067e+00
9.989867e-01 4.345152e-02 1.173181e-02 5.382454e+01 -4.377847e-02 9.986138e-01 2.922177e-02 -1.767012e+00 -1.044582e-02 -2.970576e-02 9.995041e-01 -1.607382e+00
9.988911e-01 4.489669e-02 1.417710e-02 5.527287e+01 -4.531104e-02 9.985104e-01 3.040080e-02 -1.852174e+00 -1.279109e-02 -3.100947e-02 9.994372e-01 -1.682117e+00
9.987823e-01 4.726093e-02 1.415490e-02 5.671326e+01 -4.770493e-02 9.983205e-01 3.287098e-02 -1.937664e+00 -1.257762e-02 -3.350621e-02 9.993594e-01 -1.753586e+00
9.987025e-01 4.897365e-02 1.395972e-02 5.815964e+01 -4.937885e-02 9.983193e-01 3.033270e-02 -2.023748e+00 -1.245076e-02 -3.098266e-02 9.994424e-01 -1.799793e+00
9.986089e-01 5.052603e-02 1.507852e-02 5.958580e+01 -5.099210e-02 9.981761e-01 3.231649e-02 -2.110113e+00 -1.341819e-02 -3.304042e-02 9.993640e-01 -1.906365e+00
9.985590e-01 5.186912e-02 1.376863e-02 6.100908e+01 -5.228324e-02 9.981306e-01 3.164710e-02 -2.208476e+00 -1.210139e-02 -3.232136e-02 9.994043e-01 -1.955438e+00
9.984712e-01 5.347252e-02 1.399685e-02 6.242234e+01 -5.391623e-02 9.979827e-01 3.351795e-02 -2.297936e+00 -1.217633e-02 -3.422137e-02 9.993401e-01 -2.043257e+00
9.983765e-01 5.549509e-02 1.283198e-02 6.382911e+01 -5.591763e-02 9.978102e-01 3.532342e-02 -2.396521e+00 -1.084361e-02 -3.598361e-02 9.992936e-01 -2.108863e+00
9.983191e-01 5.705806e-02 1.016383e-02 6.524262e+01 -5.739477e-02 9.976778e-01 3.667273e-02 -2.480811e+00 -8.047754e-03 -3.719444e-02 9.992756e-01 -2.190393e+00
9.982406e-01 5.869000e-02 8.433917e-03 6.661624e+01 -5.896181e-02 9.975837e-01 3.674261e-02 -2.573323e+00 -6.257115e-03 -3.717524e-02 9.992892e-01 -2.273804e+00
9.981353e-01 6.073266e-02 6.126736e-03 6.799434e+01 -6.092488e-02 9.973929e-01 3.867463e-02 -2.677276e+00 -3.761950e-03 -3.897578e-02 9.992331e-01 -2.349019e+00
9.980500e-01 6.222010e-02 4.975411e-03 6.939209e+01 -6.236767e-02 9.972838e-01 3.918314e-02 -2.769697e+00 -2.523918e-03 -3.941704e-02 9.992197e-01 -2.424356e+00
9.979396e-01 6.412487e-02 2.134089e-03 7.077067e+01 -6.415874e-02 9.971249e-01 4.032225e-02 -2.885838e+00 4.577059e-04 -4.037609e-02 9.991844e-01 -2.507428e+00
9.978273e-01 6.585496e-02 1.963699e-03 7.214130e+01 -6.587989e-02 9.969759e-01 4.121912e-02 -2.984241e+00 7.567232e-04 -4.125893e-02 9.991482e-01 -2.587492e+00
9.977380e-01 6.721675e-02 -9.135811e-04 7.348286e+01 -6.711940e-02 9.968630e-01 4.194161e-02 -3.082424e+00 3.729894e-03 -4.178542e-02 9.991196e-01 -2.679193e+00
9.976578e-01 6.838606e-02 -1.505343e-03 7.482410e+01 -6.826490e-02 9.968036e-01 4.150081e-02 -3.181659e+00 4.338609e-03 -4.130084e-02 9.991373e-01 -2.759485e+00
9.975675e-01 6.966314e-02 -2.467389e-03 7.617007e+01 -6.949807e-02 9.966942e-01 4.208173e-02 -3.295530e+00 5.390778e-03 -4.180789e-02 9.991111e-01 -2.827134e+00
9.974899e-01 7.073916e-02 -3.134582e-03 7.747520e+01 -7.055269e-02 9.966710e-01 4.085701e-02 -3.402027e+00 6.014338e-03 -4.053331e-02 9.991601e-01 -2.933133e+00
9.973989e-01 7.194551e-02 -4.383877e-03 7.881085e+01 -7.170392e-02 9.965687e-01 4.134156e-02 -3.511625e+00 7.343175e-03 -4.091968e-02 9.991354e-01 -2.998287e+00
9.972995e-01 7.335286e-02 -3.612188e-03 8.011879e+01 -7.313487e-02 9.964221e-01 4.236306e-02 -3.617280e+00 6.706714e-03 -4.198448e-02 9.990957e-01 -3.066257e+00
9.972005e-01 7.459056e-02 -5.238708e-03 8.139658e+01 -7.430365e-02 9.963373e-01 4.232139e-02 -3.728827e+00 8.376295e-03 -4.181365e-02 9.990903e-01 -3.170030e+00
9.971374e-01 7.555974e-02 -2.783414e-03 8.268268e+01 -7.537045e-02 9.962255e-01 4.305780e-02 -3.836517e+00 6.026343e-03 -4.272475e-02 9.990687e-01 -3.214743e+00
9.970551e-01 7.653615e-02 -4.845455e-03 8.395651e+01 -7.625164e-02 9.961243e-01 4.384137e-02 -3.951467e+00 8.182125e-03 -4.334278e-02 9.990268e-01 -3.314142e+00
9.969740e-01 7.768720e-02 -2.759191e-03 8.524491e+01 -7.749398e-02 9.960413e-01 4.355084e-02 -4.063866e+00 6.131611e-03 -4.320523e-02 9.990474e-01 -3.399192e+00
9.968988e-01 7.864708e-02 -2.725636e-03 8.647522e+01 -7.844757e-02 9.959176e-01 4.465784e-02 -4.175670e+00 6.226717e-03 -4.430553e-02 9.989986e-01 -3.465287e+00
9.967955e-01 7.997873e-02 -1.449621e-03 8.771969e+01 -7.982794e-02 9.957490e-01 4.594880e-02 -4.290038e+00 5.118385e-03 -4.568584e-02 9.989427e-01 -3.564943e+00
9.967180e-01 8.094401e-02 -1.101999e-03 8.898756e+01 -8.080781e-02 9.956673e-01 4.600839e-02 -4.408894e+00 4.821328e-03 -4.576834e-02 9.989405e-01 -3.636212e+00
9.967000e-01 8.117263e-02 7.774937e-05 9.019665e+01 -8.108962e-02 9.956365e-01 4.617829e-02 -4.515978e+00 3.671003e-03 -4.603221e-02 9.989332e-01 -3.717216e+00
9.966248e-01 8.207367e-02 -1.678240e-03 9.141232e+01 -8.189433e-02 9.954451e-01 4.880888e-02 -4.626690e+00 5.676520e-03 -4.850671e-02 9.988067e-01 -3.802843e+00
9.965482e-01 8.300754e-02 -1.207584e-03 9.263120e+01 -8.284983e-02 9.953653e-01 4.882834e-02 -4.740208e+00 5.255108e-03 -4.855975e-02 9.988065e-01 -3.882538e+00
9.964674e-01 8.391764e-02 -3.248285e-03 9.384206e+01 -8.366827e-02 9.953521e-01 4.768520e-02 -4.852504e+00 7.234816e-03 -4.724497e-02 9.988571e-01 -3.965570e+00
9.964279e-01 8.432037e-02 -4.638857e-03 9.503514e+01 -8.399896e-02 9.952910e-01 4.837207e-02 -4.963763e+00 8.695763e-03 -4.780962e-02 9.988186e-01 -4.047071e+00
9.963695e-01 8.493027e-02 -5.879547e-03 9.623137e+01 -8.454278e-02 9.952148e-01 4.898699e-02 -5.075804e+00 1.001189e-02 -4.831208e-02 9.987821e-01 -4.134047e+00
9.963006e-01 8.562940e-02 -7.267022e-03 9.742344e+01 -8.517009e-02 9.951439e-01 4.934182e-02 -5.185724e+00 1.145684e-02 -4.854035e-02 9.987555e-01 -4.215570e+00
9.962122e-01 8.645783e-02 -9.286602e-03 9.861531e+01 -8.587395e-02 9.949878e-01 5.123511e-02 -5.305532e+00 1.366973e-02 -5.024357e-02 9.986435e-01 -4.303565e+00
9.961699e-01 8.676599e-02 -1.083037e-02 9.980580e+01 -8.608100e-02 9.948903e-01 5.275517e-02 -5.414085e+00 1.535239e-02 -5.162082e-02 9.985487e-01 -4.375727e+00
9.961627e-01 8.686061e-02 -1.073001e-02 1.009819e+02 -8.617060e-02 9.948475e-01 5.341409e-02 -5.526107e+00 1.531430e-02 -5.228451e-02 9.985148e-01 -4.464262e+00
9.961945e-01 8.637569e-02 -1.164568e-02 1.021738e+02 -8.562956e-02 9.948648e-01 5.396149e-02 -5.638063e+00 1.624683e-02 -5.275892e-02 9.984751e-01 -4.549254e+00
9.961632e-01 8.665276e-02 -1.225091e-02 1.033512e+02 -8.585391e-02 9.947793e-01 5.516795e-02 -5.753609e+00 1.696740e-02 -5.390450e-02 9.984019e-01 -4.642230e+00
9.961733e-01 8.656145e-02 -1.207539e-02 1.045143e+02 -8.576863e-02 9.947747e-01 5.537931e-02 -5.862472e+00 1.680600e-02 -5.413171e-02 9.983923e-01 -4.720569e+00
9.961529e-01 8.649494e-02 -1.406823e-02 1.057062e+02 -8.558755e-02 9.947697e-01 5.574736e-02 -5.979483e+00 1.881651e-02 -5.432883e-02 9.983458e-01 -4.801142e+00
9.962403e-01 8.577277e-02 -1.217588e-02 1.068614e+02 -8.494641e-02 9.947481e-01 5.710046e-02 -6.091174e+00 1.700960e-02 -5.585149e-02 9.982942e-01 -4.899875e+00
9.962389e-01 8.556963e-02 -1.362941e-02 1.080377e+02 -8.466019e-02 9.947653e-01 5.722284e-02 -6.198218e+00 1.845461e-02 -5.585375e-02 9.982684e-01 -4.969720e+00
9.962869e-01 8.505153e-02 -1.336701e-02 1.092075e+02 -8.415744e-02 9.948078e-01 5.722772e-02 -6.318072e+00 1.816491e-02 -5.589029e-02 9.982716e-01 -5.083799e+00
9.963149e-01 8.453874e-02 -1.448192e-02 1.103906e+02 -8.359144e-02 9.948802e-01 5.679605e-02 -6.422622e+00 1.920924e-02 -5.537619e-02 9.982808e-01 -5.140615e+00
9.963313e-01 8.417960e-02 -1.542175e-02 1.115451e+02 -8.315443e-02 9.948417e-01 5.810018e-02 -6.533853e+00 2.023305e-02 -5.660464e-02 9.981917e-01 -5.260664e+00
9.963064e-01 8.394363e-02 -1.808361e-02 1.127212e+02 -8.278240e-02 9.949082e-01 5.748700e-02 -6.637986e+00 2.281720e-02 -5.577766e-02 9.981825e-01 -5.325874e+00
9.963900e-01 8.282515e-02 -1.862643e-02 1.138941e+02 -8.162507e-02 9.949787e-01 5.792082e-02 -6.740918e+00 2.333020e-02 -5.619134e-02 9.981474e-01 -5.420491e+00
9.963682e-01 8.284167e-02 -1.968719e-02 1.150640e+02 -8.154281e-02 9.948909e-01 5.951948e-02 -6.849395e+00 2.451730e-02 -5.769797e-02 9.980330e-01 -5.510989e+00
9.964458e-01 8.199605e-02 -1.929939e-02 1.162332e+02 -8.065198e-02 9.947897e-01 6.235949e-02 -6.954824e+00 2.431206e-02 -6.058132e-02 9.978672e-01 -5.602204e+00
9.965230e-01 8.116913e-02 -1.880094e-02 1.173954e+02 -7.984285e-02 9.948184e-01 6.293878e-02 -7.063910e+00 2.381221e-02 -6.121882e-02 9.978403e-01 -5.687263e+00
9.965832e-01 8.022973e-02 -1.962484e-02 1.185719e+02 -7.884610e-02 9.948760e-01 6.328440e-02 -7.157425e+00 2.460157e-02 -6.152083e-02 9.978026e-01 -5.786726e+00
9.966109e-01 7.988476e-02 -1.962512e-02 1.197319e+02 -7.850400e-02 9.949090e-01 6.319078e-02 -7.272480e+00 2.457319e-02 -6.143597e-02 9.978085e-01 -5.883363e+00
9.966346e-01 7.935978e-02 -2.053092e-02 1.209073e+02 -7.791142e-02 9.949236e-01 6.369395e-02 -7.375908e+00 2.548144e-02 -6.188000e-02 9.977583e-01 -5.961686e+00
9.968345e-01 7.840876e-02 -1.315125e-02 1.220659e+02 -7.736328e-02 9.947581e-01 6.686603e-02 -7.481006e+00 1.832519e-02 -6.563694e-02 9.976753e-01 -6.060868e+00
9.968258e-01 7.848385e-02 -1.336216e-02 1.232299e+02 -7.739052e-02 9.946325e-01 6.868050e-02 -7.586607e+00 1.868074e-02 -6.742838e-02 9.975492e-01 -6.166658e+00
9.969037e-01 7.804029e-02 -9.626508e-03 1.244054e+02 -7.724272e-02 9.948363e-01 6.583503e-02 -7.694728e+00 1.471458e-02 -6.488761e-02 9.977841e-01 -6.260164e+00
9.969721e-01 7.727994e-02 -8.631843e-03 1.255765e+02 -7.659581e-02 9.951109e-01 6.235221e-02 -7.802999e+00 1.340821e-02 -6.150225e-02 9.980169e-01 -6.356191e+00
9.969245e-01 7.796461e-02 -7.944925e-03 1.267382e+02 -7.730942e-02 9.949962e-01 6.329120e-02 -7.901368e+00 1.283964e-02 -6.248233e-02 9.979635e-01 -6.460908e+00
9.968688e-01 7.850260e-02 -9.484820e-03 1.279195e+02 -7.771778e-02 9.948196e-01 6.552593e-02 -8.002807e+00 1.457964e-02 -6.458361e-02 9.978058e-01 -6.544952e+00
9.968137e-01 7.941427e-02 -7.472293e-03 1.290844e+02 -7.869155e-02 9.943913e-01 7.066691e-02 -8.115360e+00 1.304234e-02 -6.985374e-02 9.974720e-01 -6.645446e+00
9.967604e-01 8.015328e-02 -6.646689e-03 1.302687e+02 -7.945890e-02 9.941697e-01 7.289007e-02 -8.227277e+00 1.245032e-02 -7.212579e-02 9.973179e-01 -6.737531e+00
9.967486e-01 8.052216e-02 -2.911899e-03 1.314438e+02 -8.008622e-02 9.940314e-01 7.408105e-02 -8.338243e+00 8.859686e-03 -7.360698e-02 9.972480e-01 -6.856843e+00
9.967191e-01 8.093151e-02 -1.063720e-03 1.326259e+02 -8.063458e-02 9.940284e-01 7.352243e-02 -8.451569e+00 7.007651e-03 -7.319544e-02 9.972930e-01 -6.946395e+00
9.966763e-01 8.145691e-02 1.047221e-03 1.338051e+02 -8.131094e-02 9.939393e-01 7.398251e-02 -8.561364e+00 4.985513e-03 -7.382177e-02 9.972590e-01 -7.066584e+00
9.966345e-01 8.193885e-02 2.382784e-03 1.350031e+02 -8.188683e-02 9.938240e-01 7.488973e-02 -8.676018e+00 3.768309e-03 -7.483280e-02 9.971890e-01 -7.169407e+00
9.965921e-01 8.244170e-02 2.738539e-03 1.361851e+02 -8.241615e-02 9.938076e-01 7.452467e-02 -8.803270e+00 3.422360e-03 -7.449640e-02 9.972154e-01 -7.273359e+00
9.965865e-01 8.238027e-02 5.373008e-03 1.374017e+02 -8.255192e-02 9.938437e-01 7.389303e-02 -8.904079e+00 7.473987e-04 -7.408435e-02 9.972517e-01 -7.388159e+00
9.965365e-01 8.281259e-02 7.555085e-03 1.386157e+02 -8.314359e-02 9.938619e-01 7.297755e-02 -9.020061e+00 -1.465251e-03 -7.335296e-02 9.973050e-01 -7.485219e+00
9.965430e-01 8.281655e-02 6.589526e-03 1.398368e+02 -8.307689e-02 9.938473e-01 7.325396e-02 -9.144361e+00 -4.823420e-04 -7.354815e-02 9.972916e-01 -7.593568e+00
9.965026e-01 8.289257e-02 1.055259e-02 1.410333e+02 -8.344790e-02 9.937648e-01 7.394676e-02 -9.259599e+00 -4.357160e-03 -7.456873e-02 9.972063e-01 -7.718682e+00
9.964880e-01 8.337780e-02 7.725637e-03 1.422707e+02 -8.372097e-02 9.937581e-01 7.372532e-02 -9.376001e+00 -1.530360e-03 -7.411320e-02 9.972486e-01 -7.788958e+00
9.964495e-01 8.360587e-02 9.917091e-03 1.434892e+02 -8.411117e-02 9.937228e-01 7.375927e-02 -9.492147e+00 -3.688130e-03 -7.433154e-02 9.972268e-01 -7.942803e+00
9.964363e-01 8.386716e-02 8.998374e-03 1.447281e+02 -8.430581e-02 9.936424e-01 7.461402e-02 -9.619182e+00 -2.683500e-03 -7.510674e-02 9.971719e-01 -8.009893e+00
9.963922e-01 8.443550e-02 8.555673e-03 1.459574e+02 -8.484291e-02 9.934686e-01 7.630095e-02 -9.728531e+00 -2.057285e-03 -7.675156e-02 9.970481e-01 -8.146625e+00
9.963357e-01 8.508833e-02 8.671192e-03 1.471966e+02 -8.550293e-02 9.934037e-01 7.641041e-02 -9.855318e+00 -2.112359e-03 -7.687182e-02 9.970387e-01 -8.251793e+00
9.962913e-01 8.565303e-02 8.195062e-03 1.484490e+02 -8.602970e-02 9.933423e-01 7.661670e-02 -9.974347e+00 -1.578050e-03 -7.703757e-02 9.970269e-01 -8.366732e+00
9.962668e-01 8.602407e-02 7.235088e-03 1.496946e+02 -8.632594e-02 9.932898e-01 7.696039e-02 -1.010057e+01 -5.660930e-04 -7.729767e-02 9.970079e-01 -8.483579e+00
9.962723e-01 8.597024e-02 7.113906e-03 1.509595e+02 -8.626321e-02 9.932379e-01 7.769855e-02 -1.021395e+01 -3.860381e-04 -7.802258e-02 9.969515e-01 -8.588199e+00
9.962959e-01 8.566706e-02 7.461916e-03 1.522105e+02 -8.598813e-02 9.932593e-01 7.773046e-02 -1.033879e+01 -7.526772e-04 -7.808417e-02 9.969465e-01 -8.709409e+00
9.963394e-01 8.508147e-02 8.296255e-03 1.534791e+02 -8.547024e-02 9.932679e-01 7.819098e-02 -1.046916e+01 -1.587800e-03 -7.861385e-02 9.969039e-01 -8.824430e+00
9.963869e-01 8.457809e-02 7.729405e-03 1.547518e+02 -8.492500e-02 9.932265e-01 7.930344e-02 -1.058176e+01 -9.697152e-04 -7.967333e-02 9.968206e-01 -8.952615e+00
9.964390e-01 8.396882e-02 7.650663e-03 1.560261e+02 -8.431117e-02 9.932970e-01 7.907413e-02 -1.070372e+01 -9.596199e-04 -7.943758e-02 9.968394e-01 -9.059208e+00
9.964952e-01 8.339826e-02 6.485293e-03 1.573000e+02 -8.364994e-02 9.933785e-01 7.875155e-02 -1.082890e+01 1.253919e-04 -7.901804e-02 9.968732e-01 -9.191936e+00
9.965326e-01 8.287556e-02 7.384688e-03 1.585950e+02 -8.319952e-02 9.934611e-01 7.818336e-02 -1.094704e+01 -8.569106e-04 -7.852667e-02 9.969116e-01 -9.308811e+00
9.965813e-01 8.231939e-02 7.017819e-03 1.598865e+02 -8.261641e-02 9.934841e-01 7.851240e-02 -1.107152e+01 -5.089988e-04 -7.882378e-02 9.968885e-01 -9.425874e+00
9.966246e-01 8.164787e-02 8.539165e-03 1.611835e+02 -8.206806e-02 9.934891e-01 7.902201e-02 -1.119073e+01 -2.031587e-03 -7.945608e-02 9.968363e-01 -9.548119e+00
9.966652e-01 8.099225e-02 9.937736e-03 1.624778e+02 -8.152641e-02 9.935173e-01 7.922582e-02 -1.132420e+01 -3.456636e-03 -7.977179e-02 9.968072e-01 -9.666596e+00
9.967015e-01 8.042971e-02 1.082043e-02 1.637535e+02 -8.103723e-02 9.935365e-01 7.948782e-02 -1.143062e+01 -4.357308e-03 -8.010249e-02 9.967771e-01 -9.786420e+00
9.967646e-01 7.961588e-02 1.102660e-02 1.650638e+02 -8.024594e-02 9.935408e-01 8.023188e-02 -1.155503e+01 -4.567645e-03 -8.085714e-02 9.967152e-01 -9.915251e+00
9.968034e-01 7.918760e-02 1.059745e-02 1.663521e+02 -7.979098e-02 9.934465e-01 8.183885e-02 -1.166158e+01 -4.047378e-03 -8.242283e-02 9.965892e-01 -1.003535e+01
9.968872e-01 7.842927e-02 8.046601e-03 1.676481e+02 -7.882702e-02 9.934268e-01 8.300417e-02 -1.177451e+01 -1.483751e-03 -8.338008e-02 9.965167e-01 -1.017007e+01
9.969332e-01 7.795340e-02 6.898960e-03 1.689233e+02 -7.825787e-02 9.932553e-01 8.555542e-02 -1.189846e+01 -1.830931e-04 -8.583292e-02 9.963095e-01 -1.030338e+01
9.969482e-01 7.786302e-02 5.614772e-03 1.702455e+02 -7.805856e-02 9.933437e-01 8.470584e-02 -1.201119e+01 1.018055e-03 -8.488563e-02 9.963902e-01 -1.042767e+01
9.969251e-01 7.807703e-02 6.666359e-03 1.715299e+02 -7.836111e-02 9.932841e-01 8.512382e-02 -1.214077e+01 2.462626e-05 -8.538446e-02 9.963481e-01 -1.056254e+01
9.969177e-01 7.820734e-02 6.224561e-03 1.728394e+02 -7.845421e-02 9.935030e-01 8.244098e-02 -1.224632e+01 2.633685e-04 -8.267521e-02 9.965765e-01 -1.067958e+01
9.968600e-01 7.876328e-02 8.153972e-03 1.741148e+02 -7.916944e-02 9.933652e-01 8.341272e-02 -1.238552e+01 -1.530013e-03 -8.379635e-02 9.964817e-01 -1.082780e+01
9.968159e-01 7.945119e-02 6.757146e-03 1.754132e+02 -7.973801e-02 9.932628e-01 8.408815e-02 -1.250011e+01 -3.071828e-05 -8.435921e-02 9.964354e-01 -1.094188e+01
9.968047e-01 7.977931e-02 3.953950e-03 1.767070e+02 -7.982504e-02 9.931433e-01 8.540615e-02 -1.261391e+01 2.886804e-03 -8.544887e-02 9.963384e-01 -1.108523e+01
9.967763e-01 8.020237e-02 2.110391e-03 1.780420e+02 -8.010177e-02 9.933498e-01 8.270220e-02 -1.272362e+01 4.536556e-03 -8.260464e-02 9.965721e-01 -1.121030e+01
9.967306e-01 8.079639e-02 4.152232e-05 1.793299e+02 -8.052962e-02 9.933976e-01 8.170880e-02 -1.285367e+01 6.560529e-03 -8.144501e-02 9.966562e-01 -1.134155e+01
9.966998e-01 8.117443e-02 -4.639705e-04 1.806291e+02 -8.088150e-02 9.935569e-01 7.939003e-02 -1.296404e+01 6.905422e-03 -7.909051e-02 9.968435e-01 -1.145833e+01
9.967272e-01 8.083319e-02 -9.155334e-04 1.819313e+02 -8.050255e-02 9.935541e-01 7.980929e-02 -1.309002e+01 7.360870e-03 -7.947438e-02 9.968097e-01 -1.158782e+01
9.967397e-01 8.067571e-02 -1.173096e-03 1.832348e+02 -8.033634e-02 9.936858e-01 7.832448e-02 -1.320084e+01 7.484573e-03 -7.797489e-02 9.969272e-01 -1.171658e+01
9.967160e-01 8.093199e-02 -2.673819e-03 1.845421e+02 -8.047561e-02 9.936806e-01 7.824691e-02 -1.333219e+01 8.989600e-03 -7.777477e-02 9.969304e-01 -1.183946e+01
9.966867e-01 8.131207e-02 -1.985073e-03 1.858502e+02 -8.092649e-02 9.938164e-01 7.602596e-02 -1.345521e+01 8.154627e-03 -7.561342e-02 9.971039e-01 -1.195529e+01
9.966549e-01 8.168022e-02 -2.705747e-03 1.871388e+02 -8.121111e-02 9.935517e-01 7.911803e-02 -1.356921e+01 9.150678e-03 -7.863364e-02 9.968616e-01 -1.207313e+01
9.966995e-01 8.117874e-02 -4.352261e-04 1.884700e+02 -8.086649e-02 9.933077e-01 8.246292e-02 -1.369498e+01 7.126549e-03 -8.215556e-02 9.965940e-01 -1.214141e+01
9.966980e-01 8.119259e-02 -9.846161e-04 1.897365e+02 -8.074418e-02 9.923286e-01 9.361652e-02 -1.381532e+01 8.578030e-03 -9.322790e-02 9.956079e-01 -1.236464e+01
9.966380e-01 8.183750e-02 -3.920865e-03 1.910137e+02 -8.110306e-02 9.922194e-01 9.446001e-02 -1.394011e+01 1.162073e-02 -9.382445e-02 9.955209e-01 -1.252131e+01
9.966503e-01 8.160704e-02 -5.326129e-03 1.923345e+02 -8.082874e-02 9.928660e-01 8.765618e-02 -1.405559e+01 1.244150e-02 -8.693206e-02 9.961365e-01 -1.261598e+01
9.966049e-01 8.181628e-02 -9.210143e-03 1.936469e+02 -8.082855e-02 9.935403e-01 7.965350e-02 -1.417682e+01 1.566760e-02 -7.863863e-02 9.967800e-01 -1.276462e+01
9.966301e-01 8.173473e-02 -6.926357e-03 1.949188e+02 -8.090958e-02 9.934286e-01 8.095214e-02 -1.429666e+01 1.349744e-02 -8.011892e-02 9.966939e-01 -1.291012e+01
9.965576e-01 8.211481e-02 -1.140578e-02 1.962078e+02 -8.090738e-02 9.933246e-01 8.222099e-02 -1.440578e+01 1.808120e-02 -8.101514e-02 9.965488e-01 -1.300054e+01
9.965494e-01 8.211019e-02 -1.213146e-02 1.974829e+02 -8.082476e-02 9.932466e-01 8.323808e-02 -1.452614e+01 1.888422e-02 -8.197033e-02 9.964558e-01 -1.316304e+01
9.965174e-01 8.204731e-02 -1.487746e-02 1.987681e+02 -8.056399e-02 9.933708e-01 8.200148e-02 -1.463758e+01 2.150683e-02 -8.051731e-02 9.965212e-01 -1.327096e+01
9.965319e-01 8.178206e-02 -1.535861e-02 2.000416e+02 -8.028883e-02 9.934971e-01 8.072770e-02 -1.475378e+01 2.186081e-02 -7.921461e-02 9.966179e-01 -1.340730e+01
9.965326e-01 8.160512e-02 -1.622776e-02 2.012913e+02 -8.005017e-02 9.935399e-01 8.043852e-02 -1.486651e+01 2.268712e-02 -7.886057e-02 9.966274e-01 -1.353365e+01
9.965931e-01 8.070280e-02 -1.701013e-02 2.025690e+02 -7.908674e-02 9.936099e-01 8.052841e-02 -1.497847e+01 2.340030e-02 -7.890877e-02 9.966072e-01 -1.364388e+01
9.966023e-01 7.990147e-02 -1.998955e-02 2.038124e+02 -7.801831e-02 9.935874e-01 8.183610e-02 -1.508347e+01 2.640019e-02 -7.999849e-02 9.964453e-01 -1.377785e+01
9.965452e-01 8.020664e-02 -2.155510e-02 2.050876e+02 -7.817233e-02 9.935017e-01 8.272591e-02 -1.520610e+01 2.805020e-02 -8.075510e-02 9.963392e-01 -1.388381e+01
9.965081e-01 7.963575e-02 -2.509304e-02 2.063530e+02 -7.723047e-02 9.933426e-01 8.547381e-02 -1.530903e+01 3.173276e-02 -8.323739e-02 9.960244e-01 -1.398095e+01
9.965155e-01 7.996430e-02 -2.372158e-02 2.076019e+02 -7.782882e-02 9.937270e-01 8.030886e-02 -1.543371e+01 2.999461e-02 -7.818279e-02 9.964877e-01 -1.413762e+01
9.964482e-01 7.940625e-02 -2.802985e-02 2.088706e+02 -7.688291e-02 9.936751e-01 8.184725e-02 -1.553579e+01 3.435174e-02 -7.940152e-02 9.962506e-01 -1.424028e+01
9.966722e-01 7.876544e-02 -2.098792e-02 2.101136e+02 -7.682758e-02 9.937453e-01 8.104108e-02 -1.565268e+01 2.723988e-02 -7.915895e-02 9.964898e-01 -1.441358e+01
9.965907e-01 7.798436e-02 -2.693143e-02 2.113480e+02 -7.548121e-02 9.936043e-01 8.398065e-02 -1.575293e+01 3.330837e-02 -8.166152e-02 9.961034e-01 -1.452543e+01
9.967930e-01 7.737475e-02 -2.041691e-02 2.125952e+02 -7.537720e-02 9.935166e-01 8.510702e-02 -1.586091e+01 2.686967e-02 -8.329511e-02 9.961626e-01 -1.464926e+01
9.966406e-01 7.672106e-02 -2.865817e-02 2.138616e+02 -7.402958e-02 9.935899e-01 8.543374e-02 -1.596355e+01 3.502904e-02 -8.302519e-02 9.959316e-01 -1.477336e+01
9.968238e-01 7.553393e-02 -2.523890e-02 2.151038e+02 -7.315261e-02 9.937139e-01 8.474443e-02 -1.606386e+01 3.148132e-02 -8.262897e-02 9.960830e-01 -1.491435e+01
9.968208e-01 7.407241e-02 -2.935157e-02 2.163596e+02 -7.131011e-02 9.937373e-01 8.603010e-02 -1.616872e+01 3.554020e-02 -8.366352e-02 9.958601e-01 -1.504326e+01
9.969106e-01 7.326558e-02 -2.830976e-02 2.176207e+02 -7.061084e-02 9.938314e-01 8.551661e-02 -1.626803e+01 3.440056e-02 -8.325344e-02 9.959345e-01 -1.515458e+01
9.968371e-01 7.247215e-02 -3.261168e-02 2.188550e+02 -6.943593e-02 9.938564e-01 8.618420e-02 -1.637197e+01 3.865729e-02 -8.364718e-02 9.957453e-01 -1.530456e+01
9.969824e-01 7.096665e-02 -3.146248e-02 2.201180e+02 -6.812997e-02 9.941719e-01 8.354922e-02 -1.645619e+01 3.720832e-02 -8.115356e-02 9.960068e-01 -1.541129e+01
9.968135e-01 7.071828e-02 -3.690089e-02 2.213603e+02 -6.740313e-02 9.941460e-01 8.444124e-02 -1.655805e+01 4.265642e-02 -8.168495e-02 9.957449e-01 -1.555653e+01
9.968376e-01 7.052860e-02 -3.661266e-02 2.226293e+02 -6.727517e-02 9.942297e-01 8.355571e-02 -1.665578e+01 4.229446e-02 -8.082835e-02 9.958303e-01 -1.566014e+01
9.968060e-01 6.969716e-02 -3.898925e-02 2.238645e+02 -6.611838e-02 9.940493e-01 8.656819e-02 -1.675398e+01 4.479080e-02 -8.371378e-02 9.954827e-01 -1.580356e+01
9.967851e-01 6.955241e-02 -3.977375e-02 2.251291e+02 -6.600034e-02 9.942307e-01 8.455292e-02 -1.683471e+01 4.542514e-02 -8.165602e-02 9.956248e-01 -1.591956e+01
9.967554e-01 6.938515e-02 -4.079649e-02 2.263852e+02 -6.568862e-02 9.941390e-01 8.586506e-02 -1.693734e+01 4.651514e-02 -8.290660e-02 9.954712e-01 -1.605247e+01
9.966828e-01 6.933463e-02 -4.261602e-02 2.276364e+02 -6.563411e-02 9.943998e-01 8.283194e-02 -1.703340e+01 4.812049e-02 -7.976011e-02 9.956519e-01 -1.616959e+01
9.966921e-01 6.904211e-02 -4.287251e-02 2.288953e+02 -6.524595e-02 9.942943e-01 8.439103e-02 -1.712564e+01 4.845443e-02 -8.131461e-02 9.955100e-01 -1.630645e+01
9.966433e-01 6.910633e-02 -4.389124e-02 2.301508e+02 -6.527449e-02 9.943731e-01 8.343530e-02 -1.720875e+01 4.941018e-02 -8.029027e-02 9.955462e-01 -1.642286e+01
9.966016e-01 6.901582e-02 -4.496711e-02 2.314117e+02 -6.486920e-02 9.940124e-01 8.792722e-02 -1.731261e+01 5.076624e-02 -8.471143e-02 9.951114e-01 -1.656486e+01
9.967038e-01 6.823507e-02 -4.388105e-02 2.326859e+02 -6.408934e-02 9.938959e-01 8.979854e-02 -1.739932e+01 4.974060e-02 -8.669023e-02 9.949928e-01 -1.665381e+01
9.968640e-01 6.673003e-02 -4.253638e-02 2.339352e+02 -6.257813e-02 9.937518e-01 9.241971e-02 -1.749268e+01 4.843777e-02 -8.946802e-02 9.948112e-01 -1.682030e+01
9.970636e-01 6.525315e-02 -4.007820e-02 2.352221e+02 -6.146202e-02 9.940909e-01 8.947547e-02 -1.758842e+01 4.567992e-02 -8.674945e-02 9.951823e-01 -1.693924e+01
9.972250e-01 6.379693e-02 -3.837100e-02 2.364817e+02 -6.022022e-02 9.942914e-01 8.807824e-02 -1.768326e+01 4.377109e-02 -8.552311e-02 9.953743e-01 -1.708167e+01
9.973832e-01 6.222283e-02 -3.681060e-02 2.377906e+02 -5.892415e-02 9.946567e-01 8.476917e-02 -1.775712e+01 4.188849e-02 -8.237831e-02 9.957204e-01 -1.720423e+01
9.974908e-01 6.100099e-02 -3.593151e-02 2.390784e+02 -5.766216e-02 9.944865e-01 8.758856e-02 -1.786181e+01 4.107639e-02 -8.529690e-02 9.955085e-01 -1.733995e+01
9.975246e-01 6.002557e-02 -3.662741e-02 2.403679e+02 -5.658155e-02 9.944456e-01 8.874981e-02 -1.794353e+01 4.175122e-02 -8.645768e-02 9.953803e-01 -1.751153e+01
9.977103e-01 5.793804e-02 -3.489078e-02 2.416781e+02 -5.461734e-02 9.944800e-01 8.959204e-02 -1.803159e+01 3.988896e-02 -8.748126e-02 9.953672e-01 -1.761366e+01
9.978388e-01 5.535159e-02 -3.541109e-02 2.429975e+02 -5.202633e-02 9.946915e-01 8.878178e-02 -1.811319e+01 4.013732e-02 -8.674759e-02 9.954215e-01 -1.772298e+01
9.979697e-01 5.278391e-02 -3.564182e-02 2.442937e+02 -4.936848e-02 9.946522e-01 9.071888e-02 -1.817824e+01 4.023971e-02 -8.877511e-02 9.952385e-01 -1.789021e+01
9.980900e-01 5.044365e-02 -3.566320e-02 2.456214e+02 -4.702837e-02 9.947523e-01 9.086143e-02 -1.826327e+01 4.005944e-02 -8.901071e-02 9.952248e-01 -1.802582e+01
9.982249e-01 4.850247e-02 -3.456427e-02 2.469325e+02 -4.513559e-02 9.947077e-01 9.230065e-02 -1.834397e+01 3.885815e-02 -9.057672e-02 9.951311e-01 -1.816825e+01
9.983778e-01 4.610306e-02 -3.341136e-02 2.482901e+02 -4.297616e-02 9.951106e-01 8.892789e-02 -1.840788e+01 3.734785e-02 -8.734775e-02 9.954776e-01 -1.828245e+01
9.984913e-01 4.432000e-02 -3.241518e-02 2.496261e+02 -4.118672e-02 9.949385e-01 9.165743e-02 -1.849442e+01 3.631337e-02 -9.018408e-02 9.952629e-01 -1.842775e+01
9.985179e-01 4.168788e-02 -3.498599e-02 2.509720e+02 -3.835746e-02 9.951124e-01 9.099422e-02 -1.854757e+01 3.860835e-02 -8.951740e-02 9.952367e-01 -1.858606e+01
9.985384e-01 3.960403e-02 -3.677611e-02 2.523225e+02 -3.609592e-02 9.951420e-01 9.159397e-02 -1.861258e+01 4.022495e-02 -9.013263e-02 9.951171e-01 -1.872883e+01
9.983191e-01 3.720471e-02 -4.443722e-02 2.536902e+02 -3.306829e-02 9.953524e-01 9.044421e-02 -1.865968e+01 4.759564e-02 -8.882272e-02 9.949096e-01 -1.886284e+01
9.982937e-01 3.469345e-02 -4.696849e-02 2.550381e+02 -3.032335e-02 9.954115e-01 9.075545e-02 -1.871989e+01 4.990159e-02 -8.917636e-02 9.947650e-01 -1.901782e+01
9.980069e-01 3.322537e-02 -5.365013e-02 2.564185e+02 -2.837086e-02 9.956418e-01 8.883962e-02 -1.875948e+01 5.636804e-02 -8.714046e-02 9.946000e-01 -1.914579e+01
9.979520e-01 3.238924e-02 -5.515978e-02 2.578006e+02 -2.738600e-02 9.956405e-01 8.916141e-02 -1.880468e+01 5.780719e-02 -8.746821e-02 9.944887e-01 -1.929446e+01
9.978992e-01 2.986001e-02 -5.749390e-02 2.592003e+02 -2.466255e-02 9.957192e-01 8.907820e-02 -1.884766e+01 5.990765e-02 -8.747312e-02 9.943639e-01 -1.942503e+01
9.978976e-01 2.731912e-02 -5.877114e-02 2.605929e+02 -2.211640e-02 9.959257e-01 8.742240e-02 -1.889290e+01 6.092000e-02 -8.593880e-02 9.944361e-01 -1.957259e+01
9.978825e-01 2.411838e-02 -6.040505e-02 2.619949e+02 -1.890957e-02 9.961703e-01 8.536523e-02 -1.893507e+01 6.223258e-02 -8.404224e-02 9.945170e-01 -1.970891e+01
9.978250e-01 2.099974e-02 -6.248361e-02 2.634055e+02 -1.572360e-02 9.963615e-01 8.376478e-02 -1.896658e+01 6.401530e-02 -8.260012e-02 9.945247e-01 -1.984420e+01
9.978837e-01 1.788960e-02 -6.251452e-02 2.648207e+02 -1.261472e-02 9.964048e-01 8.377671e-02 -1.900104e+01 6.378850e-02 -8.281082e-02 9.945217e-01 -1.999021e+01
9.979625e-01 1.387677e-02 -6.227600e-02 2.662398e+02 -8.652777e-03 9.964800e-01 8.338320e-02 -1.902662e+01 6.321388e-02 -8.267444e-02 9.945697e-01 -2.011196e+01
9.982299e-01 9.594994e-03 -5.869343e-02 2.676736e+02 -4.725940e-03 9.965767e-01 8.254026e-02 -1.905878e+01 5.928447e-02 -8.211678e-02 9.948578e-01 -2.025776e+01
9.982566e-01 5.558097e-03 -5.876163e-02 2.691163e+02 -6.714235e-04 9.965613e-01 8.285561e-02 -1.907372e+01 5.902009e-02 -8.267170e-02 9.948276e-01 -2.039073e+01
9.983259e-01 7.904462e-04 -5.783311e-02 2.705477e+02 3.997108e-03 9.965731e-01 8.261970e-02 -1.908167e+01 5.770023e-02 -8.271255e-02 9.949017e-01 -2.054619e+01
9.981881e-01 -3.967750e-03 -6.004011e-02 2.719896e+02 8.937939e-03 9.965309e-01 8.274066e-02 -1.907856e+01 5.950354e-02 -8.312737e-02 9.947609e-01 -2.066959e+01
9.981089e-01 -8.868599e-03 -6.082761e-02 2.734224e+02 1.394338e-02 9.964087e-01 8.351910e-02 -1.906871e+01 5.986846e-02 -8.420929e-02 9.946480e-01 -2.083943e+01
9.978325e-01 -1.354284e-02 -6.439565e-02 2.748819e+02 1.885874e-02 9.963981e-01 8.267335e-02 -1.905198e+01 6.304409e-02 -8.370858e-02 9.944940e-01 -2.095415e+01
9.977905e-01 -1.863648e-02 -6.377082e-02 2.763472e+02 2.377941e-02 9.964415e-01 8.086329e-02 -1.903328e+01 6.203688e-02 -8.220106e-02 9.946831e-01 -2.111422e+01
9.975721e-01 -2.342739e-02 -6.558219e-02 2.778014e+02 2.863919e-02 9.964080e-01 7.969252e-02 -1.899711e+01 6.347963e-02 -8.137726e-02 9.946598e-01 -2.121152e+01
9.974267e-01 -2.840582e-02 -6.582619e-02 2.792483e+02 3.374310e-02 9.961066e-01 8.144241e-02 -1.896847e+01 6.325647e-02 -8.345401e-02 9.945019e-01 -2.139567e+01
9.970500e-01 -3.288719e-02 -6.935246e-02 2.807209e+02 3.842727e-02 9.960439e-01 8.012450e-02 -1.890964e+01 6.644302e-02 -8.255316e-02 9.943693e-01 -2.151561e+01
9.967668e-01 -3.758856e-02 -7.101391e-02 2.821902e+02 4.338331e-02 9.956955e-01 8.190344e-02 -1.886325e+01 6.762961e-02 -8.471945e-02 9.941071e-01 -2.166658e+01
9.962606e-01 -4.214786e-02 -7.542168e-02 2.836648e+02 4.827245e-02 9.955188e-01 8.131548e-02 -1.880146e+01 7.165642e-02 -8.465219e-02 9.938307e-01 -2.180139e+01
9.959415e-01 -4.661838e-02 -7.698905e-02 2.851410e+02 5.279491e-02 9.953763e-01 8.024272e-02 -1.873153e+01 7.289229e-02 -8.398169e-02 9.937977e-01 -2.194996e+01
9.954461e-01 -5.089891e-02 -8.060019e-02 2.866044e+02 5.746435e-02 9.950275e-01 8.135023e-02 -1.865637e+01 7.605878e-02 -8.561141e-02 9.934213e-01 -2.207629e+01
9.952224e-01 -5.376470e-02 -8.149713e-02 2.880640e+02 6.075939e-02 9.944468e-01 8.592897e-02 -1.858354e+01 7.642461e-02 -9.047014e-02 9.929625e-01 -2.223950e+01
9.948414e-01 -5.656507e-02 -8.420816e-02 2.895727e+02 6.380156e-02 9.942602e-01 8.588280e-02 -1.850746e+01 7.886687e-02 -9.081237e-02 9.927402e-01 -2.235831e+01
9.949484e-01 -6.070078e-02 -7.995630e-02 2.910908e+02 6.736981e-02 9.942248e-01 8.353648e-02 -1.841793e+01 7.442381e-02 -8.850113e-02 9.932918e-01 -2.252641e+01
9.945864e-01 -6.652867e-02 -7.982378e-02 2.925786e+02 7.287980e-02 9.941686e-01 7.948183e-02 -1.832402e+01 7.407047e-02 -8.486909e-02 9.936351e-01 -2.264972e+01
9.944181e-01 -7.053658e-02 -7.846764e-02 2.940676e+02 7.677057e-02 9.938749e-01 7.949152e-02 -1.822237e+01 7.237997e-02 -8.507181e-02 9.937424e-01 -2.281531e+01
9.938440e-01 -7.470449e-02 -8.181345e-02 2.955566e+02 8.132308e-02 9.934072e-01 8.079933e-02 -1.811188e+01 7.523800e-02 -8.695526e-02 9.933670e-01 -2.295921e+01
9.933660e-01 -7.794563e-02 -8.454894e-02 2.970710e+02 8.478002e-02 9.931424e-01 8.050343e-02 -1.797593e+01 7.769422e-02 -8.713743e-02 9.931620e-01 -2.309640e+01
9.927905e-01 -8.148476e-02 -8.790548e-02 2.985768e+02 8.858474e-02 9.928395e-01 8.014038e-02 -1.787153e+01 8.074582e-02 -8.734968e-02 9.928999e-01 -2.324801e+01
9.925025e-01 -8.484851e-02 -8.797488e-02 3.000907e+02 9.186834e-02 9.926264e-01 7.907572e-02 -1.773548e+01 8.061673e-02 -8.656495e-02 9.929790e-01 -2.337162e+01
9.921419e-01 -8.818879e-02 -8.875361e-02 3.016037e+02 9.532239e-02 9.922565e-01 7.963005e-02 -1.760693e+01 8.104385e-02 -8.746452e-02 9.928655e-01 -2.352100e+01
9.918522e-01 -9.169301e-02 -8.844042e-02 3.031079e+02 9.889711e-02 9.918088e-01 8.083837e-02 -1.747283e+01 8.030367e-02 -8.892622e-02 9.927958e-01 -2.368352e+01
9.918115e-01 -9.414492e-02 -8.629370e-02 3.046750e+02 1.010135e-01 9.917421e-01 7.901943e-02 -1.732926e+01 7.814182e-02 -8.708921e-02 9.931311e-01 -2.378368e+01
9.917201e-01 -9.605119e-02 -8.523695e-02 3.061874e+02 1.027877e-01 9.915997e-01 7.851444e-02 -1.718822e+01 7.697953e-02 -8.662567e-02 9.932624e-01 -2.396913e+01
9.917054e-01 -9.889919e-02 -8.209299e-02 3.077050e+02 1.054732e-01 9.911966e-01 8.002892e-02 -1.704997e+01 7.345551e-02 -8.802372e-02 9.934063e-01 -2.410999e+01
9.916177e-01 -1.007617e-01 -8.087834e-02 3.092668e+02 1.070525e-01 9.912184e-01 7.762610e-02 -1.689183e+01 7.234637e-02 -8.563364e-02 9.936966e-01 -2.420239e+01
9.913872e-01 -1.028248e-01 -8.110712e-02 3.107834e+02 1.091370e-01 9.909885e-01 7.766017e-02 -1.673920e+01 7.239082e-02 -8.584308e-02 9.936753e-01 -2.440462e+01
9.914626e-01 -1.046739e-01 -7.775194e-02 3.123437e+02 1.106826e-01 9.908319e-01 7.746899e-02 -1.657960e+01 6.893013e-02 -8.541340e-02 9.939584e-01 -2.454309e+01
9.911789e-01 -1.058358e-01 -7.976960e-02 3.139125e+02 1.120100e-01 9.906907e-01 7.736588e-02 -1.641255e+01 7.083894e-02 -8.561843e-02 9.938065e-01 -2.465363e+01
9.910903e-01 -1.080231e-01 -7.791683e-02 3.154480e+02 1.140079e-01 9.904953e-01 7.695112e-02 -1.625412e+01 6.886375e-02 -8.514863e-02 9.939857e-01 -2.482277e+01
9.910863e-01 -1.094199e-01 -7.599472e-02 3.170095e+02 1.153259e-01 9.902416e-01 7.824016e-02 -1.609161e+01 6.669210e-02 -8.630692e-02 9.940338e-01 -2.495015e+01
9.908702e-01 -1.110950e-01 -7.638103e-02 3.185731e+02 1.170249e-01 9.900520e-01 7.811669e-02 -1.592074e+01 6.694281e-02 -8.634198e-02 9.940140e-01 -2.511616e+01
9.907246e-01 -1.136834e-01 -7.443730e-02 3.201439e+02 1.194724e-01 9.897231e-01 7.857824e-02 -1.574363e+01 6.473926e-02 -8.674260e-02 9.941250e-01 -2.525601e+01
9.903768e-01 -1.148985e-01 -7.714980e-02 3.217152e+02 1.208883e-01 9.895923e-01 7.805946e-02 -1.557058e+01 6.737793e-02 -8.663478e-02 9.939591e-01 -2.539052e+01
9.901023e-01 -1.169453e-01 -7.759689e-02 3.232911e+02 1.230864e-01 9.891875e-01 7.973643e-02 -1.537948e+01 6.743306e-02 -8.849835e-02 9.937912e-01 -2.557517e+01
9.897922e-01 -1.174013e-01 -8.079848e-02 3.248839e+02 1.236218e-01 9.893495e-01 7.684477e-02 -1.520122e+01 7.091627e-02 -8.604880e-02 9.937638e-01 -2.568764e+01
9.896245e-01 -1.179006e-01 -8.211455e-02 3.264649e+02 1.240882e-01 9.894458e-01 7.482743e-02 -1.500816e+01 7.242569e-02 -8.424050e-02 9.938099e-01 -2.584985e+01
9.897373e-01 -1.176908e-01 -8.104961e-02 3.280522e+02 1.238534e-01 9.894061e-01 7.573651e-02 -1.482858e+01 7.127749e-02 -8.499752e-02 9.938284e-01 -2.599179e+01
9.897738e-01 -1.169434e-01 -8.168262e-02 3.296613e+02 1.232553e-01 9.893794e-01 7.704765e-02 -1.464273e+01 7.180490e-02 -8.632756e-02 9.936758e-01 -2.612640e+01
9.898000e-01 -1.165482e-01 -8.193005e-02 3.312529e+02 1.230044e-01 9.892772e-01 7.874108e-02 -1.445874e+01 7.187442e-02 -8.801567e-02 9.935227e-01 -2.628222e+01
9.898999e-01 -1.158835e-01 -8.166478e-02 3.328516e+02 1.223608e-01 9.893082e-01 7.935433e-02 -1.427688e+01 7.159578e-02 -8.854541e-02 9.934957e-01 -2.642331e+01
9.899970e-01 -1.146084e-01 -8.228503e-02 3.344618e+02 1.210585e-01 9.895592e-01 7.821368e-02 -1.409567e+01 7.246198e-02 -8.739262e-02 9.935350e-01 -2.657965e+01
9.903162e-01 -1.137543e-01 -7.958567e-02 3.360717e+02 1.200810e-01 9.895501e-01 7.981974e-02 -1.391737e+01 6.967416e-02 -8.860350e-02 9.936271e-01 -2.673070e+01
9.905694e-01 -1.126115e-01 -7.804447e-02 3.376976e+02 1.188493e-01 9.896430e-01 8.050799e-02 -1.374059e+01 6.817004e-02 -8.902428e-02 9.936939e-01 -2.688967e+01
9.907637e-01 -1.116542e-01 -7.694614e-02 3.393091e+02 1.178917e-01 9.896398e-01 8.194497e-02 -1.356633e+01 6.699945e-02 -9.025940e-02 9.936621e-01 -2.702740e+01
9.911197e-01 -1.101806e-01 -7.444434e-02 3.409304e+02 1.162790e-01 9.897203e-01 8.326323e-02 -1.339955e+01 6.450509e-02 -9.118014e-02 9.937431e-01 -2.720265e+01
9.913942e-01 -1.083460e-01 -7.347537e-02 3.425742e+02 1.143380e-01 9.899732e-01 8.294427e-02 -1.322895e+01 6.375197e-02 -9.063150e-02 9.938418e-01 -2.735802e+01
9.915949e-01 -1.072126e-01 -7.242212e-02 3.442131e+02 1.131604e-01 9.900420e-01 8.373540e-02 -1.305095e+01 6.272344e-02 -9.122691e-02 9.938528e-01 -2.752086e+01
9.916985e-01 -1.060126e-01 -7.276942e-02 3.458622e+02 1.121233e-01 9.899857e-01 8.577128e-02 -1.288163e+01 6.294784e-02 -9.321841e-02 9.936538e-01 -2.769683e+01
9.919179e-01 -1.046747e-01 -7.170799e-02 3.474849e+02 1.108201e-01 9.899470e-01 8.788436e-02 -1.271490e+01 6.178784e-02 -9.512075e-02 9.935463e-01 -2.785247e+01
9.920496e-01 -1.033407e-01 -7.182185e-02 3.491508e+02 1.095198e-01 9.900628e-01 8.820795e-02 -1.254173e+01 6.199269e-02 -9.537258e-02 9.935094e-01 -2.801978e+01
9.923044e-01 -1.019061e-01 -7.033496e-02 3.507931e+02 1.078149e-01 9.904385e-01 8.606597e-02 -1.238731e+01 6.089181e-02 -9.298680e-02 9.938036e-01 -2.820543e+01
9.925303e-01 -1.003848e-01 -6.932854e-02 3.524637e+02 1.061841e-01 9.906412e-01 8.575988e-02 -1.222618e+01 6.007073e-02 -9.248087e-02 9.939008e-01 -2.835198e+01
9.927455e-01 -9.878552e-02 -6.854017e-02 3.541279e+02 1.044166e-01 9.909697e-01 8.412039e-02 -1.206753e+01 5.961135e-02 -9.066688e-02 9.940956e-01 -2.851772e+01
9.928935e-01 -9.707388e-02 -6.884149e-02 3.557900e+02 1.027562e-01 9.911141e-01 8.446477e-02 -1.190105e+01 6.003043e-02 -9.093842e-02 9.940456e-01 -2.869427e+01
9.930822e-01 -9.562736e-02 -6.814158e-02 3.574578e+02 1.012603e-01 9.912510e-01 8.466357e-02 -1.174837e+01 5.944925e-02 -9.097792e-02 9.940768e-01 -2.886001e+01
9.931611e-01 -9.419701e-02 -6.897828e-02 3.591440e+02 9.991208e-02 9.913834e-01 8.471411e-02 -1.159000e+01 6.040411e-02 -9.102653e-02 9.940149e-01 -2.902419e+01
9.934022e-01 -9.291129e-02 -6.722722e-02 3.608257e+02 9.835298e-02 9.917045e-01 8.275709e-02 -1.144336e+01 5.898047e-02 -8.882307e-02 9.942997e-01 -2.918110e+01
9.935340e-01 -9.259030e-02 -6.570590e-02 3.624899e+02 9.776483e-02 9.919504e-01 8.047514e-02 -1.130285e+01 5.772578e-02 -8.637851e-02 9.945886e-01 -2.935291e+01
9.937693e-01 -9.205162e-02 -6.284084e-02 3.641640e+02 9.690938e-02 9.921360e-01 7.921372e-02 -1.115070e+01 5.505491e-02 -8.481003e-02 9.948750e-01 -2.951302e+01
9.938844e-01 -9.219225e-02 -6.078183e-02 3.658314e+02 9.692612e-02 9.920568e-01 8.017855e-02 -1.099955e+01 5.290718e-02 -8.557955e-02 9.949256e-01 -2.967292e+01
9.938321e-01 -9.231619e-02 -6.144547e-02 3.674908e+02 9.717200e-02 9.919341e-01 8.139045e-02 -1.084701e+01 5.343620e-02 -8.685922e-02 9.947864e-01 -2.987406e+01
9.939317e-01 -9.270257e-02 -5.921154e-02 3.691405e+02 9.730166e-02 9.920186e-01 8.019607e-02 -1.070612e+01 5.130458e-02 -8.547080e-02 9.950189e-01 -2.997869e+01
9.938569e-01 -9.321226e-02 -5.966511e-02 3.708117e+02 9.786269e-02 9.919425e-01 8.045411e-02 -1.055355e+01 5.168505e-02 -8.579886e-02 9.949710e-01 -3.016753e+01
9.940851e-01 -9.409864e-02 -5.422422e-02 3.724552e+02 9.818959e-02 9.920667e-01 7.850143e-02 -1.040903e+01 4.640716e-02 -8.336135e-02 9.954382e-01 -3.034546e+01
9.939209e-01 -9.536342e-02 -5.501898e-02 3.741166e+02 9.946775e-02 9.920233e-01 7.743403e-02 -1.025865e+01 4.719574e-02 -8.243592e-02 9.954782e-01 -3.048217e+01
9.938803e-01 -9.709984e-02 -5.266498e-02 3.757600e+02 1.010324e-01 9.918197e-01 7.801402e-02 -1.011660e+01 4.465902e-02 -8.285746e-02 9.955602e-01 -3.064383e+01
9.935871e-01 -9.884029e-02 -5.491206e-02 3.774056e+02 1.030163e-01 9.915143e-01 7.929168e-02 -9.951904e+00 4.660888e-02 -8.444002e-02 9.953379e-01 -3.082987e+01
9.935171e-01 -1.010659e-01 -5.205222e-02 3.790612e+02 1.049207e-01 9.914490e-01 7.759246e-02 -9.794906e+00 4.376517e-02 -8.255079e-02 9.956254e-01 -3.094655e+01
9.930211e-01 -1.046672e-01 -5.434889e-02 3.806988e+02 1.087614e-01 9.909385e-01 7.881658e-02 -9.630529e+00 4.560690e-02 -8.417758e-02 9.954065e-01 -3.110878e+01
9.928336e-01 -1.078717e-01 -5.143085e-02 3.823363e+02 1.117027e-01 9.906301e-01 7.857616e-02 -9.461539e+00 4.247282e-02 -8.375802e-02 9.955806e-01 -3.129010e+01
9.924135e-01 -1.097932e-01 -5.532568e-02 3.839686e+02 1.140051e-01 9.902695e-01 7.980784e-02 -9.293238e+00 4.602497e-02 -8.550978e-02 9.952737e-01 -3.142871e+01
9.923226e-01 -1.113251e-01 -5.387498e-02 3.856015e+02 1.154143e-01 9.900974e-01 7.991757e-02 -9.112105e+00 4.444465e-02 -8.552196e-02 9.953445e-01 -3.161179e+01
9.918943e-01 -1.137396e-01 -5.664777e-02 3.872573e+02 1.181094e-01 9.896976e-01 8.092488e-02 -8.933926e+00 4.685980e-02 -8.695956e-02 9.951091e-01 -3.174203e+01
9.917442e-01 -1.163392e-01 -5.393094e-02 3.888771e+02 1.204706e-01 9.894052e-01 8.101930e-02 -8.750777e+00 4.393383e-02 -8.684752e-02 9.952524e-01 -3.193534e+01
9.913809e-01 -1.188674e-01 -5.508577e-02 3.905233e+02 1.231556e-01 9.889606e-01 8.239885e-02 -8.572381e+00 4.468313e-02 -8.847277e-02 9.950759e-01 -3.204033e+01
9.912148e-01 -1.210033e-01 -5.339921e-02 3.921698e+02 1.251963e-01 9.885877e-01 8.378492e-02 -8.370644e+00 4.265156e-02 -8.973424e-02 9.950520e-01 -3.226037e+01
9.908209e-01 -1.233724e-01 -5.525546e-02 3.938011e+02 1.276883e-01 9.883413e-01 8.292770e-02 -8.171319e+00 4.438027e-02 -8.922198e-02 9.950225e-01 -3.238639e+01
9.906638e-01 -1.253863e-01 -5.351235e-02 3.954373e+02 1.295445e-01 9.880935e-01 8.300229e-02 -7.980667e+00 4.246785e-02 -8.915960e-02 9.951116e-01 -3.256836e+01
9.903651e-01 -1.272751e-01 -5.456984e-02 3.970582e+02 1.315026e-01 9.878743e-01 8.253323e-02 -7.783554e+00 4.340371e-02 -8.891412e-02 9.950932e-01 -3.273643e+01
9.902579e-01 -1.288200e-01 -5.286417e-02 3.987024e+02 1.328958e-01 9.876795e-01 8.263065e-02 -7.574801e+00 4.156838e-02 -8.885108e-02 9.951771e-01 -3.288247e+01
9.899198e-01 -1.300276e-01 -5.613942e-02 4.003658e+02 1.344141e-01 9.874341e-01 8.310621e-02 -7.364634e+00 4.462788e-02 -8.981442e-02 9.949582e-01 -3.304652e+01
9.898579e-01 -1.312968e-01 -5.424606e-02 4.020045e+02 1.355675e-01 9.871620e-01 8.445570e-02 -7.161903e+00 4.246088e-02 -9.095314e-02 9.949495e-01 -3.322260e+01
9.895554e-01 -1.323058e-01 -5.722959e-02 4.036604e+02 1.368899e-01 9.868975e-01 8.540783e-02 -6.951372e+00 4.517979e-02 -9.234994e-02 9.947011e-01 -3.336235e+01
9.894530e-01 -1.335618e-01 -5.607192e-02 4.052976e+02 1.380453e-01 9.867171e-01 8.563259e-02 -6.730861e+00 4.388988e-02 -9.246989e-02 9.947477e-01 -3.356664e+01
9.893339e-01 -1.340888e-01 -5.690899e-02 4.069529e+02 1.386115e-01 9.867085e-01 8.481117e-02 -6.515067e+00 4.478036e-02 -9.179481e-02 9.947705e-01 -3.370153e+01
9.893023e-01 -1.343478e-01 -5.684799e-02 4.085984e+02 1.389072e-01 9.865844e-01 8.576822e-02 -6.298703e+00 4.456256e-02 -9.274728e-02 9.946920e-01 -3.388725e+01
9.893041e-01 -1.340831e-01 -5.743851e-02 4.102643e+02 1.387180e-01 9.865727e-01 8.620672e-02 -6.086536e+00 4.510840e-02 -9.325241e-02 9.946201e-01 -3.405586e+01
9.893054e-01 -1.342098e-01 -5.711777e-02 4.119231e+02 1.388651e-01 9.864527e-01 8.733528e-02 -5.873331e+00 4.462273e-02 -9.433294e-02 9.945402e-01 -3.421249e+01
9.894093e-01 -1.341249e-01 -5.549564e-02 4.135814e+02 1.386435e-01 9.864509e-01 8.770872e-02 -5.663276e+00 4.297979e-02 -9.447392e-02 9.945991e-01 -3.438539e+01
9.894906e-01 -1.343404e-01 -5.348806e-02 4.152361e+02 1.387118e-01 9.863470e-01 8.876352e-02 -5.449391e+00 4.083325e-02 -9.525010e-02 9.946156e-01 -3.456887e+01
9.895227e-01 -1.344407e-01 -5.263586e-02 4.168774e+02 1.387274e-01 9.863515e-01 8.868706e-02 -5.231831e+00 3.999431e-02 -9.505990e-02 9.946678e-01 -3.474946e+01
9.894924e-01 -1.345391e-01 -5.295407e-02 4.185315e+02 1.387735e-01 9.865249e-01 8.666239e-02 -5.015094e+00 4.058104e-02 -9.310039e-02 9.948294e-01 -3.492557e+01
9.894347e-01 -1.340574e-01 -5.520570e-02 4.201576e+02 1.383696e-01 9.868490e-01 8.356488e-02 -4.797987e+00 4.327719e-02 -9.032079e-02 9.949720e-01 -3.509962e+01
9.894474e-01 -1.328712e-01 -5.778522e-02 4.218135e+02 1.373244e-01 9.871682e-01 8.149363e-02 -4.588354e+00 4.621557e-02 -8.856899e-02 9.949973e-01 -3.526876e+01
9.893932e-01 -1.324542e-01 -5.963949e-02 4.234201e+02 1.370354e-01 9.872726e-01 8.070840e-02 -4.369608e+00 4.819028e-02 -8.802506e-02 9.949519e-01 -3.543068e+01
9.894435e-01 -1.318514e-01 -6.013973e-02 4.250697e+02 1.365017e-01 9.873071e-01 8.119301e-02 -4.171663e+00 4.867096e-02 -8.854508e-02 9.948823e-01 -3.556241e+01
9.895273e-01 -1.323655e-01 -5.757596e-02 4.266957e+02 1.368587e-01 9.871296e-01 8.273485e-02 -3.957706e+00 4.588368e-02 -8.974817e-02 9.949070e-01 -3.575922e+01
9.895533e-01 -1.328717e-01 -5.594049e-02 4.283040e+02 1.371419e-01 9.872292e-01 8.105873e-02 -3.748721e+00 4.445568e-02 -8.788373e-02 9.951382e-01 -3.590737e+01
9.893135e-01 -1.329113e-01 -5.994445e-02 4.299228e+02 1.375467e-01 9.871539e-01 8.129118e-02 -3.539204e+00 4.836988e-02 -8.866762e-02 9.948861e-01 -3.606392e+01
9.895046e-01 -1.328745e-01 -5.678821e-02 4.315468e+02 1.370992e-01 9.874477e-01 7.842654e-02 -3.315569e+00 4.565451e-02 -8.538905e-02 9.953011e-01 -3.626554e+01
9.894389e-01 -1.330236e-01 -5.757952e-02 4.331490e+02 1.372730e-01 9.874960e-01 7.750818e-02 -3.114577e+00 4.654913e-02 -8.459373e-02 9.953277e-01 -3.636656e+01
9.895115e-01 -1.330527e-01 -5.624938e-02 4.347387e+02 1.371500e-01 9.875807e-01 7.664483e-02 -2.904604e+00 4.535300e-02 -8.355554e-02 9.954705e-01 -3.655742e+01
9.894067e-01 -1.334332e-01 -5.718294e-02 4.363163e+02 1.376963e-01 9.873550e-01 7.854813e-02 -2.698275e+00 4.597893e-02 -8.558992e-02 9.952689e-01 -3.669162e+01
9.891241e-01 -1.331115e-01 -6.256919e-02 4.379033e+02 1.378338e-01 9.873445e-01 7.843836e-02 -2.485347e+00 5.133630e-02 -8.620942e-02 9.949535e-01 -3.687286e+01
9.887521e-01 -1.327991e-01 -6.880202e-02 4.394692e+02 1.378934e-01 9.875652e-01 7.550066e-02 -2.266468e+00 5.792006e-02 -8.413877e-02 9.947693e-01 -3.702847e+01
9.884034e-01 -1.328928e-01 -7.347310e-02 4.410522e+02 1.383258e-01 9.875739e-01 7.458852e-02 -2.045782e+00 6.264786e-02 -8.388677e-02 9.945040e-01 -3.716257e+01
9.880006e-01 -1.332948e-01 -7.802116e-02 4.426094e+02 1.392143e-01 9.873340e-01 7.609966e-02 -1.828824e+00 6.688925e-02 -8.604817e-02 9.940431e-01 -3.730953e+01
9.880170e-01 -1.345471e-01 -7.562748e-02 4.441536e+02 1.403338e-01 9.870856e-01 7.725513e-02 -1.626809e+00 6.425635e-02 -8.694246e-02 9.941389e-01 -3.745516e+01
9.876736e-01 -1.368703e-01 -7.594252e-02 4.457038e+02 1.425665e-01 9.869039e-01 7.546983e-02 -1.412085e+00 6.461839e-02 -8.536642e-02 9.942520e-01 -3.758728e+01
9.876942e-01 -1.390705e-01 -7.155076e-02 4.472343e+02 1.444260e-01 9.865863e-01 7.608272e-02 -1.202931e+00 6.001014e-02 -8.548026e-02 9.945310e-01 -3.775905e+01
9.874849e-01 -1.410528e-01 -7.055251e-02 4.487691e+02 1.464373e-01 9.861351e-01 7.806213e-02 -9.931353e-01 5.856342e-02 -8.741669e-02 9.944489e-01 -3.789747e+01
9.871896e-01 -1.427794e-01 -7.120942e-02 4.503000e+02 1.482471e-01 9.858276e-01 7.853053e-02 -7.754585e-01 5.898767e-02 -8.808110e-02 9.943652e-01 -3.804580e+01
9.868083e-01 -1.445568e-01 -7.288796e-02 4.518323e+02 1.499624e-01 9.858340e-01 7.511672e-02 -5.555080e-01 6.099679e-02 -8.505626e-02 9.945073e-01 -3.818100e+01
9.865436e-01 -1.465303e-01 -7.253002e-02 4.533589e+02 1.516423e-01 9.858932e-01 7.084649e-02 -3.277724e-01 6.112570e-02 -8.089177e-02 9.948468e-01 -3.835849e+01
9.860379e-01 -1.489098e-01 -7.453233e-02 4.548755e+02 1.540879e-01 9.856213e-01 6.933682e-02 -9.380644e-02 6.313573e-02 -7.985325e-02 9.948052e-01 -3.845955e+01
9.854300e-01 -1.511389e-01 -7.800438e-02 4.563750e+02 1.566797e-01 9.851236e-01 7.059021e-02 1.378025e-01 6.617503e-02 -8.178341e-02 9.944507e-01 -3.862534e+01
9.848014e-01 -1.549592e-01 -7.844692e-02 4.578920e+02 1.606383e-01 9.843736e-01 7.213961e-02 3.783505e-01 6.604237e-02 -8.364476e-02 9.943048e-01 -3.874476e+01
9.836806e-01 -1.602845e-01 -8.173963e-02 4.593812e+02 1.661536e-01 9.835484e-01 7.088935e-02 6.180480e-01 6.903242e-02 -8.331381e-02 9.941294e-01 -3.886989e+01
9.826033e-01 -1.666243e-01 -8.201863e-02 4.608889e+02 1.724591e-01 9.825214e-01 7.006896e-02 8.839161e-01 6.890985e-02 -8.299486e-02 9.941646e-01 -3.902191e+01
9.817898e-01 -1.726125e-01 -7.933325e-02 4.623835e+02 1.781990e-01 9.815214e-01 6.971931e-02 1.139187e+00 6.583285e-02 -8.258680e-02 9.944071e-01 -3.912416e+01
9.804929e-01 -1.789049e-01 -8.140376e-02 4.638688e+02 1.845970e-01 9.804065e-01 6.875104e-02 1.403709e+00 6.750889e-02 -8.243680e-02 9.943072e-01 -3.927907e+01
9.795738e-01 -1.856969e-01 -7.714763e-02 4.653596e+02 1.910567e-01 9.791446e-01 6.908903e-02 1.680346e+00 6.270906e-02 -8.241738e-02 9.946230e-01 -3.942791e+01
9.781629e-01 -1.921946e-01 -7.911055e-02 4.668618e+02 1.975973e-01 9.779729e-01 6.726281e-02 1.964956e+00 6.444041e-02 -8.142602e-02 9.945940e-01 -3.950829e+01
9.767604e-01 -1.988514e-01 -7.998247e-02 4.683465e+02 2.041717e-01 9.767798e-01 6.492437e-02 2.260794e+00 6.521495e-02 -7.974571e-02 9.946797e-01 -3.967075e+01
9.753712e-01 -2.056578e-01 -7.972354e-02 4.698445e+02 2.109352e-01 9.753642e-01 6.458315e-02 2.576695e+00 6.447746e-02 -7.980904e-02 9.947227e-01 -3.978461e+01
9.737468e-01 -2.122906e-01 -8.215822e-02 4.713366e+02 2.178720e-01 9.737301e-01 6.619459e-02 2.901990e+00 6.594743e-02 -8.235675e-02 9.944186e-01 -3.993342e+01
9.725286e-01 -2.194957e-01 -7.752211e-02 4.728528e+02 2.246210e-01 9.722748e-01 6.501748e-02 3.235390e+00 6.110173e-02 -8.064447e-02 9.948683e-01 -4.001151e+01
9.702724e-01 -2.254139e-01 -8.809136e-02 4.743510e+02 2.316367e-01 9.704095e-01 6.818936e-02 3.569349e+00 7.011387e-02 -8.656744e-02 9.937757e-01 -4.015654e+01
9.684343e-01 -2.333575e-01 -8.763132e-02 4.758395e+02 2.397626e-01 9.682021e-01 7.140149e-02 3.943271e+00 6.818277e-02 -9.015836e-02 9.935908e-01 -4.032781e+01
9.667342e-01 -2.397536e-01 -8.912387e-02 4.773629e+02 2.460765e-01 9.668412e-01 6.829681e-02 4.303632e+00 6.979422e-02 -8.795616e-02 9.936762e-01 -4.039745e+01
9.648800e-01 -2.473683e-01 -8.840503e-02 4.788777e+02 2.534827e-01 9.650722e-01 6.619681e-02 4.695396e+00 6.894225e-02 -8.628113e-02 9.938825e-01 -4.054134e+01
9.632748e-01 -2.546883e-01 -8.506154e-02 4.803948e+02 2.602671e-01 9.635142e-01 6.245987e-02 5.083717e+00 6.605020e-02 -8.230475e-02 9.944161e-01 -4.062860e+01
9.614546e-01 -2.615606e-01 -8.479960e-02 4.819187e+02 2.671540e-01 9.615929e-01 6.299050e-02 5.487670e+00 6.506685e-02 -8.321705e-02 9.944050e-01 -4.078934e+01
9.600093e-01 -2.674764e-01 -8.269502e-02 4.834502e+02 2.726922e-01 9.602410e-01 5.980124e-02 5.895951e+00 6.341173e-02 -7.996003e-02 9.947791e-01 -4.088138e+01
9.583630e-01 -2.730566e-01 -8.354925e-02 4.849755e+02 2.782210e-01 9.587698e-01 5.790950e-02 6.318788e+00 6.429193e-02 -7.874348e-02 9.948196e-01 -4.101831e+01
9.567487e-01 -2.784988e-01 -8.408512e-02 4.865201e+02 2.838326e-01 9.570047e-01 5.984290e-02 6.762495e+00 6.380369e-02 -8.112071e-02 9.946600e-01 -4.112016e+01
9.551931e-01 -2.841838e-01 -8.273894e-02 4.880456e+02 2.895335e-01 9.551678e-01 6.184768e-02 7.217885e+00 6.145345e-02 -8.303217e-02 9.946502e-01 -4.128472e+01
9.537294e-01 -2.891032e-01 -8.258100e-02 4.896069e+02 2.942169e-01 9.539624e-01 5.824273e-02 7.661324e+00 6.194100e-02 -7.984453e-02 9.948810e-01 -4.132531e+01
9.520451e-01 -2.956603e-01 -7.870819e-02 4.911465e+02 3.001737e-01 9.523957e-01 5.327608e-02 8.132093e+00 5.920970e-02 -7.434736e-02 9.954731e-01 -4.148593e+01
9.504392e-01 -3.014395e-01 -7.615515e-02 4.926963e+02 3.057220e-01 9.506705e-01 5.253173e-02 8.610208e+00 5.656331e-02 -7.321052e-02 9.957112e-01 -4.161489e+01
9.485605e-01 -3.071658e-01 -7.669467e-02 4.942458e+02 3.116876e-01 9.485302e-01 5.604690e-02 9.106862e+00 5.553153e-02 -7.706865e-02 9.954781e-01 -4.171288e+01
9.463620e-01 -3.124025e-01 -8.248385e-02 4.958029e+02 3.173355e-01 9.466982e-01 5.532454e-02 9.612532e+00 6.080379e-02 -7.853210e-02 9.950556e-01 -4.181472e+01
9.442810e-01 -3.186153e-01 -8.256891e-02 4.973532e+02 3.233721e-01 9.448256e-01 5.229887e-02 1.014425e+01 6.135000e-02 -7.608531e-02 9.952121e-01 -4.194547e+01
9.421937e-01 -3.246628e-01 -8.285617e-02 4.989253e+02 3.291659e-01 9.430610e-01 4.780865e-02 1.066917e+01 6.261674e-02 -7.231843e-02 9.954141e-01 -4.204045e+01
9.401834e-01 -3.309066e-01 -8.096924e-02 5.004765e+02 3.352351e-01 9.409562e-01 4.710185e-02 1.119388e+01 6.060222e-02 -7.142811e-02 9.956030e-01 -4.209101e+01
9.381049e-01 -3.366757e-01 -8.129313e-02 5.020450e+02 3.410729e-01 9.388223e-01 4.777146e-02 1.174525e+01 6.023631e-02 -7.254152e-02 9.955447e-01 -4.229744e+01
9.362244e-01 -3.425263e-01 -7.848351e-02 5.036052e+02 3.467837e-01 9.366734e-01 4.882690e-02 1.231220e+01 5.678891e-02 -7.292973e-02 9.957190e-01 -4.236728e+01
9.335444e-01 -3.476194e-01 -8.749600e-02 5.051954e+02 3.523814e-01 9.347181e-01 4.614512e-02 1.289646e+01 6.574316e-02 -7.391048e-02 9.950955e-01 -4.243583e+01
9.315805e-01 -3.528953e-01 -8.730818e-02 5.067628e+02 3.576983e-01 9.326595e-01 4.688666e-02 1.347768e+01 6.488271e-02 -7.490869e-02 9.950774e-01 -4.259898e+01
9.294298e-01 -3.580102e-01 -8.938134e-02 5.083501e+02 3.630111e-01 9.305782e-01 4.740150e-02 1.407738e+01 6.620612e-02 -7.650279e-02 9.948689e-01 -4.263433e+01
9.276381e-01 -3.630379e-01 -8.769919e-02 5.099376e+02 3.678534e-01 9.287232e-01 4.644345e-02 1.468039e+01 6.458753e-02 -7.534316e-02 9.950637e-01 -4.275277e+01
9.259664e-01 -3.673564e-01 -8.738118e-02 5.115106e+02 3.722090e-01 9.269418e-01 4.732195e-02 1.529145e+01 6.361325e-02 -7.634260e-02 9.950503e-01 -4.286705e+01
9.242432e-01 -3.712724e-01 -8.905829e-02 5.131188e+02 3.765043e-01 9.250028e-01 5.112996e-02 1.591113e+01 6.339604e-02 -8.078735e-02 9.947132e-01 -4.295985e+01
9.230466e-01 -3.741167e-01 -8.956427e-02 5.147198e+02 3.793620e-01 9.238607e-01 5.065800e-02 1.654085e+01 6.379289e-02 -8.073696e-02 9.946919e-01 -4.310370e+01
9.218810e-01 -3.770880e-01 -8.910699e-02 5.163372e+02 3.820129e-01 9.230008e-01 4.621349e-02 1.719024e+01 6.481928e-02 -7.664336e-02 9.949494e-01 -4.317082e+01
9.206158e-01 -3.804462e-01 -8.790442e-02 5.179269e+02 3.851043e-01 9.218500e-01 4.344223e-02 1.784104e+01 6.450725e-02 -7.384598e-02 9.951812e-01 -4.329350e+01
9.198707e-01 -3.834162e-01 -8.264361e-02 5.195502e+02 3.875935e-01 9.208822e-01 4.180269e-02 1.849246e+01 6.007719e-02 -7.048519e-02 9.957020e-01 -4.340255e+01
9.189376e-01 -3.855797e-01 -8.295730e-02 5.211577e+02 3.900113e-01 9.196779e-01 4.564959e-02 1.914641e+01 5.869244e-02 -7.430341e-02 9.955070e-01 -4.346729e+01
9.182326e-01 -3.882618e-01 -7.811380e-02 5.227890e+02 3.924491e-01 9.185350e-01 4.771804e-02 1.983139e+01 5.322317e-02 -7.447195e-02 9.958018e-01 -4.360830e+01
9.174303e-01 -3.904150e-01 -7.679688e-02 5.244194e+02 3.944980e-01 9.176637e-01 4.759069e-02 2.049339e+01 5.189358e-02 -7.395735e-02 9.959103e-01 -4.369873e+01
9.164359e-01 -3.931640e-01 -7.461482e-02 5.260472e+02 3.970504e-01 9.165989e-01 4.687501e-02 2.119383e+01 4.996230e-02 -7.258379e-02 9.961101e-01 -4.381307e+01
9.154776e-01 -3.954928e-01 -7.406940e-02 5.276991e+02 3.993073e-01 9.156513e-01 4.621892e-02 2.189110e+01 4.954249e-02 -7.188884e-02 9.961815e-01 -4.394644e+01
9.146838e-01 -3.972945e-01 -7.423353e-02 5.293382e+02 4.011399e-01 9.148312e-01 4.659213e-02 2.258961e+01 4.940034e-02 -7.239510e-02 9.961519e-01 -4.403188e+01
9.134591e-01 -4.000256e-01 -7.464547e-02 5.309996e+02 4.037191e-01 9.138728e-01 4.298033e-02 2.332221e+01 5.102324e-02 -6.939658e-02 9.962835e-01 -4.414523e+01
9.124128e-01 -4.028379e-01 -7.228106e-02 5.326667e+02 4.062162e-01 9.129053e-01 3.989962e-02 2.402784e+01 4.991269e-02 -6.576666e-02 9.965859e-01 -4.422857e+01
9.113102e-01 -4.057879e-01 -6.964128e-02 5.342968e+02 4.091009e-01 9.115145e-01 4.216246e-02 2.473138e+01 4.637003e-02 -6.691340e-02 9.966807e-01 -4.435906e+01
9.103036e-01 -4.085138e-01 -6.681134e-02 5.359612e+02 4.114856e-01 9.105936e-01 3.871647e-02 2.547229e+01 4.502176e-02 -6.273564e-02 9.970142e-01 -4.445039e+01
9.086098e-01 -4.114047e-01 -7.193357e-02 5.376057e+02 4.149360e-01 9.088126e-01 4.344410e-02 2.619998e+01 4.750105e-02 -6.932156e-02 9.964628e-01 -4.456401e+01
9.074916e-01 -4.136781e-01 -7.300284e-02 5.392483e+02 4.169310e-01 9.082105e-01 3.636257e-02 2.694466e+01 5.125954e-02 -6.343587e-02 9.966686e-01 -4.465752e+01
9.060355e-01 -4.162330e-01 -7.648405e-02 5.409047e+02 4.197372e-01 9.068990e-01 3.681216e-02 2.769081e+01 5.404087e-02 -6.545632e-02 9.963910e-01 -4.479002e+01
9.055343e-01 -4.182659e-01 -7.114230e-02 5.425543e+02 4.212716e-01 9.063079e-01 3.371011e-02 2.843802e+01 5.037704e-02 -6.049589e-02 9.968964e-01 -4.481115e+01
9.040788e-01 -4.207485e-01 -7.491454e-02 5.441929e+02 4.243017e-01 9.046519e-01 3.966111e-02 2.917759e+01 5.108424e-02 -6.764314e-02 9.964010e-01 -4.497168e+01
9.036119e-01 -4.223179e-01 -7.164597e-02 5.458502e+02 4.256090e-01 9.040761e-01 3.877084e-02 2.993120e+01 4.839979e-02 -6.552695e-02 9.966763e-01 -4.506428e+01
9.030536e-01 -4.228324e-01 -7.554485e-02 5.475161e+02 4.265072e-01 9.035468e-01 4.116772e-02 3.068857e+01 5.085126e-02 -6.939708e-02 9.962922e-01 -4.509747e+01
9.022710e-01 -4.237115e-01 -7.984686e-02 5.491869e+02 4.276533e-01 9.030358e-01 4.048386e-02 3.145960e+01 5.495110e-02 -7.067419e-02 9.959847e-01 -4.528117e+01
9.024080e-01 -4.247188e-01 -7.262106e-02 5.508459e+02 4.281853e-01 9.027597e-01 4.101924e-02 3.223054e+01 4.813771e-02 -6.811136e-02 9.965158e-01 -4.534729e+01
9.016879e-01 -4.254645e-01 -7.706466e-02 5.525094e+02 4.292375e-01 9.022616e-01 4.097869e-02 3.298257e+01 5.209751e-02 -7.002904e-02 9.961836e-01 -4.544853e+01
9.019094e-01 -4.268164e-01 -6.623683e-02 5.541905e+02 4.297554e-01 9.021164e-01 3.868439e-02 3.375687e+01 4.324219e-02 -6.335545e-02 9.970537e-01 -4.554970e+01
9.016311e-01 -4.274435e-01 -6.598084e-02 5.558579e+02 4.303843e-01 9.017982e-01 3.910345e-02 3.450880e+01 4.278689e-02 -6.365401e-02 9.970544e-01 -4.563872e+01
9.017349e-01 -4.283478e-01 -5.824273e-02 5.575375e+02 4.307185e-01 9.017417e-01 3.665307e-02 3.529575e+01 3.681964e-02 -5.813758e-02 9.976293e-01 -4.576261e+01
9.015346e-01 -4.289345e-01 -5.701414e-02 5.592064e+02 4.312573e-01 9.014572e-01 3.731336e-02 3.606855e+01 3.539082e-02 -5.822705e-02 9.976758e-01 -4.584142e+01
9.016997e-01 -4.291913e-01 -5.227244e-02 5.608710e+02 4.312020e-01 9.015356e-01 3.603022e-02 3.684471e+01 3.166162e-02 -5.502842e-02 9.979827e-01 -4.594535e+01
9.016747e-01 -4.296365e-01 -4.894127e-02 5.625356e+02 4.315068e-01 9.013309e-01 3.747451e-02 3.760896e+01 2.801186e-02 -5.490831e-02 9.980984e-01 -4.605391e+01
9.019474e-01 -4.299420e-01 -4.050682e-02 5.642151e+02 4.313421e-01 9.014529e-01 3.642562e-02 3.837180e+01 2.085408e-02 -5.032629e-02 9.985151e-01 -4.612977e+01
9.021927e-01 -4.301136e-01 -3.241510e-02 5.658798e+02 4.311319e-01 9.015174e-01 3.730239e-02 3.913623e+01 1.317851e-02 -4.762912e-02 9.987782e-01 -4.625237e+01
9.026232e-01 -4.295019e-01 -2.827644e-02 5.675677e+02 4.303356e-01 9.018602e-01 3.819927e-02 3.990498e+01 9.094737e-03 -4.664790e-02 9.988700e-01 -4.634378e+01
9.028910e-01 -4.290620e-01 -2.633486e-02 5.692158e+02 4.298313e-01 9.019310e-01 4.201757e-02 4.065523e+01 5.724085e-03 -4.925684e-02 9.987698e-01 -4.648350e+01
9.033116e-01 -4.283278e-01 -2.373843e-02 5.709040e+02 4.289377e-01 9.026508e-01 3.513025e-02 4.143718e+01 6.380245e-03 -4.191586e-02 9.991007e-01 -4.655230e+01
9.031006e-01 -4.287122e-01 -2.480182e-02 5.725733e+02 4.294066e-01 9.021363e-01 4.195197e-02 4.222347e+01 4.389306e-03 -4.853691e-02 9.988117e-01 -4.664630e+01
9.034318e-01 -4.278310e-01 -2.777869e-02 5.742163e+02 4.287126e-01 9.021064e-01 4.908830e-02 4.298323e+01 4.057838e-03 -5.625701e-02 9.984081e-01 -4.681238e+01
9.038602e-01 -4.266256e-01 -3.205337e-02 5.758791e+02 4.277820e-01 9.023221e-01 5.308072e-02 4.375153e+01 6.276870e-03 -6.168941e-02 9.980757e-01 -4.692123e+01
9.036723e-01 -4.263503e-01 -4.002178e-02 5.775414e+02 4.279851e-01 9.023392e-01 5.111480e-02 4.452982e+01 1.432041e-02 -6.331975e-02 9.978905e-01 -4.702969e+01
9.037933e-01 -4.260561e-01 -4.042176e-02 5.791918e+02 4.277310e-01 9.024031e-01 5.210346e-02 4.529462e+01 1.427772e-02 -6.438040e-02 9.978233e-01 -4.717437e+01
9.037274e-01 -4.256994e-01 -4.535272e-02 5.808571e+02 4.276463e-01 9.025930e-01 4.944189e-02 4.606847e+01 1.988766e-02 -6.407692e-02 9.977468e-01 -4.729192e+01
9.037378e-01 -4.256261e-01 -4.582976e-02 5.825033e+02 4.276733e-01 9.023787e-01 5.299355e-02 4.683974e+01 1.880036e-02 -6.749244e-02 9.975426e-01 -4.742487e+01
9.036444e-01 -4.251176e-01 -5.197790e-02 5.841630e+02 4.276075e-01 9.023651e-01 5.375163e-02 4.760440e+01 2.405227e-02 -7.079850e-02 9.972006e-01 -4.754808e+01
9.037992e-01 -4.249040e-01 -5.102627e-02 5.858042e+02 4.272836e-01 9.026254e-01 5.192291e-02 4.837471e+01 2.399536e-02 -6.873057e-02 9.973466e-01 -4.767276e+01
9.035563e-01 -4.249137e-01 -5.508461e-02 5.874661e+02 4.275209e-01 9.026240e-01 4.995603e-02 4.913705e+01 2.849369e-02 -6.868791e-02 9.972312e-01 -4.778824e+01
9.036683e-01 -4.251443e-01 -5.134226e-02 5.891040e+02 4.275146e-01 9.025873e-01 5.067108e-02 4.990807e+01 2.479835e-02 -6.773941e-02 9.973948e-01 -4.792061e+01
9.035286e-01 -4.246547e-01 -5.748455e-02 5.907487e+02 4.275609e-01 9.023483e-01 5.439749e-02 5.066277e+01 2.877093e-02 -7.372783e-02 9.968633e-01 -4.804562e+01
9.036964e-01 -4.248027e-01 -5.362363e-02 5.923984e+02 4.274949e-01 9.022096e-01 5.714751e-02 5.142953e+01 2.410334e-02 -7.456783e-02 9.969246e-01 -4.819367e+01
9.030429e-01 -4.253668e-01 -5.980510e-02 5.940457e+02 4.284997e-01 9.017924e-01 5.620104e-02 5.219569e+01 3.002573e-02 -7.637842e-02 9.966267e-01 -4.830797e+01
9.031721e-01 -4.255820e-01 -5.621520e-02 5.956828e+02 4.284230e-01 9.018738e-01 5.547123e-02 5.294791e+01 2.709146e-02 -7.418395e-02 9.968765e-01 -4.845431e+01
9.029756e-01 -4.254128e-01 -6.048941e-02 5.973179e+02 4.285959e-01 9.017510e-01 5.612949e-02 5.370345e+01 3.066818e-02 -7.660908e-02 9.965894e-01 -4.858041e+01
9.032406e-01 -4.253760e-01 -5.667207e-02 5.989553e+02 4.283221e-01 9.017571e-01 5.809048e-02 5.446138e+01 2.639414e-02 -7.674357e-02 9.967014e-01 -4.871592e+01
9.030165e-01 -4.257420e-01 -5.748885e-02 6.005946e+02 4.287573e-01 9.015337e-01 5.834436e-02 5.521664e+01 2.698849e-02 -7.733469e-02 9.966398e-01 -4.886334e+01
9.035491e-01 -4.251846e-01 -5.307559e-02 6.022232e+02 4.278488e-01 9.020052e-01 5.772335e-02 5.595101e+01 2.333138e-02 -7.486421e-02 9.969208e-01 -4.897000e+01
9.040152e-01 -4.245430e-01 -5.019704e-02 6.038521e+02 4.269995e-01 9.023917e-01 5.797324e-02 5.669419e+01 2.068525e-02 -7.384280e-02 9.970554e-01 -4.911293e+01
9.046081e-01 -4.236606e-01 -4.685964e-02 6.054797e+02 4.259163e-01 9.027448e-01 6.039206e-02 5.743650e+01 1.671655e-02 -7.458942e-02 9.970742e-01 -4.925120e+01
9.051705e-01 -4.225184e-01 -4.630980e-02 6.071019e+02 4.247141e-01 9.033957e-01 5.911135e-02 5.817832e+01 1.686044e-02 -7.317428e-02 9.971766e-01 -4.940839e+01
9.057410e-01 -4.215176e-01 -4.422776e-02 6.087195e+02 4.235206e-01 9.041320e-01 5.635394e-02 5.892313e+01 1.623356e-02 -6.977344e-02 9.974307e-01 -4.952158e+01
9.064337e-01 -4.198653e-01 -4.572827e-02 6.103372e+02 4.219549e-01 9.049368e-01 5.516543e-02 5.966476e+01 1.821915e-02 -6.929908e-02 9.974295e-01 -4.965255e+01
9.073623e-01 -4.181528e-01 -4.291794e-02 6.119412e+02 4.200957e-01 9.056233e-01 5.801876e-02 6.039841e+01 1.460678e-02 -7.067367e-02 9.973925e-01 -4.981267e+01
9.078798e-01 -4.166744e-01 -4.622356e-02 6.135566e+02 4.188848e-01 9.060770e-01 5.966392e-02 6.112822e+01 1.702168e-02 -7.353002e-02 9.971477e-01 -4.992988e+01
9.088560e-01 -4.147468e-01 -4.433885e-02 6.151519e+02 4.168198e-01 9.070426e-01 5.945507e-02 6.183490e+01 1.555843e-02 -7.251741e-02 9.972458e-01 -5.008803e+01
9.095999e-01 -4.127638e-01 -4.747653e-02 6.167568e+02 4.150315e-01 9.079942e-01 5.740567e-02 6.255948e+01 1.941343e-02 -7.192044e-02 9.972214e-01 -5.021325e+01
9.105870e-01 -4.106845e-01 -4.657830e-02 6.183366e+02 4.129152e-01 9.088762e-01 5.869559e-02 6.326050e+01 1.822854e-02 -7.268033e-02 9.971887e-01 -5.036525e+01
9.115148e-01 -4.085598e-01 -4.711245e-02 6.199277e+02 4.108139e-01 9.098932e-01 5.767302e-02 6.395775e+01 1.930442e-02 -7.192426e-02 9.972233e-01 -5.048707e+01
9.123324e-01 -4.068890e-01 -4.572737e-02 6.214952e+02 4.090591e-01 9.106401e-01 5.835557e-02 6.464783e+01 1.789693e-02 -7.194487e-02 9.972481e-01 -5.060314e+01
9.131181e-01 -4.050295e-01 -4.654535e-02 6.230697e+02 4.072931e-01 9.113221e-01 6.003426e-02 6.533202e+01 1.810217e-02 -7.377597e-02 9.971105e-01 -5.073648e+01
9.138563e-01 -4.035641e-01 -4.475160e-02 6.246332e+02 4.057004e-01 9.120258e-01 6.013191e-02 6.601284e+01 1.654753e-02 -7.310767e-02 9.971868e-01 -5.091601e+01
9.147047e-01 -4.014327e-01 -4.655160e-02 6.262109e+02 4.036797e-01 9.130126e-01 5.874415e-02 6.669331e+01 1.892037e-02 -7.252549e-02 9.971871e-01 -5.098937e+01
9.155933e-01 -3.991886e-01 -4.834538e-02 6.277497e+02 4.015918e-01 9.138657e-01 5.977779e-02 6.735398e+01 2.031857e-02 -7.414725e-02 9.970403e-01 -5.116659e+01
9.163618e-01 -3.968084e-01 -5.314261e-02 6.293069e+02 3.996150e-01 9.146286e-01 6.133606e-02 6.801630e+01 2.426710e-02 -7.744261e-02 9.967014e-01 -5.130296e+01
9.167817e-01 -3.957154e-01 -5.404360e-02 6.308474e+02 3.985771e-01 9.151261e-01 6.066773e-02 6.868351e+01 2.544956e-02 -7.715961e-02 9.966939e-01 -5.141533e+01
9.173076e-01 -3.944851e-01 -5.411359e-02 6.324025e+02 3.972710e-01 9.158980e-01 5.750344e-02 6.933781e+01 2.687828e-02 -7.424610e-02 9.968777e-01 -5.153676e+01
9.177430e-01 -3.938029e-01 -5.164297e-02 6.339400e+02 3.964153e-01 9.162489e-01 5.781640e-02 6.998225e+01 2.454955e-02 -7.353266e-02 9.969906e-01 -5.166996e+01
9.180926e-01 -3.931056e-01 -5.073433e-02 6.354724e+02 3.956973e-01 9.164364e-01 5.973193e-02 7.062807e+01 2.301383e-02 -7.491487e-02 9.969243e-01 -5.179949e+01
9.184474e-01 -3.925841e-01 -4.829270e-02 6.370079e+02 3.950463e-01 9.165491e-01 6.226076e-02 7.126856e+01 1.982004e-02 -7.626109e-02 9.968909e-01 -5.191264e+01
9.184071e-01 -3.928476e-01 -4.689538e-02 6.385403e+02 3.952301e-01 9.163680e-01 6.374072e-02 7.191179e+01 1.793303e-02 -7.707439e-02 9.968641e-01 -5.205145e+01
9.185169e-01 -3.929109e-01 -4.413228e-02 6.400712e+02 3.950987e-01 9.163458e-01 6.486537e-02 7.255826e+01 1.495412e-02 -7.701655e-02 9.969177e-01 -5.221544e+01
9.185476e-01 -3.928155e-01 -4.434266e-02 6.416122e+02 3.950349e-01 9.163016e-01 6.587009e-02 7.319300e+01 1.475646e-02 -7.802171e-02 9.968424e-01 -5.232962e+01
9.184092e-01 -3.932754e-01 -4.311622e-02 6.431290e+02 3.953649e-01 9.163263e-01 6.350595e-02 7.384010e+01 1.453319e-02 -7.537109e-02 9.970496e-01 -5.248020e+01
9.184959e-01 -3.930523e-01 -4.330379e-02 6.446642e+02 3.951623e-01 9.163855e-01 6.390810e-02 7.447622e+01 1.456375e-02 -7.581136e-02 9.970158e-01 -5.260757e+01
9.184276e-01 -3.932999e-01 -4.249605e-02 6.461772e+02 3.953692e-01 9.161861e-01 6.546853e-02 7.511506e+01 1.318553e-02 -7.692974e-02 9.969493e-01 -5.275030e+01
9.185532e-01 -3.930661e-01 -4.194136e-02 6.477152e+02 3.951034e-01 9.162444e-01 6.625458e-02 7.575415e+01 1.238610e-02 -7.742953e-02 9.969209e-01 -5.286055e+01
9.185275e-01 -3.931688e-01 -4.154014e-02 6.492289e+02 3.951543e-01 9.163399e-01 6.460729e-02 7.638760e+01 1.266332e-02 -7.575834e-02 9.970458e-01 -5.303079e+01
9.186241e-01 -3.933248e-01 -3.775383e-02 6.507512e+02 3.950166e-01 9.164672e-01 6.363840e-02 7.701937e+01 9.569588e-03 -7.337316e-02 9.972587e-01 -5.316396e+01
9.186302e-01 -3.930506e-01 -4.036923e-02 6.522625e+02 3.949255e-01 9.165683e-01 6.273963e-02 7.765547e+01 1.234130e-02 -7.357737e-02 9.972131e-01 -5.327161e+01
9.188723e-01 -3.923379e-01 -4.176909e-02 6.537639e+02 3.943115e-01 9.168638e-01 6.228347e-02 7.828927e+01 1.386040e-02 -7.370059e-02 9.971841e-01 -5.345126e+01
9.191620e-01 -3.915594e-01 -4.269066e-02 6.552939e+02 3.936097e-01 9.171336e-01 6.275128e-02 7.892714e+01 1.458219e-02 -7.448205e-02 9.971157e-01 -5.353318e+01
9.191979e-01 -3.915122e-01 -4.234970e-02 6.568044e+02 3.935375e-01 9.171634e-01 6.276453e-02 7.955595e+01 1.426851e-02 -7.435921e-02 9.971294e-01 -5.367499e+01
9.192153e-01 -3.917604e-01 -3.958586e-02 6.583230e+02 3.935871e-01 9.171057e-01 6.329629e-02 8.017754e+01 1.150744e-02 -7.376340e-02 9.972094e-01 -5.381197e+01
9.187832e-01 -3.931046e-01 -3.614188e-02 6.598330e+02 3.946841e-01 9.165672e-01 6.425763e-02 8.081472e+01 7.866488e-03 -7.330345e-02 9.972786e-01 -5.392912e+01
9.178056e-01 -3.955067e-01 -3.474741e-02 6.613314e+02 3.969689e-01 9.156799e-01 6.281814e-02 8.145631e+01 6.972518e-03 -7.144848e-02 9.974199e-01 -5.410081e+01
9.172029e-01 -3.965772e-01 -3.828021e-02 6.628240e+02 3.983093e-01 9.149745e-01 6.458671e-02 8.208604e+01 9.411796e-03 -7.448648e-02 9.971776e-01 -5.423734e+01
9.165753e-01 -3.973745e-01 -4.453242e-02 6.643224e+02 3.995492e-01 9.145651e-01 6.269753e-02 8.272935e+01 1.581339e-02 -7.525991e-02 9.970385e-01 -5.434808e+01
9.157148e-01 -3.986339e-01 -5.057154e-02 6.657964e+02 4.013304e-01 9.135735e-01 6.570734e-02 8.338535e+01 2.000765e-02 -8.046508e-02 9.965566e-01 -5.449230e+01
9.149134e-01 -3.997814e-01 -5.575107e-02 6.672943e+02 4.028533e-01 9.130300e-01 6.391563e-02 8.401243e+01 2.535012e-02 -8.093677e-02 9.963968e-01 -5.459209e+01
9.146895e-01 -4.011166e-01 -4.948305e-02 6.687706e+02 4.036371e-01 9.128495e-01 6.150522e-02 8.463605e+01 2.049980e-02 -7.623137e-02 9.968794e-01 -5.473840e+01
9.140586e-01 -4.030015e-01 -4.568138e-02 6.702542e+02 4.051989e-01 9.122796e-01 5.966318e-02 8.527921e+01 1.762984e-02 -7.304569e-02 9.971728e-01 -5.486606e+01
9.133772e-01 -4.046643e-01 -4.459783e-02 6.717245e+02 4.067980e-01 9.114931e-01 6.079301e-02 8.591277e+01 1.604985e-02 -7.366925e-02 9.971536e-01 -5.499756e+01
9.126101e-01 -4.058897e-01 -4.895241e-02 6.731785e+02 4.083480e-01 9.107926e-01 6.089891e-02 8.655109e+01 1.986725e-02 -7.556658e-02 9.969428e-01 -5.511775e+01
9.119350e-01 -4.071386e-01 -5.111498e-02 6.746230e+02 4.097640e-01 9.101413e-01 6.112616e-02 8.718662e+01 2.163503e-02 -7.668816e-02 9.968204e-01 -5.525261e+01
9.111001e-01 -4.086798e-01 -5.364157e-02 6.760583e+02 4.115083e-01 9.093233e-01 6.157905e-02 8.782546e+01 2.361142e-02 -7.817863e-02 9.966597e-01 -5.538633e+01
9.099354e-01 -4.108578e-01 -5.668643e-02 6.774846e+02 4.139397e-01 9.081745e-01 6.223561e-02 8.846288e+01 2.591118e-02 -8.009516e-02 9.964504e-01 -5.548014e+01
9.088061e-01 -4.133098e-01 -5.697793e-02 6.788956e+02 4.164471e-01 9.069283e-01 6.366169e-02 8.909416e+01 2.536289e-02 -8.158443e-02 9.963437e-01 -5.565129e+01
9.079924e-01 -4.152181e-01 -5.606989e-02 6.802981e+02 4.183355e-01 9.058851e-01 6.608760e-02 8.972486e+01 2.335211e-02 -8.346306e-02 9.962372e-01 -5.574929e+01
9.068467e-01 -4.172963e-01 -5.910072e-02 6.817008e+02 4.205746e-01 9.050868e-01 6.272894e-02 9.036257e+01 2.731473e-02 -8.174179e-02 9.962792e-01 -5.588906e+01
9.057981e-01 -4.200082e-01 -5.588289e-02 6.830881e+02 4.229659e-01 9.041201e-01 6.055325e-02 9.099588e+01 2.509198e-02 -7.848558e-02 9.965994e-01 -5.601603e+01
9.047198e-01 -4.220893e-01 -5.764233e-02 6.844638e+02 4.251819e-01 9.030808e-01 6.054024e-02 9.162639e+01 2.650230e-02 -7.928043e-02 9.965000e-01 -5.611452e+01
9.039294e-01 -4.236881e-01 -5.831042e-02 6.858138e+02 4.268817e-01 9.021491e-01 6.244163e-02 9.224377e+01 2.614892e-02 -8.133447e-02 9.963438e-01 -5.627755e+01
9.034161e-01 -4.246117e-01 -5.953410e-02 6.871602e+02 4.278576e-01 9.017999e-01 6.078331e-02 9.286106e+01 2.787855e-02 -8.038475e-02 9.963740e-01 -5.636325e+01
9.029646e-01 -4.256595e-01 -5.889826e-02 6.885129e+02 4.287522e-01 9.016086e-01 5.721463e-02 9.348598e+01 2.874923e-02 -7.691554e-02 9.966230e-01 -5.647857e+01
9.024856e-01 -4.270286e-01 -5.626927e-02 6.898353e+02 4.299204e-01 9.010466e-01 5.730055e-02 9.409687e+01 2.623227e-02 -7.590423e-02 9.967700e-01 -5.661932e+01
9.021140e-01 -4.280563e-01 -5.438755e-02 6.911533e+02 4.308413e-01 9.005075e-01 5.883957e-02 9.470776e+01 2.378974e-02 -7.651241e-02 9.967848e-01 -5.670956e+01
9.016786e-01 -4.291656e-01 -5.284474e-02 6.924594e+02 4.318733e-01 8.998849e-01 6.076678e-02 9.531105e+01 2.147518e-02 -7.761434e-02 9.967521e-01 -5.684424e+01
9.014260e-01 -4.298199e-01 -5.182712e-02 6.937512e+02 4.324856e-01 8.994603e-01 6.266714e-02 9.591521e+01 1.968086e-02 -7.890428e-02 9.966879e-01 -5.694006e+01
9.007255e-01 -4.311268e-01 -5.313479e-02 6.950435e+02 4.339094e-01 8.987203e-01 6.343774e-02 9.652807e+01 2.040360e-02 -8.019567e-02 9.965703e-01 -5.706889e+01
9.003182e-01 -4.318858e-01 -5.386862e-02 6.963225e+02 4.347091e-01 8.983886e-01 6.265619e-02 9.713633e+01 2.133464e-02 -7.982769e-02 9.965804e-01 -5.718600e+01
8.995863e-01 -4.326707e-01 -5.950294e-02 6.976071e+02 4.359344e-01 8.978350e-01 6.207684e-02 9.774953e+01 2.656499e-02 -8.178286e-02 9.962960e-01 -5.731211e+01
8.993495e-01 -4.330746e-01 -6.014081e-02 6.988671e+02 4.364360e-01 8.974706e-01 6.379737e-02 9.834251e+01 2.634559e-02 -8.362375e-02 9.961491e-01 -5.740870e+01
8.988268e-01 -4.336844e-01 -6.346802e-02 7.001396e+02 4.372597e-01 8.972243e-01 6.158369e-02 9.896410e+01 3.023716e-02 -8.310508e-02 9.960819e-01 -5.754311e+01
8.986440e-01 -4.349934e-01 -5.674290e-02 7.014189e+02 4.379103e-01 8.971864e-01 5.737061e-02 9.955437e+01 2.595312e-02 -7.640406e-02 9.967391e-01 -5.763438e+01
8.986651e-01 -4.357496e-01 -5.023269e-02 7.026776e+02 4.381545e-01 8.971349e-01 5.630086e-02 1.001517e+02 2.053242e-02 -7.260530e-02 9.971494e-01 -5.768426e+01
8.983256e-01 -4.361615e-01 -5.267099e-02 7.039225e+02 4.387304e-01 8.968916e-01 5.568862e-02 1.007317e+02 2.295094e-02 -7.313487e-02 9.970579e-01 -5.787365e+01
8.985240e-01 -4.364347e-01 -4.668237e-02 7.051545e+02 4.386657e-01 8.965518e-01 6.137862e-02 1.013238e+02 1.506540e-02 -7.562812e-02 9.970223e-01 -5.798132e+01
8.988067e-01 -4.352717e-01 -5.181777e-02 7.064052e+02 4.379116e-01 8.968784e-01 6.198854e-02 1.019190e+02 1.949237e-02 -7.840732e-02 9.967308e-01 -5.801538e+01
8.992319e-01 -4.344245e-01 -5.154967e-02 7.076254e+02 4.368826e-01 8.978797e-01 5.427408e-02 1.025022e+02 2.270741e-02 -7.132614e-02 9.971945e-01 -5.819637e+01
8.990837e-01 -4.347098e-01 -5.172912e-02 7.088674e+02 4.370838e-01 8.980179e-01 5.021735e-02 1.030891e+02 2.462370e-02 -6.775956e-02 9.973978e-01 -5.824755e+01
8.997375e-01 -4.341083e-01 -4.497208e-02 7.100641e+02 4.361273e-01 8.981708e-01 5.551765e-02 1.036450e+02 1.629194e-02 -6.956487e-02 9.974444e-01 -5.837259e+01
8.996128e-01 -4.341658e-01 -4.687028e-02 7.112769e+02 4.363840e-01 8.977993e-01 5.937418e-02 1.042162e+02 1.630187e-02 -7.386722e-02 9.971349e-01 -5.846692e+01
9.000672e-01 -4.337787e-01 -4.141507e-02 7.124696e+02 4.356174e-01 8.980731e-01 6.084521e-02 1.047821e+02 1.080041e-02 -7.280590e-02 9.972876e-01 -5.857137e+01
9.001710e-01 -4.333432e-01 -4.365586e-02 7.136671e+02 4.353606e-01 8.981253e-01 6.190215e-02 1.053476e+02 1.238356e-02 -7.472856e-02 9.971270e-01 -5.867523e+01
9.005094e-01 -4.328064e-01 -4.197063e-02 7.148526e+02 4.346698e-01 8.986348e-01 5.930912e-02 1.059047e+02 1.204690e-02 -7.165179e-02 9.973570e-01 -5.878755e+01
9.006412e-01 -4.318431e-01 -4.854907e-02 7.160056e+02 4.341810e-01 8.989016e-01 5.884519e-02 1.064461e+02 1.822894e-02 -7.407749e-02 9.970859e-01 -5.890027e+01
9.009880e-01 -4.310880e-01 -4.882344e-02 7.171776e+02 4.334325e-01 8.993155e-01 5.803227e-02 1.070067e+02 1.889067e-02 -7.344805e-02 9.971201e-01 -5.897239e+01
9.010323e-01 -4.305433e-01 -5.266159e-02 7.183199e+02 4.332093e-01 8.993194e-01 5.961964e-02 1.075406e+02 2.169075e-02 -7.653271e-02 9.968311e-01 -5.911735e+01
9.016172e-01 -4.295048e-01 -5.110959e-02 7.194816e+02 4.319882e-01 9.001085e-01 5.648801e-02 1.080752e+02 2.174231e-02 -7.300930e-02 9.970942e-01 -5.917075e+01
9.017369e-01 -4.291978e-01 -5.157372e-02 7.206039e+02 4.317378e-01 9.001650e-01 5.749169e-02 1.086017e+02 2.174955e-02 -7.410870e-02 9.970130e-01 -5.927521e+01
9.020730e-01 -4.290777e-01 -4.643987e-02 7.217202e+02 4.312684e-01 9.002919e-01 5.900752e-02 1.091218e+02 1.649063e-02 -7.325713e-02 9.971768e-01 -5.936805e+01
9.022340e-01 -4.285296e-01 -4.833437e-02 7.228263e+02 4.309168e-01 9.002473e-01 6.217366e-02 1.096427e+02 1.686963e-02 -7.692328e-02 9.968943e-01 -5.949124e+01
9.027505e-01 -4.276205e-01 -4.671508e-02 7.239315e+02 4.298862e-01 9.007372e-01 6.221237e-02 1.101457e+02 1.547473e-02 -7.624441e-02 9.969690e-01 -5.955688e+01
9.027678e-01 -4.269240e-01 -5.240464e-02 7.250369e+02 4.295627e-01 9.011101e-01 5.896359e-02 1.106571e+02 2.204937e-02 -7.574151e-02 9.968837e-01 -5.967975e+01
9.034747e-01 -4.261356e-01 -4.628029e-02 7.261168e+02 4.283253e-01 9.016765e-01 5.930439e-02 1.111531e+02 1.645814e-02 -7.340303e-02 9.971666e-01 -5.979336e+01
9.036158e-01 -4.254312e-01 -4.986884e-02 7.271909e+02 4.278406e-01 9.020590e-01 5.694042e-02 1.116597e+02 2.076040e-02 -7.278818e-02 9.971313e-01 -5.982948e+01
9.036304e-01 -4.251924e-01 -5.160832e-02 7.282495e+02 4.277292e-01 9.021131e-01 5.691765e-02 1.121496e+02 2.235559e-02 -7.350690e-02 9.970441e-01 -5.996817e+01
9.040255e-01 -4.249063e-01 -4.682405e-02 7.293024e+02 4.270631e-01 9.025403e-01 5.511791e-02 1.126317e+02 1.884064e-02 -6.982481e-02 9.973813e-01 -6.007474e+01
9.048020e-01 -4.232229e-01 -4.707049e-02 7.303398e+02 4.254594e-01 9.030955e-01 5.833492e-02 1.131060e+02 1.782047e-02 -7.280813e-02 9.971867e-01 -6.008802e+01
9.047428e-01 -4.229718e-01 -5.035217e-02 7.313701e+02 4.254365e-01 9.031481e-01 5.768082e-02 1.135792e+02 2.107812e-02 -7.360795e-02 9.970645e-01 -6.021203e+01
9.051871e-01 -4.222515e-01 -4.837254e-02 7.323822e+02 4.245503e-01 9.036363e-01 5.655230e-02 1.140415e+02 1.983190e-02 -7.172699e-02 9.972271e-01 -6.032982e+01
9.056020e-01 -4.214655e-01 -4.745346e-02 7.333943e+02 4.236549e-01 9.041971e-01 5.426016e-02 1.145011e+02 2.003849e-02 -6.924200e-02 9.973986e-01 -6.032545e+01
9.057270e-01 -4.209653e-01 -4.946616e-02 7.343868e+02 4.232902e-01 9.043829e-01 5.400774e-02 1.149546e+02 2.200097e-02 -6.985480e-02 9.973145e-01 -6.047510e+01
9.064448e-01 -4.195718e-01 -4.813738e-02 7.353657e+02 4.218476e-01 9.049350e-01 5.601251e-02 1.153879e+02 2.005992e-02 -7.107889e-02 9.972690e-01 -6.056607e+01
9.067836e-01 -4.189005e-01 -4.760137e-02 7.363301e+02 4.212126e-01 9.049817e-01 5.990126e-02 1.158358e+02 1.798569e-02 -7.436778e-02 9.970687e-01 -6.059778e+01
9.071423e-01 -4.182307e-01 -4.664724e-02 7.372808e+02 4.204522e-01 9.054142e-01 5.869536e-02 1.162607e+02 1.768687e-02 -7.285798e-02 9.971855e-01 -6.073370e+01
9.074260e-01 -4.176527e-01 -4.630638e-02 7.382275e+02 4.198716e-01 9.056034e-01 5.992118e-02 1.166901e+02 1.690896e-02 -7.381677e-02 9.971285e-01 -6.080754e+01
9.079062e-01 -4.167942e-01 -4.459753e-02 7.391542e+02 4.188863e-01 9.060717e-01 5.973375e-02 1.170989e+02 1.551188e-02 -7.291393e-02 9.972176e-01 -6.082351e+01
9.080982e-01 -4.164504e-01 -4.389532e-02 7.400629e+02 4.185030e-01 9.061999e-01 6.047311e-02 1.175108e+02 1.459388e-02 -7.328584e-02 9.972042e-01 -6.100442e+01
9.090728e-01 -4.140073e-01 -4.673896e-02 7.409699e+02 4.162828e-01 9.071925e-01 6.091491e-02 1.179177e+02 1.718201e-02 -7.483272e-02 9.970481e-01 -6.106075e+01
9.091296e-01 -4.128017e-01 -5.548140e-02 7.418715e+02 4.156975e-01 9.075965e-01 5.885899e-02 1.183226e+02 2.605762e-02 -7.657392e-02 9.967234e-01 -6.106732e+01
9.102924e-01 -4.108296e-01 -5.085938e-02 7.427414e+02 4.131887e-01 9.092246e-01 5.084871e-02 1.187064e+02 2.535245e-02 -6.730171e-02 9.974105e-01 -6.120196e+01
9.108901e-01 -4.089443e-01 -5.516978e-02 7.436319e+02 4.115315e-01 9.101003e-01 4.856953e-02 1.190798e+02 3.034780e-02 -6.694561e-02 9.972950e-01 -6.129255e+01
9.119604e-01 -4.075735e-01 -4.703220e-02 7.444957e+02 4.095066e-01 9.112720e-01 4.344695e-02 1.194598e+02 2.515131e-02 -5.888189e-02 9.979481e-01 -6.132194e+01
9.125266e-01 -4.055810e-01 -5.290783e-02 7.453574e+02 4.078756e-01 9.119925e-01 4.367007e-02 1.198276e+02 3.053980e-02 -6.142992e-02 9.976441e-01 -6.136995e+01
9.134517e-01 -4.044814e-01 -4.473067e-02 7.461916e+02 4.062966e-01 9.126781e-01 4.406490e-02 1.201968e+02 2.300127e-02 -5.842508e-02 9.980268e-01 -6.143463e+01
9.140610e-01 -4.029154e-01 -4.638771e-02 7.470270e+02 4.050187e-01 9.128115e-01 5.229693e-02 1.205328e+02 2.127200e-02 -6.659047e-02 9.975536e-01 -6.149401e+01
9.153258e-01 -4.002368e-01 -4.459950e-02 7.478566e+02 4.022483e-01 9.139682e-01 5.346509e-02 1.209084e+02 1.936382e-02 -6.687805e-02 9.975733e-01 -6.159233e+01
9.163066e-01 -3.974732e-01 -4.896165e-02 7.486949e+02 3.998781e-01 9.147582e-01 5.757710e-02 1.212551e+02 2.190271e-02 -7.233697e-02 9.971398e-01 -6.165431e+01
9.176182e-01 -3.943721e-01 -4.947330e-02 7.495245e+02 3.966945e-01 9.164586e-01 5.231950e-02 1.216127e+02 2.470688e-02 -6.763511e-02 9.974042e-01 -6.170903e+01
9.197199e-01 -3.890682e-01 -5.235775e-02 7.503256e+02 3.916324e-01 9.185520e-01 5.372063e-02 1.219436e+02 2.719234e-02 -6.991292e-02 9.971824e-01 -6.177914e+01
9.223747e-01 -3.829054e-01 -5.107300e-02 7.511376e+02 3.854201e-01 9.211041e-01 5.494006e-02 1.222497e+02 2.600671e-02 -7.035987e-02 9.971826e-01 -6.182169e+01
9.250003e-01 -3.758840e-01 -5.554874e-02 7.519348e+02 3.787771e-01 9.237555e-01 5.659826e-02 1.225713e+02 3.003908e-02 -7.339400e-02 9.968506e-01 -6.192873e+01
9.282440e-01 -3.673743e-01 -5.830228e-02 7.527265e+02 3.703974e-01 9.272965e-01 5.410297e-02 1.228757e+02 3.418746e-02 -7.181577e-02 9.968318e-01 -6.196656e+01
9.315281e-01 -3.590548e-01 -5.775005e-02 7.535045e+02 3.619956e-01 9.306930e-01 5.262722e-02 1.231660e+02 3.485151e-02 -6.992900e-02 9.969430e-01 -6.202875e+01
9.354110e-01 -3.485405e-01 -5.937788e-02 7.542687e+02 3.515236e-01 9.348168e-01 5.048093e-02 1.234340e+02 3.791280e-02 -6.809314e-02 9.969584e-01 -6.211758e+01
9.392971e-01 -3.372575e-01 -6.307462e-02 7.550251e+02 3.405854e-01 9.387467e-01 5.250077e-02 1.236925e+02 4.150481e-02 -7.079611e-02 9.966269e-01 -6.215860e+01
9.431971e-01 -3.258314e-01 -6.490833e-02 7.557767e+02 3.293678e-01 9.426478e-01 5.414521e-02 1.239510e+02 4.354349e-02 -7.244832e-02 9.964212e-01 -6.218174e+01
9.478362e-01 -3.130057e-01 -6.028327e-02 7.565229e+02 3.163029e-01 9.469900e-01 5.623404e-02 1.241734e+02 3.948609e-02 -7.236843e-02 9.965960e-01 -6.226872e+01
9.526416e-01 -2.986064e-01 -5.751684e-02 7.572638e+02 3.017533e-01 9.516709e-01 5.716015e-02 1.243819e+02 3.766872e-02 -7.180904e-02 9.967068e-01 -6.232208e+01
9.568219e-01 -2.850588e-01 -5.686186e-02 7.580008e+02 2.882607e-01 9.557017e-01 5.949553e-02 1.245805e+02 3.738326e-02 -7.331767e-02 9.966078e-01 -6.238795e+01
9.612135e-01 -2.707223e-01 -5.270679e-02 7.587072e+02 2.736693e-01 9.599291e-01 6.034128e-02 1.247630e+02 3.425905e-02 -7.242508e-02 9.967853e-01 -6.244391e+01
9.652935e-01 -2.563549e-01 -4.990507e-02 7.594201e+02 2.592148e-01 9.637450e-01 6.327154e-02 1.249419e+02 3.187579e-02 -7.401174e-02 9.967478e-01 -6.250220e+01
9.694273e-01 -2.405428e-01 -4.847639e-02 7.601117e+02 2.434038e-01 9.676872e-01 6.584918e-02 1.250818e+02 3.107044e-02 -7.563532e-02 9.966514e-01 -6.257368e+01
9.737164e-01 -2.233873e-01 -4.443404e-02 7.607989e+02 2.261116e-01 9.715347e-01 7.066814e-02 1.252166e+02 2.738284e-02 -7.885779e-02 9.965097e-01 -6.263574e+01
9.779599e-01 -2.041761e-01 -4.366489e-02 7.614792e+02 2.069443e-01 9.756349e-01 7.287221e-02 1.253297e+02 2.772224e-02 -8.030231e-02 9.963850e-01 -6.269338e+01
9.823574e-01 -1.820667e-01 -4.272841e-02 7.621432e+02 1.847775e-01 9.801635e-01 7.167033e-02 1.254317e+02 2.883205e-02 -7.830112e-02 9.965128e-01 -6.275773e+01
9.860436e-01 -1.606793e-01 -4.358993e-02 7.628129e+02 1.634352e-01 9.841037e-01 6.949174e-02 1.255239e+02 3.173112e-02 -7.564603e-02 9.966297e-01 -6.280953e+01
9.894332e-01 -1.396157e-01 -3.910814e-02 7.634614e+02 1.420150e-01 9.875706e-01 6.734838e-02 1.255991e+02 2.921916e-02 -7.219066e-02 9.969628e-01 -6.287755e+01
9.923213e-01 -1.188189e-01 -3.435889e-02 7.640978e+02 1.209451e-01 9.903001e-01 6.839639e-02 1.256394e+02 2.589883e-02 -7.202673e-02 9.970664e-01 -6.291379e+01
9.947661e-01 -9.716684e-02 -3.160629e-02 7.647172e+02 9.920482e-02 9.925295e-01 7.101896e-02 1.256692e+02 2.446949e-02 -7.378276e-02 9.969741e-01 -6.300187e+01
9.967042e-01 -7.582498e-02 -2.883228e-02 7.653326e+02 7.778391e-02 9.941968e-01 7.431250e-02 1.257194e+02 2.303022e-02 -7.631027e-02 9.968181e-01 -6.306484e+01
9.980241e-01 -5.545548e-02 -2.953985e-02 7.659268e+02 5.762430e-02 9.952483e-01 7.848582e-02 1.257397e+02 2.504702e-02 -8.003295e-02 9.964775e-01 -6.311781e+01
9.990131e-01 -3.479795e-02 -2.760357e-02 7.665268e+02 3.688845e-02 9.961728e-01 7.923876e-02 1.257464e+02 2.474058e-02 -8.017881e-02 9.964734e-01 -6.317169e+01
9.995231e-01 -1.458206e-02 -2.722032e-02 7.671207e+02 1.670125e-02 9.967090e-01 7.932328e-02 1.257313e+02 2.597404e-02 -7.974006e-02 9.964772e-01 -6.321671e+01
9.997057e-01 6.168464e-03 -2.346093e-02 7.676946e+02 -4.221054e-03 9.966096e-01 8.216801e-02 1.257104e+02 2.388824e-02 -8.204480e-02 9.963423e-01 -6.329536e+01
9.994038e-01 2.651822e-02 -2.210746e-02 7.682640e+02 -2.462142e-02 9.963237e-01 8.205363e-02 1.256828e+02 2.420211e-02 -8.146040e-02 9.963827e-01 -6.331573e+01
9.987142e-01 4.778623e-02 -1.692451e-02 7.688351e+02 -4.621911e-02 9.954544e-01 8.327165e-02 1.256319e+02 2.082682e-02 -8.238234e-02 9.963831e-01 -6.340098e+01
9.975040e-01 6.926376e-02 -1.372256e-02 7.693896e+02 -6.788474e-02 9.941911e-01 8.352042e-02 1.255719e+02 1.942779e-02 -8.238041e-02 9.964116e-01 -6.343679e+01
9.957039e-01 9.196715e-02 -1.076158e-02 7.699424e+02 -9.084776e-02 9.927678e-01 7.847825e-02 1.255006e+02 1.790117e-02 -7.716343e-02 9.968578e-01 -6.350643e+01
9.933349e-01 1.149182e-01 -8.922223e-03 7.704957e+02 -1.139979e-01 9.909177e-01 7.131940e-02 1.254162e+02 1.703708e-02 -6.982693e-02 9.974136e-01 -6.355930e+01
9.903149e-01 1.386970e-01 -6.284829e-03 7.710422e+02 -1.379996e-01 9.882873e-01 6.514742e-02 1.253123e+02 1.524697e-02 -6.364916e-02 9.978558e-01 -6.359090e+01
9.865121e-01 1.636399e-01 -3.983368e-03 7.715571e+02 -1.630826e-01 9.846619e-01 6.200649e-02 1.251924e+02 1.406901e-02 -6.052053e-02 9.980678e-01 -6.366242e+01
9.819663e-01 1.890337e-01 2.892250e-03 7.720910e+02 -1.888613e-01 9.801474e-01 6.035245e-02 1.250584e+02 8.573815e-03 -5.981031e-02 9.981729e-01 -6.369063e+01
9.765401e-01 2.152242e-01 6.929033e-03 7.726032e+02 -2.152374e-01 9.746170e-01 6.160025e-02 1.249243e+02 6.504711e-03 -6.164651e-02 9.980769e-01 -6.374100e+01
9.700679e-01 2.426187e-01 1.022072e-02 7.731210e+02 -2.427663e-01 9.679456e-01 6.438727e-02 1.247677e+02 5.728452e-03 -6.494126e-02 9.978727e-01 -6.378982e+01
9.628116e-01 2.699174e-01 1.176812e-02 7.736241e+02 -2.700841e-01 9.604553e-01 6.767850e-02 1.245951e+02 6.964850e-03 -6.834003e-02 9.976377e-01 -6.383936e+01
9.544495e-01 2.980669e-01 1.350362e-02 7.741292e+02 -2.982748e-01 9.520003e-01 6.875679e-02 1.244095e+02 7.638674e-03 -6.965268e-02 9.975421e-01 -6.387810e+01
9.449784e-01 3.267654e-01 1.549770e-02 7.746053e+02 -3.270336e-01 9.424664e-01 6.932772e-02 1.242066e+02 8.047832e-03 -7.058147e-02 9.974735e-01 -6.392276e+01
9.343152e-01 3.558686e-01 2.031312e-02 7.750973e+02 -3.563914e-01 9.316344e-01 7.100893e-02 1.239897e+02 6.345446e-03 -7.358415e-02 9.972688e-01 -6.395966e+01
9.222463e-01 3.857143e-01 2.619391e-02 7.755715e+02 -3.866022e-01 9.200122e-01 6.415683e-02 1.237448e+02 6.474853e-04 -6.929503e-02 9.975960e-01 -6.401738e+01
9.084778e-01 4.169431e-01 2.874982e-02 7.760413e+02 -4.179119e-01 9.069737e-01 5.242448e-02 1.234926e+02 -4.217310e-03 -5.964136e-02 9.982110e-01 -6.405328e+01
8.934332e-01 4.481759e-01 3.025606e-02 7.765204e+02 -4.491206e-01 8.924893e-01 4.187433e-02 1.232309e+02 -8.236142e-03 -5.100053e-02 9.986647e-01 -6.408674e+01
8.773318e-01 4.788431e-01 3.159370e-02 7.769755e+02 -4.797450e-01 8.767601e-01 3.371137e-02 1.229387e+02 -1.155764e-02 -4.473298e-02 9.989321e-01 -6.412251e+01
8.592067e-01 5.104704e-01 3.440539e-02 7.774034e+02 -5.113554e-01 8.590012e-01 2.515115e-02 1.226349e+02 -1.671535e-02 -3.920342e-02 9.990914e-01 -6.412289e+01
8.394814e-01 5.419940e-01 3.890441e-02 7.778193e+02 -5.430298e-01 8.393753e-01 2.382690e-02 1.223211e+02 -1.974137e-02 -4.112849e-02 9.989588e-01 -6.418540e+01
8.179778e-01 5.735323e-01 4.441752e-02 7.782062e+02 -5.750446e-01 8.173068e-01 3.651447e-02 1.220146e+02 -1.536050e-02 -5.541008e-02 9.983455e-01 -6.420113e+01
7.956432e-01 6.039395e-01 4.700064e-02 7.785905e+02 -6.057295e-01 7.940447e-01 5.084042e-02 1.216852e+02 -6.616073e-03 -6.892051e-02 9.976002e-01 -6.422648e+01
7.717032e-01 6.342207e-01 4.731183e-02 7.789490e+02 -6.359827e-01 7.695054e-01 5.820369e-02 1.213340e+02 5.072802e-04 -7.500548e-02 9.971830e-01 -6.427030e+01
7.457237e-01 6.645217e-01 4.803087e-02 7.793087e+02 -6.662292e-01 7.431175e-01 6.256927e-02 1.209707e+02 5.886057e-03 -7.865896e-02 9.968842e-01 -6.428341e+01
7.191166e-01 6.932213e-01 4.812141e-02 7.796463e+02 -6.948087e-01 7.162504e-01 6.501016e-02 1.205921e+02 1.059945e-02 -8.018506e-02 9.967237e-01 -6.432404e+01
6.911907e-01 7.205838e-01 5.490355e-02 7.799935e+02 -7.226384e-01 6.884229e-01 6.218918e-02 1.202002e+02 7.015653e-03 -8.266000e-02 9.965531e-01 -6.432872e+01
6.617460e-01 7.472441e-01 6.097955e-02 7.802924e+02 -7.497281e-01 6.595271e-01 5.414677e-02 1.197914e+02 2.432000e-04 -8.154949e-02 9.966693e-01 -6.438779e+01
6.303678e-01 7.737455e-01 6.288330e-02 7.805801e+02 -7.762966e-01 6.282817e-01 5.124070e-02 1.193726e+02 1.388304e-04 -8.111658e-02 9.967046e-01 -6.444801e+01
5.980415e-01 7.994172e-01 5.725790e-02 7.808737e+02 -8.014502e-01 5.960664e-01 4.880861e-02 1.189508e+02 4.888933e-03 -7.507893e-02 9.971656e-01 -6.446387e+01
5.647376e-01 8.232007e-01 5.841255e-02 7.811275e+02 -8.252546e-01 5.628693e-01 4.618506e-02 1.185163e+02 5.140942e-03 -7.428766e-02 9.972236e-01 -6.449100e+01
5.312382e-01 8.448654e-01 6.315324e-02 7.813730e+02 -8.472198e-01 5.295702e-01 4.211901e-02 1.180613e+02 2.140820e-03 -7.587991e-02 9.971147e-01 -6.449422e+01
4.961972e-01 8.652121e-01 7.208636e-02 7.815909e+02 -8.681966e-01 4.949354e-01 3.568872e-02 1.175979e+02 -4.799780e-03 -8.029378e-02 9.967597e-01 -6.452914e+01
4.603339e-01 8.843158e-01 7.796191e-02 7.817842e+02 -8.877138e-01 4.592845e-01 3.196365e-02 1.171228e+02 -7.540744e-03 -8.392181e-02 9.964438e-01 -6.456540e+01
4.239663e-01 9.022710e-01 7.848345e-02 7.819872e+02 -9.056569e-01 4.229525e-01 2.994406e-02 1.166450e+02 -6.177112e-03 -8.377435e-02 9.964656e-01 -6.456952e+01
3.887510e-01 9.177621e-01 8.114935e-02 7.821616e+02 -9.213342e-01 3.876169e-01 2.993855e-02 1.161548e+02 -3.978390e-03 -8.640432e-02 9.962522e-01 -6.460677e+01
3.549981e-01 9.310393e-01 8.451120e-02 7.823203e+02 -9.348459e-01 3.541446e-01 2.539253e-02 1.156428e+02 -6.287746e-03 -8.801924e-02 9.960989e-01 -6.461432e+01
3.231263e-01 9.420813e-01 8.984584e-02 7.824506e+02 -9.463106e-01 3.225800e-01 2.094045e-02 1.151400e+02 -9.254847e-03 -9.178847e-02 9.957355e-01 -6.463589e+01
2.938839e-01 9.512061e-01 9.401716e-02 7.825920e+02 -9.557896e-01 2.934647e-01 1.856912e-02 1.146316e+02 -9.927649e-03 -9.531779e-02 9.953974e-01 -6.464385e+01
2.665844e-01 9.587795e-01 9.835966e-02 7.827258e+02 -9.637799e-01 2.660116e-01 1.913478e-02 1.141176e+02 -7.818785e-03 -9.989810e-02 9.949669e-01 -6.465915e+01
2.392237e-01 9.659833e-01 9.822546e-02 7.828280e+02 -9.709367e-01 2.387556e-01 1.666883e-02 1.135870e+02 -7.350057e-03 -9.935828e-02 9.950246e-01 -6.469604e+01
2.127386e-01 9.721775e-01 9.804793e-02 7.829329e+02 -9.770612e-01 2.126497e-01 1.147965e-02 1.130374e+02 -9.689596e-03 -9.824098e-02 9.951155e-01 -6.470432e+01
1.075069e-01 9.887034e-01 1.044402e-01 7.826994e+02 -9.942001e-01 1.072189e-01 8.384619e-03 1.125537e+02 -2.908055e-03 -1.047358e-01 9.944958e-01 -6.463493e+01