1.000000e+00 0.000000e+00 0.000000e+00 0.000000e+00 0.000000e+00 1.000000e+00 0.000000e+00 0.000000e+00 0.000000e+00 0.000000e+00 1.000000e+00 0.000000e+00
9.999929e-01 -1.497054e-05 -3.760349e-03 1.566280e+00 1.173473e-05 9.999996e-01 -8.605276e-04 1.119877e-02 3.760361e-03 8.604774e-04 9.999925e-01 -2.218469e-02
9.999954e-01 5.476884e-04 -2.979267e-03 2.898412e+00 -5.490110e-04 9.999996e-01 -4.431399e-04 -6.557199e-03 2.979023e-03 4.447735e-04 9.999955e-01 -4.887340e-02
9.999909e-01 -3.957760e-04 -4.243998e-03 4.236880e+00 4.026883e-04 9.999986e-01 1.627986e-03 -4.479242e-03 4.243348e-03 -1.629680e-03 9.999897e-01 -5.348196e-02
9.999868e-01 3.803638e-04 -5.129695e-03 5.569129e+00 -3.519454e-04 9.999845e-01 5.539754e-03 -2.633546e-02 5.131724e-03 -5.537876e-03 9.999715e-01 -9.363136e-02
9.999730e-01 4.612571e-04 -7.330556e-03 6.891195e+00 -4.080349e-04 9.999734e-01 7.260165e-03 -4.277446e-02 7.333711e-03 -7.256978e-03 9.999468e-01 -1.096385e-01
9.999779e-01 7.941966e-04 -6.597972e-03 8.195607e+00 -7.639520e-04 9.999892e-01 4.585169e-03 -4.976588e-02 6.601543e-03 -4.580027e-03 9.999677e-01 -1.242568e-01
9.999630e-01 1.223537e-03 -8.511739e-03 9.496949e+00 -1.191532e-03 9.999921e-01 3.764152e-03 -6.439630e-02 8.516278e-03 -3.753870e-03 9.999567e-01 -1.668321e-01
9.999566e-01 2.180214e-03 -9.055422e-03 1.079066e+01 -2.164330e-03 9.999962e-01 1.763481e-03 -7.878747e-02 9.059231e-03 -1.743806e-03 9.999574e-01 -1.793178e-01
9.999786e-01 3.900586e-03 -5.250787e-03 1.208925e+01 -3.884769e-03 9.999878e-01 3.019224e-03 -1.011370e-01 5.262500e-03 -2.998761e-03 9.999816e-01 -1.939645e-01
9.999624e-01 5.912099e-03 -6.348039e-03 1.339437e+01 -5.882869e-03 9.999721e-01 4.613275e-03 -1.308816e-01 6.375136e-03 -4.575756e-03 9.999692e-01 -2.175653e-01
9.999570e-01 7.381518e-03 -5.615229e-03 1.472032e+01 -7.362749e-03 9.999672e-01 3.355859e-03 -1.551905e-01 5.639817e-03 -3.314371e-03 9.999786e-01 -2.413244e-01
9.999506e-01 8.531000e-03 -5.093693e-03 1.603049e+01 -8.525552e-03 9.999632e-01 1.090449e-03 -1.749947e-01 5.102808e-03 -1.046968e-03 9.999864e-01 -2.713099e-01
9.999219e-01 1.051864e-02 -6.746734e-03 1.732315e+01 -1.048182e-02 9.999303e-01 5.469975e-03 -2.035380e-01 6.803799e-03 -5.398829e-03 9.999623e-01 -3.014005e-01
9.998928e-01 1.202595e-02 -8.349543e-03 1.864360e+01 -1.194593e-02 9.998827e-01 9.567844e-03 -2.355058e-01 8.463629e-03 -9.467075e-03 9.999194e-01 -3.355690e-01
9.998549e-01 1.407213e-02 -9.600811e-03 1.996425e+01 -1.399174e-02 9.998668e-01 8.388853e-03 -2.648130e-01 9.717582e-03 -8.253302e-03 9.999187e-01 -3.449888e-01
9.998586e-01 1.547932e-02 -6.572315e-03 2.128469e+01 -1.544007e-02 9.998629e-01 5.981799e-03 -2.995339e-01 6.664009e-03 -5.879476e-03 9.999605e-01 -3.881492e-01
9.998278e-01 1.760908e-02 -5.854119e-03 2.259855e+01 -1.759286e-02 9.998413e-01 2.810480e-03 -3.429918e-01 5.902680e-03 -2.707005e-03 9.999789e-01 -4.116884e-01
9.998033e-01 1.932669e-02 -4.455119e-03 2.391199e+01 -1.932153e-02 9.998126e-01 1.198866e-03 -3.842701e-01 4.477454e-03 -1.112550e-03 9.999893e-01 -4.326439e-01
9.997775e-01 2.085058e-02 -3.189178e-03 2.521775e+01 -2.084388e-02 9.997805e-01 2.119290e-03 -4.196469e-01 3.232666e-03 -2.052344e-03 9.999927e-01 -4.644828e-01
9.997262e-01 2.336261e-02 -1.319928e-03 2.653944e+01 -2.335736e-02 9.997196e-01 3.864384e-03 -4.733600e-01 1.409840e-03 -3.832496e-03 9.999917e-01 -4.797499e-01
9.996897e-01 2.485763e-02 -1.595899e-03 2.784916e+01 -2.485052e-02 9.996818e-01 4.330785e-03 -5.192851e-01 1.703044e-03 -4.289782e-03 9.999893e-01 -5.093031e-01
9.996451e-01 2.660917e-02 1.274972e-03 2.915578e+01 -2.661520e-02 9.996333e-01 4.968047e-03 -5.656059e-01 -1.142309e-03 -5.000218e-03 9.999868e-01 -5.363613e-01
9.996001e-01 2.826978e-02 -6.775285e-04 3.045696e+01 -2.826539e-02 9.995835e-01 5.794244e-03 -6.119906e-01 8.410485e-04 -5.772776e-03 9.999830e-01 -5.652494e-01
9.995387e-01 3.031700e-02 -1.793077e-03 3.175737e+01 -3.030506e-02 9.995204e-01 6.348483e-03 -6.709967e-01 1.984684e-03 -6.291215e-03 9.999782e-01 -5.994572e-01
9.994923e-01 3.184659e-02 -8.965560e-04 3.306805e+01 -3.184113e-02 9.994774e-01 5.557105e-03 -7.181754e-01 1.073062e-03 -5.525738e-03 9.999841e-01 -6.175483e-01
9.994492e-01 3.318166e-02 -5.860844e-04 3.438123e+01 -3.317800e-02 9.994347e-01 5.428922e-03 -7.766011e-01 7.658937e-04 -5.406487e-03 9.999851e-01 -6.475250e-01
9.993774e-01 3.528061e-02 -1.219583e-04 3.567954e+01 -3.527941e-02 9.993625e-01 5.479716e-03 -8.477399e-01 3.152083e-04 -5.472002e-03 9.999850e-01 -6.773978e-01
9.993331e-01 3.649161e-02 1.309924e-03 3.698488e+01 -3.649758e-02 9.993217e-01 4.870799e-03 -9.054193e-01 -1.131292e-03 -4.915360e-03 9.999873e-01 -7.033029e-01
9.992725e-01 3.806536e-02 2.358738e-03 3.829495e+01 -3.807541e-02 9.992653e-01 4.370083e-03 -9.657954e-01 -2.190656e-03 -4.456714e-03 9.999877e-01 -7.286210e-01
9.991980e-01 4.001310e-02 1.526775e-03 3.959305e+01 -4.002174e-02 9.991800e-01 6.121325e-03 -1.037006e+00 -1.280590e-03 -6.177520e-03 9.999801e-01 -7.589634e-01
9.991204e-01 4.192405e-02 9.410681e-04 4.088696e+01 -4.192946e-02 9.990978e-01 6.744783e-03 -1.101823e+00 -6.574505e-04 -6.778309e-03 9.999768e-01 -7.920985e-01
9.990406e-01 4.377414e-02 -1.286535e-03 4.219328e+01 -4.376472e-02 9.990201e-01 6.613711e-03 -1.167415e+00 1.574783e-03 -6.551061e-03 9.999773e-01 -8.166155e-01
9.989752e-01 4.524562e-02 -1.211953e-03 4.348806e+01 -4.523829e-02 9.989610e-01 5.514496e-03 -1.235826e+00 1.460201e-03 -5.454017e-03 9.999841e-01 -8.541906e-01
9.989054e-01 4.673169e-02 -2.031903e-03 4.479962e+01 -4.672084e-02 9.988949e-01 5.097328e-03 -1.314451e+00 2.267865e-03 -4.996816e-03 9.999849e-01 -8.702363e-01
9.988194e-01 4.851719e-02 -2.448520e-03 4.611022e+01 -4.850777e-02 9.988155e-01 3.770941e-03 -1.397696e+00 2.628576e-03 -3.647717e-03 9.999899e-01 -9.016514e-01
9.987345e-01 5.023611e-02 -2.384295e-03 4.740335e+01 -5.022548e-02 9.987285e-01 4.325906e-03 -1.467238e+00 2.598580e-03 -4.200679e-03 9.999878e-01 -9.281815e-01
9.986540e-01 5.183288e-02 -1.892343e-03 4.870384e+01 -5.182458e-02 9.986473e-01 4.198435e-03 -1.554721e+00 2.107401e-03 -4.094713e-03 9.999894e-01 -9.428777e-01
9.985756e-01 5.330946e-02 -2.204281e-03 5.001769e+01 -5.329505e-02 9.985600e-01 6.146347e-03 -1.637630e+00 2.528765e-03 -6.020114e-03 9.999787e-01 -9.765018e-01
9.985039e-01 5.467116e-02 -9.600929e-04 5.135383e+01 -5.466471e-02 9.984878e-01 5.789705e-03 -1.728364e+00 1.275171e-03 -5.728560e-03 9.999828e-01 -9.964630e-01
9.983974e-01 5.659139e-02 9.467037e-05 5.266217e+01 -5.659073e-02 9.983746e-01 6.761276e-03 -1.810821e+00 2.881135e-04 -6.755798e-03 9.999771e-01 -1.026401e+00
9.983152e-01 5.801750e-02 9.086999e-04 5.398036e+01 -5.802270e-02 9.982868e-01 7.528519e-03 -1.912078e+00 -4.703573e-04 -7.568561e-03 9.999713e-01 -1.049316e+00
9.982485e-01 5.906992e-02 3.279022e-03 5.530478e+01 -5.909332e-02 9.982238e-01 7.569127e-03 -2.007329e+00 -2.826090e-03 -7.749638e-03 9.999660e-01 -1.087130e+00
9.981458e-01 6.066938e-02 4.915644e-03 5.663972e+01 -6.069722e-02 9.981399e-01 5.727806e-03 -2.105982e+00 -4.558998e-03 -6.015551e-03 9.999715e-01 -1.100922e+00
9.980715e-01 6.164586e-02 7.288921e-03 5.795068e+01 -6.170063e-02 9.980663e-01 7.545072e-03 -2.200308e+00 -6.809704e-03 -7.980253e-03 9.999450e-01 -1.141627e+00
9.979835e-01 6.296939e-02 7.989964e-03 5.928676e+01 -6.305185e-02 9.979547e-01 1.052637e-02 -2.305104e+00 -7.310784e-03 -1.100892e-02 9.999127e-01 -1.163222e+00
9.978751e-01 6.460019e-02 8.491626e-03 6.063317e+01 -6.470270e-02 9.978274e-01 1.240915e-02 -2.412615e+00 -7.671544e-03 -1.293221e-02 9.998869e-01 -1.190862e+00
9.977716e-01 6.555666e-02 1.241805e-02 6.196824e+01 -6.566758e-02 9.978032e-01 8.745916e-03 -2.517406e+00 -1.181742e-02 -9.541890e-03 9.998847e-01 -1.222017e+00
9.976006e-01 6.710920e-02 1.700955e-02 6.329443e+01 -6.725681e-02 9.977015e-01 8.259133e-03 -2.624866e+00 -1.641619e-02 -9.383323e-03 9.998212e-01 -1.247525e+00
9.974875e-01 6.823473e-02 1.904650e-02 6.464693e+01 -6.844415e-02 9.975989e-01 1.056795e-02 -2.735760e+00 -1.827967e-02 -1.184502e-02 9.997628e-01 -1.293358e+00
9.973391e-01 6.989421e-02 2.072340e-02 6.599514e+01 -7.018304e-02 9.974420e-01 1.355313e-02 -2.853929e+00 -1.972310e-02 -1.497149e-02 9.996934e-01 -1.325261e+00
9.972329e-01 7.162668e-02 1.990316e-02 6.734560e+01 -7.187618e-02 9.973401e-01 1.211574e-02 -2.974426e+00 -1.898241e-02 -1.351278e-02 9.997285e-01 -1.365056e+00
9.971049e-01 7.326050e-02 2.036482e-02 6.870826e+01 -7.347624e-02 9.972463e-01 1.005457e-02 -3.090783e+00 -1.957214e-02 -1.152179e-02 9.997420e-01 -1.409546e+00
9.969754e-01 7.487920e-02 2.081547e-02 7.005962e+01 -7.506019e-02 9.971465e-01 8.052892e-03 -3.205329e+00 -2.015308e-02 -9.590949e-03 9.997509e-01 -1.442764e+00
9.969268e-01 7.575350e-02 1.995576e-02 7.141017e+01 -7.594635e-02 9.970704e-01 9.089042e-03 -3.317068e+00 -1.920877e-02 -1.057668e-02 9.997596e-01 -1.476730e+00
9.968019e-01 7.738510e-02 1.994041e-02 7.275468e+01 -7.757595e-02 9.969460e-01 8.981303e-03 -3.439619e+00 -1.918449e-02 -1.049948e-02 9.997608e-01 -1.503670e+00
9.966199e-01 7.972837e-02 1.980287e-02 7.408734e+01 -7.993909e-02 9.967487e-01 1.008625e-02 -3.557873e+00 -1.893433e-02 -1.163518e-02 9.997530e-01 -1.536303e+00
9.964684e-01 8.156559e-02 1.994294e-02 7.541821e+01 -8.180338e-02 9.965833e-01 1.141276e-02 -3.682844e+00 -1.894391e-02 -1.300386e-02 9.997360e-01 -1.577352e+00
9.963433e-01 8.392701e-02 1.600927e-02 7.675871e+01 -8.414780e-02 9.963597e-01 1.365475e-02 -3.822406e+00 -1.480499e-02 -1.495196e-02 9.997786e-01 -1.625394e+00
9.961286e-01 8.592000e-02 1.858729e-02 7.809879e+01 -8.613277e-02 9.962232e-01 1.096508e-02 -3.951613e+00 -1.757498e-02 -1.252361e-02 9.997671e-01 -1.646131e+00
9.960194e-01 8.757015e-02 1.663670e-02 7.941912e+01 -8.772635e-02 9.961050e-01 8.901652e-03 -4.082171e+00 -1.579238e-02 -1.032569e-02 9.998220e-01 -1.694647e+00
9.958381e-01 8.957101e-02 1.683641e-02 8.076905e+01 -8.969758e-02 9.959449e-01 6.917440e-03 -4.218610e+00 -1.614854e-02 -8.398836e-03 9.998343e-01 -1.717466e+00
9.957321e-01 9.099313e-02 1.542222e-02 8.210041e+01 -9.113844e-02 9.957975e-01 8.995799e-03 -4.344563e+00 -1.453885e-02 -1.036296e-02 9.998406e-01 -1.757407e+00
9.955486e-01 9.304525e-02 1.501731e-02 8.342005e+01 -9.317407e-02 9.956167e-01 8.117448e-03 -4.490826e+00 -1.419619e-02 -9.480537e-03 9.998543e-01 -1.778329e+00
9.954195e-01 9.433011e-02 1.555078e-02 8.476441e+01 -9.447140e-02 9.954903e-01 8.614438e-03 -4.619947e+00 -1.466805e-02 -1.004408e-02 9.998420e-01 -1.817587e+00
9.951838e-01 9.688839e-02 1.489458e-02 8.608949e+01 -9.702926e-02 9.952403e-01 9.043986e-03 -4.771578e+00 -1.394743e-02 -1.044564e-02 9.998482e-01 -1.845858e+00
9.950050e-01 9.862027e-02 1.546417e-02 8.741928e+01 -9.878475e-02 9.950560e-01 1.025782e-02 -4.925654e+00 -1.437608e-02 -1.173420e-02 9.998278e-01 -1.877740e+00
9.948062e-01 1.006580e-01 1.511544e-02 8.875541e+01 -1.008190e-01 9.948516e-01 1.029333e-02 -5.069445e+00 -1.400152e-02 -1.176380e-02 9.998327e-01 -1.915238e+00
9.946012e-01 1.025429e-01 1.591686e-02 9.008733e+01 -1.027053e-01 9.946641e-01 9.742299e-03 -5.224259e+00 -1.483293e-02 -1.132445e-02 9.998258e-01 -1.943247e+00
9.943838e-01 1.046189e-01 1.599556e-02 9.141718e+01 -1.047914e-01 9.944402e-01 1.035921e-02 -5.384244e+00 -1.482286e-02 -1.197723e-02 9.998184e-01 -1.976844e+00
9.942036e-01 1.062386e-01 1.650859e-02 9.275936e+01 -1.064250e-01 9.942614e-01 1.085071e-02 -5.536780e+00 -1.526110e-02 -1.254474e-02 9.998049e-01 -2.016237e+00
9.940503e-01 1.076670e-01 1.648823e-02 9.410110e+01 -1.078662e-01 9.940964e-01 1.170951e-02 -5.707917e+00 -1.513017e-02 -1.341836e-02 9.997955e-01 -2.054020e+00
9.937239e-01 1.105740e-01 1.691765e-02 9.543626e+01 -1.107577e-01 9.937936e-01 1.033436e-02 -5.866561e+00 -1.566994e-02 -1.214326e-02 9.998035e-01 -2.085640e+00
9.935153e-01 1.124999e-01 1.646526e-02 9.677241e+01 -1.126801e-01 9.935764e-01 1.045551e-02 -6.028086e+00 -1.518325e-02 -1.224302e-02 9.998097e-01 -2.119520e+00
9.932007e-01 1.152437e-01 1.647151e-02 9.811235e+01 -1.154298e-01 9.932568e-01 1.082812e-02 -6.197922e+00 -1.511256e-02 -1.265579e-02 9.998057e-01 -2.158477e+00
9.929277e-01 1.175896e-01 1.635136e-02 9.946123e+01 -1.177742e-01 9.929814e-01 1.081914e-02 -6.367697e+00 -1.496438e-02 -1.266839e-02 9.998078e-01 -2.184121e+00
9.926100e-01 1.203093e-01 1.584060e-02 1.008057e+02 -1.204798e-01 9.926624e-01 1.028179e-02 -6.548129e+00 -1.448737e-02 -1.211428e-02 9.998217e-01 -2.218817e+00
9.922608e-01 1.231585e-01 1.582570e-02 1.021475e+02 -1.233382e-01 9.923044e-01 1.092799e-02 -6.730302e+00 -1.435804e-02 -1.279533e-02 9.998150e-01 -2.243053e+00
9.920285e-01 1.252749e-01 1.362123e-02 1.034915e+02 -1.254390e-01 9.920294e-01 1.194714e-02 -6.913003e+00 -1.201599e-02 -1.356054e-02 9.998358e-01 -2.287317e+00
9.917822e-01 1.272393e-01 1.334913e-02 1.048447e+02 -1.274069e-01 9.917711e-01 1.255915e-02 -7.105814e+00 -1.164127e-02 -1.415671e-02 9.998320e-01 -2.319856e+00
9.914076e-01 1.301588e-01 1.302630e-02 1.062012e+02 -1.303252e-01 9.913877e-01 1.286128e-02 -7.297035e+00 -1.124011e-02 -1.444843e-02 9.998325e-01 -2.354491e+00
9.909876e-01 1.332292e-01 1.391432e-02 1.075443e+02 -1.334098e-01 9.909761e-01 1.297360e-02 -7.498619e+00 -1.206029e-02 -1.471299e-02 9.998190e-01 -2.391804e+00
9.905443e-01 1.363660e-01 1.504477e-02 1.088953e+02 -1.365778e-01 9.905293e-01 1.408752e-02 -7.697692e+00 -1.298122e-02 -1.600910e-02 9.997876e-01 -2.438605e+00
9.901543e-01 1.391677e-01 1.505939e-02 1.102402e+02 -1.394130e-01 9.900936e-01 1.669010e-02 -7.913149e+00 -1.258749e-02 -1.862525e-02 9.997473e-01 -2.467700e+00
9.896739e-01 1.424979e-01 1.548716e-02 1.116008e+02 -1.427665e-01 9.895947e-01 1.789274e-02 -8.125443e+00 -1.277634e-02 -1.991902e-02 9.997200e-01 -2.516505e+00
9.892561e-01 1.454393e-01 1.482640e-02 1.129703e+02 -1.456926e-01 9.891709e-01 1.773522e-02 -8.334488e+00 -1.208645e-02 -1.970477e-02 9.997328e-01 -2.562964e+00
9.888964e-01 1.478064e-01 1.539798e-02 1.143331e+02 -1.480570e-01 9.888386e-01 1.664565e-02 -8.543795e+00 -1.276578e-02 -1.874060e-02 9.997429e-01 -2.601158e+00
9.885174e-01 1.504804e-01 1.374757e-02 1.156741e+02 -1.506980e-01 9.884427e-01 1.646252e-02 -8.767567e+00 -1.111140e-02 -1.834522e-02 9.997700e-01 -2.647673e+00
9.881947e-01 1.525350e-01 1.429138e-02 1.170374e+02 -1.527572e-01 9.881338e-01 1.601486e-02 -8.991385e+00 -1.167898e-02 -1.800891e-02 9.997696e-01 -2.689593e+00
9.878071e-01 1.550895e-01 1.358119e-02 1.184153e+02 -1.552832e-01 9.877621e-01 1.459964e-02 -9.228724e+00 -1.115074e-02 -1.653056e-02 9.998012e-01 -2.728383e+00
9.874707e-01 1.570884e-01 1.499766e-02 1.197764e+02 -1.572767e-01 9.874778e-01 1.232941e-02 -9.460888e+00 -1.287305e-02 -1.453371e-02 9.998115e-01 -2.747591e+00
9.870554e-01 1.594502e-01 1.724027e-02 1.211407e+02 -1.596771e-01 9.870877e-01 1.269565e-02 -9.702018e+00 -1.499333e-02 -1.528418e-02 9.997708e-01 -2.809144e+00
9.869074e-01 1.598478e-01 2.150585e-02 1.225031e+02 -1.601854e-01 9.869729e-01 1.500324e-02 -9.937040e+00 -1.882745e-02 -1.825173e-02 9.996561e-01 -2.841969e+00
9.872002e-01 1.579286e-01 2.223213e-02 1.238722e+02 -1.583308e-01 9.872280e-01 1.766373e-02 -1.017140e+01 -1.915858e-02 -2.095767e-02 9.995968e-01 -2.895446e+00
9.870970e-01 1.588727e-01 1.997259e-02 1.252533e+02 -1.592145e-01 9.870999e-01 1.687155e-02 -1.041332e+01 -1.703452e-02 -1.983378e-02 9.996582e-01 -2.928591e+00
9.869763e-01 1.594768e-01 2.109442e-02 1.266351e+02 -1.597691e-01 9.870690e-01 1.297335e-02 -1.064615e+01 -1.875270e-02 -1.617462e-02 9.996933e-01 -2.990341e+00
9.870706e-01 1.598768e-01 1.145309e-02 1.279949e+02 -1.600561e-01 9.869621e-01 1.696685e-02 -1.086428e+01 -8.591164e-03 -1.858061e-02 9.997904e-01 -3.056597e+00
9.869785e-01 1.605827e-01 9.312434e-03 1.293528e+02 -1.607784e-01 9.866261e-01 2.681546e-02 -1.109954e+01 -4.881792e-03 -2.796352e-02 9.995970e-01 -3.132531e+00
9.866860e-01 1.625896e-01 3.913317e-03 1.307475e+02 -1.626365e-01 9.863622e-01 2.527454e-02 -1.134911e+01 2.494291e-04 -2.557448e-02 9.996729e-01 -3.116740e+00
9.863065e-01 1.649179e-01 1.249666e-03 1.321523e+02 -1.649184e-01 9.861987e-01 1.463213e-02 -1.158742e+01 1.180681e-03 -1.463785e-02 9.998922e-01 -3.117576e+00
9.860945e-01 1.661792e-01 1.493189e-03 1.335214e+02 -1.661858e-01 9.860438e-01 1.000278e-02 -1.183806e+01 1.899031e-04 -1.011183e-02 9.999489e-01 -3.220582e+00
9.857850e-01 1.677991e-01 8.449662e-03 1.348951e+02 -1.678946e-01 9.857290e-01 1.224586e-02 -1.208325e+01 -6.274231e-03 -1.349044e-02 9.998893e-01 -3.264423e+00
9.854230e-01 1.700938e-01 3.102073e-03 1.362731e+02 -1.701219e-01 9.852853e-01 1.647683e-02 -1.234267e+01 -2.538210e-04 -1.676437e-02 9.998595e-01 -3.244235e+00
9.849439e-01 1.726731e-01 8.340754e-03 1.376427e+02 -1.728036e-01 9.847748e-01 1.891007e-02 -1.260224e+01 -4.948505e-03 -2.006666e-02 9.997864e-01 -3.376642e+00
9.845456e-01 1.750834e-01 3.952663e-03 1.390312e+02 -1.751213e-01 9.844548e-01 1.346920e-02 -1.287337e+01 -1.532985e-03 -1.395324e-02 9.999015e-01 -3.311179e+00
9.842126e-01 1.769608e-01 3.234467e-03 1.404022e+02 -1.769883e-01 9.841248e-01 1.317402e-02 -1.311637e+01 -8.518334e-04 -1.353850e-02 9.999080e-01 -3.444215e+00
9.838352e-01 1.789838e-01 5.746254e-03 1.417539e+02 -1.790416e-01 9.837691e-01 1.195365e-02 -1.339022e+01 -3.513476e-03 -1.278924e-02 9.999120e-01 -3.472072e+00
9.834604e-01 1.811180e-01 1.382612e-03 1.431120e+02 -1.811201e-01 9.833699e-01 1.337243e-02 -1.364785e+01 1.062369e-03 -1.340168e-02 9.999096e-01 -3.482759e+00
9.828923e-01 1.841633e-01 2.555826e-03 1.444733e+02 -1.841803e-01 9.828331e-01 1.079373e-02 -1.392033e+01 -5.241417e-04 -1.107980e-02 9.999385e-01 -3.558598e+00
9.825820e-01 1.857739e-01 4.556282e-03 1.458114e+02 -1.858156e-01 9.825144e-01 1.174341e-02 -1.418713e+01 -2.294992e-03 -1.238550e-02 9.999207e-01 -3.555045e+00
9.822345e-01 1.876391e-01 2.613635e-03 1.471474e+02 -1.876571e-01 9.821577e-01 1.228400e-02 -1.445320e+01 -2.620438e-04 -1.255623e-02 9.999211e-01 -3.620658e+00
9.817629e-01 1.899989e-01 6.484642e-03 1.484795e+02 -1.900660e-01 9.816967e-01 1.209069e-02 -1.473814e+01 -4.068734e-03 -1.310270e-02 9.999059e-01 -3.650852e+00
9.813976e-01 1.919461e-01 3.930691e-03 1.497910e+02 -1.919807e-01 9.813193e-01 1.248929e-02 -1.500427e+01 -1.459993e-03 -1.301157e-02 9.999143e-01 -3.700755e+00
9.808800e-01 1.945757e-01 3.826262e-03 1.510912e+02 -1.946082e-01 9.808069e-01 1.205354e-02 -1.527594e+01 -1.407498e-03 -1.256770e-02 9.999200e-01 -3.746604e+00
9.802842e-01 1.975928e-01 2.088057e-04 1.523851e+02 -1.975766e-01 9.801896e-01 1.385278e-02 -1.553681e+01 2.532539e-03 -1.362091e-02 9.999040e-01 -3.790699e+00
9.794885e-01 2.014893e-01 -2.087297e-03 1.536632e+02 -2.014458e-01 9.794126e-01 1.307549e-02 -1.581170e+01 4.678898e-03 -1.238682e-02 9.999123e-01 -3.837298e+00
9.787906e-01 2.048255e-01 -3.914885e-03 1.549342e+02 -2.047583e-01 9.787228e-01 1.325843e-02 -1.608290e+01 6.547252e-03 -1.217562e-02 9.999045e-01 -3.877806e+00
9.777694e-01 2.095688e-01 -6.925651e-03 1.561842e+02 -2.094774e-01 9.777397e-01 1.201398e-02 -1.636460e+01 9.289240e-03 -1.029614e-02 9.999039e-01 -3.908611e+00
9.766741e-01 2.146139e-01 -6.969711e-03 1.574200e+02 -2.145116e-01 9.766338e-01 1.309411e-02 -1.664919e+01 9.617032e-03 -1.129359e-02 9.998900e-01 -3.952259e+00
9.755009e-01 2.198512e-01 -7.957501e-03 1.586541e+02 -2.197171e-01 9.754484e-01 1.498912e-02 -1.693700e+01 1.105751e-02 -1.287350e-02 9.998560e-01 -3.983045e+00
9.743072e-01 2.251214e-01 -6.768286e-03 1.598604e+02 -2.249965e-01 9.742352e-01 1.557652e-02 -1.722272e+01 1.010051e-02 -1.365348e-02 9.998558e-01 -4.034515e+00
9.730304e-01 2.305341e-01 -8.115767e-03 1.610574e+02 -2.303830e-01 9.729644e-01 1.624200e-02 -1.752454e+01 1.164069e-02 -1.393423e-02 9.998351e-01 -4.068135e+00
9.718467e-01 2.355079e-01 -7.071049e-03 1.622398e+02 -2.353764e-01 9.717768e-01 1.574302e-02 -1.781950e+01 1.057909e-02 -1.363544e-02 9.998510e-01 -4.114165e+00
9.706127e-01 2.405371e-01 -7.275218e-03 1.634094e+02 -2.404171e-01 9.705633e-01 1.437267e-02 -1.812512e+01 1.051822e-02 -1.220121e-02 9.998702e-01 -4.155907e+00
9.692550e-01 2.459886e-01 -5.868278e-03 1.645720e+02 -2.458881e-01 9.691955e-01 1.411023e-02 -1.843735e+01 9.158463e-03 -1.223347e-02 9.998832e-01 -4.199018e+00
9.679589e-01 2.510692e-01 -4.453893e-03 1.656974e+02 -2.509860e-01 9.678881e-01 1.408701e-02 -1.875490e+01 7.847685e-03 -1.251778e-02 9.998909e-01 -4.241195e+00
9.667430e-01 2.557307e-01 -3.136193e-03 1.668221e+02 -2.556712e-01 9.666771e-01 1.295700e-02 -1.905872e+01 6.345189e-03 -1.172426e-02 9.999111e-01 -4.273817e+00
9.652688e-01 2.612463e-01 -2.552310e-03 1.679265e+02 -2.611927e-01 9.651983e-01 1.306794e-02 -1.937631e+01 5.877435e-03 -1.194743e-02 9.999114e-01 -4.318232e+00
9.639522e-01 2.660404e-01 -4.309969e-03 1.690176e+02 -2.659581e-01 9.638821e-01 1.405979e-02 -1.968504e+01 7.894775e-03 -1.240670e-02 9.998919e-01 -4.357009e+00
9.626735e-01 2.706406e-01 -3.657878e-03 1.701110e+02 -2.705656e-01 9.625980e-01 1.412330e-02 -1.999784e+01 7.343404e-03 -1.260643e-02 9.998935e-01 -4.398325e+00
9.612522e-01 2.756280e-01 -4.849602e-03 1.711940e+02 -2.755527e-01 9.612066e-01 1.235175e-02 -2.032339e+01 8.065959e-03 -1.053683e-02 9.999120e-01 -4.427070e+00
9.600030e-01 2.799553e-01 -4.384866e-03 1.722566e+02 -2.798835e-01 9.599526e-01 1.249168e-02 -2.064390e+01 7.706375e-03 -1.076480e-02 9.999124e-01 -4.467758e+00
9.585023e-01 2.850473e-01 -4.629703e-03 1.733145e+02 -2.849670e-01 9.584464e-01 1.319869e-02 -2.096636e+01 8.199573e-03 -1.133166e-02 9.999022e-01 -4.492019e+00
9.573348e-01 2.889343e-01 -5.209851e-03 1.743895e+02 -2.888441e-01 9.572804e-01 1.354697e-02 -2.129636e+01 8.901473e-03 -1.146415e-02 9.998947e-01 -4.541643e+00
9.562496e-01 2.925158e-01 -4.602330e-03 1.754437e+02 -2.924352e-01 9.561940e-01 1.322236e-02 -2.163270e+01 8.268470e-03 -1.129799e-02 9.999020e-01 -4.547439e+00
9.553799e-01 2.953344e-01 -5.180345e-03 1.764898e+02 -2.952654e-01 9.553510e-01 1.107373e-02 -2.196453e+01 8.219500e-03 -9.050040e-03 9.999253e-01 -4.601931e+00
9.547175e-01 2.974958e-01 -3.286366e-03 1.775291e+02 -2.974527e-01 9.546869e-01 9.740391e-03 -2.230407e+01 6.035175e-03 -8.321784e-03 9.999472e-01 -4.620443e+00
9.539839e-01 2.998452e-01 -2.753388e-03 1.785420e+02 -2.997979e-01 9.539366e-01 1.123883e-02 -2.263331e+01 5.996466e-03 -9.896202e-03 9.999331e-01 -4.649686e+00
9.531448e-01 3.025098e-01 -1.643845e-03 1.795539e+02 -3.024661e-01 9.530759e-01 1.266312e-02 -2.296715e+01 5.397426e-03 -1.157258e-02 9.999185e-01 -4.692830e+00
9.525856e-01 3.042428e-01 -4.120472e-03 1.805686e+02 -3.041591e-01 9.525157e-01 1.417957e-02 -2.329571e+01 8.238846e-03 -1.225397e-02 9.998910e-01 -4.720470e+00
9.519435e-01 3.062367e-01 -4.757351e-03 1.815573e+02 -3.061267e-01 9.518532e-01 1.619338e-02 -2.363035e+01 9.487307e-03 -1.395883e-02 9.998575e-01 -4.754737e+00
9.514127e-01 3.079051e-01 -2.876698e-03 1.825544e+02 -3.078214e-01 9.513059e-01 1.622555e-02 -2.397054e+01 7.732550e-03 -1.455169e-02 9.998642e-01 -4.782096e+00
9.503579e-01 3.111215e-01 -4.827259e-03 1.835301e+02 -3.110187e-01 9.502809e-01 1.528071e-02 -2.430311e+01 9.341409e-03 -1.302078e-02 9.998716e-01 -4.839147e+00
9.496388e-01 3.133165e-01 -4.349135e-03 1.845154e+02 -3.132346e-01 9.495788e-01 1.356411e-02 -2.463256e+01 8.379708e-03 -1.151871e-02 9.998986e-01 -4.852238e+00
9.493395e-01 3.142062e-01 -5.373383e-03 1.854855e+02 -3.141054e-01 9.492798e-01 1.433386e-02 -2.495116e+01 9.604631e-03 -1.191989e-02 9.998828e-01 -4.871079e+00
9.485886e-01 3.164133e-01 -7.894554e-03 1.864192e+02 -3.162386e-01 9.485111e-01 1.788825e-02 -2.527227e+01 1.314815e-02 -1.447202e-02 9.998088e-01 -4.960166e+00
9.478099e-01 3.186378e-01 -1.124231e-02 1.873670e+02 -3.183967e-01 9.477657e-01 1.907413e-02 -2.560275e+01 1.673282e-02 -1.449913e-02 9.997548e-01 -4.965952e+00
9.469633e-01 3.211679e-01 -1.057046e-02 1.882810e+02 -3.209454e-01 9.469167e-01 1.852011e-02 -2.591778e+01 1.595741e-02 -1.414533e-02 9.997726e-01 -5.013275e+00
9.461856e-01 3.234622e-01 -1.024563e-02 1.891945e+02 -3.233207e-01 9.461949e-01 1.336960e-02 -2.624674e+01 1.401893e-02 -9.337503e-03 9.998581e-01 -5.027113e+00
9.451594e-01 3.265012e-01 -8.405500e-03 1.900969e+02 -3.263932e-01 9.451573e-01 1.205618e-02 -2.656807e+01 1.188088e-02 -8.651515e-03 9.998920e-01 -5.069782e+00
9.443372e-01 3.289252e-01 -5.946201e-03 1.909840e+02 -3.288437e-01 9.443130e-01 1.160797e-02 -2.689383e+01 9.433230e-03 -9.006471e-03 9.999149e-01 -5.082298e+00
9.431123e-01 3.324669e-01 -2.234624e-03 1.918519e+02 -3.323994e-01 9.430211e-01 1.489489e-02 -2.721500e+01 7.059356e-03 -1.330477e-02 9.998866e-01 -5.148118e+00
9.411109e-01 3.380958e-01 -1.225381e-03 1.927073e+02 -3.380390e-01 9.410083e-01 1.526125e-02 -2.755612e+01 6.312856e-03 -1.394830e-02 9.998828e-01 -5.142902e+00
9.390304e-01 3.438332e-01 7.452868e-04 1.935380e+02 -3.438060e-01 9.389240e-01 1.480914e-02 -2.786898e+01 4.392106e-03 -1.416246e-02 9.998901e-01 -5.194314e+00
9.366454e-01 3.502679e-01 2.771167e-03 1.943647e+02 -3.502753e-01 9.365712e-01 1.190813e-02 -2.820099e+01 1.575640e-03 -1.212436e-02 9.999253e-01 -5.220161e+00
9.337224e-01 3.579597e-01 5.221089e-03 1.951680e+02 -3.579966e-01 9.336580e-01 1.101404e-02 -2.852761e+01 -9.321286e-04 -1.215319e-02 9.999257e-01 -5.241149e+00
9.298883e-01 3.678092e-01 4.908912e-03 1.959621e+02 -3.678417e-01 9.298211e-01 1.118318e-02 -2.886330e+01 -4.511341e-04 -1.220481e-02 9.999254e-01 -5.284616e+00
9.251289e-01 3.795684e-01 8.015530e-03 1.967507e+02 -3.796324e-01 9.250927e-01 9.098394e-03 -2.921582e+01 -3.961645e-03 -1.146014e-02 9.999265e-01 -5.292210e+00
9.199763e-01 3.918316e-01 1.056444e-02 1.975104e+02 -3.918950e-01 9.199979e-01 4.714725e-03 -2.956050e+01 -7.871887e-03 -8.477587e-03 9.999331e-01 -5.315763e+00
9.142317e-01 4.047620e-01 1.865845e-02 1.982798e+02 -4.048423e-01 9.143863e-01 5.832152e-04 -2.992588e+01 -1.682497e-02 -8.086924e-03 9.998258e-01 -5.334163e+00
9.087420e-01 4.167808e-01 2.194999e-02 1.990228e+02 -4.168994e-01 9.089521e-01 9.187548e-04 -3.028933e+01 -1.956858e-02 -9.985851e-03 9.997587e-01 -5.353858e+00
9.030351e-01 4.289356e-01 2.327840e-02 1.997466e+02 -4.291759e-01 9.031990e-01 6.305730e-03 -3.064983e+01 -1.832028e-02 -1.568483e-02 9.997091e-01 -5.375480e+00
8.973287e-01 4.409510e-01 1.905994e-02 2.004737e+02 -4.412213e-01 8.972979e-01 1.344046e-02 -3.101218e+01 -1.117585e-02 -2.047016e-02 9.997280e-01 -5.415326e+00
8.910851e-01 4.536529e-01 1.290088e-02 2.011862e+02 -4.538169e-01 8.909496e-01 1.609267e-02 -3.138519e+01 -4.193548e-03 -2.019458e-02 9.997873e-01 -5.436357e+00
8.835136e-01 4.683551e-01 6.870894e-03 2.018889e+02 -4.683986e-01 8.833258e-01 1.838956e-02 -3.177398e+01 2.543606e-03 -1.946574e-02 9.998073e-01 -5.453643e+00
8.755630e-01 4.830484e-01 7.328290e-03 2.025804e+02 -4.830986e-01 8.753802e-01 1.803111e-02 -3.218235e+01 2.294856e-03 -1.932766e-02 9.998106e-01 -5.478267e+00
8.662009e-01 4.996789e-01 4.114075e-03 2.032715e+02 -4.996694e-01 8.660409e-01 1.742909e-02 -3.260147e+01 5.145994e-03 -1.715277e-02 9.998397e-01 -5.515856e+00
8.571151e-01 5.151239e-01 1.035336e-03 2.039603e+02 -5.150910e-01 8.570340e-01 1.319439e-02 -3.302914e+01 5.909425e-03 -1.184240e-02 9.999124e-01 -5.534504e+00
8.486205e-01 5.289966e-01 2.390794e-03 2.046259e+02 -5.289941e-01 8.485745e-01 9.283706e-03 -3.346022e+01 2.882283e-03 -9.143059e-03 9.999540e-01 -5.553628e+00
8.394334e-01 5.434531e-01 3.224141e-03 2.052507e+02 -5.434496e-01 8.393574e-01 1.189224e-02 -3.389341e+01 3.756667e-03 -1.173490e-02 9.999241e-01 -5.565781e+00
8.303746e-01 5.571682e-01 6.439753e-03 2.058766e+02 -5.571851e-01 8.301896e-01 1.815931e-02 -3.433214e+01 4.771575e-03 -1.866717e-02 9.998144e-01 -5.622912e+00
8.208616e-01 5.710900e-01 6.516202e-03 2.064905e+02 -5.710701e-01 8.205649e-01 2.350207e-02 -3.478370e+01 8.074829e-03 -2.301315e-02 9.997026e-01 -5.638882e+00
8.115604e-01 5.842466e-01 5.070351e-03 2.071035e+02 -5.841706e-01 8.112351e-01 2.534789e-02 -3.524624e+01 1.069617e-02 -2.353329e-02 9.996659e-01 -5.668620e+00
8.022839e-01 5.969023e-01 6.944852e-03 2.077074e+02 -5.968680e-01 8.019451e-01 2.515599e-02 -3.570111e+01 9.446278e-03 -2.432740e-02 9.996594e-01 -5.700787e+00
7.935973e-01 6.084025e-01 7.056509e-03 2.083105e+02 -6.083834e-01 7.933028e-01 2.324438e-02 -3.616945e+01 8.543990e-03 -2.273974e-02 9.997049e-01 -5.721536e+00
7.860274e-01 6.181233e-01 9.198910e-03 2.088882e+02 -6.181517e-01 7.857201e-01 2.307791e-02 -3.664569e+01 7.037227e-03 -2.382619e-02 9.996914e-01 -5.770950e+00
7.795178e-01 6.262997e-01 1.002893e-02 2.094573e+02 -6.263511e-01 7.792282e-01 2.208817e-02 -3.710884e+01 6.018992e-03 -2.349975e-02 9.997057e-01 -5.781926e+00
7.724594e-01 6.349443e-01 1.233467e-02 2.100073e+02 -6.350479e-01 7.721550e-01 2.215371e-02 -3.758022e+01 4.542096e-03 -2.494594e-02 9.996785e-01 -5.823661e+00
7.656132e-01 6.432049e-01 1.113435e-02 2.105223e+02 -6.432799e-01 7.653320e-01 2.140189e-02 -3.803875e+01 5.244326e-03 -2.354807e-02 9.997090e-01 -5.848383e+00
7.585083e-01 6.515784e-01 1.052622e-02 2.110583e+02 -6.516321e-01 7.582141e-01 2.207124e-02 -3.851738e+01 6.400018e-03 -2.360044e-02 9.997010e-01 -5.854517e+00
7.516338e-01 6.594872e-01 1.110193e-02 2.115832e+02 -6.595533e-01 7.513429e-01 2.175421e-02 -3.898411e+01 6.005273e-03 -2.367351e-02 9.997017e-01 -5.918373e+00
7.446618e-01 6.673974e-01 7.709183e-03 2.120866e+02 -6.674037e-01 7.444459e-01 1.929588e-02 -3.945097e+01 7.138952e-03 -1.951405e-02 9.997841e-01 -5.966893e+00
7.377107e-01 6.750374e-01 1.037096e-02 2.125654e+02 -6.750379e-01 7.373019e-01 2.664477e-02 -3.990783e+01 1.033968e-02 -2.665692e-02 9.995912e-01 -5.987764e+00
7.314720e-01 6.817883e-01 1.065165e-02 2.130240e+02 -6.816068e-01 7.306634e-01 3.928310e-02 -4.035932e+01 1.899999e-02 -3.599472e-02 9.991714e-01 -5.979895e+00
7.241809e-01 6.894177e-01 1.628695e-02 2.134812e+02 -6.892290e-01 7.227941e-01 5.032317e-02 -4.082209e+01 2.292157e-02 -4.766852e-02 9.986002e-01 -6.038917e+00
7.171059e-01 6.968445e-01 1.292448e-02 2.139566e+02 -6.965595e-01 7.159342e-01 4.735943e-02 -4.128775e+01 2.374908e-02 -4.296439e-02 9.987943e-01 -6.128403e+00
7.099165e-01 7.042322e-01 8.685481e-03 2.144695e+02 -7.041425e-01 7.094692e-01 2.892658e-02 -4.178119e+01 1.420895e-02 -2.665128e-02 9.995438e-01 -6.111456e+00
7.046349e-01 7.095662e-01 2.313242e-03 2.149355e+02 -7.095550e-01 7.045951e-01 8.790038e-03 -4.226608e+01 4.607215e-03 -7.835140e-03 9.999587e-01 -6.113344e+00
6.995032e-01 7.144507e-01 1.598104e-02 2.153613e+02 -7.145506e-01 6.995831e-01 7.988154e-04 -4.273999e+01 -1.060935e-02 -1.197803e-02 9.998720e-01 -6.120696e+00
6.946895e-01 7.191636e-01 1.450053e-02 2.157776e+02 -7.193040e-01 6.946236e-01 9.990187e-03 -4.319014e+01 -2.887829e-03 -1.737037e-02 9.998450e-01 -6.210510e+00
6.886672e-01 7.249501e-01 1.359809e-02 2.161992e+02 -7.250720e-01 6.884674e-01 1.682848e-02 -4.364838e+01 2.837968e-03 -2.144882e-02 9.997659e-01 -6.226252e+00
6.838984e-01 7.295503e-01 6.272583e-03 2.166299e+02 -7.294919e-01 6.836617e-01 2.117843e-02 -4.411362e+01 1.116240e-02 -1.905969e-02 9.997560e-01 -6.231798e+00
6.795235e-01 7.335371e-01 1.308483e-02 2.170820e+02 -7.336282e-01 6.795408e-01 3.759774e-03 -4.462771e+01 -6.133740e-03 -1.215425e-02 9.999073e-01 -6.166521e+00
6.747668e-01 7.377949e-01 1.866518e-02 2.175048e+02 -7.374805e-01 6.750244e-01 -2.155333e-02 -4.511166e+01 -2.850139e-02 7.782662e-04 9.995934e-01 -6.236120e+00
6.697488e-01 7.423466e-01 1.892213e-02 2.179356e+02 -7.413518e-01 6.698867e-01 -4.061379e-02 -4.559359e+01 -4.282519e-02 1.317308e-02 9.989957e-01 -6.215508e+00
6.660169e-01 7.457831e-01 1.513204e-02 2.183198e+02 -7.451091e-01 6.660963e-01 -3.358496e-02 -4.602814e+01 -3.512650e-02 1.109314e-02 9.993213e-01 -6.210642e+00
6.622921e-01 7.489947e-01 1.939472e-02 2.186677e+02 -7.489425e-01 6.625388e-01 -1.130314e-02 -4.646025e+01 -2.131574e-02 -7.039551e-03 9.997480e-01 -6.276200e+00
6.570831e-01 7.534577e-01 2.330871e-02 2.190630e+02 -7.538034e-01 6.569492e-01 1.407539e-02 -4.692026e+01 -4.707424e-03 -2.681888e-02 9.996292e-01 -6.233943e+00
6.520246e-01 7.578157e-01 2.406843e-02 2.194405e+02 -7.581649e-01 6.513721e-01 3.000499e-02 -4.738104e+01 7.060749e-03 -3.781183e-02 9.992599e-01 -6.258852e+00
6.468344e-01 7.623298e-01 2.141424e-02 2.198545e+02 -7.625946e-01 6.462770e-01 2.784864e-02 -4.787419e+01 7.390320e-03 -3.434384e-02 9.993827e-01 -6.270068e+00
6.423094e-01 7.661693e-01 2.057137e-02 2.202428e+02 -7.664433e-01 6.421391e-01 1.490154e-02 -4.836087e+01 -1.792578e-03 -2.533819e-02 9.996773e-01 -6.285129e+00
6.377445e-01 7.699139e-01 2.268429e-02 2.206193e+02 -7.702174e-01 6.377051e-01 9.870579e-03 -4.882898e+01 -6.866395e-03 -2.376674e-02 9.996939e-01 -6.306734e+00
6.328984e-01 7.738841e-01 2.330095e-02 2.209839e+02 -7.742259e-01 6.327491e-01 1.423561e-02 -4.929206e+01 -3.726940e-03 -2.704990e-02 9.996271e-01 -6.339373e+00
6.267849e-01 7.788536e-01 2.297193e-02 2.213427e+02 -7.791917e-01 6.264732e-01 1.979438e-02 -4.976182e+01 1.025629e-03 -3.030635e-02 9.995402e-01 -6.361582e+00
6.190071e-01 7.851072e-01 2.090009e-02 2.216995e+02 -7.853705e-01 6.186125e-01 2.261867e-02 -5.022759e+01 4.829025e-03 -3.041543e-02 9.995257e-01 -6.384358e+00
6.096946e-01 7.923901e-01 1.975764e-02 2.220445e+02 -7.926177e-01 6.093193e-01 2.206988e-02 -5.070298e+01 5.449241e-03 -2.911615e-02 9.995612e-01 -6.396586e+00
5.997533e-01 7.999671e-01 1.867410e-02 2.223787e+02 -8.001691e-01 5.994314e-01 2.028190e-02 -5.118264e+01 5.031008e-03 -2.710657e-02 9.996199e-01 -6.423483e+00
5.888256e-01 8.080430e-01 1.873284e-02 2.227182e+02 -8.082460e-01 5.885205e-01 1.954076e-02 -5.166436e+01 4.765111e-03 -2.664684e-02 9.996336e-01 -6.441064e+00
5.762645e-01 8.170236e-01 1.979165e-02 2.230444e+02 -8.172475e-01 5.759336e-01 2.017578e-02 -5.214833e+01 5.085414e-03 -2.780126e-02 9.996005e-01 -6.449683e+00
5.626122e-01 8.264470e-01 2.128106e-02 2.233345e+02 -8.267028e-01 5.622433e-01 2.109533e-02 -5.263780e+01 5.469043e-03 -2.946160e-02 9.995509e-01 -6.486458e+00
5.477914e-01 8.363069e-01 2.270404e-02 2.236320e+02 -8.365881e-01 5.473546e-01 2.287512e-02 -5.312314e+01 6.703456e-03 -3.152472e-02 9.994805e-01 -6.502934e+00
5.320163e-01 8.464509e-01 2.190025e-02 2.239257e+02 -8.467014e-01 5.315901e-01 2.255182e-02 -5.362135e+01 7.447049e-03 -3.054090e-02 9.995058e-01 -6.532335e+00
5.155596e-01 8.565998e-01 2.085885e-02 2.242150e+02 -8.568076e-01 5.151263e-01 2.292866e-02 -5.411456e+01 8.895744e-03 -2.969311e-02 9.995195e-01 -6.553578e+00
4.991525e-01 8.663142e-01 1.861505e-02 2.244836e+02 -8.664488e-01 4.987358e-01 2.300555e-02 -5.461547e+01 1.064604e-02 -2.761227e-02 9.995620e-01 -6.571884e+00
4.824132e-01 8.757514e-01 1.836047e-02 2.247375e+02 -8.758721e-01 4.819995e-01 2.289959e-02 -5.511698e+01 1.120461e-02 -2.712848e-02 9.995692e-01 -6.591116e+00
4.642813e-01 8.854966e-01 1.840172e-02 2.249880e+02 -8.856137e-01 4.638735e-01 2.257406e-02 -5.562366e+01 1.145319e-02 -2.677753e-02 9.995758e-01 -6.616387e+00
4.461110e-01 8.947089e-01 2.193041e-02 2.252034e+02 -8.949187e-01 4.456667e-01 2.239698e-02 -5.613062e+01 1.026512e-02 -2.961748e-02 9.995086e-01 -6.621815e+00
4.275584e-01 9.036247e-01 2.561740e-02 2.254210e+02 -9.039514e-01 4.271157e-01 2.107252e-02 -5.664983e+01 8.100051e-03 -3.216662e-02 9.994497e-01 -6.654685e+00
4.086291e-01 9.122999e-01 2.703662e-02 2.256320e+02 -9.126722e-01 4.082040e-01 1.997465e-02 -5.716574e+01 7.186416e-03 -3.283780e-02 9.994348e-01 -6.669071e+00
3.885839e-01 9.210812e-01 2.473594e-02 2.258333e+02 -9.213753e-01 3.881840e-01 1.951385e-02 -5.767615e+01 8.371747e-03 -3.037385e-02 9.995036e-01 -6.709780e+00
3.681639e-01 9.294958e-01 2.220146e-02 2.260203e+02 -9.297125e-01 3.677962e-01 1.899142e-02 -5.819234e+01 9.486834e-03 -2.763293e-02 9.995731e-01 -6.725612e+00
3.470468e-01 9.375904e-01 2.196964e-02 2.261958e+02 -9.377778e-01 3.466395e-01 2.034287e-02 -5.870879e+01 1.145774e-02 -2.766257e-02 9.995517e-01 -6.728149e+00
3.246179e-01 9.454750e-01 2.646125e-02 2.263469e+02 -9.457629e-01 3.240933e-01 2.227077e-02 -5.923922e+01 1.248055e-02 -3.225556e-02 9.994017e-01 -6.740489e+00
3.014168e-01 9.530063e-01 3.044361e-02 2.264810e+02 -9.534114e-01 3.008209e-01 2.265686e-02 -5.976262e+01 1.243405e-02 -3.585444e-02 9.992797e-01 -6.768158e+00
2.784603e-01 9.598985e-01 3.247338e-02 2.266130e+02 -9.603732e-01 2.778584e-01 2.186179e-02 -6.030371e+01 1.196210e-02 -3.727420e-02 9.992335e-01 -6.789021e+00
2.557072e-01 9.662141e-01 3.230996e-02 2.267342e+02 -9.666602e-01 2.550733e-01 2.248407e-02 -6.082810e+01 1.348301e-02 -3.698210e-02 9.992250e-01 -6.821587e+00
2.330756e-01 9.719390e-01 3.178535e-02 2.268381e+02 -9.723504e-01 2.324375e-01 2.253036e-02 -6.135857e+01 1.451004e-02 -3.615777e-02 9.992408e-01 -6.831231e+00
2.106783e-01 9.769697e-01 3.383494e-02 2.269209e+02 -9.774332e-01 2.099785e-01 2.309533e-02 -6.189595e+01 1.545883e-02 -3.793709e-02 9.991605e-01 -6.849545e+00
1.895429e-01 9.812118e-01 3.601381e-02 2.270173e+02 -9.817277e-01 1.887578e-01 2.411082e-02 -6.242790e+01 1.685993e-02 -3.992579e-02 9.990604e-01 -6.865957e+00
1.691980e-01 9.848571e-01 3.779567e-02 2.270889e+02 -9.854290e-01 1.683714e-01 2.409589e-02 -6.296235e+01 1.736730e-02 -4.132193e-02 9.989949e-01 -6.891299e+00
1.489320e-01 9.881127e-01 3.811035e-02 2.271557e+02 -9.887077e-01 1.481526e-01 2.253446e-02 -6.349987e+01 1.662044e-02 -4.103610e-02 9.990194e-01 -6.915455e+00
1.303532e-01 9.908270e-01 3.563643e-02 2.271961e+02 -9.913464e-01 1.296909e-01 2.031383e-02 -6.402596e+01 1.550577e-02 -3.797602e-02 9.991583e-01 -6.944185e+00
1.115662e-01 9.931775e-01 3.393139e-02 2.272477e+02 -9.936426e-01 1.109701e-01 1.897349e-02 -6.457047e+01 1.507867e-02 -3.583248e-02 9.992440e-01 -6.945682e+00
9.374744e-02 9.949637e-01 3.547804e-02 2.272750e+02 -9.955068e-01 9.320247e-02 1.672155e-02 -6.511136e+01 1.333070e-02 -3.688623e-02 9.992306e-01 -6.959045e+00
7.674915e-02 9.963478e-01 3.742703e-02 2.272937e+02 -9.969777e-01 7.623589e-02 1.495735e-02 -6.563488e+01 1.204944e-02 -3.846187e-02 9.991874e-01 -6.992160e+00
6.010240e-02 9.974549e-01 3.835702e-02 2.273151e+02 -9.981154e-01 5.957663e-02 1.470662e-02 -6.617215e+01 1.238401e-02 -3.916863e-02 9.991559e-01 -7.003048e+00
4.476112e-02 9.983197e-01 3.680032e-02 2.273255e+02 -9.989094e-01 4.423702e-02 1.493436e-02 -6.671266e+01 1.328133e-02 -3.742866e-02 9.992110e-01 -7.030593e+00
3.003561e-02 9.989085e-01 3.577341e-02 2.273363e+02 -9.994437e-01 2.949429e-02 1.556617e-02 -6.725645e+01 1.449407e-02 -3.622105e-02 9.992387e-01 -7.038920e+00
1.693702e-02 9.992617e-01 3.448290e-02 2.273211e+02 -9.997339e-01 1.638472e-02 1.623499e-02 -6.778521e+01 1.565801e-02 -3.474870e-02 9.992734e-01 -7.051148e+00
5.208969e-03 9.993751e-01 3.496094e-02 2.273041e+02 -9.998639e-01 4.657745e-03 1.583293e-02 -6.831408e+01 1.566020e-02 -3.503865e-02 9.992632e-01 -7.066842e+00
-5.563498e-03 9.993693e-01 3.507238e-02 2.272996e+02 -9.998804e-01 -6.065547e-03 1.422259e-02 -6.884842e+01 1.442636e-02 -3.498906e-02 9.992836e-01 -7.077472e+00
-1.472580e-02 9.992707e-01 3.522772e-02 2.272867e+02 -9.998048e-01 -1.517957e-02 1.264556e-02 -6.937989e+01 1.317108e-02 -3.503462e-02 9.992993e-01 -7.115441e+00
-2.288449e-02 9.991375e-01 3.464720e-02 2.272663e+02 -9.996500e-01 -2.332884e-02 1.247195e-02 -6.992708e+01 1.326947e-02 -3.434967e-02 9.993218e-01 -7.107739e+00
-3.050780e-02 9.988631e-01 3.663084e-02 2.272401e+02 -9.994694e-01 -3.090370e-02 1.028703e-02 -7.047498e+01 1.140736e-02 -3.629757e-02 9.992759e-01 -7.118040e+00
-3.758514e-02 9.983843e-01 4.261667e-02 2.271960e+02 -9.992324e-01 -3.802013e-02 9.441199e-03 -7.102291e+01 1.104624e-02 -4.222910e-02 9.990469e-01 -7.125908e+00
-4.261351e-02 9.979603e-01 4.753295e-02 2.271504e+02 -9.990178e-01 -4.314041e-02 1.011732e-02 -7.156655e+01 1.214728e-02 -4.705513e-02 9.988185e-01 -7.148912e+00
-4.699576e-02 9.977902e-01 4.696920e-02 2.271300e+02 -9.988369e-01 -4.744816e-02 8.563267e-03 -7.212019e+01 1.077294e-02 -4.651214e-02 9.988596e-01 -7.180256e+00
-5.070961e-02 9.977764e-01 4.325268e-02 2.270956e+02 -9.986868e-01 -5.097711e-02 5.105501e-03 -7.267094e+01 7.299045e-03 -4.293697e-02 9.990511e-01 -7.174808e+00
-5.244529e-02 9.975569e-01 4.615089e-02 2.270572e+02 -9.985976e-01 -5.272341e-02 4.830560e-03 -7.322621e+01 7.251995e-03 -4.583282e-02 9.989228e-01 -7.182615e+00
-5.406773e-02 9.972305e-01 5.106917e-02 2.270183e+02 -9.985016e-01 -5.442744e-02 5.678777e-03 -7.377554e+01 8.442616e-03 -5.068561e-02 9.986790e-01 -7.179626e+00
-5.395842e-02 9.969449e-01 5.647412e-02 2.269665e+02 -9.984951e-01 -5.442446e-02 6.742418e-03 -7.431434e+01 9.795392e-03 -5.602532e-02 9.983813e-01 -7.215654e+00
-5.232298e-02 9.970592e-01 5.599196e-02 2.269349e+02 -9.985706e-01 -5.285031e-02 7.975174e-03 -7.486527e+01 1.091092e-02 -5.549463e-02 9.983994e-01 -7.235307e+00
-5.040216e-02 9.972870e-01 5.364817e-02 2.269075e+02 -9.986562e-01 -5.097437e-02 9.348558e-03 -7.542069e+01 1.205788e-02 -5.310488e-02 9.985161e-01 -7.251624e+00
-4.909265e-02 9.974914e-01 5.099910e-02 2.268799e+02 -9.987065e-01 -4.970104e-02 1.073176e-02 -7.596213e+01 1.323955e-02 -5.040628e-02 9.986410e-01 -7.254067e+00
-4.765868e-02 9.975482e-01 5.124581e-02 2.268496e+02 -9.987653e-01 -4.831100e-02 1.156656e-02 -7.650636e+01 1.401394e-02 -5.063129e-02 9.986191e-01 -7.262548e+00
-4.539013e-02 9.975413e-01 5.339435e-02 2.268112e+02 -9.988749e-01 -4.605591e-02 1.130359e-02 -7.704366e+01 1.373493e-02 -5.282120e-02 9.985095e-01 -7.284701e+00
-4.410744e-02 9.976398e-01 5.262499e-02 2.267829e+02 -9.989024e-01 -4.487175e-02 1.342823e-02 -7.758045e+01 1.575792e-02 -5.197495e-02 9.985241e-01 -7.308146e+00
-4.404974e-02 9.976684e-01 5.212876e-02 2.267565e+02 -9.988599e-01 -4.494309e-02 1.609233e-02 -7.811980e+01 1.839764e-02 -5.136047e-02 9.985107e-01 -7.324568e+00
-4.324687e-02 9.977481e-01 5.126739e-02 2.267272e+02 -9.988922e-01 -4.413497e-02 1.631607e-02 -7.865894e+01 1.854201e-02 -5.050498e-02 9.985517e-01 -7.330410e+00
-4.314935e-02 9.977648e-01 5.102605e-02 2.266958e+02 -9.989403e-01 -4.390603e-02 1.380463e-02 -7.919675e+01 1.601412e-02 -5.037632e-02 9.986019e-01 -7.331672e+00
-4.335594e-02 9.978020e-01 5.011676e-02 2.266733e+02 -9.988566e-01 -4.430413e-02 1.796759e-02 -7.970548e+01 2.014848e-02 -4.928044e-02 9.985817e-01 -7.379013e+00
-4.478741e-02 9.980662e-01 4.310192e-02 2.266429e+02 -9.983030e-01 -4.632217e-02 3.528988e-02 -8.020432e+01 3.721822e-02 -4.144823e-02 9.984472e-01 -7.414946e+00
-4.452538e-02 9.979829e-01 4.525083e-02 2.266146e+02 -9.976313e-01 -4.679573e-02 5.041772e-02 -8.070006e+01 5.243357e-02 -4.289878e-02 9.977026e-01 -7.438422e+00
-4.472625e-02 9.979050e-01 4.674448e-02 2.265765e+02 -9.973841e-01 -4.726481e-02 5.468955e-02 -8.121825e+01 5.678434e-02 -4.417614e-02 9.974086e-01 -7.443020e+00
-4.581738e-02 9.976528e-01 5.088815e-02 2.265427e+02 -9.977899e-01 -4.815888e-02 4.578308e-02 -8.174902e+01 4.812634e-02 -4.867803e-02 9.976544e-01 -7.450382e+00
-4.813969e-02 9.975579e-01 5.060416e-02 2.265133e+02 -9.985394e-01 -4.930747e-02 2.209006e-02 -8.228287e+01 2.453128e-02 -4.946684e-02 9.984745e-01 -7.480050e+00
-5.184674e-02 9.976777e-01 4.417256e-02 2.264782e+02 -9.985030e-01 -5.101609e-02 -1.972746e-02 -8.284773e+01 -1.742814e-02 -4.512923e-02 9.988291e-01 -7.514472e+00
-5.528951e-02 9.975777e-01 4.221025e-02 2.264397e+02 -9.976757e-01 -5.350989e-02 -4.218847e-02 -8.337589e+01 -3.982761e-02 -4.444473e-02 9.982176e-01 -7.491402e+00
-6.039977e-02 9.971138e-01 4.599965e-02 2.263913e+02 -9.976630e-01 -5.882996e-02 -3.474898e-02 -8.386087e+01 -3.194252e-02 -4.799099e-02 9.983369e-01 -7.484018e+00
-6.720376e-02 9.964849e-01 5.001460e-02 2.263388e+02 -9.977071e-01 -6.671476e-02 -1.138588e-02 -8.433761e+01 -8.009151e-03 -5.066510e-02 9.986836e-01 -7.564804e+00
-7.336366e-02 9.958163e-01 5.447401e-02 2.262851e+02 -9.972630e-01 -7.375407e-02 5.186256e-03 -8.484170e+01 9.182239e-03 -5.394443e-02 9.985017e-01 -7.525346e+00
-7.882202e-02 9.952716e-01 5.675854e-02 2.262421e+02 -9.966198e-01 -7.999533e-02 1.870165e-02 -8.533741e+01 2.315364e-02 -5.509258e-02 9.982128e-01 -7.536659e+00
-8.555698e-02 9.949853e-01 5.180847e-02 2.261927e+02 -9.959117e-01 -8.691764e-02 2.460133e-02 -8.585486e+01 2.898103e-02 -4.949184e-02 9.983540e-01 -7.540612e+00
-9.153521e-02 9.945173e-01 5.056132e-02 2.261349e+02 -9.956723e-01 -9.222400e-02 1.145385e-02 -8.638792e+01 1.605402e-02 -4.929408e-02 9.986553e-01 -7.519549e+00
-9.659195e-02 9.939882e-01 5.155210e-02 2.260697e+02 -9.953049e-01 -9.678179e-02 1.193745e-03 -8.692438e+01 6.175870e-03 -5.119476e-02 9.986696e-01 -7.542197e+00
-1.017119e-01 9.932126e-01 5.642131e-02 2.260106e+02 -9.947826e-01 -1.019949e-01 2.152737e-03 -8.743745e+01 7.892812e-03 -5.590798e-02 9.984047e-01 -7.559709e+00
-1.063403e-01 9.928011e-01 5.511542e-02 2.259473e+02 -9.942240e-01 -1.069742e-01 8.670716e-03 -8.795633e+01 1.450422e-02 -5.387503e-02 9.984424e-01 -7.593309e+00
-1.116618e-01 9.921749e-01 5.586376e-02 2.258675e+02 -9.935595e-01 -1.125540e-01 1.308064e-02 -8.848014e+01 1.926597e-02 -5.404336e-02 9.983527e-01 -7.594578e+00
-1.164809e-01 9.917483e-01 5.354853e-02 2.258055e+02 -9.929745e-01 -1.174166e-01 1.465947e-02 -8.900871e+01 2.082599e-02 -5.146478e-02 9.984576e-01 -7.599007e+00
-1.206816e-01 9.911474e-01 5.534209e-02 2.257221e+02 -9.925157e-01 -1.215212e-01 1.205167e-02 -8.954874e+01 1.867021e-02 -5.347347e-02 9.983947e-01 -7.610433e+00
-1.254969e-01 9.905354e-01 5.558886e-02 2.256425e+02 -9.919633e-01 -1.261927e-01 9.177210e-03 -9.009076e+01 1.610526e-02 -5.399041e-02 9.984116e-01 -7.616785e+00
-1.296054e-01 9.899231e-01 5.704953e-02 2.255589e+02 -9.914123e-01 -1.303825e-01 1.009977e-02 -9.062766e+01 1.743626e-02 -5.525062e-02 9.983203e-01 -7.638294e+00
-1.331179e-01 9.894435e-01 5.728145e-02 2.254789e+02 -9.909245e-01 -1.339602e-01 1.110615e-02 -9.118200e+01 1.866234e-02 -5.528317e-02 9.982963e-01 -7.650648e+00
-1.360906e-01 9.890833e-01 5.651236e-02 2.253957e+02 -9.905191e-01 -1.369238e-01 1.112839e-02 -9.173940e+01 1.874479e-02 -5.446210e-02 9.983399e-01 -7.665627e+00
-1.392167e-01 9.886626e-01 5.625816e-02 2.253127e+02 -9.901091e-01 -1.399686e-01 9.635931e-03 -9.229459e+01 1.740106e-02 -5.436023e-02 9.983698e-01 -7.659747e+00
-1.419851e-01 9.882296e-01 5.694398e-02 2.252252e+02 -9.897247e-01 -1.427108e-01 8.867474e-03 -9.286607e+01 1.688962e-02 -5.509982e-02 9.983380e-01 -7.693914e+00
-1.440769e-01 9.878895e-01 5.758607e-02 2.251354e+02 -9.893863e-01 -1.449169e-01 1.066507e-02 -9.343954e+01 1.888111e-02 -5.543828e-02 9.982836e-01 -7.693771e+00
-1.462529e-01 9.874477e-01 5.964188e-02 2.250337e+02 -9.890462e-01 -1.471728e-01 1.130989e-02 -9.401309e+01 1.994558e-02 -5.733446e-02 9.981558e-01 -7.716368e+00
-1.476568e-01 9.872625e-01 5.924752e-02 2.249389e+02 -9.888117e-01 -1.486411e-01 1.254259e-02 -9.459966e+01 2.118945e-02 -5.673264e-02 9.981645e-01 -7.733161e+00
-1.486717e-01 9.871382e-01 5.877692e-02 2.248524e+02 -9.886481e-01 -1.496785e-01 1.308643e-02 -9.519054e+01 2.171576e-02 -5.616411e-02 9.981853e-01 -7.749597e+00
-1.503847e-01 9.870238e-01 5.628876e-02 2.247555e+02 -9.883683e-01 -1.514052e-01 1.430268e-02 -9.578003e+01 2.263949e-02 -5.348312e-02 9.983121e-01 -7.767341e+00
-1.518046e-01 9.867290e-01 5.763111e-02 2.246568e+02 -9.881848e-01 -1.527580e-01 1.249054e-02 -9.638153e+01 2.112838e-02 -5.505407e-02 9.982598e-01 -7.776175e+00
-1.531167e-01 9.866086e-01 5.620301e-02 2.245565e+02 -9.880047e-01 -1.539913e-01 1.155019e-02 -9.699628e+01 2.005029e-02 -5.376031e-02 9.983525e-01 -7.781514e+00
-1.543239e-01 9.863649e-01 5.717079e-02 2.244519e+02 -9.878171e-01 -1.552073e-01 1.132281e-02 -9.760897e+01 2.004174e-02 -5.472690e-02 9.983002e-01 -7.803720e+00
-1.555331e-01 9.861919e-01 5.687657e-02 2.243438e+02 -9.876138e-01 -1.564474e-01 1.196238e-02 -9.822713e+01 2.069539e-02 -5.431154e-02 9.983096e-01 -7.819396e+00
-1.559900e-01 9.861432e-01 5.646929e-02 2.242404e+02 -9.875557e-01 -1.568616e-01 1.131902e-02 -9.886665e+01 2.002003e-02 -5.400092e-02 9.983402e-01 -7.828398e+00
-1.564909e-01 9.860463e-01 5.677207e-02 2.241335e+02 -9.874585e-01 -1.574128e-01 1.211781e-02 -9.949948e+01 2.088537e-02 -5.416374e-02 9.983136e-01 -7.861806e+00
-1.568114e-01 9.859576e-01 5.742761e-02 2.240167e+02 -9.874163e-01 -1.577180e-01 1.158376e-02 -1.001397e+02 2.047846e-02 -5.488849e-02 9.982825e-01 -7.852963e+00
-1.556331e-01 9.861031e-01 5.812897e-02 2.239057e+02 -9.875836e-01 -1.566002e-01 1.244106e-02 -1.007885e+02 2.137118e-02 -5.547098e-02 9.982315e-01 -7.881896e+00
-1.532445e-01 9.864656e-01 5.832300e-02 2.238001e+02 -9.879560e-01 -1.542211e-01 1.260120e-02 -1.014608e+02 2.142530e-02 -5.568949e-02 9.982182e-01 -7.891753e+00
-1.502730e-01 9.869276e-01 5.824125e-02 2.236946e+02 -9.883827e-01 -1.513281e-01 1.412633e-02 -1.021122e+02 2.275520e-02 -5.544183e-02 9.982026e-01 -7.926716e+00
-1.472174e-01 9.874272e-01 5.757122e-02 2.235941e+02 -9.888313e-01 -1.482944e-01 1.488149e-02 -1.027899e+02 2.323188e-02 -5.473741e-02 9.982305e-01 -7.933321e+00
-1.431693e-01 9.880510e-01 5.707775e-02 2.234868e+02 -9.894070e-01 -1.442879e-01 1.596279e-02 -1.034719e+02 2.400768e-02 -5.418774e-02 9.982421e-01 -7.946547e+00
-1.397411e-01 9.885235e-01 5.739111e-02 2.233748e+02 -9.899223e-01 -1.408116e-01 1.503102e-02 -1.041446e+02 2.293985e-02 -5.471230e-02 9.982386e-01 -7.975092e+00
-1.358011e-01 9.891113e-01 5.671664e-02 2.232874e+02 -9.904699e-01 -1.368688e-01 1.536541e-02 -1.048380e+02 2.296084e-02 -5.408949e-02 9.982721e-01 -7.997786e+00
-1.321803e-01 9.896939e-01 5.508551e-02 2.231978e+02 -9.909210e-01 -1.333134e-01 1.741553e-02 -1.055299e+02 2.457968e-02 -5.228339e-02 9.983298e-01 -8.008652e+00
-1.285092e-01 9.902840e-01 5.313172e-02 2.230987e+02 -9.913509e-01 -1.297166e-01 1.992530e-02 -1.062277e+02 2.662378e-02 -5.011160e-02 9.983887e-01 -8.047294e+00
-1.245453e-01 9.909594e-01 4.988026e-02 2.230149e+02 -9.918441e-01 -1.257139e-01 2.100996e-02 -1.069426e+02 2.709067e-02 -4.685675e-02 9.985342e-01 -8.052763e+00
-1.207191e-01 9.915064e-01 4.839406e-02 2.229181e+02 -9.923221e-01 -1.218523e-01 2.118217e-02 -1.076590e+02 2.689918e-02 -4.546541e-02 9.986037e-01 -8.103096e+00
-1.171725e-01 9.921538e-01 4.360861e-02 2.228303e+02 -9.927297e-01 -1.182321e-01 2.256195e-02 -1.083764e+02 2.754086e-02 -4.064792e-02 9.987939e-01 -8.076396e+00
-1.135042e-01 9.925859e-01 4.347406e-02 2.227469e+02 -9.930620e-01 -1.146948e-01 2.594147e-02 -1.091006e+02 3.073539e-02 -4.022798e-02 9.987177e-01 -8.151735e+00
-1.116585e-01 9.929001e-01 4.100938e-02 2.226656e+02 -9.932545e-01 -1.128068e-01 2.683431e-02 -1.098202e+02 3.126992e-02 -3.773647e-02 9.987984e-01 -8.178494e+00
-1.114602e-01 9.931899e-01 3.391603e-02 2.225730e+02 -9.933985e-01 -1.122855e-01 2.348044e-02 -1.105501e+02 2.712882e-02 -3.107500e-02 9.991488e-01 -8.192492e+00
-1.121601e-01 9.931155e-01 3.378570e-02 2.224773e+02 -9.934479e-01 -1.128185e-01 1.825283e-02 -1.113142e+02 2.193882e-02 -3.151710e-02 9.992624e-01 -8.200521e+00
-1.114687e-01 9.931070e-01 3.623888e-02 2.223752e+02 -9.936357e-01 -1.119746e-01 1.223940e-02 -1.120644e+02 1.621287e-02 -3.464394e-02 9.992682e-01 -8.220754e+00
-1.120189e-01 9.930452e-01 3.623537e-02 2.222742e+02 -9.935651e-01 -1.125427e-01 1.274752e-02 -1.128114e+02 1.673689e-02 -3.457424e-02 9.992620e-01 -8.278514e+00
-1.116120e-01 9.931401e-01 3.486285e-02 2.221896e+02 -9.935403e-01 -1.122434e-01 1.670486e-02 -1.135584e+02 2.050340e-02 -3.277319e-02 9.992525e-01 -8.265797e+00
-1.111236e-01 9.932033e-01 3.462372e-02 2.220978e+02 -9.935627e-01 -1.118006e-01 1.826750e-02 -1.143207e+02 2.201429e-02 -3.237089e-02 9.992335e-01 -8.306576e+00
-1.111089e-01 9.932231e-01 3.409840e-02 2.220159e+02 -9.936047e-01 -1.117150e-01 1.641285e-02 -1.150822e+02 2.011093e-02 -3.205672e-02 9.992837e-01 -8.336472e+00
-1.113373e-01 9.932278e-01 3.320611e-02 2.219139e+02 -9.936634e-01 -1.117795e-01 1.176882e-02 -1.158547e+02 1.540088e-02 -3.168538e-02 9.993792e-01 -8.337052e+00
-1.109908e-01 9.932344e-01 3.415511e-02 2.218301e+02 -9.937427e-01 -1.113489e-01 8.765057e-03 -1.166367e+02 1.250889e-02 -3.296855e-02 9.993781e-01 -8.361755e+00
-1.114343e-01 9.931164e-01 3.608387e-02 2.217231e+02 -9.936902e-01 -1.118169e-01 8.753642e-03 -1.174094e+02 1.272817e-02 -3.488073e-02 9.993104e-01 -8.383798e+00
-1.115775e-01 9.930846e-01 3.651603e-02 2.216237e+02 -9.936431e-01 -1.120426e-01 1.094361e-02 -1.181910e+02 1.495928e-02 -3.506284e-02 9.992731e-01 -8.401727e+00
-1.117399e-01 9.930630e-01 3.660611e-02 2.215336e+02 -9.935998e-01 -1.122616e-01 1.251438e-02 -1.189813e+02 1.653702e-02 -3.497347e-02 9.992514e-01 -8.413502e+00
-1.121291e-01 9.929703e-01 3.790629e-02 2.214289e+02 -9.935502e-01 -1.126795e-01 1.270228e-02 -1.197744e+02 1.688425e-02 -3.623750e-02 9.992006e-01 -8.453519e+00
-1.121155e-01 9.930140e-01 3.678907e-02 2.213277e+02 -9.935720e-01 -1.126077e-01 1.158915e-02 -1.205685e+02 1.565092e-02 -3.525327e-02 9.992558e-01 -8.466033e+00
-1.126339e-01 9.929233e-01 3.764153e-02 2.212295e+02 -9.935479e-01 -1.130493e-01 9.087678e-03 -1.213757e+02 1.327872e-02 -3.637508e-02 9.992500e-01 -8.478687e+00
-1.125964e-01 9.929164e-01 3.793626e-02 2.211295e+02 -9.935723e-01 -1.129549e-01 7.438892e-03 -1.221795e+02 1.167128e-02 -3.685483e-02 9.992525e-01 -8.508368e+00
-1.130246e-01 9.928228e-01 3.909137e-02 2.210208e+02 -9.935369e-01 -1.133457e-01 6.091312e-03 -1.229915e+02 1.047843e-02 -3.815025e-02 9.992171e-01 -8.508046e+00
-1.126313e-01 9.928021e-01 4.071807e-02 2.209203e+02 -9.935837e-01 -1.129546e-01 5.719006e-03 -1.238156e+02 1.027713e-02 -3.981267e-02 9.991543e-01 -8.514607e+00
-1.122121e-01 9.928099e-01 4.167578e-02 2.208187e+02 -9.936285e-01 -1.125513e-01 5.874399e-03 -1.246317e+02 1.052282e-02 -4.075107e-02 9.991139e-01 -8.552771e+00
-1.122866e-01 9.926832e-01 4.440451e-02 2.207052e+02 -9.936037e-01 -1.127047e-01 7.017067e-03 -1.254565e+02 1.197032e-02 -4.333256e-02 9.989890e-01 -8.562795e+00
-1.117018e-01 9.927050e-01 4.538128e-02 2.206028e+02 -9.936550e-01 -1.121789e-01 8.098928e-03 -1.262803e+02 1.313067e-02 -4.418867e-02 9.989369e-01 -8.568455e+00
-1.118551e-01 9.924732e-01 4.985410e-02 2.204913e+02 -9.936025e-01 -1.124869e-01 1.004709e-02 -1.271188e+02 1.557941e-02 -4.841133e-02 9.987060e-01 -8.589978e+00
-1.113526e-01 9.924390e-01 5.162872e-02 2.203914e+02 -9.936395e-01 -1.120629e-01 1.106530e-02 -1.279622e+02 1.676730e-02 -5.006818e-02 9.986051e-01 -8.604954e+00
-1.111164e-01 9.923579e-01 5.365546e-02 2.202796e+02 -9.936264e-01 -1.119645e-01 1.305612e-02 -1.288022e+02 1.896384e-02 -5.186274e-02 9.984741e-01 -8.631852e+00
-1.107590e-01 9.923599e-01 5.435339e-02 2.201794e+02 -9.936862e-01 -1.115599e-01 1.191908e-02 -1.296626e+02 1.789168e-02 -5.269007e-02 9.984506e-01 -8.652189e+00
-1.102536e-01 9.923851e-01 5.491760e-02 2.200755e+02 -9.937795e-01 -1.109442e-01 9.678872e-03 -1.305218e+02 1.569796e-02 -5.350885e-02 9.984440e-01 -8.687395e+00
-1.097780e-01 9.922738e-01 5.780444e-02 2.199679e+02 -9.938773e-01 -1.103159e-01 6.185001e-03 -1.313821e+02 1.251396e-02 -5.677154e-02 9.983088e-01 -8.674326e+00
-1.087620e-01 9.921094e-01 6.236890e-02 2.198611e+02 -9.939465e-01 -1.095147e-01 8.769475e-03 -1.322453e+02 1.553059e-02 -6.103756e-02 9.980146e-01 -8.727714e+00
-1.085579e-01 9.922362e-01 6.068270e-02 2.197535e+02 -9.938900e-01 -1.095585e-01 1.340057e-02 -1.331022e+02 1.994483e-02 -5.885720e-02 9.980671e-01 -8.734274e+00
-1.079948e-01 9.923549e-01 5.974124e-02 2.196446e+02 -9.938475e-01 -1.092526e-01 1.819489e-02 -1.339728e+02 2.458267e-02 -5.740872e-02 9.980481e-01 -8.780345e+00
-1.092696e-01 9.924380e-01 5.591983e-02 2.195340e+02 -9.937698e-01 -1.103123e-01 1.589948e-02 -1.348540e+02 2.194789e-02 -5.383410e-02 9.983087e-01 -8.783119e+00
-1.113023e-01 9.922552e-01 5.514818e-02 2.194360e+02 -9.936495e-01 -1.120371e-01 1.040451e-02 -1.357609e+02 1.650257e-02 -5.363992e-02 9.984240e-01 -8.814659e+00
-1.130171e-01 9.921267e-01 5.395947e-02 2.193213e+02 -9.934486e-01 -1.137599e-01 1.088746e-02 -1.366473e+02 1.694016e-02 -5.237548e-02 9.984838e-01 -8.838493e+00
-1.146584e-01 9.919395e-01 5.393878e-02 2.192015e+02 -9.932091e-01 -1.155447e-01 1.360309e-02 -1.375353e+02 1.972579e-02 -5.201278e-02 9.984516e-01 -8.854305e+00
-1.162406e-01 9.918250e-01 5.264325e-02 2.190831e+02 -9.929432e-01 -1.172985e-01 1.746422e-02 -1.384193e+02 2.349643e-02 -5.024170e-02 9.984607e-01 -8.891218e+00
-1.178583e-01 9.916363e-01 5.259997e-02 2.189648e+02 -9.927455e-01 -1.189278e-01 1.767600e-02 -1.393404e+02 2.378376e-02 -5.013512e-02 9.984592e-01 -8.908785e+00
-1.179365e-01 9.916528e-01 5.211078e-02 2.188460e+02 -9.927400e-01 -1.189892e-01 1.757262e-02 -1.402528e+02 2.362656e-02 -4.966000e-02 9.984867e-01 -8.929813e+00
-1.188120e-01 9.915144e-01 5.275320e-02 2.187206e+02 -9.926646e-01 -1.198115e-01 1.619834e-02 -1.411704e+02 2.238133e-02 -5.044167e-02 9.984762e-01 -8.968796e+00
-1.198225e-01 9.914151e-01 5.233219e-02 2.186033e+02 -9.925587e-01 -1.207781e-01 1.548551e-02 -1.420904e+02 2.167315e-02 -5.008725e-02 9.985096e-01 -8.980324e+00
-1.202472e-01 9.912919e-01 5.367536e-02 2.184770e+02 -9.925647e-01 -1.210773e-01 1.247967e-02 -1.430247e+02 1.886986e-02 -5.177562e-02 9.984804e-01 -9.013358e+00
-1.205275e-01 9.911829e-01 5.503966e-02 2.183536e+02 -9.925282e-01 -1.213811e-01 1.242312e-02 -1.439460e+02 1.899436e-02 -5.313108e-02 9.984069e-01 -9.035031e+00
-1.209810e-01 9.911177e-01 5.522142e-02 2.182326e+02 -9.924441e-01 -1.219142e-01 1.384395e-02 -1.448806e+02 2.045326e-02 -5.312932e-02 9.983782e-01 -9.071548e+00
-1.217459e-01 9.910583e-01 5.460027e-02 2.180976e+02 -9.923052e-01 -1.227797e-01 1.598223e-02 -1.458173e+02 2.254313e-02 -5.223437e-02 9.983804e-01 -9.086920e+00
-1.218551e-01 9.910727e-01 5.409679e-02 2.179750e+02 -9.923201e-01 -1.228138e-01 1.475520e-02 -1.467578e+02 2.126731e-02 -5.188333e-02 9.984267e-01 -9.118975e+00
-1.218040e-01 9.910594e-01 5.445348e-02 2.178566e+02 -9.923388e-01 -1.227369e-01 1.411744e-02 -1.476977e+02 2.067467e-02 -5.231676e-02 9.984165e-01 -9.142772e+00
-1.224823e-01 9.910015e-01 5.398355e-02 2.177217e+02 -9.922373e-01 -1.234517e-01 1.499276e-02 -1.486456e+02 2.152222e-02 -5.172814e-02 9.984292e-01 -9.178482e+00
-1.226994e-01 9.910108e-01 5.331451e-02 2.175979e+02 -9.921350e-01 -1.238243e-01 1.832180e-02 -1.496059e+02 2.475874e-02 -5.064711e-02 9.984097e-01 -9.210989e+00
-1.232597e-01 9.909645e-01 5.288122e-02 2.174626e+02 -9.920555e-01 -1.243958e-01 1.874775e-02 -1.505643e+02 2.515656e-02 -5.015027e-02 9.984248e-01 -9.228701e+00
-1.237090e-01 9.909012e-01 5.301599e-02 2.173251e+02 -9.920045e-01 -1.248373e-01 1.851197e-02 -1.515228e+02 2.496190e-02 -5.030201e-02 9.984221e-01 -9.252810e+00
-1.232526e-01 9.909441e-01 5.327906e-02 2.171881e+02 -9.920759e-01 -1.243565e-01 1.791373e-02 -1.524853e+02 2.437710e-02 -5.064896e-02 9.984190e-01 -9.284689e+00
-1.211339e-01 9.911822e-01 5.370677e-02 2.170744e+02 -9.923282e-01 -1.222667e-01 1.831922e-02 -1.534583e+02 2.472423e-02 -5.107566e-02 9.983887e-01 -9.328249e+00
-1.198497e-01 9.913795e-01 5.293915e-02 2.169446e+02 -9.925156e-01 -1.209043e-01 1.717384e-02 -1.544442e+02 2.342637e-02 -5.048465e-02 9.984500e-01 -9.363832e+00
-1.182302e-01 9.916008e-01 5.243653e-02 2.168293e+02 -9.927782e-01 -1.191212e-01 1.419592e-02 -1.554091e+02 2.032298e-02 -5.037946e-02 9.985234e-01 -9.375305e+00
-1.181463e-01 9.915741e-01 5.312564e-02 2.166805e+02 -9.928297e-01 -1.189370e-01 1.196507e-02 -1.563987e+02 1.818286e-02 -5.133109e-02 9.985161e-01 -9.404801e+00
-1.173899e-01 9.917192e-01 5.208116e-02 2.165705e+02 -9.929456e-01 -1.180933e-01 1.062957e-02 -1.573862e+02 1.669199e-02 -5.046596e-02 9.985863e-01 -9.417916e+00
-1.170484e-01 9.916917e-01 5.335980e-02 2.164341e+02 -9.928795e-01 -1.180478e-01 1.596883e-02 -1.583720e+02 2.213516e-02 -5.111073e-02 9.984477e-01 -9.465142e+00
-1.162055e-01 9.918358e-01 5.251598e-02 2.163075e+02 -9.929226e-01 -1.173127e-01 1.850436e-02 -1.593703e+02 2.451407e-02 -4.999400e-02 9.984486e-01 -9.479228e+00
-1.160617e-01 9.918354e-01 5.284286e-02 2.161702e+02 -9.929092e-01 -1.172357e-01 1.967652e-02 -1.603629e+02 2.571094e-02 -5.018447e-02 9.984090e-01 -9.536874e+00
-1.154264e-01 9.919749e-01 5.160024e-02 2.160493e+02 -9.931086e-01 -1.163080e-01 1.441560e-02 -1.613720e+02 2.030144e-02 -4.958070e-02 9.985638e-01 -9.532793e+00
-1.152676e-01 9.919369e-01 5.267509e-02 2.159064e+02 -9.931527e-01 -1.160989e-01 1.299660e-02 -1.623794e+02 1.900733e-02 -5.081632e-02 9.985271e-01 -9.583559e+00
-1.147218e-01 9.920409e-01 5.190202e-02 2.157820e+02 -9.932216e-01 -1.155285e-01 1.281012e-02 -1.633907e+02 1.870432e-02 -5.008060e-02 9.985700e-01 -9.594591e+00
-1.143007e-01 9.918815e-01 5.573544e-02 2.156704e+02 -9.932320e-01 -1.152610e-01 1.431935e-02 -1.644111e+02 2.062722e-02 -5.372151e-02 9.983429e-01 -9.633830e+00
-1.142752e-01 9.920953e-01 5.184682e-02 2.155304e+02 -9.931809e-01 -1.153013e-01 1.723974e-02 -1.654254e+02 2.308148e-02 -4.952320e-02 9.985062e-01 -9.669443e+00
-1.139562e-01 9.920779e-01 5.287110e-02 2.153982e+02 -9.932064e-01 -1.150248e-01 1.761932e-02 -1.664536e+02 2.356123e-02 -5.050408e-02 9.984459e-01 -9.685081e+00
-1.135170e-01 9.921944e-01 5.161610e-02 2.152698e+02 -9.932543e-01 -1.145687e-01 1.788511e-02 -1.674767e+02 2.365909e-02 -4.923765e-02 9.985068e-01 -9.732291e+00
-1.137892e-01 9.921591e-01 5.169632e-02 2.151372e+02 -9.932833e-01 -1.147087e-01 1.517547e-02 -1.685076e+02 2.098650e-02 -4.962229e-02 9.985476e-01 -9.750601e+00
-1.132711e-01 9.922650e-01 5.079251e-02 2.150136e+02 -9.933307e-01 -1.142045e-01 1.586017e-02 -1.695601e+02 2.153823e-02 -4.865725e-02 9.985833e-01 -9.785793e+00
-1.132228e-01 9.922872e-01 5.046449e-02 2.148866e+02 -9.933350e-01 -1.141537e-01 1.595144e-02 -1.705936e+02 2.158912e-02 -4.832207e-02 9.985985e-01 -9.816624e+00
-1.130484e-01 9.923289e-01 5.003238e-02 2.147432e+02 -9.933216e-01 -1.140438e-01 1.749731e-02 -1.716389e+02 2.306897e-02 -4.772020e-02 9.985943e-01 -9.860101e+00
-1.128651e-01 9.922904e-01 5.119790e-02 2.146095e+02 -9.934146e-01 -1.137155e-01 1.400102e-02 -1.727009e+02 1.971507e-02 -4.928052e-02 9.985904e-01 -9.861553e+00
-1.128839e-01 9.923540e-01 4.990748e-02 2.144787e+02 -9.933941e-01 -1.137597e-01 1.506105e-02 -1.737405e+02 2.062336e-02 -4.787765e-02 9.986403e-01 -9.918087e+00
-1.121631e-01 9.923695e-01 5.120815e-02 2.143544e+02 -9.934756e-01 -1.130598e-01 1.495566e-02 -1.748238e+02 2.063113e-02 -4.919658e-02 9.985760e-01 -9.920231e+00
-1.123573e-01 9.923609e-01 5.094763e-02 2.142128e+02 -9.933729e-01 -1.134255e-01 1.857393e-02 -1.758714e+02 2.421080e-02 -4.852308e-02 9.985286e-01 -9.981031e+00
-1.122005e-01 9.923915e-01 5.069917e-02 2.140778e+02 -9.934434e-01 -1.131537e-01 1.633308e-02 -1.769435e+02 2.194561e-02 -4.853418e-02 9.985804e-01 -9.982651e+00
-1.115814e-01 9.923849e-01 5.216987e-02 2.139456e+02 -9.934551e-01 -1.126842e-01 1.869010e-02 -1.780127e+02 2.442649e-02 -4.974296e-02 9.984633e-01 -1.004824e+01
-1.114258e-01 9.925035e-01 5.020966e-02 2.138096e+02 -9.935197e-01 -1.123953e-01 1.690722e-02 -1.790860e+02 2.242380e-02 -4.800039e-02 9.985956e-01 -1.005816e+01
-1.110460e-01 9.924492e-01 5.209009e-02 2.136810e+02 -9.935567e-01 -1.120601e-01 1.696118e-02 -1.801556e+02 2.267033e-02 -4.987098e-02 9.984983e-01 -1.010651e+01
-1.110326e-01 9.925137e-01 5.087461e-02 2.135477e+02 -9.936358e-01 -1.118436e-01 1.337290e-02 -1.812414e+02 1.896278e-02 -4.906601e-02 9.986155e-01 -1.012158e+01
-1.119685e-01 9.923214e-01 5.254979e-02 2.134117e+02 -9.935293e-01 -1.128045e-01 1.321626e-02 -1.823121e+02 1.904263e-02 -5.072995e-02 9.985309e-01 -1.016314e+01
-1.131494e-01 9.922428e-01 5.149379e-02 2.132724e+02 -9.933731e-01 -1.140264e-01 1.441604e-02 -1.833945e+02 2.017587e-02 -4.952138e-02 9.985693e-01 -1.017562e+01
-1.145552e-01 9.920265e-01 5.254094e-02 2.131333e+02 -9.931883e-01 -1.155031e-01 1.536539e-02 -1.844638e+02 2.131152e-02 -5.042286e-02 9.985005e-01 -1.023785e+01
-1.150898e-01 9.919674e-01 5.248883e-02 2.129976e+02 -9.930909e-01 -1.161170e-01 1.695114e-02 -1.855434e+02 2.290982e-02 -5.017527e-02 9.984776e-01 -1.026355e+01
-1.157327e-01 9.919230e-01 5.191293e-02 2.128638e+02 -9.930648e-01 -1.166384e-01 1.476225e-02 -1.866021e+02 2.069806e-02 -4.984442e-02 9.985425e-01 -1.030211e+01
-1.164699e-01 9.919323e-01 5.005190e-02 2.127199e+02 -9.930549e-01 -1.171498e-01 1.086099e-02 -1.876750e+02 1.663693e-02 -4.843931e-02 9.986876e-01 -1.034597e+01
-1.169680e-01 9.919100e-01 4.932651e-02 2.125921e+02 -9.929842e-01 -1.176733e-01 1.163701e-02 -1.887313e+02 1.734728e-02 -4.761928e-02 9.987149e-01 -1.034983e+01
-1.170900e-01 9.920178e-01 4.680285e-02 2.124516e+02 -9.929393e-01 -1.178406e-01 1.360064e-02 -1.897853e+02 1.900735e-02 -4.487989e-02 9.988115e-01 -1.039593e+01
-1.176744e-01 9.918267e-01 4.932114e-02 2.123065e+02 -9.928440e-01 -1.185217e-01 1.461153e-02 -1.908339e+02 2.033774e-02 -4.724880e-02 9.986761e-01 -1.040328e+01
-1.177475e-01 9.918464e-01 4.874728e-02 2.121770e+02 -9.928530e-01 -1.185445e-01 1.378662e-02 -1.918877e+02 1.945294e-02 -4.677554e-02 9.987160e-01 -1.046282e+01
-1.177243e-01 9.917512e-01 5.069944e-02 2.120350e+02 -9.929018e-01 -1.184247e-01 1.102711e-02 -1.929238e+02 1.694021e-02 -4.904141e-02 9.986531e-01 -1.048141e+01
-1.176777e-01 9.917441e-01 5.094744e-02 2.119056e+02 -9.929439e-01 -1.182663e-01 8.687370e-03 -1.939772e+02 1.464102e-02 -4.956564e-02 9.986635e-01 -1.051330e+01
-1.176778e-01 9.916396e-01 5.294261e-02 2.117614e+02 -9.929319e-01 -1.183246e-01 9.243179e-03 -1.949945e+02 1.543031e-02 -5.148069e-02 9.985548e-01 -1.054443e+01
-1.174845e-01 9.917420e-01 5.143193e-02 2.116353e+02 -9.929034e-01 -1.182684e-01 1.246140e-02 -1.960311e+02 1.844126e-02 -4.960292e-02 9.985988e-01 -1.056778e+01
-1.175411e-01 9.916406e-01 5.322547e-02 2.114975e+02 -9.928587e-01 -1.184477e-01 1.420123e-02 -1.970477e+02 2.038695e-02 -5.117615e-02 9.984815e-01 -1.060586e+01
-1.173731e-01 9.917102e-01 5.229130e-02 2.113660e+02 -9.928488e-01 -1.183373e-01 1.573092e-02 -1.980725e+02 2.178853e-02 -5.007097e-02 9.985080e-01 -1.062651e+01
-1.178062e-01 9.916338e-01 5.276339e-02 2.112283e+02 -9.928428e-01 -1.186666e-01 1.346781e-02 -1.990858e+02 1.961639e-02 -5.079916e-02 9.985162e-01 -1.066533e+01
-1.174204e-01 9.916996e-01 5.238821e-02 2.110928e+02 -9.928983e-01 -1.182505e-01 1.302895e-02 -2.001038e+02 1.911574e-02 -5.048630e-02 9.985418e-01 -1.070278e+01
-1.172190e-01 9.917059e-01 5.271729e-02 2.109635e+02 -9.929981e-01 -1.178237e-01 8.503398e-03 -2.011316e+02 1.464422e-02 -5.135141e-02 9.985732e-01 -1.071223e+01
-1.171895e-01 9.916489e-01 5.384351e-02 2.108331e+02 -9.930124e-01 -1.177641e-01 7.614007e-03 -2.021421e+02 1.389126e-02 -5.257500e-02 9.985204e-01 -1.077486e+01
-1.172998e-01 9.916601e-01 5.339660e-02 2.107056e+02 -9.929908e-01 -1.179023e-01 8.268477e-03 -2.031551e+02 1.449510e-02 -5.205244e-02 9.985391e-01 -1.075351e+01
-1.172136e-01 9.916627e-01 5.353486e-02 2.105750e+02 -9.928284e-01 -1.182866e-01 1.732125e-02 -2.041596e+02 2.350929e-02 -5.112064e-02 9.984158e-01 -1.081655e+01
-1.167353e-01 9.918299e-01 5.144223e-02 2.104440e+02 -9.927813e-01 -1.179699e-01 2.164393e-02 -2.051816e+02 2.753573e-02 -4.854427e-02 9.984414e-01 -1.081855e+01
-1.169717e-01 9.917248e-01 5.290814e-02 2.103108e+02 -9.927663e-01 -1.182142e-01 2.098539e-02 -2.061869e+02 2.706622e-02 -5.007073e-02 9.983789e-01 -1.087025e+01
-1.170188e-01 9.917847e-01 5.166969e-02 2.101653e+02 -9.929364e-01 -1.178640e-01 1.361744e-02 -2.072186e+02 1.959556e-02 -4.971122e-02 9.985714e-01 -1.089755e+01
-1.170332e-01 9.916455e-01 5.424384e-02 2.100350e+02 -9.929268e-01 -1.179343e-01 1.370716e-02 -2.082416e+02 1.998985e-02 -5.225597e-02 9.984336e-01 -1.093213e+01
-1.169114e-01 9.916887e-01 5.371598e-02 2.099030e+02 -9.929462e-01 -1.177922e-01 1.352577e-02 -2.092769e+02 1.974068e-02 -5.175576e-02 9.984646e-01 -1.094754e+01
-1.171780e-01 9.915174e-01 5.623608e-02 2.097695e+02 -9.928372e-01 -1.182870e-01 1.680522e-02 -2.102967e+02 2.331467e-02 -5.386407e-02 9.982761e-01 -1.099676e+01
-1.172451e-01 9.916258e-01 5.414461e-02 2.096343e+02 -9.928342e-01 -1.183076e-01 1.684102e-02 -2.113148e+02 2.310571e-02 -5.178209e-02 9.983911e-01 -1.100166e+01
-1.170725e-01 9.916125e-01 5.476039e-02 2.094905e+02 -9.927766e-01 -1.183106e-01 1.993119e-02 -2.123489e+02 2.624275e-02 -5.203144e-02 9.983006e-01 -1.107580e+01
-1.167247e-01 9.917809e-01 5.240276e-02 2.093718e+02 -9.928818e-01 -1.177873e-01 1.765916e-02 -2.133883e+02 2.368640e-02 -4.996848e-02 9.984699e-01 -1.108614e+01
-1.165752e-01 9.916756e-01 5.467721e-02 2.092300e+02 -9.929620e-01 -1.175309e-01 1.458832e-02 -2.144145e+02 2.089314e-02 -5.259176e-02 9.983975e-01 -1.113306e+01
-1.162137e-01 9.918562e-01 5.211170e-02 2.091063e+02 -9.930697e-01 -1.169609e-01 1.151595e-02 -2.154498e+02 1.751719e-02 -5.041224e-02 9.985749e-01 -1.114904e+01
-1.164793e-01 9.915558e-01 5.700503e-02 2.089627e+02 -9.930432e-01 -1.172668e-01 1.065934e-02 -2.164663e+02 1.725413e-02 -5.536688e-02 9.983170e-01 -1.117863e+01
-1.161555e-01 9.917673e-01 5.390124e-02 2.088310e+02 -9.930254e-01 -1.170647e-01 1.401833e-02 -2.174903e+02 2.021285e-02 -5.189699e-02 9.984479e-01 -1.121792e+01
-1.161594e-01 9.917247e-01 5.467324e-02 2.087041e+02 -9.929431e-01 -1.172740e-01 1.762809e-02 -2.185099e+02 2.389397e-02 -5.223975e-02 9.983487e-01 -1.123513e+01
-1.152991e-01 9.920229e-01 5.095823e-02 2.085835e+02 -9.929553e-01 -1.165141e-01 2.154574e-02 -2.195145e+02 2.731122e-02 -4.811504e-02 9.984683e-01 -1.129052e+01
-1.154480e-01 9.919850e-01 5.135774e-02 2.084517e+02 -9.930539e-01 -1.164456e-01 1.686703e-02 -2.205228e+02 2.271223e-02 -4.905374e-02 9.985379e-01 -1.131113e+01
-1.155525e-01 9.921045e-01 4.874741e-02 2.083165e+02 -9.930866e-01 -1.164088e-01 1.509448e-02 -2.215285e+02 2.064992e-02 -4.666620e-02 9.986971e-01 -1.136267e+01
-1.155293e-01 9.920155e-01 5.057911e-02 2.081947e+02 -9.931090e-01 -1.163658e-01 1.391107e-02 -2.225316e+02 1.968569e-02 -4.862343e-02 9.986232e-01 -1.137875e+01
-1.151001e-01 9.921538e-01 4.881390e-02 2.080668e+02 -9.931394e-01 -1.159575e-01 1.510077e-02 -2.235295e+02 2.064263e-02 -4.674090e-02 9.986937e-01 -1.142675e+01
-1.155885e-01 9.921285e-01 4.816978e-02 2.079410e+02 -9.931302e-01 -1.163225e-01 1.270960e-02 -2.245054e+02 1.821278e-02 -4.636978e-02 9.987583e-01 -1.144410e+01
-1.158611e-01 9.922245e-01 4.546434e-02 2.078127e+02 -9.931275e-01 -1.164864e-01 1.134877e-02 -2.254960e+02 1.655651e-02 -4.383700e-02 9.989015e-01 -1.148717e+01
-1.164179e-01 9.921120e-01 4.648323e-02 2.076910e+02 -9.930941e-01 -1.169624e-01 9.159980e-03 -2.264643e+02 1.452451e-02 -4.509583e-02 9.988770e-01 -1.150113e+01
-1.166919e-01 9.921377e-01 4.522920e-02 2.075659e+02 -9.930396e-01 -1.172884e-01 1.075373e-02 -2.274292e+02 1.597404e-02 -4.365952e-02 9.989188e-01 -1.154604e+01
-1.174814e-01 9.921086e-01 4.380103e-02 2.074464e+02 -9.929422e-01 -1.180728e-01 1.115864e-02 -2.283645e+02 1.624230e-02 -4.218096e-02 9.989780e-01 -1.156209e+01
-1.175892e-01 9.921243e-01 4.315446e-02 2.073319e+02 -9.929243e-01 -1.181863e-01 1.154742e-02 -2.293153e+02 1.655675e-02 -4.149126e-02 9.990017e-01 -1.160028e+01
-1.179849e-01 9.920795e-01 4.310236e-02 2.072080e+02 -9.929482e-01 -1.183706e-01 6.497234e-03 -2.302353e+02 1.154782e-02 -4.203184e-02 9.990495e-01 -1.161047e+01
-1.183589e-01 9.920130e-01 4.360380e-02 2.070846e+02 -9.929398e-01 -1.185888e-01 2.717616e-03 -2.311631e+02 7.866833e-03 -4.297429e-02 9.990452e-01 -1.163836e+01
-1.187336e-01 9.918630e-01 4.593658e-02 2.069650e+02 -9.929239e-01 -1.187052e-01 -3.356308e-03 -2.320529e+02 2.123913e-03 -4.601004e-02 9.989387e-01 -1.165335e+01
-1.190528e-01 9.917390e-01 4.775188e-02 2.068491e+02 -9.928810e-01 -1.190943e-01 -1.987692e-03 -2.329289e+02 3.715705e-03 -4.764858e-02 9.988573e-01 -1.168156e+01
-1.194991e-01 9.916543e-01 4.839322e-02 2.067345e+02 -9.927671e-01 -1.199163e-01 5.802359e-03 -2.337726e+02 1.155707e-02 -4.734981e-02 9.988115e-01 -1.169683e+01
-1.196222e-01 9.917465e-01 4.614423e-02 2.066225e+02 -9.925950e-01 -1.204543e-01 1.568373e-02 -2.346098e+02 2.111256e-02 -4.392640e-02 9.988117e-01 -1.173480e+01
-1.200958e-01 9.917534e-01 4.474415e-02 2.065192e+02 -9.924731e-01 -1.210266e-01 1.869724e-02 -2.354215e+02 2.395828e-02 -4.216190e-02 9.988235e-01 -1.174871e+01
-1.200589e-01 9.918342e-01 4.302033e-02 2.064097e+02 -9.925731e-01 -1.207785e-01 1.452909e-02 -2.362374e+02 1.960638e-02 -4.095648e-02 9.989685e-01 -1.176886e+01
-1.204174e-01 9.918587e-01 4.142489e-02 2.063044e+02 -9.926160e-01 -1.209133e-01 9.670463e-03 -2.370322e+02 1.460055e-02 -3.995452e-02 9.990948e-01 -1.180950e+01
-1.205795e-01 9.918942e-01 4.008161e-02 2.061996e+02 -9.925733e-01 -1.211199e-01 1.133465e-02 -2.378152e+02 1.609745e-02 -3.841721e-02 9.991321e-01 -1.181908e+01
-1.208100e-01 9.918069e-01 4.151856e-02 2.060924e+02 -9.923752e-01 -1.216968e-01 1.952736e-02 -2.385797e+02 2.442005e-02 -3.884289e-02 9.989469e-01 -1.183463e+01
-1.207713e-01 9.915628e-01 4.709082e-02 2.059925e+02 -9.918044e-01 -1.225212e-01 3.623281e-02 -2.393232e+02 4.169673e-02 -4.232901e-02 9.982333e-01 -1.191068e+01
-1.210481e-01 9.913999e-01 4.973536e-02 2.058848e+02 -9.911937e-01 -1.234291e-01 4.796240e-02 -2.400680e+02 5.368870e-02 -4.349162e-02 9.976102e-01 -1.188885e+01
-1.217188e-01 9.913837e-01 4.840266e-02 2.057730e+02 -9.912412e-01 -1.239293e-01 4.563328e-02 -2.408225e+02 5.123860e-02 -4.242428e-02 9.977849e-01 -1.197711e+01
-1.223685e-01 9.914077e-01 4.622746e-02 2.056771e+02 -9.921250e-01 -1.234453e-01 2.119866e-02 -2.416022e+02 2.672308e-02 -4.326937e-02 9.987060e-01 -1.201510e+01
-1.233059e-01 9.912820e-01 4.642940e-02 2.055622e+02 -9.923472e-01 -1.228607e-01 -1.233569e-02 -2.423726e+02 -6.523801e-03 -4.759515e-02 9.988454e-01 -1.199673e+01
-1.233437e-01 9.911987e-01 4.807806e-02 2.054532e+02 -9.920510e-01 -1.219431e-01 -3.106000e-02 -2.431405e+02 -2.492384e-02 -5.152693e-02 9.983606e-01 -1.202743e+01
-1.239214e-01 9.911068e-01 4.848314e-02 2.053632e+02 -9.921648e-01 -1.229752e-01 -2.204729e-02 -2.438578e+02 -1.588900e-02 -5.083540e-02 9.985806e-01 -1.207954e+01
-1.260808e-01 9.909202e-01 4.669797e-02 2.052646e+02 -9.919869e-01 -1.263213e-01 2.223011e-03 -2.445585e+02 8.101774e-03 -4.604350e-02 9.989066e-01 -1.205135e+01
-1.297846e-01 9.905742e-01 4.380216e-02 2.051584e+02 -9.911784e-01 -1.308069e-01 2.132921e-02 -2.452564e+02 2.685780e-02 -4.064756e-02 9.988125e-01 -1.208417e+01
-1.319742e-01 9.904024e-01 4.106154e-02 2.050566e+02 -9.909303e-01 -1.328752e-01 2.003587e-02 -2.459894e+02 2.529964e-02 -3.804491e-02 9.989557e-01 -1.206281e+01
-1.333820e-01 9.902086e-01 4.118641e-02 2.049478e+02 -9.908945e-01 -1.340141e-01 1.297836e-02 -2.467309e+02 1.837085e-02 -3.908031e-02 9.990672e-01 -1.209726e+01
-1.333857e-01 9.900294e-01 4.527718e-02 2.048463e+02 -9.909288e-01 -1.339833e-01 1.041729e-02 -2.474355e+02 1.637980e-02 -4.347695e-02 9.989201e-01 -1.211615e+01
-1.348532e-01 9.898883e-01 4.399819e-02 2.047424e+02 -9.906892e-01 -1.355340e-01 1.286133e-02 -2.481278e+02 1.869453e-02 -4.185414e-02 9.989488e-01 -1.215298e+01
-1.382492e-01 9.894051e-01 4.432610e-02 2.046268e+02 -9.901652e-01 -1.390476e-01 1.545390e-02 -2.488168e+02 2.145361e-02 -4.175367e-02 9.988976e-01 -1.217503e+01
-1.417848e-01 9.890364e-01 4.127851e-02 2.045186e+02 -9.896315e-01 -1.425901e-01 1.724815e-02 -2.495307e+02 2.294495e-02 -3.840499e-02 9.989988e-01 -1.219007e+01
-1.470742e-01 9.881738e-01 4.338076e-02 2.043966e+02 -9.889002e-01 -1.478351e-01 1.487372e-02 -2.502200e+02 2.111102e-02 -4.071170e-02 9.989479e-01 -1.222417e+01
-1.527653e-01 9.871897e-01 4.603504e-02 2.042734e+02 -9.880709e-01 -1.534871e-01 1.255448e-02 -2.509213e+02 1.945944e-02 -4.356799e-02 9.988610e-01 -1.222160e+01
-1.581281e-01 9.863315e-01 4.632181e-02 2.041493e+02 -9.872496e-01 -1.587949e-01 1.106216e-02 -2.516306e+02 1.826662e-02 -4.398195e-02 9.988653e-01 -1.225177e+01
-1.636894e-01 9.854106e-01 4.660356e-02 2.040207e+02 -9.863254e-01 -1.643944e-01 1.169426e-02 -2.523285e+02 1.918501e-02 -4.405205e-02 9.988450e-01 -1.228065e+01
-1.685147e-01 9.847081e-01 4.418984e-02 2.038984e+02 -9.855008e-01 -1.692107e-01 1.248661e-02 -2.530401e+02 1.977306e-02 -4.144495e-02 9.989451e-01 -1.227907e+01
-1.727172e-01 9.838818e-01 4.631942e-02 2.037624e+02 -9.847615e-01 -1.734603e-01 1.250574e-02 -2.537281e+02 2.033876e-02 -4.345363e-02 9.988484e-01 -1.231920e+01
-1.763223e-01 9.831406e-01 4.842426e-02 2.036249e+02 -9.841142e-01 -1.771056e-01 1.235942e-02 -2.544470e+02 2.072725e-02 -4.547576e-02 9.987504e-01 -1.231364e+01
-1.796007e-01 9.824568e-01 5.022282e-02 2.034836e+02 -9.835292e-01 -1.803840e-01 1.148829e-02 -2.551543e+02 2.034614e-02 -4.733230e-02 9.986719e-01 -1.235008e+01
-1.829363e-01 9.817886e-01 5.124106e-02 2.033338e+02 -9.828519e-01 -1.838648e-01 1.399508e-02 -2.558665e+02 2.316164e-02 -4.780217e-02 9.985883e-01 -1.237597e+01
-1.853852e-01 9.814388e-01 4.909439e-02 2.031944e+02 -9.823636e-01 -1.863360e-01 1.551517e-02 -2.565776e+02 2.437525e-02 -4.535226e-02 9.986736e-01 -1.237943e+01
-1.882335e-01 9.809297e-01 4.842725e-02 2.030435e+02 -9.817685e-01 -1.892635e-01 1.760162e-02 -2.572872e+02 2.643146e-02 -4.423114e-02 9.986716e-01 -1.243557e+01
-1.903828e-01 9.805114e-01 4.849364e-02 2.029021e+02 -9.813328e-01 -1.914465e-01 1.828172e-02 -2.580117e+02 2.720937e-02 -4.410787e-02 9.986562e-01 -1.242252e+01
-1.927944e-01 9.800911e-01 4.745155e-02 2.027451e+02 -9.808594e-01 -1.938397e-01 1.846424e-02 -2.587354e+02 2.729464e-02 -4.298349e-02 9.987029e-01 -1.246758e+01
-1.955473e-01 9.795556e-01 4.724641e-02 2.025856e+02 -9.803419e-01 -1.965413e-01 1.735775e-02 -2.594826e+02 2.628876e-02 -4.292338e-02 9.987324e-01 -1.248046e+01
-1.987194e-01 9.790018e-01 4.545408e-02 2.024286e+02 -9.797962e-01 -1.995215e-01 1.380375e-02 -2.602235e+02 2.258296e-02 -4.179266e-02 9.988710e-01 -1.249884e+01
-2.011670e-01 9.785454e-01 4.450627e-02 2.022633e+02 -9.793862e-01 -2.017727e-01 9.517360e-03 -2.609660e+02 1.829332e-02 -4.167425e-02 9.989638e-01 -1.252643e+01
-2.039717e-01 9.779676e-01 4.444063e-02 2.021061e+02 -9.788554e-01 -2.044508e-01 6.470095e-03 -2.617137e+02 1.541347e-02 -4.218124e-02 9.989911e-01 -1.253006e+01
-2.068547e-01 9.773849e-01 4.393169e-02 2.019315e+02 -9.782277e-01 -2.073858e-01 7.850122e-03 -2.624536e+02 1.678340e-02 -4.135136e-02 9.990037e-01 -1.256393e+01
-2.091953e-01 9.768841e-01 4.398452e-02 2.017560e+02 -9.776276e-01 -2.099403e-01 1.300769e-02 -2.632072e+02 2.194113e-02 -4.027934e-02 9.989475e-01 -1.256987e+01
-2.108526e-01 9.765295e-01 4.394592e-02 2.015863e+02 -9.771536e-01 -2.117881e-01 1.779332e-02 -2.639707e+02 2.668293e-02 -3.919014e-02 9.988754e-01 -1.259196e+01
-2.111963e-01 9.764115e-01 4.490917e-02 2.014082e+02 -9.769526e-01 -2.123234e-01 2.196312e-02 -2.647304e+02 3.098031e-02 -3.923560e-02 9.987496e-01 -1.261714e+01
-2.110589e-01 9.764652e-01 4.438375e-02 2.012411e+02 -9.770151e-01 -2.121326e-01 2.100572e-02 -2.655033e+02 2.992659e-02 -3.893015e-02 9.987937e-01 -1.263594e+01
-2.104561e-01 9.767076e-01 4.183923e-02 2.010749e+02 -9.772474e-01 -2.113416e-01 1.795575e-02 -2.662838e+02 2.637989e-02 -3.710838e-02 9.989630e-01 -1.268288e+01
-2.104504e-01 9.767075e-01 4.186809e-02 2.008901e+02 -9.773298e-01 -2.112135e-01 1.467179e-02 -2.670688e+02 2.317316e-02 -3.783125e-02 9.990154e-01 -1.268880e+01
-2.100602e-01 9.767681e-01 4.241187e-02 2.007159e+02 -9.774479e-01 -2.107732e-01 1.305210e-02 -2.678521e+02 2.168817e-02 -3.871367e-02 9.990150e-01 -1.271538e+01
-2.102150e-01 9.765561e-01 4.634470e-02 2.005305e+02 -9.774429e-01 -2.109208e-01 1.085074e-02 -2.686406e+02 2.037142e-02 -4.301831e-02 9.988666e-01 -1.271108e+01
-2.104090e-01 9.764320e-01 4.804871e-02 2.003450e+02 -9.774036e-01 -2.111278e-01 1.035234e-02 -2.694276e+02 2.025277e-02 -4.478476e-02 9.987913e-01 -1.275279e+01
-2.108212e-01 9.764253e-01 4.634492e-02 2.001602e+02 -9.772703e-01 -2.116108e-01 1.279128e-02 -2.702190e+02 2.229681e-02 -4.259484e-02 9.988436e-01 -1.279252e+01
-2.106419e-01 9.766260e-01 4.279851e-02 1.999872e+02 -9.770622e-01 -2.117337e-01 2.276667e-02 -2.710018e+02 3.129641e-02 -3.702119e-02 9.988243e-01 -1.281362e+01
-2.102263e-01 9.765519e-01 4.638208e-02 1.998042e+02 -9.769707e-01 -2.116148e-01 2.734010e-02 -2.718115e+02 3.651416e-02 -3.956632e-02 9.985496e-01 -1.280740e+01
-2.109536e-01 9.763710e-01 4.688577e-02 1.996163e+02 -9.768495e-01 -2.123158e-01 2.621315e-02 -2.726212e+02 3.554835e-02 -4.027059e-02 9.985563e-01 -1.288119e+01
-2.126542e-01 9.760970e-01 4.486588e-02 1.994322e+02 -9.766663e-01 -2.137403e-01 2.093086e-02 -2.734276e+02 3.002019e-02 -3.936796e-02 9.987738e-01 -1.290136e+01
-2.122809e-01 9.762356e-01 4.360093e-02 1.992381e+02 -9.767378e-01 -2.133523e-01 2.154442e-02 -2.742742e+02 3.033478e-02 -3.801320e-02 9.988167e-01 -1.292060e+01
-2.123873e-01 9.761662e-01 4.462200e-02 1.990617e+02 -9.765552e-01 -2.136688e-01 2.618435e-02 -2.750734e+02 3.509460e-02 -3.801462e-02 9.986607e-01 -1.296123e+01
-2.127379e-01 9.761358e-01 4.360713e-02 1.988527e+02 -9.762866e-01 -2.141780e-01 3.150166e-02 -2.759017e+02 4.008958e-02 -3.587146e-02 9.985520e-01 -1.301656e+01
-2.127172e-01 9.760849e-01 4.483148e-02 1.986724e+02 -9.763817e-01 -2.141097e-01 2.891108e-02 -2.767416e+02 3.781852e-02 -3.762276e-02 9.985761e-01 -1.298413e+01
-2.131152e-01 9.760031e-01 4.472103e-02 1.984671e+02 -9.765096e-01 -2.142687e-01 2.275837e-02 -2.775686e+02 3.179456e-02 -3.882036e-02 9.987403e-01 -1.310944e+01
-2.146786e-01 9.756339e-01 4.529260e-02 1.982746e+02 -9.764708e-01 -2.153714e-01 1.095231e-02 -2.784374e+02 2.044017e-02 -4.187568e-02 9.989137e-01 -1.308036e+01
-2.158211e-01 9.755347e-01 4.187120e-02 1.980794e+02 -9.763068e-01 -2.162839e-01 6.801153e-03 -2.792923e+02 1.569083e-02 -3.941130e-02 9.990999e-01 -1.310678e+01
-2.167920e-01 9.751650e-01 4.532539e-02 1.978758e+02 -9.760458e-01 -2.173916e-01 8.687330e-03 -2.801468e+02 1.832494e-02 -4.235631e-02 9.989345e-01 -1.313831e+01
-2.175930e-01 9.748778e-01 4.760869e-02 1.976785e+02 -9.757257e-01 -2.185010e-01 1.471910e-02 -2.809867e+02 2.475187e-02 -4.325025e-02 9.987576e-01 -1.312333e+01
-2.185301e-01 9.746904e-01 4.715013e-02 1.974591e+02 -9.754633e-01 -2.195176e-01 1.683390e-02 -2.818475e+02 2.675813e-02 -4.231451e-02 9.987460e-01 -1.318512e+01
-2.198344e-01 9.743918e-01 4.726020e-02 1.972619e+02 -9.751689e-01 -2.208244e-01 1.679747e-02 -2.827115e+02 2.680353e-02 -4.239402e-02 9.987414e-01 -1.320469e+01
-2.206637e-01 9.743652e-01 4.381758e-02 1.970535e+02 -9.750521e-01 -2.214838e-01 1.477832e-02 -2.835976e+02 2.410436e-02 -3.946338e-02 9.989302e-01 -1.322220e+01
-2.216552e-01 9.740421e-01 4.594374e-02 1.968417e+02 -9.748339e-01 -2.224943e-01 1.396841e-02 -2.844650e+02 2.382804e-02 -4.169134e-02 9.988464e-01 -1.326034e+01
-2.225397e-01 9.738733e-01 4.524212e-02 1.966350e+02 -9.746807e-01 -2.232804e-01 1.197267e-02 -2.853497e+02 2.176154e-02 -4.143223e-02 9.989043e-01 -1.326192e+01
-2.235938e-01 9.735506e-01 4.695871e-02 1.964104e+02 -9.744451e-01 -2.243428e-01 1.126827e-02 -2.862387e+02 2.150508e-02 -4.323917e-02 9.988333e-01 -1.328728e+01
-2.242658e-01 9.733250e-01 4.840891e-02 1.961955e+02 -9.742349e-01 -2.251399e-01 1.336096e-02 -2.871374e+02 2.390333e-02 -4.416524e-02 9.987382e-01 -1.332562e+01
-2.252049e-01 9.730850e-01 4.887059e-02 1.959801e+02 -9.739590e-01 -2.261891e-01 1.556778e-02 -2.880330e+02 2.620277e-02 -4.409200e-02 9.986838e-01 -1.333862e+01
-2.256263e-01 9.729288e-01 5.002342e-02 1.957500e+02 -9.738653e-01 -2.266217e-01 1.513532e-02 -2.889476e+02 2.606198e-02 -4.530115e-02 9.986334e-01 -1.337174e+01
-2.261788e-01 9.727529e-01 5.094130e-02 1.955323e+02 -9.738180e-01 -2.270334e-01 1.158956e-02 -2.898574e+02 2.283915e-02 -4.698625e-02 9.986344e-01 -1.339368e+01
-2.270488e-01 9.725876e-01 5.021887e-02 1.953040e+02 -9.736611e-01 -2.277965e-01 9.623082e-03 -2.907646e+02 2.079897e-02 -4.671126e-02 9.986919e-01 -1.342023e+01
-2.276683e-01 9.724365e-01 5.034423e-02 1.950841e+02 -9.735143e-01 -2.284215e-01 9.678071e-03 -2.916761e+02 2.091102e-02 -4.680743e-02 9.986851e-01 -1.346155e+01
-2.286177e-01 9.723043e-01 4.856161e-02 1.948611e+02 -9.732992e-01 -2.293355e-01 9.687724e-03 -2.925906e+02 2.055632e-02 -4.505019e-02 9.987732e-01 -1.345878e+01
-2.295063e-01 9.720977e-01 4.850658e-02 1.946284e+02 -9.731056e-01 -2.301878e-01 8.886013e-03 -2.935082e+02 1.980369e-02 -4.516264e-02 9.987833e-01 -1.348415e+01
-2.300812e-01 9.719964e-01 4.780871e-02 1.944037e+02 -9.729363e-01 -2.308276e-01 1.065183e-02 -2.944174e+02 2.138911e-02 -4.406404e-02 9.987997e-01 -1.351925e+01
-2.309264e-01 9.718252e-01 4.720987e-02 1.941801e+02 -9.727030e-01 -2.317299e-01 1.224736e-02 -2.953322e+02 2.284223e-02 -4.309295e-02 9.988099e-01 -1.354633e+01
-2.316873e-01 9.716377e-01 4.734285e-02 1.939391e+02 -9.724967e-01 -2.325386e-01 1.326779e-02 -2.962498e+02 2.390053e-02 -4.296678e-02 9.987906e-01 -1.357010e+01
-2.325003e-01 9.714190e-01 4.784116e-02 1.937201e+02 -9.723317e-01 -2.333031e-01 1.186893e-02 -2.971501e+02 2.269119e-02 -4.375794e-02 9.987844e-01 -1.358204e+01
-2.331725e-01 9.712907e-01 4.716850e-02 1.934935e+02 -9.721366e-01 -2.340288e-01 1.344701e-02 -2.980699e+02 2.409974e-02 -4.271876e-02 9.987964e-01 -1.362647e+01
-2.340449e-01 9.710988e-01 4.679836e-02 1.932588e+02 -9.719090e-01 -2.349262e-01 1.423535e-02 -2.989865e+02 2.481809e-02 -4.215203e-02 9.988029e-01 -1.364797e+01
-2.346345e-01 9.709784e-01 4.634219e-02 1.930298e+02 -9.717980e-01 -2.354545e-01 1.303108e-02 -2.998897e+02 2.356437e-02 -4.197770e-02 9.988406e-01 -1.367203e+01
-2.351224e-01 9.708671e-01 4.620152e-02 1.927957e+02 -9.717503e-01 -2.358053e-01 9.856381e-03 -3.008062e+02 2.046381e-02 -4.257889e-02 9.988835e-01 -1.368952e+01
-2.359041e-01 9.707032e-01 4.565845e-02 1.925677e+02 -9.715646e-01 -2.365730e-01 9.771677e-03 -3.016988e+02 2.028695e-02 -4.205495e-02 9.989093e-01 -1.371753e+01
-2.365839e-01 9.705658e-01 4.505498e-02 1.923285e+02 -9.713304e-01 -2.373756e-01 1.303760e-02 -3.026070e+02 2.334880e-02 -4.067878e-02 9.988994e-01 -1.374947e+01
-2.369541e-01 9.704500e-01 4.560053e-02 1.921069e+02 -9.712096e-01 -2.378050e-01 1.415928e-02 -3.034968e+02 2.458491e-02 -4.093258e-02 9.988594e-01 -1.376997e+01
-2.374465e-01 9.703157e-01 4.589672e-02 1.918700e+02 -9.711066e-01 -2.382718e-01 1.335350e-02 -3.043926e+02 2.389301e-02 -4.139987e-02 9.988570e-01 -1.380114e+01
-2.377596e-01 9.702259e-01 4.617439e-02 1.916507e+02 -9.710292e-01 -2.385899e-01 1.331400e-02 -3.052883e+02 2.393433e-02 -4.167115e-02 9.988447e-01 -1.382512e+01
-2.381381e-01 9.700962e-01 4.694200e-02 1.914086e+02 -9.708794e-01 -2.390745e-01 1.537721e-02 -3.061801e+02 2.614001e-02 -4.191312e-02 9.987792e-01 -1.385921e+01
-2.384746e-01 9.698851e-01 4.952622e-02 1.911793e+02 -9.707662e-01 -2.395017e-01 1.587291e-02 -3.070611e+02 2.725652e-02 -4.429309e-02 9.986467e-01 -1.388520e+01
-2.388995e-01 9.697918e-01 4.930298e-02 1.909479e+02 -9.707106e-01 -2.398404e-01 1.405425e-02 -3.079472e+02 2.545455e-02 -4.450136e-02 9.986850e-01 -1.391421e+01
-2.392757e-01 9.696322e-01 5.060137e-02 1.907206e+02 -9.706654e-01 -2.401454e-01 1.178134e-02 -3.088334e+02 2.357525e-02 -4.629801e-02 9.986494e-01 -1.393343e+01
-2.392612e-01 9.695790e-01 5.167947e-02 1.904894e+02 -9.706563e-01 -2.401692e-01 1.205107e-02 -3.096977e+02 2.409628e-02 -4.727964e-02 9.985910e-01 -1.396657e+01
-2.391894e-01 9.695247e-01 5.301266e-02 1.902658e+02 -9.706598e-01 -2.401421e-01 1.230327e-02 -3.105695e+02 2.465889e-02 -4.851445e-02 9.985180e-01 -1.399159e+01
-2.392575e-01 9.695376e-01 5.246837e-02 1.900351e+02 -9.706230e-01 -2.402414e-01 1.323551e-02 -3.114462e+02 2.543740e-02 -4.776031e-02 9.985349e-01 -1.402471e+01
-2.393901e-01 9.694924e-01 5.269670e-02 1.898131e+02 -9.705741e-01 -2.404070e-01 1.379560e-02 -3.123270e+02 2.604339e-02 -4.784353e-02 9.985152e-01 -1.403776e+01
-2.391193e-01 9.695607e-01 5.266911e-02 1.895841e+02 -9.706272e-01 -2.401609e-01 1.433324e-02 -3.131891e+02 2.654601e-02 -4.769472e-02 9.985092e-01 -1.408207e+01
-2.390672e-01 9.696138e-01 5.192121e-02 1.893643e+02 -9.706619e-01 -2.400586e-01 1.368426e-02 -3.140520e+02 2.573258e-02 -4.712649e-02 9.985574e-01 -1.410149e+01
-2.387025e-01 9.697067e-01 5.186624e-02 1.891398e+02 -9.707625e-01 -2.396736e-01 1.329469e-02 -3.149162e+02 2.532291e-02 -4.717633e-02 9.985656e-01 -1.413365e+01
-2.386576e-01 9.697471e-01 5.131214e-02 1.889127e+02 -9.708225e-01 -2.395268e-01 1.142532e-02 -3.157798e+02 2.337031e-02 -4.708824e-02 9.986173e-01 -1.415528e+01
-2.381487e-01 9.698074e-01 5.252555e-02 1.886965e+02 -9.709519e-01 -2.390235e-01 1.096364e-02 -3.166292e+02 2.318746e-02 -4.838881e-02 9.985594e-01 -1.419269e+01
-2.380414e-01 9.698569e-01 5.209437e-02 1.884738e+02 -9.710125e-01 -2.388377e-01 9.543998e-03 -3.174787e+02 2.169841e-02 -4.831243e-02 9.985965e-01 -1.419741e+01
-2.379936e-01 9.698592e-01 5.226963e-02 1.882606e+02 -9.710151e-01 -2.388120e-01 9.923402e-03 -3.183358e+02 2.210692e-02 -4.839290e-02 9.985837e-01 -1.422475e+01
-2.373954e-01 9.700369e-01 5.169020e-02 1.880358e+02 -9.711446e-01 -2.382448e-01 1.085115e-02 -3.191860e+02 2.284094e-02 -4.762264e-02 9.986042e-01 -1.425567e+01
-2.369845e-01 9.700821e-01 5.271711e-02 1.878252e+02 -9.712269e-01 -2.378834e-01 1.139559e-02 -3.200256e+02 2.359519e-02 -4.849970e-02 9.985445e-01 -1.426169e+01
-2.363101e-01 9.702620e-01 5.243234e-02 1.876063e+02 -9.713958e-01 -2.371972e-01 1.130333e-02 -3.208715e+02 2.340399e-02 -4.826146e-02 9.985605e-01 -1.430889e+01
-2.362096e-01 9.702300e-01 5.346775e-02 1.873907e+02 -9.714125e-01 -2.371246e-01 1.137910e-02 -3.217251e+02 2.371886e-02 -4.925139e-02 9.985048e-01 -1.430511e+01
-2.354951e-01 9.704506e-01 5.260774e-02 1.871740e+02 -9.715337e-01 -2.365027e-01 1.374054e-02 -3.225577e+02 2.577639e-02 -4.787436e-02 9.985207e-01 -1.435621e+01
-2.349278e-01 9.705311e-01 5.365105e-02 1.869669e+02 -9.716361e-01 -2.360154e-01 1.483621e-02 -3.233981e+02 2.706148e-02 -4.864385e-02 9.984495e-01 -1.436611e+01
-2.341237e-01 9.707179e-01 5.378438e-02 1.867531e+02 -9.717882e-01 -2.352878e-01 1.634889e-02 -3.242212e+02 2.852497e-02 -4.843936e-02 9.984187e-01 -1.440408e+01
-2.335309e-01 9.708874e-01 5.330046e-02 1.865377e+02 -9.719753e-01 -2.346105e-01 1.489697e-02 -3.250712e+02 2.696812e-02 -4.832782e-02 9.984674e-01 -1.443630e+01
-2.328974e-01 9.710618e-01 5.289234e-02 1.863310e+02 -9.721298e-01 -2.339671e-01 1.493350e-02 -3.258857e+02 2.687642e-02 -4.794025e-02 9.984885e-01 -1.445552e+01
-2.319620e-01 9.714323e-01 5.012996e-02 1.861122e+02 -9.724141e-01 -2.328823e-01 1.329136e-02 -3.267265e+02 2.458604e-02 -4.566400e-02 9.986542e-01 -1.449964e+01
-2.310455e-01 9.715997e-01 5.110662e-02 1.859159e+02 -9.726495e-01 -2.319471e-01 1.239311e-02 -3.275386e+02 2.389517e-02 -4.684546e-02 9.986163e-01 -1.451326e+01
-2.303026e-01 9.718524e-01 4.963481e-02 1.857104e+02 -9.728301e-01 -2.311774e-01 1.259269e-02 -3.283609e+02 2.371268e-02 -4.538611e-02 9.986880e-01 -1.454428e+01
-2.297353e-01 9.720057e-01 4.926204e-02 1.855119e+02 -9.729758e-01 -2.305838e-01 1.222068e-02 -3.291914e+02 2.323760e-02 -4.512325e-02 9.987111e-01 -1.455795e+01
-2.289687e-01 9.722194e-01 4.860968e-02 1.853025e+02 -9.731236e-01 -2.298707e-01 1.378217e-02 -3.300049e+02 2.457324e-02 -4.414754e-02 9.987227e-01 -1.457910e+01
-2.279788e-01 9.725270e-01 4.708461e-02 1.851160e+02 -9.733631e-01 -2.288475e-01 1.389532e-02 -3.308229e+02 2.428877e-02 -4.266259e-02 9.987943e-01 -1.460915e+01
-2.270555e-01 9.726824e-01 4.831881e-02 1.849139e+02 -9.735168e-01 -2.280492e-01 1.608054e-02 -3.316348e+02 2.666032e-02 -4.338799e-02 9.987025e-01 -1.463459e+01
-2.262105e-01 9.730026e-01 4.577111e-02 1.847112e+02 -9.737302e-01 -2.271362e-01 1.608409e-02 -3.324391e+02 2.604614e-02 -4.093033e-02 9.988225e-01 -1.467357e+01
-2.255331e-01 9.732090e-01 4.471153e-02 1.845218e+02 -9.738474e-01 -2.265010e-01 1.784568e-02 -3.332368e+02 2.749478e-02 -3.951742e-02 9.988405e-01 -1.468096e+01
-2.251558e-01 9.734312e-01 4.167237e-02 1.843212e+02 -9.739811e-01 -2.260036e-01 1.683140e-02 -3.340280e+02 2.580232e-02 -3.679841e-02 9.989895e-01 -1.473624e+01
-2.247888e-01 9.735777e-01 4.020452e-02 1.841405e+02 -9.740980e-01 -2.255660e-01 1.591229e-02 -3.348373e+02 2.456063e-02 -3.558624e-02 9.990647e-01 -1.477913e+01
-2.249231e-01 9.734780e-01 4.183543e-02 1.839492e+02 -9.736546e-01 -2.262017e-01 2.880006e-02 -3.356112e+02 3.749947e-02 -3.425546e-02 9.987093e-01 -1.475420e+01
-2.240928e-01 9.735256e-01 4.505720e-02 1.837558e+02 -9.733411e-01 -2.258904e-01 3.975721e-02 -3.364038e+02 4.888265e-02 -3.494672e-02 9.981930e-01 -1.477078e+01
-2.235553e-01 9.735132e-01 4.790660e-02 1.835458e+02 -9.732180e-01 -2.256490e-01 4.392466e-02 -3.371447e+02 5.357132e-02 -3.680397e-02 9.978856e-01 -1.493836e+01
-2.234038e-01 9.736594e-01 4.558618e-02 1.833615e+02 -9.739654e-01 -2.248324e-01 2.901414e-02 -3.379678e+02 3.849914e-02 -3.791749e-02 9.985390e-01 -1.489602e+01
-2.228316e-01 9.739624e-01 4.175510e-02 1.831669e+02 -9.747286e-01 -2.232927e-01 6.667202e-03 -3.387744e+02 1.581722e-02 -3.921423e-02 9.991056e-01 -1.491542e+01
-2.222077e-01 9.738591e-01 4.714219e-02 1.829565e+02 -9.749565e-01 -2.214838e-01 -2.012256e-02 -3.395982e+02 -9.155296e-03 -5.043297e-02 9.986855e-01 -1.488522e+01
-2.219003e-01 9.736156e-01 5.322460e-02 1.827801e+02 -9.749956e-01 -2.208815e-01 -2.439025e-02 -3.403421e+02 -1.199040e-02 -5.730595e-02 9.982846e-01 -1.492343e+01
-2.233278e-01 9.732811e-01 5.337237e-02 1.825912e+02 -9.747270e-01 -2.233071e-01 -6.426128e-03 -3.410838e+02 5.664002e-03 -5.345862e-02 9.985540e-01 -1.497379e+01
-2.236201e-01 9.733401e-01 5.102123e-02 1.824259e+02 -9.740381e-01 -2.250614e-01 2.443736e-02 -3.418312e+02 3.526876e-02 -4.423194e-02 9.983985e-01 -1.497582e+01
-2.235700e-01 9.737323e-01 4.314986e-02 1.822330e+02 -9.734381e-01 -2.253056e-01 4.069138e-02 -3.426155e+02 4.934442e-02 -3.290635e-02 9.982396e-01 -1.499066e+01
-2.239096e-01 9.734202e-01 4.814257e-02 1.820361e+02 -9.737747e-01 -2.254891e-01 3.029143e-02 -3.433823e+02 4.034192e-02 -4.009748e-02 9.983811e-01 -1.503696e+01
-2.236723e-01 9.735254e-01 4.710655e-02 1.818417e+02 -9.743550e-01 -2.245578e-01 1.436119e-02 -3.441581e+02 2.455912e-02 -4.268630e-02 9.987866e-01 -1.502313e+01
-2.234564e-01 9.733729e-01 5.111168e-02 1.816725e+02 -9.745535e-01 -2.240637e-01 6.403120e-03 -3.449170e+02 1.768490e-02 -4.838025e-02 9.986724e-01 -1.510710e+01
-2.236232e-01 9.733413e-01 5.098343e-02 1.814808e+02 -9.745402e-01 -2.241582e-01 4.955733e-03 -3.456809e+02 1.625197e-02 -4.857718e-02 9.986872e-01 -1.511143e+01
-2.239345e-01 9.733176e-01 5.006276e-02 1.813080e+02 -9.744145e-01 -2.246088e-01 8.202627e-03 -3.464317e+02 1.922830e-02 -4.694503e-02 9.987124e-01 -1.513560e+01
-2.246457e-01 9.733500e-01 4.608741e-02 1.811181e+02 -9.741409e-01 -2.254981e-01 1.414828e-02 -3.471833e+02 2.416385e-02 -4.171728e-02 9.988372e-01 -1.515273e+01
-2.248172e-01 9.731182e-01 4.998188e-02 1.809397e+02 -9.739795e-01 -2.259327e-01 1.784340e-02 -3.479347e+02 2.865628e-02 -4.466983e-02 9.985907e-01 -1.514560e+01
-2.251048e-01 9.729347e-01 5.221070e-02 1.807455e+02 -9.739842e-01 -2.261375e-01 1.471793e-02 -3.486776e+02 2.612638e-02 -4.753932e-02 9.985276e-01 -1.518983e+01
-2.262282e-01 9.725438e-01 5.458495e-02 1.805680e+02 -9.738256e-01 -2.270813e-01 9.888949e-03 -3.494185e+02 2.201266e-02 -5.091906e-02 9.984602e-01 -1.522569e+01
-2.271799e-01 9.725175e-01 5.098166e-02 1.803908e+02 -9.736553e-01 -2.278765e-01 8.219391e-03 -3.501649e+02 1.961103e-02 -4.777129e-02 9.986658e-01 -1.523397e+01
-2.268639e-01 9.723999e-01 5.450936e-02 1.802111e+02 -9.735526e-01 -2.279719e-01 1.496872e-02 -3.508930e+02 2.698218e-02 -4.967187e-02 9.984010e-01 -1.526106e+01
-2.274288e-01 9.722235e-01 5.529488e-02 1.800243e+02 -9.732079e-01 -2.288960e-01 2.174538e-02 -3.516249e+02 3.379814e-02 -4.886790e-02 9.982333e-01 -1.526875e+01
-2.278904e-01 9.719567e-01 5.801812e-02 1.798387e+02 -9.729993e-01 -2.295635e-01 2.393585e-02 -3.523409e+02 3.658345e-02 -5.099684e-02 9.980285e-01 -1.532413e+01
-2.288013e-01 9.719428e-01 5.456368e-02 1.796473e+02 -9.729397e-01 -2.301717e-01 2.023124e-02 -3.530770e+02 3.222262e-02 -4.845824e-02 9.983053e-01 -1.534680e+01
-1.884136e-01 9.787555e-01 8.085728e-02 1.797916e+02 -9.815084e-01 -1.904951e-01 1.878032e-02 -3.543416e+02 3.378425e-02 -7.582363e-02 9.965488e-01 -1.499218e+01