1.000000e+00 0.000000e+00 0.000000e+00 0.000000e+00 0.000000e+00 1.000000e+00 0.000000e+00 0.000000e+00 0.000000e+00 0.000000e+00 1.000000e+00 0.000000e+00
9.999757e-01 -6.489658e-03 2.563530e-03 6.734431e-01 6.495353e-03 9.999763e-01 -2.219355e-03 8.561043e-03 -2.549067e-03 2.235952e-03 9.999943e-01 -2.410669e-03
9.999417e-01 -1.019525e-02 3.553669e-03 1.060731e+00 1.020424e-02 9.999448e-01 -2.521498e-03 1.426683e-02 -3.527765e-03 2.557614e-03 9.999905e-01 -1.462844e-02
9.999072e-01 -1.349767e-02 1.840752e-03 1.446050e+00 1.350111e-02 9.999070e-01 -1.871774e-03 1.659765e-02 -1.815316e-03 1.896453e-03 9.999965e-01 -2.526916e-02
9.998615e-01 -1.655428e-02 1.702745e-03 1.822942e+00 1.655703e-02 9.998617e-01 -1.613241e-03 2.010489e-02 -1.675803e-03 1.641210e-03 9.999973e-01 -3.453256e-02
9.998063e-01 -1.965847e-02 9.802424e-04 2.210410e+00 1.965884e-02 9.998066e-01 -3.689622e-04 2.519112e-02 -9.727996e-04 3.881611e-04 9.999995e-01 -2.971743e-02
9.997522e-01 -2.218161e-02 1.879737e-03 2.614883e+00 2.218293e-02 9.997538e-01 -6.849656e-04 3.783715e-02 -1.864081e-03 7.264940e-04 9.999980e-01 -3.901540e-02
9.997269e-01 -2.322048e-02 2.633858e-03 3.001304e+00 2.322087e-02 9.997302e-01 -1.153129e-04 2.920422e-02 -2.630470e-03 1.764419e-04 9.999965e-01 -4.477520e-02
9.997048e-01 -2.426749e-02 1.133893e-03 3.398031e+00 2.426749e-02 9.997054e-01 1.039552e-05 2.941712e-02 -1.133811e-03 1.712428e-05 9.999993e-01 -6.310873e-02
9.996884e-01 -2.488413e-02 1.931859e-03 3.798217e+00 2.488495e-02 9.996903e-01 -3.986033e-04 4.040850e-02 -1.921342e-03 4.465533e-04 9.999980e-01 -5.680156e-02
9.996920e-01 -2.478981e-02 1.144740e-03 4.197490e+00 2.478960e-02 9.996927e-01 2.003640e-04 4.087792e-02 -1.149355e-03 -1.719247e-04 9.999993e-01 -6.551018e-02
9.997036e-01 -2.427012e-02 1.909120e-03 4.612924e+00 2.427104e-02 9.997052e-01 -4.578985e-04 4.631682e-02 -1.897444e-03 5.040991e-04 9.999981e-01 -7.480744e-02
9.997219e-01 -2.341686e-02 2.784529e-03 5.017749e+00 2.341640e-02 9.997259e-01 1.973399e-04 4.802850e-02 -2.788387e-03 -1.320814e-04 9.999961e-01 -7.363340e-02
9.997315e-01 -2.288518e-02 3.620517e-03 5.440682e+00 2.288519e-02 9.997381e-01 4.016726e-05 5.050431e-02 -3.620488e-03 4.269973e-05 9.999934e-01 -8.876824e-02
9.997460e-01 -2.226273e-02 3.521706e-03 5.857866e+00 2.226096e-02 9.997520e-01 5.406665e-04 5.417134e-02 -3.532869e-03 -4.621326e-04 9.999937e-01 -8.681844e-02
9.997573e-01 -2.177625e-02 3.345515e-03 6.274356e+00 2.177577e-02 9.997629e-01 1.784933e-04 6.078127e-02 -3.348609e-03 -1.055988e-04 9.999944e-01 -1.046707e-01
9.997730e-01 -2.089790e-02 4.150305e-03 6.704105e+00 2.089353e-02 9.997813e-01 1.094293e-03 6.480738e-02 -4.172265e-03 -1.007330e-03 9.999908e-01 -1.003473e-01
9.997820e-01 -2.042202e-02 4.360209e-03 7.129670e+00 2.041883e-02 9.997911e-01 7.750465e-04 7.017335e-02 -4.375127e-03 -6.858471e-04 9.999902e-01 -1.145121e-01
9.997966e-01 -1.963367e-02 4.611973e-03 7.566647e+00 1.963158e-02 9.998070e-01 4.979557e-04 7.342595e-02 -4.620860e-03 -4.073141e-04 9.999892e-01 -1.279018e-01
9.998116e-01 -1.889742e-02 4.419913e-03 8.004000e+00 1.889513e-02 9.998212e-01 5.584908e-04 8.387803e-02 -4.429677e-03 -4.748708e-04 9.999901e-01 -1.144647e-01
9.998286e-01 -1.793777e-02 4.570331e-03 8.450287e+00 1.793600e-02 9.998391e-01 4.261263e-04 8.825155e-02 -4.577240e-03 -3.440798e-04 9.999894e-01 -1.355815e-01
9.998414e-01 -1.686585e-02 5.725373e-03 8.886255e+00 1.686078e-02 9.998574e-01 9.334562e-04 8.816279e-02 -5.740300e-03 -8.367738e-04 9.999832e-01 -1.330022e-01
9.998544e-01 -1.592137e-02 6.138538e-03 9.329214e+00 1.591353e-02 9.998726e-01 1.322967e-03 8.950260e-02 -6.158818e-03 -1.225088e-03 9.999803e-01 -1.469539e-01
9.998654e-01 -1.547181e-02 5.454531e-03 9.782404e+00 1.546171e-02 9.998785e-01 1.890032e-03 9.375273e-02 -5.483111e-03 -1.805442e-03 9.999833e-01 -1.684656e-01
9.998723e-01 -1.489905e-02 5.784386e-03 1.023281e+01 1.489237e-02 9.998883e-01 1.195338e-03 9.820440e-02 -5.801549e-03 -1.109042e-03 9.999825e-01 -1.506476e-01
9.998938e-01 -1.378477e-02 4.714550e-03 1.069474e+01 1.377725e-02 9.999039e-01 1.623570e-03 9.655573e-02 -4.736478e-03 -1.558444e-03 9.999875e-01 -1.642679e-01
9.998997e-01 -1.316028e-02 5.229407e-03 1.114936e+01 1.315553e-02 9.999131e-01 9.411373e-04 9.833618e-02 -5.241338e-03 -8.722473e-04 9.999859e-01 -1.709492e-01
9.999020e-01 -1.268827e-02 5.910290e-03 1.160160e+01 1.268200e-02 9.999191e-01 1.096700e-03 9.856308e-02 -5.923727e-03 -1.021638e-03 9.999819e-01 -1.767412e-01
9.999112e-01 -1.206203e-02 5.671784e-03 1.206129e+01 1.206567e-02 9.999272e-01 -6.081393e-04 9.646514e-02 -5.664034e-03 6.765191e-04 9.999837e-01 -1.942798e-01
9.999186e-01 -1.095064e-02 6.546402e-03 1.252360e+01 1.095355e-02 9.999399e-01 -4.083658e-04 9.331042e-02 -6.541537e-03 4.800388e-04 9.999785e-01 -1.890675e-01
9.999340e-01 -1.012282e-02 5.436677e-03 1.297274e+01 1.012450e-02 9.999487e-01 -2.824996e-04 9.676007e-02 -5.433539e-03 3.375246e-04 9.999852e-01 -2.080118e-01
9.999452e-01 -9.052231e-03 5.265487e-03 1.343153e+01 9.054570e-03 9.999590e-01 -4.206644e-04 9.264791e-02 -5.261463e-03 4.683181e-04 9.999861e-01 -2.109949e-01
9.999612e-01 -7.546844e-03 4.538944e-03 1.388366e+01 7.548349e-03 9.999714e-01 -3.145048e-04 8.934418e-02 -4.536441e-03 3.487542e-04 9.999896e-01 -2.198233e-01
9.999707e-01 -5.861497e-03 4.931151e-03 1.434836e+01 5.866763e-03 9.999824e-01 -1.054239e-03 8.657312e-02 -4.924884e-03 1.083138e-03 9.999873e-01 -2.310046e-01
9.999766e-01 -4.372307e-03 5.253963e-03 1.480882e+01 4.380209e-03 9.999893e-01 -1.493503e-03 8.401758e-02 -5.247377e-03 1.516481e-03 9.999851e-01 -2.262585e-01
9.999786e-01 -2.674961e-03 5.972088e-03 1.527739e+01 2.682159e-03 9.999957e-01 -1.197628e-03 8.105528e-02 -5.968858e-03 1.213620e-03 9.999815e-01 -2.374684e-01
9.999869e-01 -9.533605e-04 5.034920e-03 1.573334e+01 9.606379e-04 9.999986e-01 -1.443184e-03 6.935365e-02 -5.033537e-03 1.448001e-03 9.999863e-01 -2.448111e-01
9.999873e-01 3.437598e-04 5.024949e-03 1.620557e+01 -3.324082e-04 9.999974e-01 -2.259709e-03 6.804665e-02 -5.025712e-03 2.258010e-03 9.999848e-01 -2.544957e-01
9.999840e-01 2.465187e-03 5.091467e-03 1.666027e+01 -2.452121e-03 9.999937e-01 -2.570829e-03 6.010091e-02 -5.097772e-03 2.558304e-03 9.999837e-01 -2.608457e-01
9.999822e-01 4.061522e-03 4.382448e-03 1.713530e+01 -4.050229e-03 9.999884e-01 -2.582720e-03 5.983818e-02 -4.392887e-03 2.564924e-03 9.999871e-01 -2.474966e-01
9.999795e-01 5.714529e-03 2.887458e-03 1.760240e+01 -5.707718e-03 9.999808e-01 -2.361588e-03 4.735462e-02 -2.900898e-03 2.345059e-03 9.999930e-01 -2.668871e-01
9.999643e-01 7.522433e-03 3.843222e-03 1.806325e+01 -7.509628e-03 9.999661e-01 -3.335395e-03 3.223130e-02 -3.868182e-03 3.306415e-03 9.999871e-01 -2.812665e-01
9.999533e-01 9.080191e-03 3.308979e-03 1.852940e+01 -9.069419e-03 9.999535e-01 -3.255671e-03 2.364121e-02 -3.338387e-03 3.225508e-03 9.999892e-01 -2.745759e-01
9.999353e-01 1.070732e-02 3.835187e-03 1.900092e+01 -1.069475e-02 9.999373e-01 -3.280906e-03 1.147476e-02 -3.870076e-03 3.239677e-03 9.999872e-01 -2.980745e-01
9.999157e-01 1.232563e-02 4.077966e-03 1.947168e+01 -1.231452e-02 9.999204e-01 -2.737883e-03 -3.719704e-03 -4.111388e-03 2.687434e-03 9.999880e-01 -2.879411e-01
9.999009e-01 1.370139e-02 3.244323e-03 1.994349e+01 -1.369361e-02 9.999033e-01 -2.406776e-03 -1.411612e-02 -3.276985e-03 2.362111e-03 9.999918e-01 -3.061851e-01
9.998817e-01 1.507981e-02 3.009345e-03 2.042284e+01 -1.507441e-02 9.998846e-01 -1.807652e-03 -2.305786e-02 -3.036257e-03 1.762074e-03 9.999939e-01 -2.962631e-01
9.998648e-01 1.631125e-02 2.093705e-03 2.090515e+01 -1.630837e-02 9.998661e-01 -1.386666e-03 -3.770787e-02 -2.116043e-03 1.352333e-03 9.999968e-01 -3.151622e-01
9.998478e-01 1.728635e-02 2.382974e-03 2.137207e+01 -1.728244e-02 9.998493e-01 -1.652913e-03 -5.277115e-02 -2.411187e-03 1.611478e-03 9.999958e-01 -3.199370e-01
9.998380e-01 1.775510e-02 2.947085e-03 2.185684e+01 -1.774830e-02 9.998399e-01 -2.316811e-03 -6.132182e-02 -2.987748e-03 2.264129e-03 9.999930e-01 -3.209135e-01
9.998270e-01 1.842070e-02 2.586465e-03 2.234947e+01 -1.841384e-02 9.998270e-01 -2.649094e-03 -7.672656e-02 -2.634815e-03 2.601008e-03 9.999931e-01 -3.404210e-01
9.998167e-01 1.909732e-02 1.358631e-03 2.283883e+01 -1.909398e-02 9.998147e-01 -2.436394e-03 -9.866149e-02 -1.404908e-03 2.410006e-03 9.999961e-01 -3.386068e-01
9.998137e-01 1.910875e-02 -2.742085e-03 2.332741e+01 -1.911411e-02 9.998153e-01 -1.943559e-03 -9.918325e-02 2.704440e-03 1.995609e-03 9.999943e-01 -3.820416e-01
9.998077e-01 1.957261e-02 -1.216870e-03 2.383352e+01 -1.957533e-02 9.998059e-01 -2.262621e-03 -1.075230e-01 1.172348e-03 2.286007e-03 9.999967e-01 -3.749905e-01
9.998081e-01 1.955414e-02 -1.205134e-03 2.432712e+01 -1.955741e-02 9.998050e-01 -2.762962e-03 -1.154197e-01 1.150871e-03 2.786001e-03 9.999955e-01 -3.377197e-01
9.998001e-01 1.998992e-02 -4.538314e-04 2.482998e+01 -1.999061e-02 9.997989e-01 -1.578058e-03 -1.409265e-01 4.221949e-04 1.586815e-03 9.999986e-01 -3.715173e-01
9.997995e-01 1.994152e-02 -1.812898e-03 2.532787e+01 -1.994424e-02 9.998000e-01 -1.498772e-03 -1.609014e-01 1.782648e-03 1.534628e-03 9.999973e-01 -3.719471e-01
9.998038e-01 1.974923e-02 -1.521811e-03 2.583875e+01 -1.975137e-02 9.998040e-01 -1.407323e-03 -1.634301e-01 1.493719e-03 1.437105e-03 9.999979e-01 -3.798985e-01
9.997745e-01 2.009103e-02 -6.882942e-03 2.634462e+01 -2.010559e-02 9.997958e-01 -2.052771e-03 -1.775900e-01 6.840294e-03 2.190694e-03 9.999742e-01 -4.049649e-01
9.997925e-01 2.002623e-02 -3.740574e-03 2.685929e+01 -2.002442e-02 9.997994e-01 5.232102e-04 -1.869587e-01 3.750302e-03 -4.481988e-04 9.999928e-01 -3.948961e-01
9.997899e-01 1.916057e-02 -7.281441e-03 2.737483e+01 -1.916267e-02 9.998164e-01 -2.189130e-04 -2.019626e-01 7.275909e-03 3.583988e-04 9.999735e-01 -3.870418e-01
9.997976e-01 1.968967e-02 -4.141509e-03 2.790919e+01 -1.969199e-02 9.998059e-01 -5.200110e-04 -2.165544e-01 4.130466e-03 6.014603e-04 9.999913e-01 -4.148290e-01
9.997881e-01 1.925596e-02 -7.278713e-03 2.842168e+01 -1.926393e-02 9.998140e-01 -1.026022e-03 -2.356470e-01 7.257602e-03 1.166021e-03 9.999730e-01 -4.036390e-01
9.997922e-01 1.933373e-02 -6.466971e-03 2.895743e+01 -1.933722e-02 9.998130e-01 -4.775127e-04 -2.449478e-01 6.456529e-03 6.024667e-04 9.999790e-01 -4.228150e-01
9.997727e-01 1.886256e-02 -9.940430e-03 2.947788e+01 -1.886643e-02 9.998219e-01 -2.948365e-04 -2.560454e-01 9.933098e-03 4.823098e-04 9.999505e-01 -4.266557e-01
9.997754e-01 1.857572e-02 -1.020073e-02 3.001582e+01 -1.858853e-02 9.998266e-01 -1.162504e-03 -2.697819e-01 1.017737e-02 1.351860e-03 9.999473e-01 -4.417492e-01
9.997751e-01 1.831665e-02 -1.068786e-02 3.055148e+01 -1.833660e-02 9.998302e-01 -1.771493e-03 -2.840247e-01 1.065360e-02 1.967074e-03 9.999413e-01 -4.346578e-01
9.997892e-01 1.798519e-02 -9.905537e-03 3.109151e+01 -1.801594e-02 9.998330e-01 -3.023772e-03 -2.974386e-01 9.849501e-03 3.201592e-03 9.999464e-01 -4.503052e-01
9.997826e-01 1.794014e-02 -1.062420e-02 3.162190e+01 -1.796612e-02 9.998360e-01 -2.354349e-03 -3.197103e-01 1.058022e-02 2.544713e-03 9.999408e-01 -4.507237e-01
9.997761e-01 1.787321e-02 -1.132610e-02 3.215484e+01 -1.791568e-02 9.998327e-01 -3.659696e-03 -3.291843e-01 1.125879e-02 3.861792e-03 9.999292e-01 -4.704553e-01
9.997637e-01 1.758120e-02 -1.278666e-02 3.269891e+01 -1.762254e-02 9.998399e-01 -3.127507e-03 -3.407353e-01 1.272962e-02 3.352102e-03 9.999133e-01 -4.678771e-01
9.997699e-01 1.715420e-02 -1.287747e-02 3.323753e+01 -1.719540e-02 9.998473e-01 -3.095699e-03 -3.595619e-01 1.282240e-02 3.316420e-03 9.999123e-01 -4.788127e-01
9.997932e-01 1.659884e-02 -1.174534e-02 3.377010e+01 -1.664354e-02 9.998546e-01 -3.717992e-03 -3.728613e-01 1.168191e-02 3.912708e-03 9.999241e-01 -4.727415e-01
9.998017e-01 1.691601e-02 -1.050873e-02 3.430430e+01 -1.695878e-02 9.998481e-01 -3.994028e-03 -3.886639e-01 1.043957e-02 4.171452e-03 9.999368e-01 -4.935531e-01
9.998087e-01 1.642015e-02 -1.062604e-02 3.485605e+01 -1.646221e-02 9.998571e-01 -3.883421e-03 -4.058394e-01 1.056076e-02 4.057607e-03 9.999360e-01 -4.904711e-01
9.998061e-01 1.643885e-02 -1.084002e-02 3.539287e+01 -1.647702e-02 9.998584e-01 -3.441400e-03 -4.174666e-01 1.078191e-02 3.619344e-03 9.999353e-01 -5.102133e-01
9.998066e-01 1.617269e-02 -1.118436e-02 3.593970e+01 -1.621405e-02 9.998620e-01 -3.616982e-03 -4.283557e-01 1.112431e-02 3.797626e-03 9.999309e-01 -5.061640e-01
9.998294e-01 1.625530e-02 -8.767221e-03 3.647486e+01 -1.627754e-02 9.998645e-01 -2.470733e-03 -4.421180e-01 8.725870e-03 2.613021e-03 9.999585e-01 -5.247830e-01
9.998339e-01 1.599519e-02 -8.730609e-03 3.702596e+01 -1.601721e-02 9.998686e-01 -2.457460e-03 -4.589438e-01 8.690154e-03 2.596892e-03 9.999589e-01 -5.089414e-01
9.998401e-01 1.668361e-02 -6.428529e-03 3.755883e+01 -1.669310e-02 9.998597e-01 -1.426061e-03 -4.764195e-01 6.403835e-03 1.533145e-03 9.999783e-01 -5.362310e-01
9.998425e-01 1.651660e-02 -6.496802e-03 3.809499e+01 -1.652899e-02 9.998617e-01 -1.858087e-03 -4.981406e-01 6.465214e-03 1.965180e-03 9.999772e-01 -5.326830e-01
9.998421e-01 1.657929e-02 -6.397834e-03 3.864164e+01 -1.657921e-02 9.998627e-01 6.511567e-05 -5.059174e-01 6.398034e-03 4.096563e-05 9.999796e-01 -5.436501e-01
9.998542e-01 1.596873e-02 -6.045935e-03 3.918524e+01 -1.596677e-02 9.998723e-01 3.721072e-04 -5.176709e-01 6.051105e-03 -2.755189e-04 9.999816e-01 -5.572759e-01
9.998578e-01 1.621129e-02 -4.645502e-03 3.972678e+01 -1.620855e-02 9.998685e-01 6.262767e-04 -5.408169e-01 4.655044e-03 -5.508907e-04 9.999890e-01 -5.627193e-01
9.998621e-01 1.595499e-02 -4.603073e-03 4.027961e+01 -1.595605e-02 9.998728e-01 -1.948961e-04 -5.500219e-01 4.599378e-03 2.683161e-04 9.999894e-01 -5.672180e-01
9.998546e-01 1.586711e-02 -6.245317e-03 4.083117e+01 -1.587271e-02 9.998735e-01 -8.482342e-04 -5.609311e-01 6.231069e-03 9.472410e-04 9.999802e-01 -5.786380e-01
9.998507e-01 1.626473e-02 -5.839810e-03 4.136930e+01 -1.627473e-02 9.998660e-01 -1.667293e-03 -5.779067e-01 5.811910e-03 1.762086e-03 9.999816e-01 -5.906693e-01
9.998624e-01 1.567394e-02 -5.421707e-03 4.192740e+01 -1.568639e-02 9.998744e-01 -2.259994e-03 -5.883871e-01 5.385604e-03 2.344731e-03 9.999828e-01 -5.900885e-01
9.998679e-01 1.559205e-02 -4.599199e-03 4.246675e+01 -1.560139e-02 9.998763e-01 -2.003558e-03 -6.076145e-01 4.567391e-03 2.075047e-03 9.999874e-01 -6.031686e-01
9.998643e-01 1.532834e-02 -6.029963e-03 4.301918e+01 -1.534652e-02 9.998778e-01 -2.980218e-03 -6.146989e-01 5.983544e-03 3.072353e-03 9.999774e-01 -6.185898e-01
9.998723e-01 1.486443e-02 -5.864087e-03 4.357320e+01 -1.487844e-02 9.998864e-01 -2.352437e-03 -6.306891e-01 5.828454e-03 2.439386e-03 9.999800e-01 -6.107011e-01
9.998587e-01 1.462792e-02 -8.288727e-03 4.413171e+01 -1.469143e-02 9.998627e-01 -7.654367e-03 -6.419139e-01 8.175622e-03 7.775058e-03 9.999363e-01 -6.616238e-01
9.998592e-01 1.527262e-02 -6.948030e-03 4.466228e+01 -1.533405e-02 9.998430e-01 -8.876112e-03 -6.413119e-01 6.811378e-03 8.981404e-03 9.999365e-01 -7.391231e-01
9.998705e-01 1.566874e-02 -3.664033e-03 4.521168e+01 -1.567923e-02 9.998732e-01 -2.851886e-03 -6.682410e-01 3.618882e-03 2.908966e-03 9.999892e-01 -6.752449e-01
9.998758e-01 1.436928e-02 -6.467124e-03 4.575859e+01 -1.438086e-02 9.998950e-01 -1.748273e-03 -6.923352e-01 6.441324e-03 1.841059e-03 9.999776e-01 -5.792851e-01
9.998664e-01 1.564258e-02 -4.732350e-03 4.629161e+01 -1.563370e-02 9.998761e-01 1.906496e-03 -7.025989e-01 4.761585e-03 -1.832257e-03 9.999870e-01 -7.040179e-01
9.998617e-01 1.607938e-02 -4.244094e-03 4.682367e+01 -1.605904e-02 9.998597e-01 4.785942e-03 -7.033172e-01 4.320453e-03 -4.717124e-03 9.999796e-01 -7.157458e-01
9.998388e-01 1.466656e-02 -1.035207e-02 4.738313e+01 -1.463708e-02 9.998885e-01 2.918019e-03 -7.264435e-01 1.039371e-02 -2.766025e-03 9.999422e-01 -6.043940e-01
9.998751e-01 1.506882e-02 -4.773831e-03 4.793490e+01 -1.508051e-02 9.998833e-01 -2.420660e-03 -7.288535e-01 4.736798e-03 2.492349e-03 9.999857e-01 -6.850956e-01
9.998737e-01 1.456863e-02 -6.352299e-03 4.847020e+01 -1.459309e-02 9.998863e-01 -3.820726e-03 -7.490948e-01 6.295913e-03 3.912943e-03 9.999725e-01 -7.184735e-01
9.998930e-01 1.452642e-02 -1.706644e-03 4.900916e+01 -1.453128e-02 9.998903e-01 -2.870478e-03 -7.621719e-01 1.664759e-03 2.894971e-03 9.999944e-01 -6.793421e-01
9.998729e-01 1.473517e-02 -6.089477e-03 4.953900e+01 -1.473478e-02 9.998915e-01 1.086987e-04 -7.737393e-01 6.090418e-03 -1.895783e-05 9.999815e-01 -7.381394e-01
9.998969e-01 1.400274e-02 -3.173009e-03 5.007233e+01 -1.400290e-02 9.999020e-01 -2.884091e-05 -7.807507e-01 3.172294e-03 7.326928e-05 9.999950e-01 -7.050271e-01
9.998648e-01 1.365092e-02 -9.171436e-03 5.059126e+01 -1.364106e-02 9.999062e-01 1.135896e-03 -7.945896e-01 9.186082e-03 -1.010635e-03 9.999573e-01 -7.395329e-01
9.999133e-01 1.290541e-02 -2.610441e-03 5.112050e+01 -1.290635e-02 9.999167e-01 -3.427023e-04 -8.019489e-01 2.605801e-03 3.763639e-04 9.999965e-01 -7.477866e-01
9.999166e-01 1.205418e-02 -4.627339e-03 5.164092e+01 -1.205603e-02 9.999273e-01 -3.712694e-04 -8.196113e-01 4.622527e-03 4.270257e-04 9.999892e-01 -7.322022e-01
9.999350e-01 1.102588e-02 -2.910611e-03 5.216301e+01 -1.102880e-02 9.999386e-01 -9.881768e-04 -8.345600e-01 2.899537e-03 1.020213e-03 9.999953e-01 -7.738398e-01
9.999326e-01 1.022289e-02 -5.510750e-03 5.268856e+01 -1.023000e-02 9.999470e-01 -1.262329e-03 -8.417503e-01 5.497552e-03 1.318619e-03 9.999840e-01 -7.608077e-01
9.999428e-01 9.553334e-03 -4.802778e-03 5.320985e+01 -9.561216e-03 9.999530e-01 -1.621019e-03 -8.428491e-01 4.787066e-03 1.666847e-03 9.999871e-01 -7.873507e-01
9.999514e-01 8.819357e-03 -4.418243e-03 5.373378e+01 -8.826968e-03 9.999597e-01 -1.706200e-03 -8.565996e-01 4.403017e-03 1.745117e-03 9.999888e-01 -7.775980e-01
9.999597e-01 7.465849e-03 -4.980365e-03 5.426247e+01 -7.476039e-03 9.999700e-01 -2.030417e-03 -8.659472e-01 4.965057e-03 2.067569e-03 9.999855e-01 -7.848653e-01
9.999596e-01 8.024422e-03 -4.043091e-03 5.478066e+01 -8.031826e-03 9.999661e-01 -1.818514e-03 -8.745027e-01 4.028361e-03 1.850914e-03 9.999902e-01 -8.077100e-01
9.999618e-01 7.673230e-03 -4.190181e-03 5.529474e+01 -7.683390e-03 9.999675e-01 -2.414096e-03 -8.832038e-01 4.171521e-03 2.446199e-03 9.999883e-01 -7.959200e-01
9.999635e-01 7.564363e-03 -3.967314e-03 5.581228e+01 -7.573461e-03 9.999688e-01 -2.283288e-03 -8.964990e-01 3.949918e-03 2.313251e-03 9.999895e-01 -8.197253e-01
9.999610e-01 7.630939e-03 -4.439195e-03 5.634096e+01 -7.642895e-03 9.999671e-01 -2.682691e-03 -9.020861e-01 4.418578e-03 2.716515e-03 9.999865e-01 -8.183367e-01
9.999591e-01 7.752674e-03 -4.650816e-03 5.686228e+01 -7.763065e-03 9.999673e-01 -2.220337e-03 -9.091920e-01 4.633450e-03 2.256351e-03 9.999867e-01 -8.266609e-01
9.999614e-01 8.010792e-03 -3.617503e-03 5.737066e+01 -8.020269e-03 9.999644e-01 -2.613174e-03 -9.245638e-01 3.596441e-03 2.642087e-03 9.999900e-01 -8.302532e-01
9.999561e-01 9.073268e-03 -2.342075e-03 5.789228e+01 -9.077751e-03 9.999570e-01 -1.910930e-03 -9.337981e-01 2.324636e-03 1.932107e-03 9.999954e-01 -8.446416e-01
9.999413e-01 1.020299e-02 -3.625406e-03 5.839609e+01 -1.020759e-02 9.999472e-01 -1.252498e-03 -9.458805e-01 3.612435e-03 1.289431e-03 9.999927e-01 -8.571035e-01
9.999343e-01 1.106840e-02 -2.992176e-03 5.890512e+01 -1.107240e-02 9.999379e-01 -1.324130e-03 -9.545395e-01 2.977334e-03 1.357174e-03 9.999946e-01 -8.595361e-01
9.999176e-01 1.222279e-02 -3.920442e-03 5.941102e+01 -1.222838e-02 9.999242e-01 -1.403422e-03 -9.700606e-01 3.902992e-03 1.451247e-03 9.999914e-01 -8.659522e-01
9.999146e-01 1.279890e-02 -2.621713e-03 5.993081e+01 -1.280794e-02 9.999120e-01 -3.461764e-03 -9.772311e-01 2.577176e-03 3.495047e-03 9.999906e-01 -8.502740e-01
9.999031e-01 1.349528e-02 -3.424975e-03 6.042683e+01 -1.350744e-02 9.999026e-01 -3.553863e-03 -9.933699e-01 3.376681e-03 3.599782e-03 9.999878e-01 -8.959760e-01
9.998928e-01 1.461444e-02 -8.709588e-04 6.093270e+01 -1.461836e-02 9.998821e-01 -4.687357e-03 -1.008955e+00 8.023531e-04 4.699586e-03 9.999886e-01 -8.834037e-01
9.998807e-01 1.523924e-02 -2.537679e-03 6.141829e+01 -1.525015e-02 9.998744e-01 -4.339145e-03 -1.019917e+00 2.471235e-03 4.377328e-03 9.999874e-01 -8.938496e-01
9.998693e-01 1.610381e-02 -1.394941e-03 6.190999e+01 -1.611094e-02 9.998565e-01 -5.262829e-03 -1.034292e+00 1.309989e-03 5.284616e-03 9.999852e-01 -9.064124e-01
9.998560e-01 1.670676e-02 -2.983359e-03 6.239406e+01 -1.671940e-02 9.998510e-01 -4.264520e-03 -1.045967e+00 2.911669e-03 4.313786e-03 9.999865e-01 -9.019926e-01
9.998498e-01 1.711499e-02 -2.731993e-03 6.286863e+01 -1.712657e-02 9.998441e-01 -4.272970e-03 -1.061101e+00 2.658435e-03 4.319118e-03 9.999871e-01 -9.078411e-01
9.998381e-01 1.789114e-02 -1.922758e-03 6.334610e+01 -1.789888e-02 9.998316e-01 -4.088488e-03 -1.070108e+00 1.849287e-03 4.122241e-03 9.999898e-01 -9.204366e-01
9.998345e-01 1.814531e-02 -1.280442e-03 6.381535e+01 -1.815104e-02 9.998245e-01 -4.620783e-03 -1.083242e+00 1.196371e-03 4.643260e-03 9.999885e-01 -9.150103e-01
9.998261e-01 1.855589e-02 -1.838292e-03 6.427509e+01 -1.856343e-02 9.998190e-01 -4.174781e-03 -1.097538e+00 1.760492e-03 4.208181e-03 9.999896e-01 -9.354616e-01
9.998211e-01 1.878044e-02 -2.249938e-03 6.472958e+01 -1.879061e-02 9.998128e-01 -4.587398e-03 -1.104822e+00 2.163363e-03 4.628855e-03 9.999869e-01 -9.321113e-01
9.998105e-01 1.916296e-02 -3.423077e-03 6.517461e+01 -1.917700e-02 9.998076e-01 -4.116768e-03 -1.124031e+00 3.343529e-03 4.181632e-03 9.999857e-01 -9.498430e-01
9.998020e-01 1.973244e-02 -2.576771e-03 6.561036e+01 -1.974163e-02 9.997987e-01 -3.592802e-03 -1.138795e+00 2.505358e-03 3.642960e-03 9.999902e-01 -9.496526e-01
9.997919e-01 1.988654e-02 -4.555609e-03 6.604784e+01 -1.990360e-02 9.997950e-01 -3.730820e-03 -1.149271e+00 4.480482e-03 3.820717e-03 9.999827e-01 -9.576735e-01
9.997954e-01 1.987907e-02 -3.741550e-03 6.647746e+01 -1.989641e-02 9.997913e-01 -4.655788e-03 -1.158041e+00 3.648216e-03 4.729278e-03 9.999822e-01 -9.685037e-01
9.997863e-01 2.037132e-02 -3.525025e-03 6.689670e+01 -2.038748e-02 9.997815e-01 -4.610038e-03 -1.173633e+00 3.430342e-03 4.680919e-03 9.999831e-01 -9.675246e-01
9.997786e-01 2.073931e-02 -3.547699e-03 6.731347e+01 -2.075178e-02 9.997785e-01 -3.515685e-03 -1.187461e+00 3.474001e-03 3.588528e-03 9.999875e-01 -9.795445e-01
9.997905e-01 2.021657e-02 -3.192239e-03 6.773129e+01 -2.022457e-02 9.997923e-01 -2.493845e-03 -1.194339e+00 3.141159e-03 2.557884e-03 9.999918e-01 -9.824259e-01
9.997959e-01 1.998804e-02 -2.954301e-03 6.814680e+01 -1.999519e-02 9.997971e-01 -2.413075e-03 -1.210389e+00 2.905469e-03 2.471654e-03 9.999927e-01 -9.850378e-01
9.998033e-01 1.956407e-02 -3.249170e-03 6.855742e+01 -1.957200e-02 9.998055e-01 -2.425437e-03 -1.220042e+00 3.201087e-03 2.488553e-03 9.999918e-01 -1.003955e+00
9.998016e-01 1.932508e-02 -4.818005e-03 6.895782e+01 -1.933485e-02 9.998111e-01 -1.989530e-03 -1.231090e+00 4.778648e-03 2.082291e-03 9.999864e-01 -1.004377e+00
9.998081e-01 1.885951e-02 -5.304156e-03 6.935801e+01 -1.886844e-02 9.998206e-01 -1.638959e-03 -1.241214e+00 5.272294e-03 1.738725e-03 9.999846e-01 -1.010745e+00
9.998124e-01 1.835553e-02 -6.185838e-03 6.975177e+01 -1.836631e-02 9.998300e-01 -1.690310e-03 -1.249425e+00 6.153760e-03 1.803604e-03 9.999794e-01 -1.014183e+00
9.998278e-01 1.769003e-02 -5.605420e-03 7.014350e+01 -1.770235e-02 9.998411e-01 -2.154420e-03 -1.263960e+00 5.566417e-03 2.253278e-03 9.999819e-01 -1.020709e+00
9.998354e-01 1.735379e-02 -5.286240e-03 7.054457e+01 -1.736643e-02 9.998465e-01 -2.355377e-03 -1.275204e+00 5.244553e-03 2.446793e-03 9.999833e-01 -1.028695e+00
9.998384e-01 1.681057e-02 -6.373363e-03 7.092590e+01 -1.683000e-02 9.998537e-01 -3.006624e-03 -1.279572e+00 6.321889e-03 3.113402e-03 9.999751e-01 -1.034488e+00
9.998453e-01 1.614963e-02 -6.974445e-03 7.131194e+01 -1.616951e-02 9.998654e-01 -2.803503e-03 -1.290344e+00 6.928230e-03 2.915843e-03 9.999717e-01 -1.041455e+00
9.998496e-01 1.538820e-02 -8.003316e-03 7.170102e+01 -1.541094e-02 9.998773e-01 -2.786972e-03 -1.294793e+00 7.959449e-03 2.909891e-03 9.999641e-01 -1.048231e+00
9.998565e-01 1.474854e-02 -8.336665e-03 7.207803e+01 -1.477065e-02 9.998875e-01 -2.596570e-03 -1.302421e+00 8.297432e-03 2.719335e-03 9.999619e-01 -1.049944e+00
9.998626e-01 1.432647e-02 -8.344905e-03 7.246186e+01 -1.434393e-02 9.998950e-01 -2.036818e-03 -1.312499e+00 8.314849e-03 2.156237e-03 9.999631e-01 -1.059915e+00
9.998693e-01 1.416484e-02 -7.787857e-03 7.284140e+01 -1.418035e-02 9.998976e-01 -1.940052e-03 -1.321892e+00 7.759579e-03 2.050233e-03 9.999678e-01 -1.062039e+00
9.998684e-01 1.366097e-02 -8.751918e-03 7.321438e+01 -1.367468e-02 9.999055e-01 -1.509180e-03 -1.328854e+00 8.730473e-03 1.628661e-03 9.999605e-01 -1.070425e+00
9.998699e-01 1.315055e-02 -9.338699e-03 7.358696e+01 -1.316470e-02 9.999124e-01 -1.456227e-03 -1.336703e+00 9.318730e-03 1.578979e-03 9.999554e-01 -1.076844e+00
9.998729e-01 1.250549e-02 -9.886692e-03 7.395995e+01 -1.251845e-02 9.999207e-01 -1.249419e-03 -1.341417e+00 9.870286e-03 1.373026e-03 9.999503e-01 -1.083772e+00
9.998844e-01 1.152219e-02 -9.923540e-03 7.432967e+01 -1.153649e-02 9.999325e-01 -1.384790e-03 -1.349179e+00 9.906914e-03 1.499112e-03 9.999498e-01 -1.082513e+00
9.998901e-01 1.101455e-02 -9.916430e-03 7.469507e+01 -1.102979e-02 9.999380e-01 -1.484212e-03 -1.354058e+00 9.899469e-03 1.593425e-03 9.999498e-01 -1.093034e+00
9.999004e-01 1.047501e-02 -9.455356e-03 7.506023e+01 -1.048711e-02 9.999442e-01 -1.231708e-03 -1.363701e+00 9.441926e-03 1.330745e-03 9.999545e-01 -1.094195e+00
9.999059e-01 9.654840e-03 -9.741304e-03 7.542065e+01 -9.667879e-03 9.999526e-01 -1.292333e-03 -1.365276e+00 9.728364e-03 1.386389e-03 9.999517e-01 -1.106791e+00
9.999096e-01 9.473656e-03 -9.544238e-03 7.577595e+01 -9.486069e-03 9.999542e-01 -1.256094e-03 -1.380136e+00 9.531901e-03 1.346517e-03 9.999537e-01 -1.111388e+00
9.999135e-01 8.243738e-03 -1.024481e-02 7.614042e+01 -8.262714e-03 9.999642e-01 -1.811349e-03 -1.382046e+00 1.022951e-02 1.895842e-03 9.999459e-01 -1.115207e+00
9.999146e-01 8.289874e-03 -1.010466e-02 7.649559e+01 -8.315111e-03 9.999624e-01 -2.458146e-03 -1.387038e+00 1.008390e-02 2.541958e-03 9.999459e-01 -1.121974e+00
9.999191e-01 7.526020e-03 -1.025938e-02 7.684727e+01 -7.558395e-03 9.999666e-01 -3.120604e-03 -1.392696e+00 1.023555e-02 3.197895e-03 9.999425e-01 -1.125529e+00
9.999269e-01 6.937926e-03 -9.908680e-03 7.720025e+01 -6.965586e-03 9.999720e-01 -2.759654e-03 -1.395972e+00 9.889256e-03 2.828472e-03 9.999471e-01 -1.132453e+00
9.999324e-01 6.372617e-03 -9.724618e-03 7.755393e+01 -6.398365e-03 9.999762e-01 -2.618884e-03 -1.404231e+00 9.707696e-03 2.680929e-03 9.999493e-01 -1.138053e+00
9.999360e-01 5.917952e-03 -9.637772e-03 7.789280e+01 -5.949271e-03 9.999772e-01 -3.224141e-03 -1.415384e+00 9.618471e-03 3.281273e-03 9.999484e-01 -1.139525e+00
9.999469e-01 5.240442e-03 -8.870929e-03 7.823943e+01 -5.270869e-03 9.999803e-01 -3.410084e-03 -1.418274e+00 8.852883e-03 3.456661e-03 9.999548e-01 -1.145771e+00
9.999508e-01 4.866190e-03 -8.641729e-03 7.858633e+01 -4.899332e-03 9.999808e-01 -3.818142e-03 -1.423337e+00 8.622983e-03 3.860292e-03 9.999554e-01 -1.153868e+00
9.999478e-01 3.836616e-03 -9.463118e-03 7.892898e+01 -3.872020e-03 9.999856e-01 -3.725786e-03 -1.425595e+00 9.448687e-03 3.762233e-03 9.999483e-01 -1.158597e+00
9.999438e-01 4.057796e-03 -9.796097e-03 7.927217e+01 -4.092777e-03 9.999852e-01 -3.553511e-03 -1.422574e+00 9.781533e-03 3.593405e-03 9.999457e-01 -1.161174e+00
9.999310e-01 4.778937e-03 -1.073292e-02 7.961785e+01 -4.816018e-03 9.999824e-01 -3.431646e-03 -1.428829e+00 1.071634e-02 3.483100e-03 9.999365e-01 -1.163134e+00
9.999340e-01 5.800987e-03 -9.914909e-03 7.994575e+01 -5.839874e-03 9.999753e-01 -3.897582e-03 -1.439316e+00 9.892055e-03 3.955226e-03 9.999433e-01 -1.168843e+00
9.999425e-01 6.395456e-03 -8.608921e-03 8.028313e+01 -6.434605e-03 9.999690e-01 -4.527545e-03 -1.444337e+00 8.579698e-03 4.582679e-03 9.999527e-01 -1.168260e+00
9.999322e-01 7.604050e-03 -8.813967e-03 8.061414e+01 -7.645891e-03 9.999596e-01 -4.723291e-03 -1.457092e+00 8.777696e-03 4.790362e-03 9.999500e-01 -1.176734e+00
9.999275e-01 8.430662e-03 -8.591952e-03 8.095016e+01 -8.472525e-03 9.999523e-01 -4.847625e-03 -1.462898e+00 8.550674e-03 4.920069e-03 9.999514e-01 -1.180176e+00
9.999108e-01 9.250768e-03 -9.633483e-03 8.127882e+01 -9.296050e-03 9.999459e-01 -4.666385e-03 -1.469497e+00 9.589795e-03 4.755522e-03 9.999427e-01 -1.189166e+00
9.998916e-01 1.031136e-02 -1.050386e-02 8.161759e+01 -1.036460e-02 9.999335e-01 -5.026862e-03 -1.476733e+00 1.045133e-02 5.135186e-03 9.999322e-01 -1.190024e+00
9.998892e-01 1.090449e-02 -1.013181e-02 8.194447e+01 -1.095489e-02 9.999278e-01 -4.932580e-03 -1.480486e+00 1.007729e-02 5.043027e-03 9.999365e-01 -1.195998e+00
9.999086e-01 1.156576e-02 -7.004476e-03 8.227660e+01 -1.160340e-02 9.999182e-01 -5.358061e-03 -1.489272e+00 6.941934e-03 5.438847e-03 9.999611e-01 -1.179798e+00
9.998939e-01 1.267161e-02 -7.187614e-03 8.260545e+01 -1.270664e-02 9.999076e-01 -4.849491e-03 -1.501408e+00 7.125499e-03 4.940307e-03 9.999624e-01 -1.203099e+00
9.998878e-01 1.306438e-02 -7.328024e-03 8.291665e+01 -1.309861e-02 9.999033e-01 -4.643300e-03 -1.504458e+00 7.266655e-03 4.738766e-03 9.999624e-01 -1.206800e+00
9.998582e-01 1.352284e-02 -1.003733e-02 8.324378e+01 -1.356441e-02 9.998996e-01 -4.084854e-03 -1.506430e+00 9.981086e-03 4.220425e-03 9.999413e-01 -1.206625e+00
9.998550e-01 1.399111e-02 -9.706736e-03 8.357001e+01 -1.402561e-02 9.998955e-01 -3.495004e-03 -1.519047e+00 9.656822e-03 3.630640e-03 9.999468e-01 -1.213610e+00
9.998524e-01 1.470249e-02 -8.892514e-03 8.389236e+01 -1.473357e-02 9.998856e-01 -3.439652e-03 -1.528632e+00 8.840924e-03 3.570162e-03 9.999545e-01 -1.209097e+00
9.998527e-01 1.552047e-02 -7.323925e-03 8.421167e+01 -1.554312e-02 9.998746e-01 -3.045632e-03 -1.543324e+00 7.275736e-03 3.159020e-03 9.999685e-01 -1.221809e+00
9.998508e-01 1.607164e-02 -6.333151e-03 8.452316e+01 -1.608903e-02 9.998668e-01 -2.704683e-03 -1.554615e+00 6.288840e-03 2.806174e-03 9.999763e-01 -1.225268e+00
9.998357e-01 1.666579e-02 -7.136041e-03 8.484476e+01 -1.667913e-02 9.998592e-01 -1.812979e-03 -1.565195e+00 7.104822e-03 1.931704e-03 9.999729e-01 -1.227347e+00
9.998395e-01 1.679197e-02 -6.237871e-03 8.516853e+01 -1.680005e-02 9.998580e-01 -1.244788e-03 -1.567700e+00 6.216084e-03 1.349385e-03 9.999798e-01 -1.229901e+00
9.998199e-01 1.745516e-02 -7.441169e-03 8.548979e+01 -1.746143e-02 9.998472e-01 -7.786351e-04 -1.576526e+00 7.426441e-03 9.084283e-04 9.999720e-01 -1.242725e+00
9.998184e-01 1.778273e-02 -6.856095e-03 8.580487e+01 -1.779279e-02 9.998407e-01 -1.408074e-03 -1.585659e+00 6.829963e-03 1.529807e-03 9.999755e-01 -1.239295e+00
9.998026e-01 1.847492e-02 -7.302198e-03 8.611613e+01 -1.848559e-02 9.998282e-01 -1.397234e-03 -1.595749e+00 7.275129e-03 1.531944e-03 9.999723e-01 -1.249536e+00
9.998118e-01 1.832568e-02 -6.364422e-03 8.644369e+01 -1.833694e-02 9.998304e-01 -1.716251e-03 -1.601884e+00 6.331891e-03 1.832633e-03 9.999782e-01 -1.251851e+00
9.997966e-01 1.921375e-02 -6.126064e-03 8.675970e+01 -1.922596e-02 9.998133e-01 -1.938901e-03 -1.615652e+00 6.087666e-03 2.056287e-03 9.999794e-01 -1.257457e+00
9.998025e-01 1.921236e-02 -5.090855e-03 8.707695e+01 -1.922356e-02 9.998128e-01 -2.159619e-03 -1.620171e+00 5.048411e-03 2.257057e-03 9.999847e-01 -1.264502e+00
9.997888e-01 1.953774e-02 -6.380203e-03 8.739329e+01 -1.955078e-02 9.998069e-01 -1.988648e-03 -1.629293e+00 6.340117e-03 2.112966e-03 9.999776e-01 -1.271610e+00
9.997830e-01 1.978730e-02 -6.514471e-03 8.770704e+01 -1.980172e-02 9.998015e-01 -2.156318e-03 -1.637159e+00 6.470510e-03 2.284848e-03 9.999765e-01 -1.272226e+00
9.997839e-01 1.966778e-02 -6.726922e-03 8.802905e+01 -1.968595e-02 9.998026e-01 -2.645504e-03 -1.643800e+00 6.673563e-03 2.777359e-03 9.999739e-01 -1.275548e+00
9.997907e-01 1.962771e-02 -5.763965e-03 8.834589e+01 -1.964263e-02 9.998038e-01 -2.541850e-03 -1.650963e+00 5.712943e-03 2.654538e-03 9.999802e-01 -1.281636e+00
9.997892e-01 2.003964e-02 -4.463320e-03 8.866678e+01 -2.005087e-02 9.997960e-01 -2.484268e-03 -1.664821e+00 4.412625e-03 2.573238e-03 9.999869e-01 -1.288988e+00
9.997934e-01 1.983567e-02 -4.445819e-03 8.898638e+01 -1.984660e-02 9.998000e-01 -2.428852e-03 -1.674385e+00 4.396752e-03 2.516584e-03 9.999872e-01 -1.293725e+00
9.997933e-01 1.999231e-02 -3.702159e-03 8.930360e+01 -2.000064e-02 9.997975e-01 -2.226866e-03 -1.682992e+00 3.656890e-03 2.300452e-03 9.999906e-01 -1.296288e+00
9.997969e-01 1.991505e-02 -3.089624e-03 8.963115e+01 -1.992078e-02 9.998000e-01 -1.837666e-03 -1.694345e+00 3.052408e-03 1.898840e-03 9.999936e-01 -1.299903e+00
9.997907e-01 2.023741e-02 -2.984115e-03 8.994743e+01 -2.024370e-02 9.997929e-01 -2.093958e-03 -1.708292e+00 2.941121e-03 2.153929e-03 9.999934e-01 -1.302606e+00
9.997966e-01 1.997634e-02 -2.794155e-03 9.027303e+01 -1.998071e-02 9.997990e-01 -1.544402e-03 -1.714777e+00 2.762742e-03 1.599917e-03 9.999949e-01 -1.312006e+00
9.998094e-01 1.939505e-02 -2.236065e-03 9.059583e+01 -1.939878e-02 9.998106e-01 -1.657872e-03 -1.721403e+00 2.203487e-03 1.700933e-03 9.999961e-01 -1.317261e+00
9.998164e-01 1.909452e-02 -1.597877e-03 9.092888e+01 -1.909630e-02 9.998170e-01 -1.109606e-03 -1.734376e+00 1.576398e-03 1.139916e-03 9.999981e-01 -1.319243e+00
9.998199e-01 1.894936e-02 -9.901717e-04 9.126440e+01 -1.894996e-02 9.998202e-01 -6.092038e-04 -1.746528e+00 9.784496e-04 6.278579e-04 9.999993e-01 -1.323664e+00
9.998282e-01 1.853595e-02 -1.649170e-04 9.160061e+01 -1.853599e-02 9.998281e-01 -2.342879e-04 -1.757527e+00 1.605459e-04 2.373045e-04 9.999999e-01 -1.329755e+00
9.998233e-01 1.878834e-02 5.205285e-04 9.193977e+01 -1.878827e-02 9.998235e-01 -1.304797e-04 -1.768764e+00 -5.228881e-04 1.206768e-04 9.999999e-01 -1.335282e+00
9.998264e-01 1.859485e-02 1.192288e-03 9.228561e+01 -1.859512e-02 9.998271e-01 2.207331e-04 -1.773281e+00 -1.187977e-03 -2.428655e-04 9.999993e-01 -1.337964e+00
9.998329e-01 1.820144e-02 1.723473e-03 9.264639e+01 -1.820275e-02 9.998341e-01 7.484385e-04 -1.791850e+00 -1.709565e-03 -7.796853e-04 9.999982e-01 -1.346470e+00
9.998373e-01 1.795105e-02 1.745639e-03 9.299715e+01 -1.795208e-02 9.998387e-01 5.794822e-04 -1.802495e+00 -1.734955e-03 -6.107259e-04 9.999983e-01 -1.350534e+00
9.998459e-01 1.746009e-02 1.794001e-03 9.336000e+01 -1.746110e-02 9.998473e-01 5.480711e-04 -1.817619e+00 -1.784158e-03 -5.793118e-04 9.999982e-01 -1.357065e+00
9.998553e-01 1.682596e-02 2.490039e-03 9.372881e+01 -1.682547e-02 9.998584e-01 -2.180684e-04 -1.819093e+00 -2.493356e-03 1.761408e-04 9.999969e-01 -1.356504e+00
9.998525e-01 1.672220e-02 3.917652e-03 9.409601e+01 -1.671637e-02 9.998592e-01 -1.515867e-03 -1.828584e+00 -3.942449e-03 1.450155e-03 9.999912e-01 -1.354871e+00
9.998677e-01 1.596551e-02 3.121383e-03 9.447241e+01 -1.595880e-02 9.998702e-01 -2.164010e-03 -1.835772e+00 -3.155528e-03 2.113910e-03 9.999928e-01 -1.353313e+00
9.998807e-01 1.463451e-02 4.946987e-03 9.483724e+01 -1.463487e-02 9.998928e-01 3.682546e-05 -1.843778e+00 -4.945918e-03 -1.092196e-04 9.999878e-01 -1.392727e+00
9.999093e-01 1.245800e-02 5.122183e-03 9.521138e+01 -1.245449e-02 9.999220e-01 -7.163900e-04 -1.847695e+00 -5.130710e-03 6.525308e-04 9.999866e-01 -1.371858e+00
9.999285e-01 1.079190e-02 5.146015e-03 9.558044e+01 -1.078600e-02 9.999410e-01 -1.174287e-03 -1.854565e+00 -5.158384e-03 1.118699e-03 9.999861e-01 -1.411009e+00
9.999431e-01 9.155731e-03 5.464983e-03 9.595147e+01 -9.147950e-03 9.999571e-01 -1.446920e-03 -1.862593e+00 -5.477996e-03 1.396845e-03 9.999840e-01 -1.386924e+00
9.999617e-01 7.077318e-03 5.151414e-03 9.631347e+01 -7.072321e-03 9.999744e-01 -9.876580e-04 -1.862112e+00 -5.158272e-03 9.511878e-04 9.999862e-01 -1.402955e+00
9.999703e-01 5.059976e-03 5.810657e-03 9.667699e+01 -5.060201e-03 9.999871e-01 2.411535e-05 -1.868814e+00 -5.810461e-03 -5.351773e-05 9.999831e-01 -1.402050e+00
9.999752e-01 3.377682e-03 6.180501e-03 9.704045e+01 -3.386764e-03 9.999931e-01 1.459651e-03 -1.872152e+00 -6.175528e-03 -1.480547e-03 9.999799e-01 -1.402471e+00
9.999807e-01 1.025537e-03 6.120131e-03 9.740626e+01 -1.022501e-03 9.999994e-01 -4.990777e-04 -1.875077e+00 -6.120639e-03 4.928103e-04 9.999812e-01 -1.429359e+00
9.999666e-01 -1.018706e-03 8.117255e-03 9.777992e+01 1.032889e-03 9.999979e-01 -1.743277e-03 -1.876489e+00 -8.115463e-03 1.751603e-03 9.999655e-01 -1.406288e+00
9.999646e-01 -3.527677e-03 7.641317e-03 9.813091e+01 3.527957e-03 9.999937e-01 -2.308388e-05 -1.876494e+00 -7.641187e-03 5.004129e-05 9.999708e-01 -1.437500e+00
9.999409e-01 -6.309398e-03 8.852001e-03 9.849413e+01 6.314999e-03 9.999799e-01 -6.050593e-04 -1.879501e+00 -8.848006e-03 6.609240e-04 9.999607e-01 -1.431715e+00
9.999259e-01 -9.614174e-03 7.472568e-03 9.885474e+01 9.624918e-03 9.999528e-01 -1.403087e-03 -1.874428e+00 -7.458725e-03 1.474906e-03 9.999711e-01 -1.431720e+00
9.998496e-01 -1.401887e-02 1.021646e-02 9.920708e+01 1.404491e-02 9.998982e-01 -2.481462e-03 -1.869873e+00 -1.018064e-02 2.624578e-03 9.999447e-01 -1.443843e+00
9.997709e-01 -1.874094e-02 1.034023e-02 9.955224e+01 1.877157e-02 9.998198e-01 -2.873464e-03 -1.857951e+00 -1.028451e-02 3.066908e-03 9.999424e-01 -1.443865e+00
9.996576e-01 -2.367930e-02 1.113401e-02 9.990456e+01 2.371753e-02 9.997132e-01 -3.314302e-03 -1.851556e+00 -1.105234e-02 3.577238e-03 9.999325e-01 -1.463772e+00
9.994997e-01 -2.984792e-02 1.046485e-02 1.002435e+02 2.988186e-02 9.995486e-01 -3.101677e-03 -1.839937e+00 -1.036755e-02 3.412834e-03 9.999405e-01 -1.461377e+00
9.992678e-01 -3.698169e-02 9.814760e-03 1.005829e+02 3.701013e-02 9.993113e-01 -2.731597e-03 -1.823222e+00 -9.706980e-03 3.092842e-03 9.999481e-01 -1.464388e+00
9.989013e-01 -4.508435e-02 1.278832e-02 1.009209e+02 4.511537e-02 9.989794e-01 -2.147180e-03 -1.805547e+00 -1.267846e-02 2.721770e-03 9.999159e-01 -1.469184e+00
9.984005e-01 -5.484681e-02 1.372240e-02 1.012445e+02 5.488038e-02 9.984908e-01 -2.081729e-03 -1.781377e+00 -1.358752e-02 2.831491e-03 9.999037e-01 -1.485115e+00
9.977226e-01 -6.603704e-02 1.374137e-02 1.015556e+02 6.592154e-02 9.977871e-01 8.695775e-03 -1.749925e+00 -1.428521e-02 -7.770118e-03 9.998678e-01 -1.480615e+00
9.966570e-01 -7.967115e-02 1.809611e-02 1.018536e+02 7.928578e-02 9.966286e-01 2.109975e-02 -1.718809e+00 -1.971614e-02 -1.959445e-02 9.996136e-01 -1.510199e+00
9.953780e-01 -9.380910e-02 2.055630e-02 1.021554e+02 9.329492e-02 9.953324e-01 2.468943e-02 -1.684623e+00 -2.277645e-02 -2.265752e-02 9.994838e-01 -1.513822e+00
9.937933e-01 -1.091395e-01 2.152656e-02 1.024710e+02 1.087371e-01 9.938878e-01 1.906073e-02 -1.648716e+00 -2.347526e-02 -1.660169e-02 9.995866e-01 -1.537142e+00
9.917718e-01 -1.263609e-01 2.053389e-02 1.027881e+02 1.262284e-01 9.919719e-01 7.632519e-03 -1.590937e+00 -2.133349e-02 -4.977758e-03 9.997600e-01 -1.528722e+00
9.894970e-01 -1.439366e-01 1.333705e-02 1.030943e+02 1.439983e-01 9.895706e-01 -3.778483e-03 -1.511417e+00 -1.265409e-02 5.659310e-03 9.999039e-01 -1.518274e+00
9.866018e-01 -1.626967e-01 1.210701e-02 1.033906e+02 1.627409e-01 9.866649e-01 -2.753832e-03 -1.448414e+00 -1.149753e-02 4.687242e-03 9.999229e-01 -1.502054e+00
9.829500e-01 -1.830961e-01 1.688543e-02 1.036698e+02 1.830308e-01 9.830925e-01 5.346743e-03 -1.380780e+00 -1.757891e-02 -2.165027e-03 9.998431e-01 -1.503997e+00
9.792361e-01 -2.023219e-01 1.274905e-02 1.039426e+02 2.022673e-01 9.793153e-01 5.448165e-03 -1.318634e+00 -1.358762e-02 -2.756323e-03 9.999039e-01 -1.579438e+00
9.744946e-01 -2.242091e-01 9.514107e-03 1.042467e+02 2.242547e-01 9.745222e-01 -4.014136e-03 -1.233518e+00 -8.371704e-03 6.045338e-03 9.999467e-01 -1.561725e+00
9.679459e-01 -2.508309e-01 1.283364e-02 1.045195e+02 2.509867e-01 9.679106e-01 -1.244348e-02 -1.133557e+00 -9.300606e-03 1.526569e-02 9.998402e-01 -1.565572e+00
9.619232e-01 -2.724583e-01 2.168669e-02 1.047797e+02 2.727645e-01 9.619977e-01 -1.264583e-02 -1.057347e+00 -1.741709e-02 1.807968e-02 9.996848e-01 -1.565114e+00
9.547478e-01 -2.956112e-01 3.272034e-02 1.050449e+02 2.959480e-01 9.551860e-01 -5.867795e-03 -9.738473e-01 -2.951943e-02 1.528578e-02 9.994473e-01 -1.563660e+00
9.465283e-01 -3.201295e-01 4.001526e-02 1.052858e+02 3.202360e-01 9.473298e-01 3.894252e-03 -8.748999e-01 -3.915432e-02 9.128305e-03 9.991915e-01 -1.580651e+00
9.391776e-01 -3.417226e-01 3.422201e-02 1.055186e+02 3.415092e-01 9.398009e-01 1.207885e-02 -7.678766e-01 -3.628948e-02 3.429456e-04 9.993412e-01 -1.620525e+00
9.315087e-01 -3.632985e-01 1.748872e-02 1.057651e+02 3.630927e-01 9.316494e-01 1.388611e-02 -6.297885e-01 -2.133816e-02 -6.585008e-03 9.997506e-01 -1.623052e+00
9.215381e-01 -3.881852e-01 8.928638e-03 1.060233e+02 3.880602e-01 9.215415e-01 1.305293e-02 -4.882263e-01 -1.329507e-02 -8.563924e-03 9.998749e-01 -1.611186e+00
9.103611e-01 -4.137488e-01 7.386259e-03 1.062516e+02 4.136579e-01 9.103624e-01 1.128046e-02 -3.505230e-01 -1.139145e-02 -7.213911e-03 9.999091e-01 -1.593517e+00
8.990303e-01 -4.377006e-01 1.275679e-02 1.065044e+02 4.375767e-01 8.991085e-01 1.141909e-02 -2.259508e-01 -1.646788e-02 -4.684036e-03 9.998534e-01 -1.598454e+00
8.859972e-01 -4.633437e-01 1.793188e-02 1.067344e+02 4.631686e-01 8.861724e-01 1.317230e-02 -8.987888e-02 -2.199404e-02 -3.365142e-03 9.997525e-01 -1.608030e+00
8.721013e-01 -4.889330e-01 1.959391e-02 1.069537e+02 4.887156e-01 8.723143e-01 1.498896e-02 5.779899e-02 -2.442065e-02 -3.496038e-03 9.996957e-01 -1.631725e+00
8.572285e-01 -5.147167e-01 1.503776e-02 1.071692e+02 5.145443e-01 8.573499e-01 1.398048e-02 2.238224e-01 -2.008861e-02 -4.246867e-03 9.997892e-01 -1.652590e+00
8.418403e-01 -5.395775e-01 1.269544e-02 1.073751e+02 5.394655e-01 8.419318e-01 1.130763e-02 3.894400e-01 -1.679003e-02 -2.670465e-03 9.998555e-01 -1.641951e+00
8.260691e-01 -5.634415e-01 1.197811e-02 1.075820e+02 5.633655e-01 8.261553e-01 9.307755e-03 5.585812e-01 -1.514016e-02 -9.407923e-04 9.998850e-01 -1.649692e+00
8.096438e-01 -5.867906e-01 1.240064e-02 1.077792e+02 5.867355e-01 8.097384e-01 8.072158e-03 7.304972e-01 -1.477794e-02 7.403232e-04 9.998905e-01 -1.663883e+00
7.926345e-01 -6.096268e-01 9.263244e-03 1.079644e+02 6.095887e-01 7.926885e-01 6.815646e-03 9.013157e-01 -1.149787e-02 2.444533e-04 9.999338e-01 -1.682747e+00
7.750020e-01 -6.319284e-01 6.194632e-03 1.081507e+02 6.319022e-01 7.750266e-01 5.783311e-03 1.092266e+00 -8.455643e-03 -5.676760e-04 9.999641e-01 -1.675943e+00
7.560890e-01 -6.544396e-01 6.190407e-03 1.083302e+02 6.544057e-01 7.561136e-01 6.738332e-03 1.279789e+00 -9.090482e-03 -1.043741e-03 9.999582e-01 -1.678986e+00
7.364964e-01 -6.764188e-01 5.536296e-03 1.085000e+02 6.763862e-01 7.365161e-01 6.744600e-03 1.474884e+00 -8.639746e-03 -1.222699e-03 9.999619e-01 -1.687388e+00
7.174010e-01 -6.966433e-01 4.884758e-03 1.086705e+02 6.966060e-01 7.174150e-01 7.475849e-03 1.668870e+00 -8.712399e-03 -1.960429e-03 9.999601e-01 -1.688930e+00
6.961856e-01 -7.178509e-01 3.964351e-03 1.088356e+02 7.178114e-01 6.961915e-01 8.003983e-03 1.867492e+00 -8.505614e-03 -2.726601e-03 9.999601e-01 -1.708868e+00
6.736516e-01 -7.390469e-01 1.779725e-03 1.089867e+02 7.390186e-01 6.736437e-01 7.454331e-03 2.080034e+00 -6.708001e-03 -3.706372e-03 9.999706e-01 -1.709244e+00
6.502026e-01 -7.597596e-01 1.374638e-03 1.091331e+02 7.597398e-01 6.501969e-01 6.266844e-03 2.286987e+00 -5.655080e-03 -3.030350e-03 9.999794e-01 -1.704397e+00
6.267931e-01 -7.791685e-01 5.174568e-03 1.092759e+02 7.791452e-01 6.268145e-01 6.036461e-03 2.495171e+00 -7.946915e-03 2.481269e-04 9.999684e-01 -1.691385e+00
6.021513e-01 -7.983314e-01 8.995231e-03 1.094137e+02 7.983214e-01 6.022063e-01 5.549009e-03 2.706656e+00 -9.846931e-03 3.839741e-03 9.999442e-01 -1.719720e+00
5.777298e-01 -8.161469e-01 1.150964e-02 1.095306e+02 8.161486e-01 5.778129e-01 5.811096e-03 2.919034e+00 -1.139313e-02 6.036336e-03 9.999169e-01 -1.724206e+00
5.532223e-01 -8.329911e-01 8.422432e-03 1.096463e+02 8.329529e-01 5.532812e-01 8.327761e-03 3.145110e+00 -1.159692e-02 2.408386e-03 9.999298e-01 -1.745432e+00
5.283753e-01 -8.490006e-01 4.178947e-03 1.097526e+02 8.489413e-01 5.283887e-01 1.020459e-02 3.364702e+00 -1.087181e-02 -1.844173e-03 9.999392e-01 -1.751065e+00
5.041956e-01 -8.635895e-01 8.027814e-05 1.098514e+02 8.635523e-01 5.041748e-01 9.237080e-03 3.596854e+00 -8.017519e-03 -4.587971e-03 9.999573e-01 -1.745353e+00
4.815387e-01 -8.764238e-01 1.321214e-03 1.099580e+02 8.763900e-01 4.815323e-01 8.195678e-03 3.821789e+00 -7.819096e-03 -2.788637e-03 9.999655e-01 -1.751221e+00
4.600589e-01 -8.878881e-01 -8.427296e-04 1.100499e+02 8.878573e-01 4.600346e-01 8.812650e-03 4.042482e+00 -7.436962e-03 -4.802561e-03 9.999608e-01 -1.762264e+00
4.383959e-01 -8.987820e-01 8.991454e-06 1.101398e+02 8.987301e-01 4.383707e-01 1.074348e-02 4.268728e+00 -9.659987e-03 -4.701817e-03 9.999423e-01 -1.769386e+00
4.172040e-01 -9.088113e-01 -1.680398e-03 1.102163e+02 9.087346e-01 4.171431e-01 1.390409e-02 4.499022e+00 -1.193523e-02 -7.327878e-03 9.999020e-01 -1.776278e+00
3.973119e-01 -9.176784e-01 -3.088574e-03 1.103092e+02 9.175947e-01 3.972243e-01 1.525629e-02 4.724998e+00 -1.277351e-02 -8.895563e-03 9.998788e-01 -1.777073e+00
3.767342e-01 -9.263181e-01 -2.457121e-03 1.103865e+02 9.262291e-01 3.766580e-01 1.511702e-02 4.959156e+00 -1.307768e-02 -7.970958e-03 9.998827e-01 -1.773435e+00
3.569793e-01 -9.341118e-01 -9.320942e-04 1.104590e+02 9.340318e-01 3.569351e-01 1.348507e-02 5.191875e+00 -1.226387e-02 -5.684499e-03 9.999086e-01 -1.790323e+00
3.380253e-01 -9.411367e-01 -6.140047e-04 1.105264e+02 9.410628e-01 3.379903e-01 1.277298e-02 5.427674e+00 -1.181360e-02 -4.895409e-03 9.999182e-01 -1.800625e+00
3.202510e-01 -9.473302e-01 -2.201951e-03 1.105885e+02 9.472702e-01 3.202025e-01 1.223435e-02 5.662679e+00 -1.088490e-02 -6.003907e-03 9.999228e-01 -1.806050e+00
3.025480e-01 -9.531285e-01 -3.287785e-03 1.106472e+02 9.530791e-01 3.024917e-01 1.178668e-02 5.899448e+00 -1.023969e-02 -6.699555e-03 9.999251e-01 -1.813624e+00
2.861205e-01 -9.581780e-01 -5.474973e-03 1.106996e+02 9.581526e-01 2.860508e-01 1.089391e-02 6.136899e+00 -8.872182e-03 -8.362831e-03 9.999257e-01 -1.818511e+00
2.697379e-01 -9.629150e-01 -6.020284e-03 1.107546e+02 9.628995e-01 2.696702e-01 1.012291e-02 6.376230e+00 -8.124013e-03 -8.527462e-03 9.999306e-01 -1.825234e+00
2.537239e-01 -9.672505e-01 -7.111069e-03 1.108116e+02 9.672408e-01 2.536442e-01 1.048375e-02 6.626815e+00 -8.336733e-03 -9.538094e-03 9.999198e-01 -1.831626e+00
2.378204e-01 -9.712919e-01 -5.784781e-03 1.108544e+02 9.712710e-01 2.377541e-01 1.027626e-02 6.871256e+00 -8.605894e-03 -8.062495e-03 9.999304e-01 -1.834923e+00
2.224994e-01 -9.749119e-01 -6.390997e-03 1.109008e+02 9.748958e-01 2.224289e-01 1.017960e-02 7.132201e+00 -8.502673e-03 -8.495511e-03 9.999278e-01 -1.843316e+00
2.072845e-01 -9.782684e-01 -4.898985e-03 1.109490e+02 9.782452e-01 2.072318e-01 9.561687e-03 7.394019e+00 -8.338671e-03 -6.774398e-03 9.999423e-01 -1.847066e+00
1.931235e-01 -9.811610e-01 -5.137694e-03 1.109905e+02 9.811407e-01 1.930707e-01 9.296780e-03 7.655055e+00 -8.129700e-03 -6.836226e-03 9.999436e-01 -1.856607e+00
1.790792e-01 -9.838204e-01 -5.292085e-03 1.110262e+02 9.838048e-01 1.790293e-01 8.750907e-03 7.918132e+00 -7.661883e-03 -6.773485e-03 9.999477e-01 -1.866174e+00
1.656590e-01 -9.861683e-01 -5.415911e-03 1.110612e+02 9.861506e-01 1.656065e-01 9.025411e-03 8.189999e+00 -8.003663e-03 -6.836045e-03 9.999446e-01 -1.874102e+00
1.523046e-01 -9.883146e-01 -6.121234e-03 1.110959e+02 9.883016e-01 1.522468e-01 8.989883e-03 8.465964e+00 -7.952894e-03 -7.418825e-03 9.999409e-01 -1.883130e+00
1.402202e-01 -9.901031e-01 -5.832812e-03 1.111282e+02 9.900839e-01 1.401621e-01 9.394133e-03 8.738189e+00 -8.483621e-03 -7.092221e-03 9.999388e-01 -1.883032e+00
1.287675e-01 -9.916509e-01 -6.893700e-03 1.111553e+02 9.916396e-01 1.287012e-01 9.332735e-03 9.013597e+00 -8.367588e-03 -8.037819e-03 9.999327e-01 -1.895016e+00
1.173659e-01 -9.930650e-01 -6.875329e-03 1.111756e+02 9.930512e-01 1.172985e-01 9.513506e-03 9.297353e+00 -8.641062e-03 -7.944115e-03 9.999311e-01 -1.897357e+00
1.067079e-01 -9.942564e-01 -8.213023e-03 1.112023e+02 9.942582e-01 1.066343e-01 8.916365e-03 9.585498e+00 -7.989364e-03 -9.117313e-03 9.999265e-01 -1.909098e+00
9.747088e-02 -9.952093e-01 -7.609233e-03 1.112220e+02 9.952078e-01 9.740508e-02 8.573743e-03 9.872174e+00 -7.791490e-03 -8.408459e-03 9.999343e-01 -1.911421e+00
8.924413e-02 -9.959778e-01 -7.978229e-03 1.112477e+02 9.959754e-01 8.917165e-02 9.025294e-03 1.016381e+01 -8.277562e-03 -8.751573e-03 9.999275e-01 -1.922829e+00
8.178544e-02 -9.966224e-01 -7.400228e-03 1.112703e+02 9.966131e-01 8.171630e-02 9.196538e-03 1.045181e+01 -8.560756e-03 -8.127307e-03 9.999303e-01 -1.921688e+00
7.469487e-02 -9.971794e-01 -7.332874e-03 1.112949e+02 9.971695e-01 7.462668e-02 9.150527e-03 1.075155e+01 -8.577489e-03 -7.995615e-03 9.999312e-01 -1.930327e+00
6.862432e-02 -9.976189e-01 -6.869715e-03 1.113069e+02 9.976072e-01 6.856227e-02 8.894799e-03 1.104333e+01 -8.402617e-03 -7.463677e-03 9.999368e-01 -1.943237e+00
6.286460e-02 -9.979997e-01 -6.681088e-03 1.113316e+02 9.979815e-01 6.280029e-02 9.437099e-03 1.135104e+01 -8.998647e-03 -7.260861e-03 9.999331e-01 -1.944814e+00
5.774724e-02 -9.983155e-01 -5.615848e-03 1.113531e+02 9.982874e-01 5.769110e-02 9.686830e-03 1.166087e+01 -9.346529e-03 -6.165617e-03 9.999373e-01 -1.954606e+00
5.273795e-02 -9.985957e-01 -5.015194e-03 1.113703e+02 9.985621e-01 5.268645e-02 9.890164e-03 1.196264e+01 -9.612043e-03 -5.529570e-03 9.999385e-01 -1.961737e+00
4.804713e-02 -9.988344e-01 -4.601127e-03 1.113910e+02 9.987966e-01 4.799891e-02 1.006669e-02 1.227279e+01 -9.834106e-03 -5.079266e-03 9.999387e-01 -1.970441e+00
4.281718e-02 -9.990731e-01 -4.438623e-03 1.114022e+02 9.990333e-01 4.277027e-02 1.016272e-02 1.258968e+01 -9.963456e-03 -4.869471e-03 9.999385e-01 -1.977940e+00
3.812402e-02 -9.992604e-01 -5.029938e-03 1.114180e+02 9.992240e-01 3.807187e-02 1.010182e-02 1.290807e+01 -9.902846e-03 -5.411156e-03 9.999363e-01 -1.994045e+00
3.344983e-02 -9.994274e-01 -5.092528e-03 1.114279e+02 9.993887e-01 3.339577e-02 1.033822e-02 1.323031e+01 -1.016223e-02 -5.435226e-03 9.999336e-01 -1.990543e+00
2.913284e-02 -9.995617e-01 -5.255400e-03 1.114379e+02 9.995312e-01 2.908158e-02 9.575887e-03 1.355929e+01 -9.418854e-03 -5.531909e-03 9.999403e-01 -2.002557e+00
2.524149e-02 -9.996687e-01 -5.054527e-03 1.114448e+02 9.996335e-01 2.519059e-02 9.923111e-03 1.388951e+01 -9.792496e-03 -5.303148e-03 9.999380e-01 -2.009486e+00
2.138567e-02 -9.997641e-01 -3.785434e-03 1.114547e+02 9.997257e-01 2.134824e-02 9.631484e-03 1.423098e+01 -9.548400e-03 -3.990371e-03 9.999465e-01 -2.010954e+00
1.740247e-02 -9.998472e-01 -1.660001e-03 1.114707e+02 9.998131e-01 1.738775e-02 8.445663e-03 1.458017e+01 -8.415509e-03 -1.806665e-03 9.999630e-01 -2.017556e+00
1.370031e-02 -9.999061e-01 -2.662325e-04 1.114736e+02 9.998714e-01 1.369750e-02 8.339699e-03 1.492225e+01 -8.335270e-03 -3.804541e-04 9.999652e-01 -2.032276e+00
9.700358e-03 -9.999524e-01 9.545928e-04 1.114810e+02 9.999198e-01 9.707808e-03 8.127429e-03 1.528340e+01 -8.136310e-03 8.756779e-04 9.999665e-01 -2.040826e+00
5.755603e-03 -9.999831e-01 8.171916e-04 1.114883e+02 9.999591e-01 5.761147e-03 6.965976e-03 1.565082e+01 -6.970566e-03 7.770648e-04 9.999754e-01 -2.055997e+00
2.082288e-03 -9.999970e-01 1.330991e-03 1.114892e+02 9.999691e-01 2.092242e-03 7.576598e-03 1.602152e+01 -7.579359e-03 1.315174e-03 9.999704e-01 -2.055026e+00
-1.824498e-03 -9.999983e-01 -3.301059e-04 1.114901e+02 9.999583e-01 -1.827300e-03 8.945802e-03 1.638143e+01 -8.946391e-03 -3.137710e-04 9.999599e-01 -2.076339e+00
-6.397367e-03 -9.999794e-01 4.584407e-04 1.114805e+02 9.999355e-01 -6.392896e-03 9.384479e-03 1.675759e+01 -9.381357e-03 5.184482e-04 9.999558e-01 -2.076749e+00
-1.077032e-02 -9.999396e-01 2.224285e-03 1.114786e+02 9.998978e-01 -1.074886e-02 9.426204e-03 1.713707e+01 -9.401727e-03 2.325580e-03 9.999531e-01 -2.078316e+00
-1.510942e-02 -9.998765e-01 4.337192e-03 1.114811e+02 9.998490e-01 -1.507139e-02 8.655922e-03 1.751326e+01 -8.589486e-03 4.467322e-03 9.999532e-01 -2.094114e+00
-1.861215e-02 -9.998136e-01 5.136289e-03 1.114857e+02 9.997872e-01 -1.856524e-02 9.006662e-03 1.789087e+01 -8.909627e-03 5.302827e-03 9.999462e-01 -2.104098e+00
-2.263606e-02 -9.997299e-01 5.259817e-03 1.114697e+02 9.996998e-01 -2.258533e-02 9.500058e-03 1.826856e+01 -9.378698e-03 5.473280e-03 9.999411e-01 -2.110848e+00
-2.618182e-02 -9.996438e-01 5.180251e-03 1.114645e+02 9.996116e-01 -2.613080e-02 9.685758e-03 1.864820e+01 -9.546943e-03 5.431830e-03 9.999397e-01 -2.120372e+00
-2.946520e-02 -9.995573e-01 4.122082e-03 1.114553e+02 9.995326e-01 -2.943033e-02 8.267798e-03 1.902675e+01 -8.142823e-03 4.363767e-03 9.999573e-01 -2.129673e+00
-3.260434e-02 -9.994559e-01 5.010287e-03 1.114430e+02 9.994444e-01 -3.256845e-02 7.085382e-03 1.941708e+01 -6.918348e-03 5.238518e-03 9.999623e-01 -2.138030e+00
-3.545630e-02 -9.993574e-01 5.249391e-03 1.114326e+02 9.993500e-01 -3.542078e-02 6.703247e-03 1.978444e+01 -6.513002e-03 5.483651e-03 9.999638e-01 -2.146555e+00
-3.750360e-02 -9.992802e-01 5.717683e-03 1.114247e+02 9.992746e-01 -3.746414e-02 6.840094e-03 2.017243e+01 -6.620962e-03 5.970062e-03 9.999602e-01 -2.162023e+00
-3.890979e-02 -9.992290e-01 5.247321e-03 1.114123e+02 9.992229e-01 -3.887534e-02 6.505799e-03 2.054539e+01 -6.296792e-03 5.496383e-03 9.999651e-01 -2.165730e+00
-4.037857e-02 -9.991676e-01 5.814968e-03 1.114011e+02 9.991657e-01 -4.034138e-02 6.377103e-03 2.092309e+01 -6.137210e-03 6.067614e-03 9.999627e-01 -2.169431e+00
-4.182339e-02 -9.991094e-01 5.571598e-03 1.113849e+02 9.991065e-01 -4.178798e-02 6.326120e-03 2.129299e+01 -6.087661e-03 5.831199e-03 9.999645e-01 -2.183750e+00
-4.292202e-02 -9.990639e-01 5.382558e-03 1.113749e+02 9.990614e-01 -4.288912e-02 6.072863e-03 2.167062e+01 -5.836325e-03 5.638165e-03 9.999671e-01 -2.194748e+00
-4.419541e-02 -9.990098e-01 5.133857e-03 1.113585e+02 9.990082e-01 -4.416615e-02 5.664335e-03 2.204560e+01 -5.431982e-03 5.379102e-03 9.999708e-01 -2.199505e+00
-4.567182e-02 -9.989455e-01 4.690584e-03 1.113458e+02 9.989436e-01 -4.564691e-02 5.288578e-03 2.242051e+01 -5.068890e-03 4.927169e-03 9.999750e-01 -2.211750e+00
-4.578447e-02 -9.989420e-01 4.320310e-03 1.113331e+02 9.989377e-01 -4.576087e-02 5.423999e-03 2.279909e+01 -5.220560e-03 4.564055e-03 9.999760e-01 -2.219370e+00
-4.610467e-02 -9.989293e-01 3.798431e-03 1.113283e+02 9.989235e-01 -4.608434e-02 5.296412e-03 2.317164e+01 -5.115694e-03 4.038531e-03 9.999788e-01 -2.227448e+00
-4.612994e-02 -9.989302e-01 3.247622e-03 1.113076e+02 9.989232e-01 -4.611307e-02 5.094415e-03 2.354677e+01 -4.939206e-03 3.479131e-03 9.999818e-01 -2.233909e+00
-4.580736e-02 -9.989489e-01 1.667375e-03 1.112945e+02 9.989382e-01 -4.579854e-02 4.994732e-03 2.391860e+01 -4.913119e-03 1.894400e-03 9.999861e-01 -2.250782e+00
-4.506660e-02 -9.989826e-01 1.619571e-03 1.112868e+02 9.989757e-01 -4.505956e-02 4.142920e-03 2.429973e+01 -4.065728e-03 1.804620e-03 9.999901e-01 -2.246601e+00
-4.373169e-02 -9.990399e-01 2.576443e-03 1.112879e+02 9.990393e-01 -4.372424e-02 2.922184e-03 2.466654e+01 -2.806725e-03 2.701761e-03 9.999924e-01 -2.252826e+00
-4.270267e-02 -9.990845e-01 2.533572e-03 1.112690e+02 9.990848e-01 -4.269630e-02 2.561358e-03 2.504197e+01 -2.450839e-03 2.640631e-03 9.999935e-01 -2.264502e+00
-4.133570e-02 -9.991435e-01 1.888576e-03 1.112574e+02 9.991434e-01 -4.133189e-02 2.002480e-03 2.541612e+01 -1.922706e-03 1.969732e-03 9.999962e-01 -2.271899e+00
-3.909945e-02 -9.992346e-01 1.261371e-03 1.112461e+02 9.992340e-01 -3.909713e-02 1.726156e-03 2.578820e+01 -1.675519e-03 1.327897e-03 9.999977e-01 -2.281762e+00
-3.764653e-02 -9.992905e-01 1.085139e-03 1.112313e+02 9.992909e-01 -3.764576e-02 7.662707e-04 2.615400e+01 -7.248763e-04 1.113216e-03 9.999991e-01 -2.286211e+00
-3.545618e-02 -9.993712e-01 2.198144e-04 1.112310e+02 9.993712e-01 -3.545630e-02 -2.213780e-05 2.653268e+01 2.991768e-05 2.188913e-04 1.000000e+00 -2.293747e+00
-3.372896e-02 -9.994310e-01 2.013078e-04 1.112206e+02 9.994310e-01 -3.372896e-02 -3.247767e-04 2.690874e+01 3.313819e-04 1.902389e-04 9.999999e-01 -2.299728e+00
-3.226590e-02 -9.994781e-01 1.569787e-03 1.112200e+02 9.994793e-01 -3.226560e-02 2.671806e-04 2.728048e+01 -2.163910e-04 1.577591e-03 9.999987e-01 -2.301934e+00
-3.057730e-02 -9.995306e-01 1.864985e-03 1.112138e+02 9.995324e-01 -3.057742e-02 -6.398384e-05 2.764391e+01 1.209803e-04 1.862156e-03 9.999983e-01 -2.313650e+00
-2.863014e-02 -9.995890e-01 1.481882e-03 1.112090e+02 9.995898e-01 -2.863121e-02 -7.550424e-04 2.801421e+01 7.971602e-04 1.459657e-03 9.999986e-01 -2.317191e+00
-2.680779e-02 -9.996403e-01 6.892009e-04 1.111971e+02 9.996394e-01 -2.680874e-02 -1.542057e-03 2.838087e+01 1.559979e-03 6.476133e-04 9.999986e-01 -2.321855e+00
-2.520573e-02 -9.996817e-01 1.164255e-03 1.111964e+02 9.996799e-01 -2.520818e-02 -2.198720e-03 2.874989e+01 2.227368e-03 1.108462e-03 9.999969e-01 -2.329766e+00
-2.336633e-02 -9.997269e-01 1.110350e-04 1.111919e+02 9.997241e-01 -2.336657e-02 -2.349671e-03 2.911615e+01 2.351624e-03 5.610101e-05 9.999973e-01 -2.334405e+00
-2.217221e-02 -9.997542e-01 2.869477e-04 1.111868e+02 9.997494e-01 -2.217293e-02 -3.101601e-03 2.948555e+01 3.107201e-03 2.181064e-04 9.999952e-01 -2.332330e+00
-2.044618e-02 -9.997910e-01 9.968469e-05 1.111778e+02 9.997858e-01 -2.044630e-02 -3.204793e-03 2.984682e+01 3.206162e-03 3.413786e-05 9.999949e-01 -2.345167e+00
-1.887131e-02 -9.998219e-01 3.623947e-04 1.111797e+02 9.998153e-01 -1.887244e-02 -3.646710e-03 3.021148e+01 3.652900e-03 2.935097e-04 9.999933e-01 -2.342864e+00
-1.677871e-02 -9.998590e-01 7.115977e-04 1.111853e+02 9.998477e-01 -1.678175e-02 -4.810825e-03 3.056670e+01 4.822088e-03 6.307703e-04 9.999882e-01 -2.357224e+00
-1.414490e-02 -9.998993e-01 1.185241e-03 1.111958e+02 9.998829e-01 -1.415163e-02 -5.816257e-03 3.092949e+01 5.832444e-03 1.102831e-03 9.999824e-01 -2.355063e+00
-1.170969e-02 -9.999295e-01 1.972008e-03 1.111988e+02 9.999146e-01 -1.172090e-02 -5.780988e-03 3.129153e+01 5.803694e-03 1.904146e-03 9.999813e-01 -2.364105e+00
-9.605408e-03 -9.999533e-01 1.146137e-03 1.112057e+02 9.999344e-01 -9.612262e-03 -6.224009e-03 3.165450e+01 6.234735e-03 1.086278e-03 9.999800e-01 -2.363291e+00
-7.087708e-03 -9.999743e-01 1.051625e-03 1.112108e+02 9.999539e-01 -7.094383e-03 -6.470087e-03 3.201780e+01 6.477381e-03 1.005719e-03 9.999785e-01 -2.369419e+00
-5.018711e-03 -9.999875e-01 1.305109e-04 1.112093e+02 9.999636e-01 -5.019367e-03 -6.907392e-03 3.237529e+01 6.907960e-03 9.584008e-05 9.999762e-01 -2.374366e+00
-3.288507e-03 -9.999943e-01 -6.076505e-04 1.112038e+02 9.999705e-01 -3.284335e-03 -6.934649e-03 3.274532e+01 6.932615e-03 -6.304376e-04 9.999757e-01 -2.382476e+00
-9.843111e-04 -9.999992e-01 -7.461403e-04 1.112095e+02 9.999795e-01 -9.796023e-04 -6.319426e-03 3.309739e+01 6.318691e-03 -7.523452e-04 9.999797e-01 -2.383680e+00
1.513839e-03 -9.999988e-01 1.709426e-04 1.112168e+02 9.999816e-01 1.512766e-03 -5.859503e-03 3.346113e+01 5.859237e-03 1.798098e-04 9.999828e-01 -2.386528e+00
3.924668e-03 -9.999922e-01 -3.433947e-04 1.112242e+02 9.999771e-01 3.926516e-03 -5.508184e-03 3.381709e+01 5.509489e-03 -3.217694e-04 9.999847e-01 -2.392774e+00
5.980134e-03 -9.999819e-01 5.997801e-04 1.112314e+02 9.999619e-01 5.976081e-03 -6.363541e-03 3.417392e+01 6.359841e-03 6.378118e-04 9.999796e-01 -2.392153e+00
7.646620e-03 -9.999707e-01 -4.991207e-04 1.112342e+02 9.999479e-01 7.649899e-03 -6.760854e-03 3.452794e+01 6.764473e-03 -4.473964e-04 9.999770e-01 -2.399106e+00
1.023680e-02 -9.999458e-01 -1.846774e-03 1.112441e+02 9.999170e-01 1.025081e-02 -7.803312e-03 3.489212e+01 7.821821e-03 -1.766741e-03 9.999679e-01 -2.405512e+00
1.154137e-02 -9.999263e-01 -3.796618e-03 1.112451e+02 9.998916e-01 1.157570e-02 -9.107381e-03 3.524790e+01 9.150657e-03 -3.691094e-03 9.999513e-01 -2.413053e+00
1.259482e-02 -9.999027e-01 -6.000655e-03 1.112570e+02 9.998742e-01 1.265192e-02 -9.563448e-03 3.560919e+01 9.638436e-03 -5.879450e-03 9.999363e-01 -2.407910e+00
1.428217e-02 -9.998900e-01 -4.018447e-03 1.112683e+02 9.998455e-01 1.432264e-02 -1.019769e-02 3.595902e+01 1.025412e-02 -3.872180e-03 9.999399e-01 -2.411570e+00
1.635432e-02 -9.998625e-01 -2.761832e-03 1.112856e+02 9.997907e-01 1.638687e-02 -1.224519e-02 3.632069e+01 1.228877e-02 -2.560992e-03 9.999212e-01 -2.408230e+00
1.812416e-02 -9.998351e-01 -1.097995e-03 1.112989e+02 9.997519e-01 1.813674e-02 -1.292327e-02 3.667986e+01 1.294105e-02 -8.635004e-04 9.999159e-01 -2.415133e+00
1.892978e-02 -9.998194e-01 -1.677773e-03 1.113062e+02 9.997407e-01 1.894951e-02 -1.262847e-02 3.703550e+01 1.265799e-02 -1.438283e-03 9.999189e-01 -2.419852e+00
2.079499e-02 -9.997806e-01 -2.524531e-03 1.113210e+02 9.997078e-01 2.082443e-02 -1.227623e-02 3.739224e+01 1.232611e-02 -2.268509e-03 9.999214e-01 -2.424305e+00
2.208734e-02 -9.997497e-01 -3.571265e-03 1.113300e+02 9.996822e-01 2.212894e-02 -1.207204e-02 3.775039e+01 1.214805e-02 -3.303491e-03 9.999207e-01 -2.421706e+00
2.435523e-02 -9.996957e-01 -3.936769e-03 1.113451e+02 9.996178e-01 2.440453e-02 -1.298569e-02 3.810868e+01 1.307782e-02 -3.618995e-03 9.999079e-01 -2.432781e+00
2.498269e-02 -9.996813e-01 -3.634720e-03 1.113608e+02 9.995973e-01 2.502930e-02 -1.337842e-02 3.847860e+01 1.346514e-02 -3.299026e-03 9.999039e-01 -2.416638e+00
2.575934e-02 -9.996678e-01 -9.591794e-04 1.113735e+02 9.995993e-01 2.576900e-02 -1.171648e-02 3.883947e+01 1.173730e-02 -6.569852e-04 9.999309e-01 -2.421480e+00
2.777344e-02 -9.996139e-01 7.450921e-04 1.113988e+02 9.995394e-01 2.776229e-02 -1.225396e-02 3.920557e+01 1.222854e-02 1.085083e-03 9.999247e-01 -2.419303e+00
2.886754e-02 -9.995816e-01 1.779575e-03 1.114091e+02 9.994965e-01 2.884138e-02 -1.321839e-02 3.957564e+01 1.316154e-02 2.160260e-03 9.999111e-01 -2.425573e+00
2.972233e-02 -9.995559e-01 2.090009e-03 1.114272e+02 9.994531e-01 2.968872e-02 -1.456260e-02 3.995069e+01 1.449409e-02 2.521701e-03 9.998918e-01 -2.432005e+00
3.072017e-02 -9.995247e-01 2.596166e-03 1.114385e+02 9.994155e-01 3.067756e-02 -1.508877e-02 4.031564e+01 1.500196e-02 3.058177e-03 9.998828e-01 -2.427888e+00
3.173602e-02 -9.994902e-01 3.513360e-03 1.114573e+02 9.993731e-01 3.167689e-02 -1.581401e-02 4.068164e+01 1.569465e-02 4.013033e-03 9.998688e-01 -2.429839e+00
3.282386e-02 -9.994493e-01 4.883928e-03 1.114779e+02 9.993303e-01 3.274024e-02 -1.634188e-02 4.104850e+01 1.617298e-02 5.417061e-03 9.998545e-01 -2.435611e+00
3.404099e-02 -9.994116e-01 4.208928e-03 1.114942e+02 9.992627e-01 3.396046e-02 -1.791100e-02 4.142180e+01 1.775753e-02 4.815534e-03 9.998307e-01 -2.435522e+00
3.410292e-02 -9.993939e-01 6.984862e-03 1.115116e+02 9.992645e-01 3.397429e-02 -1.777892e-02 4.180041e+01 1.753084e-02 7.586037e-03 9.998176e-01 -2.433059e+00
3.531331e-02 -9.993469e-01 7.674451e-03 1.115346e+02 9.992184e-01 3.517032e-02 -1.804749e-02 4.216728e+01 1.776579e-02 8.305771e-03 9.998077e-01 -2.432156e+00
3.657722e-02 -9.992880e-01 9.248365e-03 1.115532e+02 9.991567e-01 3.639638e-02 -1.900561e-02 4.254321e+01 1.865547e-02 9.935738e-03 9.997766e-01 -2.429733e+00
3.697902e-02 -9.992746e-01 9.103002e-03 1.115744e+02 9.991282e-01 3.679407e-02 -1.972693e-02 4.292814e+01 1.937769e-02 9.824550e-03 9.997640e-01 -2.432035e+00
3.731138e-02 -9.992563e-01 9.728109e-03 1.115916e+02 9.991056e-01 3.710842e-02 -2.026825e-02 4.330776e+01 1.989218e-02 1.047564e-02 9.997473e-01 -2.435006e+00
3.730184e-02 -9.992656e-01 8.771319e-03 1.116063e+02 9.991006e-01 3.711569e-02 -2.050606e-02 4.369173e+01 2.016544e-02 9.528343e-03 9.997513e-01 -2.432530e+00
3.733408e-02 -9.992642e-01 8.786092e-03 1.116235e+02 9.990929e-01 3.714466e-02 -2.082190e-02 4.407831e+01 2.048022e-02 9.555489e-03 9.997446e-01 -2.429899e+00
3.724349e-02 -9.992668e-01 8.874382e-03 1.116457e+02 9.990973e-01 3.705275e-02 -2.077872e-02 4.446918e+01 2.043467e-02 9.640245e-03 9.997447e-01 -2.425045e+00
3.651088e-02 -9.992926e-01 9.026537e-03 1.116627e+02 9.991162e-01 3.631330e-02 -2.116919e-02 4.485168e+01 2.082643e-02 9.791465e-03 9.997352e-01 -2.426428e+00
3.590071e-02 -9.993168e-01 8.791508e-03 1.116823e+02 9.991452e-01 3.571141e-02 -2.082361e-02 4.524766e+01 2.049543e-02 9.531577e-03 9.997445e-01 -2.427924e+00
3.519911e-02 -9.993499e-01 7.795482e-03 1.116949e+02 9.991558e-01 3.502476e-02 -2.146962e-02 4.563432e+01 2.118263e-02 8.544611e-03 9.997391e-01 -2.423073e+00
3.450352e-02 -9.993787e-01 7.199893e-03 1.117134e+02 9.991865e-01 3.434467e-02 -2.113788e-02 4.602778e+01 2.087747e-02 7.923368e-03 9.997507e-01 -2.428482e+00
3.397977e-02 -9.993976e-01 7.066779e-03 1.117279e+02 9.992080e-01 3.382516e-02 -2.095869e-02 4.643060e+01 2.070703e-02 7.773354e-03 9.997554e-01 -2.422380e+00
3.295213e-02 -9.994370e-01 6.301258e-03 1.117473e+02 9.992630e-01 3.282094e-02 -1.990539e-02 4.682548e+01 1.968737e-02 6.952539e-03 9.997820e-01 -2.427237e+00
3.211778e-02 -9.994696e-01 5.391639e-03 1.117670e+02 9.993098e-01 3.201103e-02 -1.884395e-02 4.722704e+01 1.866136e-02 5.993144e-03 9.998079e-01 -2.423484e+00
3.075939e-02 -9.995116e-01 5.513727e-03 1.117793e+02 9.993855e-01 3.066182e-02 -1.698662e-02 4.762738e+01 1.680926e-02 6.032837e-03 9.998405e-01 -2.435606e+00
2.960134e-02 -9.995514e-01 4.551078e-03 1.117965e+02 9.994265e-01 2.952206e-02 -1.658496e-02 4.803618e+01 1.644317e-02 5.039404e-03 9.998521e-01 -2.428544e+00
2.820152e-02 -9.995925e-01 4.390821e-03 1.118063e+02 9.994774e-01 2.812827e-02 -1.592648e-02 4.843446e+01 1.579648e-02 4.837678e-03 9.998635e-01 -2.429527e+00
2.635264e-02 -9.996472e-01 3.311388e-03 1.118081e+02 9.995503e-01 2.630234e-02 -1.440092e-02 4.884221e+01 1.430875e-02 3.689400e-03 9.998908e-01 -2.429379e+00
2.494198e-02 -9.996867e-01 2.091886e-03 1.118190e+02 9.995902e-01 2.490985e-02 -1.409669e-02 4.925042e+01 1.404016e-02 2.442627e-03 9.998984e-01 -2.430647e+00
2.354294e-02 -9.997222e-01 1.118117e-03 1.118312e+02 9.996246e-01 2.352512e-02 -1.404531e-02 4.966572e+01 1.401510e-02 1.448367e-03 9.999008e-01 -2.428454e+00
2.182603e-02 -9.997610e-01 1.270454e-03 1.118411e+02 9.996549e-01 2.180517e-02 -1.465437e-02 5.007518e+01 1.462317e-02 1.589862e-03 9.998918e-01 -2.428921e+00
2.049094e-02 -9.997900e-01 4.958091e-04 1.118508e+02 9.996834e-01 2.048147e-02 -1.461938e-02 5.049660e+01 1.460615e-02 7.952168e-04 9.998930e-01 -2.427488e+00
1.958740e-02 -9.998081e-01 2.460498e-04 1.118654e+02 9.997053e-01 1.958203e-02 -1.435186e-02 5.091434e+01 1.434429e-02 5.270941e-04 9.998970e-01 -2.431907e+00
1.781660e-02 -9.998406e-01 -1.270144e-03 1.118790e+02 9.997376e-01 1.783311e-02 -1.438576e-02 5.134202e+01 1.440611e-02 -1.013504e-03 9.998957e-01 -2.431030e+00
1.618022e-02 -9.998688e-01 -7.212870e-04 1.118891e+02 9.997569e-01 1.618922e-02 -1.496700e-02 5.176419e+01 1.497671e-02 -4.789438e-04 9.998877e-01 -2.433953e+00
1.434541e-02 -9.998966e-01 -1.031309e-03 1.118954e+02 9.997837e-01 1.435924e-02 -1.504440e-02 5.219717e+01 1.505766e-02 -8.152681e-04 9.998863e-01 -2.430615e+00
1.272219e-02 -9.999177e-01 -1.621107e-03 1.118997e+02 9.998086e-01 1.274467e-02 -1.483710e-02 5.262495e+01 1.485654e-02 -1.432037e-03 9.998886e-01 -2.437148e+00
1.084471e-02 -9.999372e-01 -2.810291e-03 1.119094e+02 9.998266e-01 1.088595e-02 -1.510344e-02 5.306106e+01 1.513309e-02 -2.646012e-03 9.998820e-01 -2.425801e+00
9.606659e-03 -9.999513e-01 -2.274949e-03 1.119164e+02 9.998372e-01 9.640336e-03 -1.525048e-02 5.349403e+01 1.527167e-02 -2.128072e-03 9.998811e-01 -2.436795e+00
7.634342e-03 -9.999672e-01 -2.695153e-03 1.119196e+02 9.998420e-01 7.676601e-03 -1.603108e-02 5.393303e+01 1.605124e-02 -2.572340e-03 9.998679e-01 -2.428168e+00
6.539106e-03 -9.999715e-01 -3.751318e-03 1.119333e+02 9.998459e-01 6.599188e-03 -1.626828e-02 5.437585e+01 1.629258e-02 -3.644361e-03 9.998606e-01 -2.439804e+00
5.489945e-03 -9.999763e-01 -4.150265e-03 1.119459e+02 9.998492e-01 5.557418e-03 -1.645176e-02 5.482553e+01 1.647443e-02 -4.059321e-03 9.998561e-01 -2.426207e+00
3.849864e-03 -9.999841e-01 -4.097076e-03 1.119375e+02 9.998491e-01 3.918648e-03 -1.692407e-02 5.527343e+01 1.693986e-02 -4.031302e-03 9.998484e-01 -2.430094e+00
2.522051e-03 -9.999877e-01 -4.293151e-03 1.119364e+02 9.998409e-01 2.597570e-03 -1.764903e-02 5.572815e+01 1.765996e-02 -4.247955e-03 9.998350e-01 -2.433442e+00
1.331449e-03 -9.999889e-01 -4.508569e-03 1.119422e+02 9.998256e-01 1.415133e-03 -1.861705e-02 5.618603e+01 1.862322e-02 -4.482997e-03 9.998165e-01 -2.405505e+00
8.193254e-04 -9.999915e-01 -4.033302e-03 1.119521e+02 9.998879e-01 8.794069e-04 -1.494204e-02 5.664897e+01 1.494546e-02 -4.020608e-03 9.998803e-01 -2.458517e+00
1.864433e-04 -9.999983e-01 -1.823388e-03 1.119548e+02 9.998803e-01 2.146959e-04 -1.547120e-02 5.710628e+01 1.547156e-02 -1.820285e-03 9.998786e-01 -2.464240e+00
-5.090237e-05 -9.999899e-01 -4.501163e-03 1.119705e+02 9.998299e-01 3.230572e-05 -1.844301e-02 5.757389e+01 1.844296e-02 -4.501334e-03 9.998198e-01 -2.382306e+00
-2.140999e-03 -9.999813e-01 -5.718566e-03 1.119546e+02 9.998178e-01 -2.032042e-03 -1.898086e-02 5.804285e+01 1.896889e-02 -5.758161e-03 9.998035e-01 -2.449472e+00
-2.684712e-03 -9.999947e-01 -1.814919e-03 1.119632e+02 9.997907e-01 -2.647340e-03 -2.028530e-02 5.851654e+01 2.028039e-02 -1.868998e-03 9.997926e-01 -2.419189e+00
-3.107309e-03 -9.999836e-01 -4.800085e-03 1.119669e+02 9.998048e-01 -3.013194e-03 -1.952490e-02 5.899094e+01 1.951011e-02 -4.859821e-03 9.997978e-01 -2.437104e+00
-3.560781e-03 -9.999918e-01 -1.932216e-03 1.119729e+02 9.997020e-01 -3.513098e-03 -2.415734e-02 5.946130e+01 2.415036e-02 -2.017660e-03 9.997063e-01 -2.412793e+00
-4.152536e-03 -9.999821e-01 -4.295544e-03 1.119695e+02 9.997565e-01 -4.058421e-03 -2.169098e-02 5.993629e+01 2.167316e-02 -4.384572e-03 9.997555e-01 -2.427291e+00
-4.540563e-03 -9.999852e-01 -2.970538e-03 1.119729e+02 9.997655e-01 -4.476666e-03 -2.118637e-02 6.040352e+01 2.117276e-02 -3.066039e-03 9.997711e-01 -2.418197e+00
-4.136205e-03 -9.999878e-01 -2.728652e-03 1.119892e+02 9.997827e-01 -4.079521e-03 -2.044208e-02 6.089622e+01 2.043070e-02 -2.812611e-03 9.997873e-01 -2.405447e+00
-4.844427e-03 -9.999865e-01 -1.881893e-03 1.119899e+02 9.997360e-01 -4.800916e-03 -2.247526e-02 6.137160e+01 2.246592e-02 -1.990275e-03 9.997456e-01 -2.414006e+00
-5.780935e-03 -9.999826e-01 -1.171377e-03 1.119873e+02 9.997007e-01 -5.751550e-03 -2.377762e-02 6.186972e+01 2.377047e-02 -1.308486e-03 9.997166e-01 -2.407001e+00
-6.229520e-03 -9.999768e-01 -2.750458e-03 1.119849e+02 9.997047e-01 -6.163180e-03 -2.350956e-02 6.234963e+01 2.349207e-02 -2.896100e-03 9.997199e-01 -2.410161e+00
-6.396055e-03 -9.999751e-01 -2.953939e-03 1.119812e+02 9.997193e-01 -6.326973e-03 -2.283170e-02 6.285358e+01 2.281244e-02 -3.099144e-03 9.997349e-01 -2.398000e+00
-5.346537e-03 -9.999783e-01 -3.847192e-03 1.119917e+02 9.997356e-01 -5.259097e-03 -2.238484e-02 6.333509e+01 2.236412e-02 -3.965856e-03 9.997420e-01 -2.400759e+00
-4.271269e-03 -9.999875e-01 -2.567398e-03 1.119960e+02 9.997095e-01 -4.209220e-03 -2.373013e-02 6.383627e+01 2.371903e-02 -2.668011e-03 9.997151e-01 -2.389689e+00
-3.222823e-03 -9.999923e-01 -2.303641e-03 1.120015e+02 9.997145e-01 -3.167272e-03 -2.368606e-02 6.433961e+01 2.367858e-02 -2.379320e-03 9.997168e-01 -2.388002e+00
-2.024055e-03 -9.999973e-01 -1.144057e-03 1.120063e+02 9.997163e-01 -1.996219e-03 -2.373574e-02 6.483629e+01 2.373339e-02 -1.191773e-03 9.997176e-01 -2.390887e+00
-8.403063e-04 -9.999980e-01 -1.828975e-03 1.120145e+02 9.997153e-01 -7.963181e-04 -2.384666e-02 6.535502e+01 2.384515e-02 -1.848490e-03 9.997140e-01 -2.380637e+00
-4.317760e-04 -9.999987e-01 -1.549481e-03 1.120200e+02 9.996861e-01 -3.927350e-04 -2.505288e-02 6.586622e+01 2.505224e-02 -1.559811e-03 9.996849e-01 -2.375441e+00
3.364086e-04 -9.999995e-01 -9.972081e-04 1.120251e+02 9.996747e-01 3.616810e-04 -2.550128e-02 6.637273e+01 2.550163e-02 -9.883046e-04 9.996743e-01 -2.374315e+00
8.506179e-04 -9.999989e-01 -1.180493e-03 1.120273e+02 9.996619e-01 8.809566e-04 -2.598673e-02 6.688851e+01 2.598774e-02 -1.157990e-03 9.996616e-01 -2.358270e+00
1.619697e-03 -9.999986e-01 -3.736988e-04 1.120385e+02 9.996632e-01 1.628637e-03 -2.589701e-02 6.740237e+01 2.589758e-02 -3.316291e-04 9.996645e-01 -2.368244e+00
1.726806e-03 -9.999978e-01 -1.149043e-03 1.120423e+02 9.996547e-01 1.756191e-03 -2.621741e-02 6.791261e+01 2.621937e-02 -1.103375e-03 9.996556e-01 -2.354935e+00
2.349794e-03 -9.999944e-01 -2.381731e-03 1.120507e+02 9.996659e-01 2.410293e-03 -2.573588e-02 6.842188e+01 2.574148e-02 -2.320460e-03 9.996659e-01 -2.364429e+00
2.665162e-03 -9.999905e-01 -3.449072e-03 1.120587e+02 9.996815e-01 2.750754e-03 -2.508597e-02 6.893956e+01 2.509522e-02 -3.381117e-03 9.996793e-01 -2.349178e+00
2.504826e-03 -9.999868e-01 -4.490068e-03 1.120618e+02 9.996969e-01 2.614021e-03 -2.447958e-02 6.945351e+01 2.449099e-02 -4.427389e-03 9.996902e-01 -2.350089e+00
1.812100e-03 -9.999910e-01 -3.826248e-03 1.120654e+02 9.996913e-01 1.906276e-03 -2.477194e-02 6.997182e+01 2.477902e-02 -3.780177e-03 9.996858e-01 -2.334493e+00
1.935661e-03 -9.999872e-01 -4.676703e-03 1.120708e+02 9.996810e-01 2.052903e-03 -2.517446e-02 7.048315e+01 2.518374e-02 -4.626483e-03 9.996721e-01 -2.344415e+00
1.923978e-03 -9.999887e-01 -4.331653e-03 1.120842e+02 9.996640e-01 2.035260e-03 -2.584014e-02 7.100155e+01 2.584866e-02 -4.280484e-03 9.996567e-01 -2.330400e+00
1.710117e-03 -9.999880e-01 -4.565446e-03 1.120842e+02 9.996536e-01 1.829267e-03 -2.625201e-02 7.151713e+01 2.626005e-02 -4.518973e-03 9.996449e-01 -2.333394e+00
1.198828e-03 -9.999824e-01 -5.816685e-03 1.120837e+02 9.996448e-01 1.353264e-03 -2.661811e-02 7.203895e+01 2.662552e-02 -5.782710e-03 9.996287e-01 -2.329738e+00
3.598928e-04 -9.999813e-01 -6.121820e-03 1.120800e+02 9.996556e-01 5.205870e-04 -2.623909e-02 7.255742e+01 2.624178e-02 -6.110267e-03 9.996369e-01 -2.324044e+00
-1.740456e-05 -9.999704e-01 -7.697071e-03 1.120859e+02 9.996534e-01 1.852512e-04 -2.632547e-02 7.307248e+01 2.632612e-02 -7.694863e-03 9.996238e-01 -2.322995e+00
-3.991127e-04 -9.999760e-01 -6.921356e-03 1.120911e+02 9.996611e-01 -2.188087e-04 -2.602962e-02 7.359683e+01 2.602748e-02 -6.929400e-03 9.996372e-01 -2.308135e+00
-8.003712e-04 -9.999745e-01 -7.095513e-03 1.120975e+02 9.996464e-01 -6.114244e-04 -2.658588e-02 7.411610e+01 2.658087e-02 -7.114281e-03 9.996213e-01 -2.308743e+00
-1.025796e-03 -9.999813e-01 -6.020156e-03 1.121050e+02 9.996338e-01 -8.625984e-04 -2.704632e-02 7.463686e+01 2.704062e-02 -6.045694e-03 9.996160e-01 -2.295456e+00
-1.333117e-03 -9.999758e-01 -6.839000e-03 1.121065e+02 9.996382e-01 -1.148701e-03 -2.687755e-02 7.515349e+01 2.686904e-02 -6.872355e-03 9.996153e-01 -2.295942e+00
-1.547575e-03 -9.999689e-01 -7.735887e-03 1.121117e+02 9.996410e-01 -1.339912e-03 -2.676091e-02 7.567566e+01 2.674972e-02 -7.774521e-03 9.996119e-01 -2.299601e+00
-1.791954e-03 -9.999587e-01 -8.905942e-03 1.121146e+02 9.996371e-01 -1.551926e-03 -2.689295e-02 7.619655e+01 2.687802e-02 -8.950902e-03 9.995986e-01 -2.290502e+00
-1.865506e-03 -9.999501e-01 -9.820762e-03 1.121242e+02 9.996464e-01 -1.604140e-03 -2.654214e-02 7.671587e+01 2.652506e-02 -9.866802e-03 9.995995e-01 -2.294589e+00
-1.798153e-03 -9.999453e-01 -1.030223e-02 1.121303e+02 9.996097e-01 -1.510084e-03 -2.789586e-02 7.724317e+01 2.787877e-02 -1.034837e-02 9.995577e-01 -2.269811e+00
-2.449393e-03 -9.999586e-01 -8.757661e-03 1.121300e+02 9.995580e-01 -2.188742e-03 -2.964734e-02 7.775761e+01 2.962695e-02 -8.826407e-03 9.995220e-01 -2.272442e+00
-2.602577e-03 -9.999450e-01 -1.016220e-02 1.121291e+02 9.995186e-01 -2.287090e-03 -3.094042e-02 7.827213e+01 3.091548e-02 -1.023783e-02 9.994696e-01 -2.272822e+00
-2.205729e-03 -9.999363e-01 -1.107490e-02 1.121325e+02 9.995117e-01 -1.859128e-03 -3.119441e-02 7.878422e+01 3.117184e-02 -1.113829e-02 9.994520e-01 -2.267190e+00
-2.974391e-03 -9.999141e-01 -1.276703e-02 1.121332e+02 9.995080e-01 -2.574146e-03 -3.125620e-02 7.929869e+01 3.122065e-02 -1.285372e-02 9.994299e-01 -2.262599e+00
-3.126502e-03 -9.999128e-01 -1.282821e-02 1.121394e+02 9.995039e-01 -2.722681e-03 -3.137676e-02 7.979920e+01 3.133910e-02 -1.291995e-02 9.994253e-01 -2.250912e+00
-3.268838e-03 -9.999031e-01 -1.352530e-02 1.121372e+02 9.995406e-01 -2.859592e-03 -3.017170e-02 8.029900e+01 3.013010e-02 -1.361771e-02 9.994532e-01 -2.255905e+00
-1.997232e-03 -9.998833e-01 -1.514565e-02 1.121500e+02 9.995384e-01 -1.537085e-03 -3.034017e-02 8.080261e+01 3.031335e-02 -1.519925e-02 9.994249e-01 -2.239135e+00
-1.124263e-03 -9.998801e-01 -1.544220e-02 1.121457e+02 9.995409e-01 -6.560683e-04 -3.029228e-02 8.129368e+01 3.027852e-02 -1.546916e-02 9.994218e-01 -2.239853e+00
6.274581e-04 -9.998807e-01 -1.543415e-02 1.121559e+02 9.995248e-01 1.102567e-03 -3.080191e-02 8.178014e+01 3.081525e-02 -1.540749e-02 9.994063e-01 -2.221448e+00
3.082275e-03 -9.998697e-01 -1.584438e-02 1.121645e+02 9.995681e-01 3.543615e-03 -2.917421e-02 8.226321e+01 2.922656e-02 -1.574761e-02 9.994488e-01 -2.234090e+00
5.733967e-03 -9.998434e-01 -1.674068e-02 1.121743e+02 9.995583e-01 6.219029e-03 -2.906336e-02 8.275245e+01 2.916292e-02 -1.656663e-02 9.994374e-01 -2.219542e+00
8.104682e-03 -9.998049e-01 -1.801171e-02 1.121781e+02 9.995515e-01 8.619428e-03 -2.868102e-02 8.322648e+01 2.883067e-02 -1.777118e-02 9.994263e-01 -2.217793e+00
1.104987e-02 -9.997543e-01 -1.921950e-02 1.121934e+02 9.995231e-01 1.159751e-02 -2.861970e-02 8.370521e+01 2.883556e-02 -1.889409e-02 9.994056e-01 -2.202130e+00
1.427388e-02 -9.997278e-01 -1.845931e-02 1.122097e+02 9.995103e-01 1.478028e-02 -2.758260e-02 8.417948e+01 2.784792e-02 -1.805655e-02 9.994491e-01 -2.207373e+00
1.743191e-02 -9.996873e-01 -1.793155e-02 1.122284e+02 9.994481e-01 1.792955e-02 -2.796681e-02 8.464957e+01 2.827957e-02 -1.743414e-02 9.994480e-01 -2.197422e+00
2.069926e-02 -9.996291e-01 -1.769065e-02 1.122447e+02 9.993813e-01 2.119064e-02 -2.806880e-02 8.510677e+01 2.843327e-02 -1.709871e-02 9.994494e-01 -2.194749e+00
2.351153e-02 -9.995586e-01 -1.816170e-02 1.122545e+02 9.993227e-01 2.401257e-02 -2.788552e-02 8.556998e+01 2.830932e-02 -1.749377e-02 9.994461e-01 -2.189516e+00
2.678061e-02 -9.994875e-01 -1.753948e-02 1.122745e+02 9.992644e-01 2.724814e-02 -2.698279e-02 8.602214e+01 2.744688e-02 -1.680396e-02 9.994820e-01 -2.194346e+00
2.943635e-02 -9.994128e-01 -1.753767e-02 1.122959e+02 9.992000e-01 2.989626e-02 -2.656231e-02 8.647723e+01 2.707102e-02 -1.674174e-02 9.994933e-01 -2.178232e+00
3.177965e-02 -9.993676e-01 -1.594909e-02 1.123222e+02 9.991214e-01 3.219974e-02 -2.682183e-02 8.691785e+01 2.731843e-02 -1.508269e-02 9.995130e-01 -2.177693e+00
3.332126e-02 -9.993251e-01 -1.546312e-02 1.123388e+02 9.990752e-01 3.372562e-02 -2.666881e-02 8.736586e+01 2.717231e-02 -1.456018e-02 9.995247e-01 -2.174409e+00
3.546762e-02 -9.992658e-01 -1.448761e-02 1.123702e+02 9.990008e-01 3.584504e-02 -2.669218e-02 8.780271e+01 2.719190e-02 -1.352643e-02 9.995387e-01 -2.172336e+00
3.642386e-02 -9.992262e-01 -1.484661e-02 1.123910e+02 9.989800e-01 3.680360e-02 -2.616350e-02 8.824390e+01 2.668966e-02 -1.387849e-02 9.995474e-01 -2.174574e+00
3.688353e-02 -9.992132e-01 -1.458121e-02 1.124114e+02 9.989392e-01 3.726816e-02 -2.705009e-02 8.867287e+01 2.757222e-02 -1.356804e-02 9.995278e-01 -2.164387e+00
3.675562e-02 -9.992301e-01 -1.372206e-02 1.124302e+02 9.989682e-01 3.710568e-02 -2.618705e-02 8.909595e+01 2.667606e-02 -1.274538e-02 9.995629e-01 -2.163684e+00
3.647107e-02 -9.992513e-01 -1.291232e-02 1.124436e+02 9.989790e-01 3.679967e-02 -2.620416e-02 8.951202e+01 2.665971e-02 -1.194345e-02 9.995732e-01 -2.155867e+00
3.621334e-02 -9.992715e-01 -1.204287e-02 1.124605e+02 9.990180e-01 3.650665e-02 -2.510576e-02 8.992640e+01 2.552712e-02 -1.112188e-02 9.996123e-01 -2.163220e+00
3.551555e-02 -9.992890e-01 -1.265186e-02 1.124843e+02 9.990563e-01 3.581822e-02 -2.456399e-02 9.033472e+01 2.499970e-02 -1.176752e-02 9.996182e-01 -2.152327e+00
3.473997e-02 -9.993122e-01 -1.296638e-02 1.124979e+02 9.991228e-01 3.503108e-02 -2.294397e-02 9.074287e+01 2.338242e-02 -1.215793e-02 9.996527e-01 -2.163523e+00
3.364784e-02 -9.993369e-01 -1.391039e-02 1.125125e+02 9.991893e-01 3.394401e-02 -2.164274e-02 9.113996e+01 2.210057e-02 -1.317088e-02 9.996690e-01 -2.155306e+00
3.243542e-02 -9.994034e-01 -1.186777e-02 1.125236e+02 9.992612e-01 3.267121e-02 -2.024084e-02 9.153881e+01 2.061650e-02 -1.120248e-02 9.997247e-01 -2.143007e+00
3.138888e-02 -9.994442e-01 -1.122103e-02 1.125490e+02 9.993185e-01 3.159916e-02 -1.907930e-02 9.193879e+01 1.942327e-02 -1.061450e-02 9.997550e-01 -2.148452e+00
2.967143e-02 -9.995025e-01 -1.068911e-02 1.125654e+02 9.993868e-01 2.986324e-02 -1.827311e-02 9.233026e+01 1.858323e-02 -1.014037e-02 9.997759e-01 -2.141852e+00
2.713096e-02 -9.995796e-01 -1.023257e-02 1.125690e+02 9.994636e-01 2.731287e-02 -1.807160e-02 9.271098e+01 1.834348e-02 -9.736784e-03 9.997844e-01 -2.154564e+00
2.467400e-02 -9.996436e-01 -1.018939e-02 1.125864e+02 9.995260e-01 2.485621e-02 -1.816270e-02 9.308590e+01 1.840950e-02 -9.736415e-03 9.997831e-01 -2.143481e+00
2.103955e-02 -9.997383e-01 -8.982982e-03 1.125944e+02 9.996195e-01 2.119553e-02 -1.764581e-02 9.346581e+01 1.783159e-02 -8.608306e-03 9.998040e-01 -2.151832e+00
1.646012e-02 -9.998381e-01 -7.263747e-03 1.125950e+02 9.997256e-01 1.657856e-02 -1.654859e-02 9.383095e+01 1.666634e-02 -6.989362e-03 9.998367e-01 -2.144447e+00
1.065004e-02 -9.999237e-01 -6.245397e-03 1.125988e+02 9.998341e-01 1.074088e-02 -1.470950e-02 9.420954e+01 1.477546e-02 -6.087705e-03 9.998723e-01 -2.149156e+00
3.417492e-03 -9.999703e-01 -6.899926e-03 1.125978e+02 9.998946e-01 3.514409e-03 -1.408277e-02 9.458622e+01 1.410661e-02 -6.851071e-03 9.998770e-01 -2.155042e+00
-5.365133e-03 -9.999486e-01 -8.597592e-03 1.125915e+02 9.999017e-01 -5.253196e-03 -1.299587e-02 9.496122e+01 1.295003e-02 -8.666471e-03 9.998786e-01 -2.160166e+00
-1.620054e-02 -9.998155e-01 -1.031943e-02 1.125645e+02 9.998031e-01 -1.608044e-02 -1.162259e-02 9.533353e+01 1.145451e-02 -1.050569e-02 9.998792e-01 -2.156953e+00
-2.766550e-02 -9.995518e-01 -1.143809e-02 1.125453e+02 9.995692e-01 -2.755022e-02 -1.011951e-02 9.570055e+01 9.799857e-03 -1.171312e-02 9.998834e-01 -2.164358e+00
-3.954387e-02 -9.991496e-01 -1.168173e-02 1.125202e+02 9.991797e-01 -3.943717e-02 -9.207721e-03 9.606928e+01 8.739196e-03 -1.203625e-02 9.998894e-01 -2.161516e+00
-5.156088e-02 -9.986051e-01 -1.137878e-02 1.124979e+02 9.986367e-01 -5.146295e-02 -8.741516e-03 9.642183e+01 8.143737e-03 -1.181399e-02 9.998971e-01 -2.155338e+00
-6.360602e-02 -9.979021e-01 -1.207422e-02 1.124693e+02 9.979413e-01 -6.349951e-02 -8.998494e-03 9.678252e+01 8.212907e-03 -1.262172e-02 9.998866e-01 -2.172839e+00
-7.558501e-02 -9.970447e-01 -1.374234e-02 1.124298e+02 9.971076e-01 -7.546520e-02 -9.025842e-03 9.713439e+01 7.962099e-03 -1.438480e-02 9.998648e-01 -2.178497e+00
-8.792412e-02 -9.959635e-01 -1.805922e-02 1.123764e+02 9.960974e-01 -8.776706e-02 -9.316981e-03 9.749163e+01 7.694367e-03 -1.880793e-02 9.997935e-01 -2.190178e+00
-1.002883e-01 -9.947320e-01 -2.122602e-02 1.123320e+02 9.949352e-01 -1.001174e-01 -8.963969e-03 9.784745e+01 6.791651e-03 -2.201750e-02 9.997345e-01 -2.175979e+00
-1.133718e-01 -9.933316e-01 -2.095771e-02 1.122807e+02 9.935279e-01 -1.131947e-01 -9.449672e-03 9.820168e+01 7.014354e-03 -2.189340e-02 9.997357e-01 -2.161645e+00
-1.262909e-01 -9.917669e-01 -2.118796e-02 1.122335e+02 9.919676e-01 -1.261055e-01 -9.878876e-03 9.855042e+01 7.125625e-03 -2.226538e-02 9.997267e-01 -2.188573e+00
-1.392264e-01 -9.900095e-01 -2.229879e-02 1.121751e+02 9.902278e-01 -1.390034e-01 -1.126973e-02 9.890374e+01 8.057535e-03 -2.364993e-02 9.996879e-01 -2.178765e+00
-1.527883e-01 -9.879279e-01 -2.557735e-02 1.121117e+02 9.882304e-01 -1.525365e-01 -1.153961e-02 9.924261e+01 7.498824e-03 -2.703944e-02 9.996063e-01 -2.199326e+00
-1.658808e-01 -9.857470e-01 -2.804369e-02 1.120399e+02 9.861163e-01 -1.655888e-01 -1.244960e-02 9.959814e+01 7.628434e-03 -2.971948e-02 9.995292e-01 -2.185961e+00
-1.790600e-01 -9.833828e-01 -2.993090e-02 1.119681e+02 9.838080e-01 -1.787336e-01 -1.326850e-02 9.994131e+01 7.698354e-03 -3.182212e-02 9.994639e-01 -2.192873e+00
-1.925894e-01 -9.808005e-01 -3.065243e-02 1.118950e+02 9.812434e-01 -1.922211e-01 -1.457071e-02 1.002905e+02 8.398912e-03 -3.288367e-02 9.994239e-01 -2.190607e+00
-2.066917e-01 -9.779357e-01 -3.033358e-02 1.118164e+02 9.783730e-01 -2.063303e-01 -1.463305e-02 1.006278e+02 8.051443e-03 -3.270209e-02 9.994327e-01 -2.176858e+00
-2.211087e-01 -9.747739e-01 -3.044744e-02 1.117321e+02 9.752116e-01 -2.207180e-01 -1.568236e-02 1.009621e+02 8.566456e-03 -3.316019e-02 9.994133e-01 -2.203360e+00
-2.349285e-01 -9.715128e-01 -3.117060e-02 1.116407e+02 9.719979e-01 -2.346266e-01 -1.306152e-02 1.012839e+02 5.375976e-03 -3.336628e-02 9.994287e-01 -2.190148e+00
-2.499734e-01 -9.677956e-01 -2.974967e-02 1.115495e+02 9.682526e-01 -2.498452e-01 -8.011663e-03 1.016052e+02 3.208416e-04 -3.080790e-02 9.995252e-01 -2.191078e+00
-2.645797e-01 -9.639181e-01 -2.931838e-02 1.114504e+02 9.643637e-01 -2.644775e-01 -7.376311e-03 1.019230e+02 -6.438941e-04 -3.022520e-02 9.995429e-01 -2.211685e+00
-2.789224e-01 -9.596885e-01 -3.464498e-02 1.113469e+02 9.603129e-01 -2.787862e-01 -8.798383e-03 1.022396e+02 -1.214834e-03 -3.572408e-02 9.993610e-01 -2.207444e+00
-2.942513e-01 -9.550130e-01 -3.696493e-02 1.112248e+02 9.557266e-01 -2.941003e-01 -9.578189e-03 1.025591e+02 -1.724103e-03 -3.814676e-02 9.992707e-01 -2.210342e+00
-3.088230e-01 -9.503578e-01 -3.805735e-02 1.111317e+02 9.511094e-01 -3.087565e-01 -7.761173e-03 1.028647e+02 -4.374560e-03 -3.859353e-02 9.992454e-01 -2.191800e+00
-3.231419e-01 -9.456587e-01 -3.617745e-02 1.110217e+02 9.463333e-01 -3.231301e-01 -6.339289e-03 1.031686e+02 -5.695216e-03 -3.628442e-02 9.993253e-01 -2.200650e+00
-3.372943e-01 -9.407027e-01 -3.620768e-02 1.108961e+02 9.413739e-01 -3.373178e-01 -5.644189e-03 1.034650e+02 -6.903990e-03 -3.598873e-02 9.993284e-01 -2.215807e+00
-3.513162e-01 -9.353143e-01 -4.199905e-02 1.107700e+02 9.362208e-01 -3.513427e-01 -6.996971e-03 1.037628e+02 -8.211691e-03 -4.177854e-02 9.990932e-01 -2.215665e+00
-3.671247e-01 -9.293079e-01 -4.007898e-02 1.106442e+02 9.301455e-01 -3.670974e-01 -8.303788e-03 1.040580e+02 -6.996112e-03 -4.032780e-02 9.991620e-01 -2.193476e+00
-3.828321e-01 -9.232070e-01 -3.359222e-02 1.105151e+02 9.238115e-01 -3.827118e-01 -1.019883e-02 1.043393e+02 -3.440507e-03 -3.493732e-02 9.993836e-01 -2.210868e+00
-3.958836e-01 -9.177790e-01 -3.095128e-02 1.103966e+02 9.182954e-01 -3.957715e-01 -9.923340e-03 1.046062e+02 -3.142204e-03 -3.235091e-02 9.994716e-01 -2.210013e+00
-4.103262e-01 -9.112493e-01 -3.545406e-02 1.102531e+02 9.119058e-01 -4.103320e-01 -7.449143e-03 1.048783e+02 -7.759907e-03 -3.538734e-02 9.993436e-01 -2.241118e+00
-4.253314e-01 -9.041268e-01 -4.059570e-02 1.101064e+02 9.049629e-01 -4.254447e-01 -6.238600e-03 1.051463e+02 -1.163073e-02 -3.939107e-02 9.991562e-01 -2.226887e+00
-4.398265e-01 -8.970464e-01 -4.313164e-02 1.099675e+02 8.979954e-01 -4.399463e-01 -7.184120e-03 1.054049e+02 -1.253112e-02 -4.189178e-02 9.990436e-01 -2.215943e+00
-4.532790e-01 -8.903694e-01 -4.219581e-02 1.098238e+02 8.913031e-01 -4.533122e-01 -9.327373e-03 1.056625e+02 -1.082307e-02 -4.183716e-02 9.990658e-01 -2.216075e+00
-4.672923e-01 -8.831290e-01 -4.148708e-02 1.096891e+02 8.840476e-01 -4.672731e-01 -1.075687e-02 1.059064e+02 -9.886093e-03 -4.170316e-02 9.990811e-01 -2.225770e+00
-4.807798e-01 -8.758299e-01 -4.210410e-02 1.095478e+02 8.767952e-01 -4.806930e-01 -1.282533e-02 1.061537e+02 -9.006344e-03 -4.308283e-02 9.990309e-01 -2.227886e+00
-4.940138e-01 -8.684461e-01 -4.185685e-02 1.094057e+02 8.693990e-01 -4.939522e-01 -1.251956e-02 1.063890e+02 -9.802729e-03 -4.257513e-02 9.990452e-01 -2.220234e+00
-5.073801e-01 -8.607798e-01 -4.029576e-02 1.092451e+02 8.616631e-01 -5.073387e-01 -1.200710e-02 1.066278e+02 -1.010813e-02 -4.081353e-02 9.991156e-01 -2.219676e+00
-5.201685e-01 -8.531198e-01 -4.013988e-02 1.090993e+02 8.539926e-01 -5.201563e-01 -1.157422e-02 1.068582e+02 -1.100481e-02 -4.029971e-02 9.991270e-01 -2.232641e+00
-5.330892e-01 -8.450244e-01 -4.182953e-02 1.089307e+02 8.459987e-01 -5.329897e-01 -1.442449e-02 1.070914e+02 -1.010567e-02 -4.307726e-02 9.990206e-01 -2.232778e+00
-5.458970e-01 -8.367333e-01 -4.328651e-02 1.087708e+02 8.377905e-01 -5.457550e-01 -1.607670e-02 1.073247e+02 -1.017192e-02 -4.504126e-02 9.989333e-01 -2.234603e+00
-5.585035e-01 -8.283659e-01 -4.340370e-02 1.086006e+02 8.294488e-01 -5.582961e-01 -1.789137e-02 1.075518e+02 -9.411518e-03 -4.599354e-02 9.988974e-01 -2.227321e+00
-5.708599e-01 -8.199262e-01 -4.289665e-02 1.084302e+02 8.209956e-01 -5.706317e-01 -1.859004e-02 1.077719e+02 -9.235730e-03 -4.583026e-02 9.989066e-01 -2.227580e+00
-5.831672e-01 -8.111961e-01 -4.332077e-02 1.082609e+02 8.122987e-01 -5.829107e-01 -1.964770e-02 1.079903e+02 -9.313997e-03 -4.664730e-02 9.988680e-01 -2.229687e+00
-5.956311e-01 -8.020505e-01 -4.403011e-02 1.080769e+02 8.031998e-01 -5.953532e-01 -2.060840e-02 1.082144e+02 -9.684486e-03 -4.763997e-02 9.988176e-01 -2.225944e+00
-6.076436e-01 -7.929418e-01 -4.486211e-02 1.078912e+02 7.941473e-01 -6.073347e-01 -2.178521e-02 1.084270e+02 -9.971919e-03 -4.886476e-02 9.987556e-01 -2.221321e+00
-6.190495e-01 -7.840883e-01 -4.453463e-02 1.077168e+02 7.852998e-01 -6.186658e-01 -2.359702e-02 1.086482e+02 -9.049907e-03 -4.958076e-02 9.987291e-01 -2.221625e+00
-6.295336e-01 -7.756335e-01 -4.560725e-02 1.075313e+02 7.769237e-01 -6.290706e-01 -2.568497e-02 1.088561e+02 -8.768059e-03 -5.160290e-02 9.986292e-01 -2.221934e+00
-6.398540e-01 -7.670985e-01 -4.633392e-02 1.073406e+02 7.684419e-01 -6.393636e-01 -2.666846e-02 1.090674e+02 -9.166894e-03 -5.266884e-02 9.985700e-01 -2.220369e+00
-6.495869e-01 -7.588626e-01 -4.652412e-02 1.071539e+02 7.602260e-01 -6.490947e-01 -2.706441e-02 1.092732e+02 -9.660391e-03 -5.294954e-02 9.985505e-01 -2.217778e+00
-6.588507e-01 -7.507970e-01 -4.711330e-02 1.069592e+02 7.521993e-01 -6.583733e-01 -2.721789e-02 1.094820e+02 -1.058303e-02 -5.337111e-02 9.985186e-01 -2.209347e+00
-6.675969e-01 -7.429985e-01 -4.761821e-02 1.067638e+02 7.444439e-01 -6.670908e-01 -2.816205e-02 1.096867e+02 -1.084131e-02 -5.424998e-02 9.984685e-01 -2.204978e+00
-6.758945e-01 -7.354501e-01 -4.774528e-02 1.065651e+02 7.369281e-01 -6.753048e-01 -3.000591e-02 1.098940e+02 -1.017476e-02 -5.546567e-02 9.984087e-01 -2.203806e+00
-6.826553e-01 -7.291178e-01 -4.867021e-02 1.063639e+02 7.306624e-01 -6.820402e-01 -3.087992e-02 1.101094e+02 -1.067994e-02 -5.664184e-02 9.983374e-01 -2.200342e+00
-6.893048e-01 -7.228108e-01 -4.902394e-02 1.061588e+02 7.243879e-01 -6.886727e-01 -3.149754e-02 1.103134e+02 -1.099468e-02 -5.722376e-02 9.983009e-01 -2.193646e+00
-6.951997e-01 -7.171329e-01 -4.916861e-02 1.059537e+02 7.187319e-01 -6.945395e-01 -3.223763e-02 1.105245e+02 -1.103088e-02 -5.775063e-02 9.982701e-01 -2.189324e+00
-7.002367e-01 -7.121679e-01 -4.985448e-02 1.057489e+02 7.138224e-01 -6.995394e-01 -3.319898e-02 1.107265e+02 -1.123193e-02 -5.883439e-02 9.982046e-01 -2.186239e+00
-7.047253e-01 -7.076938e-01 -5.031687e-02 1.055358e+02 7.093861e-01 -7.040130e-01 -3.372102e-02 1.109361e+02 -1.155957e-02 -5.945814e-02 9.981639e-01 -2.180821e+00
-7.084476e-01 -7.039149e-01 -5.105003e-02 1.053272e+02 7.056552e-01 -7.077506e-01 -3.375997e-02 1.111490e+02 -1.236655e-02 -5.994089e-02 9.981253e-01 -2.178368e+00
-7.119672e-01 -7.003683e-01 -5.086274e-02 1.051030e+02 7.020911e-01 -7.113222e-01 -3.299616e-02 1.113704e+02 -1.307034e-02 -5.920246e-02 9.981604e-01 -2.165045e+00
-7.151870e-01 -6.971005e-01 -5.058274e-02 1.048723e+02 6.987914e-01 -7.146243e-01 -3.166361e-02 1.115941e+02 -1.407494e-02 -5.799218e-02 9.982178e-01 -2.165398e+00
-7.179254e-01 -6.941722e-01 -5.203806e-02 1.046324e+02 6.959110e-01 -7.175334e-01 -2.921876e-02 1.118221e+02 -1.705620e-02 -5.719075e-02 9.982176e-01 -2.171511e+00
-7.205343e-01 -6.914572e-01 -5.212865e-02 1.043897e+02 6.930587e-01 -7.205462e-01 -2.197635e-02 1.120649e+02 -2.236539e-02 -5.196293e-02 9.983985e-01 -2.166023e+00
-7.232187e-01 -6.887711e-01 -5.048940e-02 1.041376e+02 6.901522e-01 -7.234836e-01 -1.616783e-02 1.123008e+02 -2.539231e-02 -4.653825e-02 9.985937e-01 -2.160088e+00
-7.253777e-01 -6.865753e-01 -4.941217e-02 1.038744e+02 6.878526e-01 -7.257138e-01 -1.408017e-02 1.125541e+02 -2.619200e-02 -4.420173e-02 9.986792e-01 -2.151160e+00
-7.274042e-01 -6.844995e-01 -4.840727e-02 1.035935e+02 6.857281e-01 -7.277244e-01 -1.393453e-02 1.128221e+02 -2.568898e-02 -4.333026e-02 9.987305e-01 -2.143286e+00
-7.291539e-01 -6.824300e-01 -5.122664e-02 1.033071e+02 6.837882e-01 -7.295434e-01 -1.414376e-02 1.130885e+02 -2.771993e-02 -4.534115e-02 9.985869e-01 -2.149356e+00
-7.301931e-01 -6.813051e-01 -5.139531e-02 1.030065e+02 6.827164e-01 -7.305123e-01 -1.581950e-02 1.133699e+02 -2.676700e-02 -4.663971e-02 9.985531e-01 -2.124461e+00
-7.310323e-01 -6.802897e-01 -5.289370e-02 1.027042e+02 6.818233e-01 -7.313023e-01 -1.772040e-02 1.136588e+02 -2.662627e-02 -4.901834e-02 9.984429e-01 -2.152965e+00
-7.316504e-01 -6.797879e-01 -5.075726e-02 1.023970e+02 6.813955e-01 -7.314661e-01 -2.564206e-02 1.139586e+02 -1.969605e-02 -5.334679e-02 9.983818e-01 -2.113101e+00
-7.328923e-01 -6.786672e-01 -4.774532e-02 1.020877e+02 6.801807e-01 -7.324498e-01 -2.952087e-02 1.142520e+02 -1.493620e-02 -5.411106e-02 9.984232e-01 -2.119043e+00
-7.329011e-01 -6.789252e-01 -4.377908e-02 1.017588e+02 6.802270e-01 -7.324139e-01 -2.934708e-02 1.145667e+02 -1.213993e-02 -5.128821e-02 9.986101e-01 -2.129774e+00
-7.329297e-01 -6.788850e-01 -4.392260e-02 1.014248e+02 6.801423e-01 -7.326355e-01 -2.552888e-02 1.148762e+02 -1.484809e-02 -4.858449e-02 9.987087e-01 -2.126723e+00
-7.325234e-01 -6.792645e-01 -4.482526e-02 1.010827e+02 6.805470e-01 -7.323000e-01 -2.434162e-02 1.152038e+02 -1.629113e-02 -4.833650e-02 9.986982e-01 -2.109354e+00
-7.318661e-01 -6.799158e-01 -4.567824e-02 1.007281e+02 6.812369e-01 -7.316636e-01 -2.418231e-02 1.155328e+02 -1.697917e-02 -4.881592e-02 9.986635e-01 -2.109124e+00
-7.312566e-01 -6.806142e-01 -4.503187e-02 1.003744e+02 6.819119e-01 -7.310175e-01 -2.468744e-02 1.158731e+02 -1.611646e-02 -4.876063e-02 9.986805e-01 -2.087425e+00
-7.307236e-01 -6.812489e-01 -4.407836e-02 1.000085e+02 6.825109e-01 -7.304341e-01 -2.539525e-02 1.162251e+02 -1.489586e-02 -4.864088e-02 9.987053e-01 -2.095083e+00
-7.297471e-01 -6.823164e-01 -4.374633e-02 9.963181e+01 6.835502e-01 -7.294884e-01 -2.461368e-02 1.165867e+02 -1.511813e-02 -4.786457e-02 9.987394e-01 -2.076197e+00
-7.282987e-01 -6.838783e-01 -4.349419e-02 9.925216e+01 6.850812e-01 -7.280903e-01 -2.341714e-02 1.169449e+02 -1.565322e-02 -4.685172e-02 9.987792e-01 -2.088356e+00
-7.270653e-01 -6.852215e-01 -4.298167e-02 9.886674e+01 6.863689e-01 -7.269371e-01 -2.145475e-02 1.173225e+02 -1.654371e-02 -4.510028e-02 9.988455e-01 -2.069179e+00
-7.248861e-01 -6.875790e-01 -4.213476e-02 9.845861e+01 6.887255e-01 -7.246255e-01 -2.397793e-02 1.177214e+02 -1.404520e-02 -4.640055e-02 9.988242e-01 -2.103029e+00
-7.229613e-01 -6.896018e-01 -4.214752e-02 9.806139e+01 6.907294e-01 -7.227579e-01 -2.266882e-02 1.181076e+02 -1.482999e-02 -4.550121e-02 9.988542e-01 -2.086204e+00
-7.210641e-01 -6.914667e-01 -4.405047e-02 9.763901e+01 6.926430e-01 -7.209926e-01 -2.037737e-02 1.185190e+02 -1.766980e-02 -4.520464e-02 9.988214e-01 -2.042173e+00
-7.189087e-01 -6.935419e-01 -4.658344e-02 9.721200e+01 6.948513e-01 -7.188401e-01 -2.122686e-02 1.189312e+02 -1.876432e-02 -4.762873e-02 9.986888e-01 -2.077474e+00
-7.176052e-01 -6.948021e-01 -4.788405e-02 9.678633e+01 6.962082e-01 -7.174705e-01 -2.302680e-02 1.193499e+02 -1.835632e-02 -4.986142e-02 9.985874e-01 -2.013635e+00
-7.164001e-01 -6.957971e-01 -5.135383e-02 9.633114e+01 6.974571e-01 -7.161188e-01 -2.696995e-02 1.197925e+02 -1.800983e-02 -5.513838e-02 9.983163e-01 -2.011597e+00
-7.142787e-01 -6.981953e-01 -4.826076e-02 9.588864e+01 6.997722e-01 -7.135878e-01 -3.333567e-02 1.202412e+02 -1.116348e-02 -5.758250e-02 9.982783e-01 -2.058848e+00
-7.134103e-01 -6.990228e-01 -4.912161e-02 9.544408e+01 7.006684e-01 -7.126232e-01 -3.510039e-02 1.206922e+02 -1.046923e-02 -5.945893e-02 9.981759e-01 -1.984703e+00
-7.096914e-01 -7.022750e-01 -5.610633e-02 9.523089e+01 7.040380e-01 -7.098837e-01 -1.989245e-02 1.209755e+02 -2.585900e-02 -5.361849e-02 9.982266e-01 -1.972898e+00