1.000000e+00 0.000000e+00 0.000000e+00 0.000000e+00 0.000000e+00 1.000000e+00 0.000000e+00 0.000000e+00 0.000000e+00 0.000000e+00 1.000000e+00 0.000000e+00
9.999995e-01 -3.042263e-04 -9.074729e-04 2.059503e+00 3.027432e-04 9.999985e-01 -1.634000e-03 -1.008193e-02 9.079687e-04 1.633724e-03 9.999983e-01 -6.614274e-02
9.999933e-01 -1.554172e-03 -3.328242e-03 3.952600e+00 1.528247e-03 9.999686e-01 -7.777792e-03 -2.710533e-02 3.340225e-03 7.772653e-03 9.999642e-01 -5.371689e-02
9.999795e-01 -1.384090e-03 6.247938e-03 5.822236e+00 1.370284e-03 9.999967e-01 2.213453e-03 -5.443306e-02 -6.250980e-03 -2.204846e-03 9.999780e-01 -6.780878e-02
9.999807e-01 -2.434011e-03 5.702868e-03 7.727830e+00 2.465771e-03 9.999814e-01 -5.568715e-03 -6.970853e-02 -5.689208e-03 5.582670e-03 9.999682e-01 -1.013179e-01
9.999152e-01 -2.768309e-03 1.272841e-02 9.615962e+00 2.817994e-03 9.999884e-01 -3.887206e-03 -8.736730e-02 -1.271751e-02 3.922745e-03 9.999114e-01 -1.503865e-01
9.999653e-01 -4.739353e-03 6.858085e-03 1.151969e+01 4.796951e-03 9.999530e-01 -8.406507e-03 -1.016038e-01 -6.817923e-03 8.439112e-03 9.999412e-01 -1.501468e-01
9.999758e-01 -4.404027e-03 5.380324e-03 1.344272e+01 4.408650e-03 9.999899e-01 -8.477556e-04 -9.950425e-02 -5.376536e-03 8.714551e-04 9.999852e-01 -2.088692e-01
9.999719e-01 -4.011581e-03 -6.329115e-03 1.534925e+01 3.972804e-03 9.999734e-01 -6.127419e-03 -1.007707e-01 6.353527e-03 6.102103e-03 9.999612e-01 -2.265649e-01
9.999846e-01 -4.361339e-03 -3.439933e-03 1.723315e+01 4.329672e-03 9.999487e-01 -9.160111e-03 -1.071812e-01 3.479707e-03 9.145075e-03 9.999521e-01 -2.476426e-01
9.999704e-01 -6.691052e-03 -3.812052e-03 1.911649e+01 6.671845e-03 9.999651e-01 -5.029174e-03 -1.195716e-01 3.845569e-03 5.003591e-03 9.999801e-01 -2.123006e-01
9.999632e-01 -7.843636e-03 -3.488843e-03 2.100875e+01 7.841894e-03 9.999691e-01 -5.124483e-04 -1.267841e-01 3.492755e-03 4.850703e-04 9.999938e-01 -2.726962e-01
9.999544e-01 -9.271614e-03 -2.284680e-03 2.288539e+01 9.261951e-03 9.999483e-01 -4.204198e-03 -1.292770e-01 2.323541e-03 4.182845e-03 9.999886e-01 -2.394198e-01
9.999337e-01 -1.146046e-02 -1.114852e-03 2.474944e+01 1.146082e-02 9.999343e-01 3.243107e-04 -1.218905e-01 1.111062e-03 -3.370663e-04 9.999993e-01 -3.267102e-01
9.999152e-01 -1.290988e-02 -1.705510e-03 2.661493e+01 1.292448e-02 9.998773e-01 8.848510e-03 -1.235217e-01 1.591068e-03 -8.869802e-03 9.999594e-01 -3.673093e-01
9.998807e-01 -1.457505e-02 -5.107693e-03 2.848130e+01 1.466628e-02 9.997249e-01 1.830378e-02 -1.043116e-01 4.839509e-03 -1.837651e-02 9.998194e-01 -3.992525e-01
9.998649e-01 -1.544165e-02 -5.623607e-03 3.039030e+01 1.552650e-02 9.997612e-01 1.536943e-02 -9.106421e-02 5.384935e-03 -1.545467e-02 9.998661e-01 -4.559354e-01
9.998322e-01 -1.699560e-02 -6.839298e-03 3.229145e+01 1.700019e-02 9.998553e-01 6.139327e-04 -8.793244e-02 6.827874e-03 -7.300990e-04 9.999764e-01 -4.885502e-01
9.998037e-01 -1.871052e-02 -6.514993e-03 3.419442e+01 1.867919e-02 9.998138e-01 -4.837594e-03 -5.645546e-02 6.604294e-03 4.714950e-03 9.999671e-01 -5.446343e-01
9.997919e-01 -1.924991e-02 -6.756297e-03 3.605980e+01 1.924705e-02 9.998147e-01 -4.889393e-04 -3.759969e-02 6.764456e-03 3.587988e-04 9.999771e-01 -5.559383e-01
9.998070e-01 -1.857943e-02 -6.389073e-03 3.795374e+01 1.864735e-02 9.997685e-01 1.073990e-02 -2.029821e-02 6.188052e-03 -1.085696e-02 9.999219e-01 -5.836081e-01
9.998049e-01 -1.905730e-02 -5.190141e-03 3.986524e+01 1.912485e-02 9.997287e-01 1.329258e-02 -1.378116e-02 4.935413e-03 -1.338925e-02 9.998982e-01 -6.006826e-01
9.998117e-01 -1.930916e-02 1.917146e-03 4.175631e+01 1.928635e-02 9.997503e-01 1.127761e-02 -6.286575e-03 -2.134429e-03 -1.123851e-02 9.999346e-01 -6.602468e-01
9.997713e-01 -1.996841e-02 7.658727e-03 4.367487e+01 1.992240e-02 9.997833e-01 6.037117e-03 2.975217e-03 -7.777619e-03 -5.883157e-03 9.999524e-01 -6.975355e-01
9.996350e-01 -2.039535e-02 1.771878e-02 4.557459e+01 2.032082e-02 9.997839e-01 4.376360e-03 2.848138e-02 -1.780421e-02 -4.014703e-03 9.998334e-01 -7.466618e-01
9.995946e-01 -1.938105e-02 2.085850e-02 4.748532e+01 1.932215e-02 9.998088e-01 3.021684e-03 2.600417e-02 -2.091308e-02 -2.617428e-03 9.997779e-01 -7.786964e-01
9.994447e-01 -1.767723e-02 2.824427e-02 4.938684e+01 1.756386e-02 9.998366e-01 4.257071e-03 2.952974e-02 -2.831491e-02 -3.758629e-03 9.995920e-01 -8.182266e-01
9.995043e-01 -1.733219e-02 2.628426e-02 5.129513e+01 1.724152e-02 9.998447e-01 3.672329e-03 3.735679e-02 -2.634382e-02 -3.217328e-03 9.996477e-01 -8.589928e-01
9.993327e-01 -1.594010e-02 3.286349e-02 5.321059e+01 1.588880e-02 9.998721e-01 1.821748e-03 4.053264e-02 -3.288833e-02 -1.298371e-03 9.994582e-01 -8.912856e-01
9.993843e-01 -1.524747e-02 3.159916e-02 5.510726e+01 1.521671e-02 9.998833e-01 1.213723e-03 6.642282e-02 -3.161399e-02 -7.321404e-04 9.994999e-01 -9.407659e-01
9.993728e-01 -1.407701e-02 3.249231e-02 5.700546e+01 1.410423e-02 9.999003e-01 -6.087145e-04 7.687739e-02 -3.248050e-02 1.066612e-03 9.994718e-01 -9.846641e-01
9.995105e-01 -1.272072e-02 2.858442e-02 5.890158e+01 1.256396e-02 9.999051e-01 5.656894e-03 9.919593e-02 -2.865366e-02 -5.294992e-03 9.995754e-01 -1.013867e+00
9.996548e-01 -1.237424e-02 2.317896e-02 6.078673e+01 1.225692e-02 9.999113e-01 5.196449e-03 1.134486e-01 -2.324121e-02 -4.910552e-03 9.997178e-01 -1.049422e+00
9.997200e-01 -1.116362e-02 2.086584e-02 6.266349e+01 1.093068e-02 9.998771e-01 1.124497e-02 1.281846e-01 -2.098881e-02 -1.101374e-02 9.997190e-01 -1.100332e+00
9.997899e-01 -1.017855e-02 1.779358e-02 6.455525e+01 1.004191e-02 9.999197e-01 7.751376e-03 1.169544e-01 -1.787105e-02 -7.571066e-03 9.998116e-01 -1.129410e+00
9.998087e-01 -8.665578e-03 1.753359e-02 6.644443e+01 8.540052e-03 9.999375e-01 7.221384e-03 1.267106e-01 -1.759507e-02 -7.070264e-03 9.998202e-01 -1.197509e+00
9.999171e-01 -5.293771e-03 1.173082e-02 6.830297e+01 5.200955e-03 9.999551e-01 7.928600e-03 1.168692e-01 -1.177226e-02 -7.866931e-03 9.998997e-01 -1.249395e+00
9.999573e-01 -1.350975e-03 9.138747e-03 7.017815e+01 1.283090e-03 9.999715e-01 7.430140e-03 1.147992e-01 -9.148526e-03 -7.418097e-03 9.999306e-01 -1.297801e+00
9.999873e-01 3.751562e-03 3.363075e-03 7.205626e+01 -3.777461e-03 9.999629e-01 7.727956e-03 9.263032e-02 -3.333959e-03 -7.740562e-03 9.999645e-01 -1.347373e+00
9.999631e-01 7.807521e-03 3.583926e-03 7.389647e+01 -7.831814e-03 9.999460e-01 6.814945e-03 8.880772e-02 -3.530525e-03 -6.842762e-03 9.999704e-01 -1.399732e+00
9.999384e-01 1.070374e-02 2.951897e-03 7.576315e+01 -1.072379e-02 9.999189e-01 6.862928e-03 4.053510e-02 -2.878199e-03 -6.894161e-03 9.999721e-01 -1.435139e+00
9.998693e-01 1.511902e-02 5.718845e-03 7.760701e+01 -1.516030e-02 9.998590e-01 7.244600e-03 -1.531021e-03 -5.608507e-03 -7.330353e-03 9.999574e-01 -1.484544e+00
9.998151e-01 1.847904e-02 5.313355e-03 7.944457e+01 -1.850818e-02 9.998136e-01 5.488057e-03 -4.579363e-02 -5.210950e-03 -5.585383e-03 9.999709e-01 -1.520978e+00
9.997246e-01 2.231927e-02 7.256707e-03 8.126067e+01 -2.233578e-02 9.997481e-01 2.201661e-03 -1.056734e-01 -7.205740e-03 -2.363139e-03 9.999713e-01 -1.562676e+00
9.996060e-01 2.634382e-02 9.684300e-03 8.308985e+01 -2.636889e-02 9.996492e-01 2.469814e-03 -1.637754e-01 -9.615839e-03 -2.724205e-03 9.999501e-01 -1.600279e+00
9.994787e-01 3.082736e-02 9.589041e-03 8.490942e+01 -3.085548e-02 9.995198e-01 2.799093e-03 -2.372545e-01 -9.498149e-03 -3.093508e-03 9.999501e-01 -1.638838e+00
9.993780e-01 3.421290e-02 8.554423e-03 8.673529e+01 -3.423635e-02 9.994104e-01 2.609956e-03 -3.125969e-01 -8.460086e-03 -2.901205e-03 9.999600e-01 -1.687496e+00
9.992590e-01 3.807641e-02 5.623489e-03 8.854380e+01 -3.808904e-02 9.992721e-01 2.156949e-03 -3.839774e-01 -5.537266e-03 -2.369544e-03 9.999819e-01 -1.724365e+00
9.990876e-01 4.227691e-02 6.048655e-03 9.036684e+01 -4.228968e-02 9.991033e-01 1.998956e-03 -4.828294e-01 -5.958722e-03 -2.252928e-03 9.999797e-01 -1.761425e+00
9.989830e-01 4.481231e-02 4.981657e-03 9.219614e+01 -4.482201e-02 9.989933e-01 1.853205e-03 -5.588540e-01 -4.893595e-03 -2.074608e-03 9.999859e-01 -1.783443e+00
9.988021e-01 4.844361e-02 6.899221e-03 9.399463e+01 -4.845506e-02 9.988242e-01 1.501760e-03 -6.648282e-01 -6.818358e-03 -1.834263e-03 9.999751e-01 -1.829648e+00
9.986520e-01 5.164578e-02 5.181346e-03 9.579456e+01 -5.165451e-02 9.986638e-01 1.566266e-03 -7.656227e-01 -5.093531e-03 -1.831795e-03 9.999853e-01 -1.854105e+00
9.984232e-01 5.585993e-02 5.550703e-03 9.760872e+01 -5.586742e-02 9.984375e-01 1.202797e-03 -8.775175e-01 -5.474842e-03 -1.511003e-03 9.999838e-01 -1.888462e+00
9.982154e-01 5.942677e-02 5.874485e-03 9.939321e+01 -5.944005e-02 9.982296e-01 2.113386e-03 -9.961780e-01 -5.738494e-03 -2.458794e-03 9.999805e-01 -1.928198e+00
9.979553e-01 6.366320e-02 5.686501e-03 1.011962e+02 -6.367780e-02 9.979675e-01 2.425996e-03 -1.125575e+00 -5.520496e-03 -2.783139e-03 9.999809e-01 -1.963817e+00
9.976448e-01 6.827216e-02 6.610132e-03 1.029754e+02 -6.828673e-02 9.976636e-01 2.003824e-03 -1.256259e+00 -6.457883e-03 -2.450489e-03 9.999762e-01 -2.002917e+00
9.974529e-01 7.071970e-02 9.296563e-03 1.047564e+02 -7.075398e-02 9.974880e-01 3.410617e-03 -1.389778e+00 -9.032012e-03 -4.059699e-03 9.999509e-01 -2.041315e+00
9.971448e-01 7.453503e-02 1.211330e-02 1.065423e+02 -7.457170e-02 9.972124e-01 2.604327e-03 -1.547764e+00 -1.188542e-02 -3.500200e-03 9.999232e-01 -2.070543e+00
9.969096e-01 7.713447e-02 1.488268e-02 1.083076e+02 -7.716636e-02 9.970169e-01 1.579530e-03 -1.682150e+00 -1.471645e-02 -2.723090e-03 9.998880e-01 -2.104820e+00
9.966059e-01 8.087897e-02 1.533812e-02 1.100719e+02 -8.089326e-02 9.967227e-01 3.126639e-04 -1.853303e+00 -1.526257e-02 -1.552353e-03 9.998823e-01 -2.147645e+00
9.962456e-01 8.493362e-02 1.676440e-02 1.118271e+02 -8.494549e-02 9.963856e-01 -3.295252e-06 -2.017905e+00 -1.670409e-02 -1.420777e-03 9.998595e-01 -2.181299e+00
9.959236e-01 8.897030e-02 1.484808e-02 1.135890e+02 -8.896904e-02 9.960341e-01 -7.466244e-04 -2.170744e+00 -1.485563e-02 -5.774389e-04 9.998895e-01 -2.192665e+00
9.954934e-01 9.389243e-02 1.331076e-02 1.153381e+02 -9.387008e-02 9.955817e-01 -2.295509e-03 -2.354110e+00 -1.346748e-02 1.035681e-03 9.999087e-01 -2.227109e+00
9.951919e-01 9.726667e-02 1.150120e-02 1.170904e+02 -9.725817e-02 9.952583e-01 -1.298769e-03 -2.531542e+00 -1.157299e-02 1.739393e-04 9.999330e-01 -2.256634e+00
9.948365e-01 1.008929e-01 1.099898e-02 1.188235e+02 -1.008801e-01 9.948971e-01 -1.715398e-03 -2.722164e+00 -1.111593e-02 5.969629e-04 9.999380e-01 -2.287302e+00
9.944352e-01 1.047282e-01 1.142986e-02 1.205728e+02 -1.046999e-01 9.944993e-01 -3.052065e-03 -2.930784e+00 -1.168663e-02 1.838376e-03 9.999300e-01 -2.314893e+00
9.939104e-01 1.096984e-01 1.040513e-02 1.222928e+02 -1.096619e-01 9.939607e-01 -4.017383e-03 -3.122885e+00 -1.078299e-02 2.851873e-03 9.999378e-01 -2.346997e+00
9.936628e-01 1.120267e-01 9.184461e-03 1.240212e+02 -1.119770e-01 9.936941e-01 -5.753228e-03 -3.338047e+00 -9.771060e-03 4.688320e-03 9.999413e-01 -2.358821e+00
9.931041e-01 1.165859e-01 1.232949e-02 1.257278e+02 -1.165193e-01 9.931703e-01 -5.984670e-03 -3.532628e+00 -1.294301e-02 4.506777e-03 9.999061e-01 -2.369804e+00
9.926341e-01 1.206658e-01 1.083035e-02 1.274406e+02 -1.206220e-01 9.926878e-01 -4.611937e-03 -3.777155e+00 -1.130767e-02 3.271587e-03 9.999307e-01 -2.395416e+00
9.922242e-01 1.236817e-01 1.393158e-02 1.291419e+02 -1.236445e-01 9.923204e-01 -3.504610e-03 -3.978690e+00 -1.425805e-02 1.754795e-03 9.998968e-01 -2.427194e+00
9.919964e-01 1.254884e-01 1.399393e-02 1.308260e+02 -1.254867e-01 9.920949e-01 -1.003791e-03 -4.201946e+00 -1.400927e-02 -7.602954e-04 9.999016e-01 -2.435036e+00
9.919531e-01 1.258122e-01 1.415479e-02 1.325341e+02 -1.258381e-01 9.920504e-01 9.510840e-04 -4.426275e+00 -1.392260e-02 -2.724643e-03 9.998994e-01 -2.470494e+00
9.918862e-01 1.261263e-01 1.593470e-02 1.342342e+02 -1.261942e-01 9.919999e-01 3.326511e-03 -4.659587e+00 -1.538766e-02 -5.310386e-03 9.998675e-01 -2.509446e+00
9.919152e-01 1.260066e-01 1.505099e-02 1.359319e+02 -1.260922e-01 9.920064e-01 4.881009e-03 -4.880798e+00 -1.431564e-02 -6.739359e-03 9.998748e-01 -2.537940e+00
9.918694e-01 1.266719e-01 1.221401e-02 1.376254e+02 -1.267254e-01 9.919308e-01 3.709467e-03 -5.118485e+00 -1.164557e-02 -5.227132e-03 9.999185e-01 -2.576832e+00
9.918204e-01 1.273084e-01 9.209133e-03 1.393616e+02 -1.273446e-01 9.918525e-01 3.445333e-03 -5.338022e+00 -8.695482e-03 -4.589885e-03 9.999517e-01 -2.620405e+00
9.917122e-01 1.282805e-01 7.136886e-03 1.410499e+02 -1.282970e-01 9.917340e-01 1.902323e-03 -5.557755e+00 -6.833862e-03 -2.802199e-03 9.999727e-01 -2.646340e+00
9.916050e-01 1.292738e-01 2.785705e-03 1.427647e+02 -1.292813e-01 9.916041e-01 2.720959e-03 -5.792353e+00 -2.410568e-03 -3.058256e-03 9.999924e-01 -2.684822e+00
9.911703e-01 1.325862e-01 1.532931e-03 1.444757e+02 -1.325904e-01 9.911660e-01 3.071177e-03 -6.048309e+00 -1.112194e-03 -3.247312e-03 9.999941e-01 -2.726823e+00
9.909139e-01 1.344893e-01 -1.474027e-03 1.461775e+02 -1.344808e-01 9.909042e-01 4.877438e-03 -6.265139e+00 2.116583e-03 -4.634893e-03 9.999870e-01 -2.745127e+00
9.903378e-01 1.386647e-01 -1.731410e-03 1.478828e+02 -1.386536e-01 9.903260e-01 5.420169e-03 -6.514309e+00 2.466247e-03 -5.127733e-03 9.999838e-01 -2.794892e+00
9.897504e-01 1.427426e-01 -4.324903e-03 1.495902e+02 -1.427231e-01 9.897524e-01 4.525260e-03 -6.776478e+00 4.926530e-03 -3.861614e-03 9.999804e-01 -2.831868e+00
9.890441e-01 1.474428e-01 -7.240571e-03 1.513002e+02 -1.474293e-01 9.890696e-01 2.364274e-03 -7.034959e+00 7.510025e-03 -1.270899e-03 9.999710e-01 -2.881596e+00
9.879304e-01 1.545913e-01 -9.751252e-03 1.530012e+02 -1.545801e-01 9.879783e-01 1.888248e-03 -7.292303e+00 9.925933e-03 -3.581073e-04 9.999506e-01 -2.899333e+00
9.867153e-01 1.622244e-01 -8.725701e-03 1.547021e+02 -1.622120e-01 9.867537e-01 2.120810e-03 -7.578025e+00 8.954164e-03 -6.772224e-04 9.999597e-01 -2.941813e+00
9.853996e-01 1.701104e-01 -7.076760e-03 1.563980e+02 -1.700914e-01 9.854230e-01 3.218972e-03 -7.864666e+00 7.521184e-03 -1.968278e-03 9.999698e-01 -2.956706e+00
9.838661e-01 1.787750e-01 -6.852656e-03 1.580862e+02 -1.787654e-01 9.838898e-01 1.982851e-03 -8.177625e+00 7.096741e-03 -7.258417e-04 9.999745e-01 -2.995718e+00
9.824348e-01 1.865406e-01 -4.944639e-03 1.597792e+02 -1.865336e-01 9.824469e-01 1.843821e-03 -8.514850e+00 5.201792e-03 -8.890923e-04 9.999861e-01 -3.039326e+00
9.810508e-01 1.937004e-01 -4.411697e-03 1.614501e+02 -1.937011e-01 9.810605e-01 2.705987e-04 -8.862272e+00 4.380557e-03 5.890795e-04 9.999902e-01 -3.062290e+00
9.796255e-01 2.008321e-01 5.821243e-04 1.631275e+02 -2.008329e-01 9.796242e-01 1.654896e-03 -9.202647e+00 -2.379067e-04 -1.738088e-03 9.999985e-01 -3.096434e+00
9.778747e-01 2.091909e-01 -4.885909e-04 1.647828e+02 -2.091910e-01 9.778749e-01 -5.617136e-05 -9.573569e+00 4.660301e-04 1.571374e-04 9.999999e-01 -3.114545e+00
9.765263e-01 2.153403e-01 4.998164e-03 1.664588e+02 -2.153446e-01 9.765381e-01 3.492088e-04 -9.942445e+00 -4.805699e-03 -1.417339e-03 9.999874e-01 -3.160292e+00
9.749663e-01 2.222390e-01 7.099629e-03 1.681355e+02 -2.222430e-01 9.749912e-01 -2.379613e-04 -1.034116e+01 -6.974960e-03 -1.345838e-03 9.999748e-01 -3.182927e+00
9.737681e-01 2.272254e-01 1.201112e-02 1.698081e+02 -2.272549e-01 9.738345e-01 1.134891e-03 -1.073316e+01 -1.143897e-02 -3.834706e-03 9.999272e-01 -3.220444e+00
9.724185e-01 2.328766e-01 1.306561e-02 1.714560e+02 -2.329206e-01 9.724939e-01 1.925602e-03 -1.114587e+01 -1.225779e-02 -4.915739e-03 9.999128e-01 -3.250002e+00
9.718786e-01 2.349792e-01 1.538848e-02 1.731290e+02 -2.350425e-01 9.719821e-01 2.417330e-03 -1.157132e+01 -1.438931e-02 -5.966300e-03 9.998786e-01 -3.271699e+00
9.713435e-01 2.372111e-01 1.492727e-02 1.747835e+02 -2.372806e-01 9.714364e-01 3.048524e-03 -1.198914e+01 -1.377775e-02 -6.503117e-03 9.998839e-01 -3.294664e+00
9.709140e-01 2.387896e-01 1.747808e-02 1.764329e+02 -2.389096e-01 9.710283e-01 5.100605e-03 -1.240207e+01 -1.575374e-02 -9.127929e-03 9.998342e-01 -3.346580e+00
9.710572e-01 2.382899e-01 1.630493e-02 1.781021e+02 -2.384006e-01 9.711530e-01 5.192279e-03 -1.281692e+01 -1.459731e-02 -8.929105e-03 9.998536e-01 -3.369220e+00
9.712798e-01 2.374348e-01 1.550128e-02 1.797835e+02 -2.375514e-01 9.713557e-01 6.139485e-03 -1.323477e+01 -1.359953e-02 -9.645509e-03 9.998610e-01 -3.419857e+00
9.712693e-01 2.377621e-01 1.025372e-02 1.814526e+02 -2.378245e-01 9.712933e-01 5.347504e-03 -1.365821e+01 -8.687938e-03 -7.632453e-03 9.999331e-01 -3.457186e+00
9.708010e-01 2.397768e-01 7.247171e-03 1.831264e+02 -2.398131e-01 9.708081e-01 4.622471e-03 -1.408042e+01 -5.927251e-03 -6.225465e-03 9.999630e-01 -3.486214e+00
9.706564e-01 2.404499e-01 3.161192e-03 1.848060e+02 -2.404616e-01 9.706501e-01 4.083501e-03 -1.451202e+01 -2.086534e-03 -4.723822e-03 9.999866e-01 -3.528581e+00
9.704866e-01 2.411414e-01 2.573584e-03 1.864911e+02 -2.411513e-01 9.704758e-01 4.785194e-03 -1.493875e+01 -1.343693e-03 -5.264590e-03 9.999852e-01 -3.558902e+00
9.704245e-01 2.414043e-01 -5.641972e-04 1.881789e+02 -2.414007e-01 9.704185e-01 3.681516e-03 -1.537250e+01 1.436241e-03 -3.436436e-03 9.999931e-01 -3.593761e+00
9.700670e-01 2.428182e-01 3.056188e-03 1.898571e+02 -2.428280e-01 9.700634e-01 3.408995e-03 -1.580968e+01 -2.136930e-03 -4.049082e-03 9.999895e-01 -3.632372e+00
9.703496e-01 2.416915e-01 2.629515e-03 1.915756e+02 -2.416978e-01 9.703485e-01 2.433874e-03 -1.623856e+01 -1.963300e-03 -2.997257e-03 9.999936e-01 -3.642487e+00
9.700342e-01 2.428668e-01 7.032319e-03 1.932573e+02 -2.428949e-01 9.700464e-01 3.455084e-03 -1.668219e+01 -5.982550e-03 -5.059664e-03 9.999693e-01 -3.695382e+00
9.700717e-01 2.427793e-01 4.370239e-03 1.949490e+02 -2.427942e-01 9.700723e-01 3.285485e-03 -1.712240e+01 -3.441799e-03 -4.248225e-03 9.999850e-01 -3.708492e+00
9.701948e-01 2.423026e-01 3.403074e-03 1.966595e+02 -2.423066e-01 9.701993e-01 8.174748e-04 -1.756592e+01 -3.103584e-03 -1.617697e-03 9.999939e-01 -3.744334e+00
9.698639e-01 2.436097e-01 4.290306e-03 1.983321e+02 -2.436180e-01 9.698700e-01 1.538942e-03 -1.801443e+01 -3.786138e-03 -2.537760e-03 9.999896e-01 -3.785400e+00
9.697558e-01 2.440662e-01 2.342197e-03 2.000339e+02 -2.440695e-01 9.697570e-01 1.240271e-03 -1.846571e+01 -1.968654e-03 -1.774419e-03 9.999965e-01 -3.825812e+00
9.699229e-01 2.433791e-01 4.018398e-03 2.017348e+02 -2.433923e-01 9.699225e-01 3.220706e-03 -1.889380e+01 -3.113682e-03 -4.101883e-03 9.999868e-01 -3.857936e+00
9.699357e-01 2.433485e-01 2.519543e-03 2.034214e+02 -2.433573e-01 9.699279e-01 4.160480e-03 -1.934309e+01 -1.431328e-03 -4.648547e-03 9.999882e-01 -3.884196e+00
9.699029e-01 2.434739e-01 2.966776e-03 2.051074e+02 -2.434872e-01 9.698881e-01 5.566773e-03 -1.977465e+01 -1.522077e-03 -6.121601e-03 9.999801e-01 -3.915447e+00
9.699025e-01 2.434696e-01 3.441867e-03 2.067949e+02 -2.434871e-01 9.698840e-01 6.239325e-03 -2.019705e+01 -1.819126e-03 -6.889586e-03 9.999746e-01 -3.946125e+00
9.695057e-01 2.450457e-01 3.359330e-03 2.084806e+02 -2.450632e-01 9.694849e-01 6.571750e-03 -2.063318e+01 -1.646441e-03 -7.194597e-03 9.999728e-01 -3.997579e+00
9.695815e-01 2.447537e-01 2.691146e-03 2.101666e+02 -2.447663e-01 9.695604e-01 6.497073e-03 -2.106563e+01 -1.019046e-03 -6.958143e-03 9.999753e-01 -4.035331e+00
9.694873e-01 2.451393e-01 -1.047433e-03 2.118535e+02 -2.451264e-01 9.694662e-01 6.949859e-03 -2.151093e+01 2.719134e-03 -6.481047e-03 9.999753e-01 -4.078984e+00
9.695587e-01 2.448339e-01 -3.514235e-03 2.135377e+02 -2.448071e-01 9.695487e-01 6.690857e-03 -2.194372e+01 5.045371e-03 -5.626868e-03 9.999714e-01 -4.128432e+00
9.693246e-01 2.457717e-01 -2.471640e-03 2.152191e+02 -2.457523e-01 9.693118e-01 6.332743e-03 -2.238995e+01 3.952199e-03 -5.531073e-03 9.999769e-01 -4.152034e+00
9.694085e-01 2.454271e-01 -3.580228e-03 2.168885e+02 -2.453924e-01 9.693899e-01 8.112337e-03 -2.281590e+01 5.461624e-03 -6.985608e-03 9.999607e-01 -4.210608e+00
9.694952e-01 2.451080e-01 -1.058126e-03 2.185599e+02 -2.450896e-01 9.694604e-01 8.802757e-03 -2.324249e+01 3.183438e-03 -8.274894e-03 9.999607e-01 -4.250058e+00
9.693485e-01 2.456701e-01 -3.093211e-03 2.202349e+02 -2.456381e-01 9.693264e-01 8.256948e-03 -2.367681e+01 5.026816e-03 -7.244050e-03 9.999611e-01 -4.283363e+00
9.692417e-01 2.460914e-01 -3.095701e-03 2.219055e+02 -2.460742e-01 9.692377e-01 5.075511e-03 -2.411764e+01 4.249510e-03 -4.157625e-03 9.999824e-01 -4.320951e+00
9.691520e-01 2.464636e-01 6.710633e-05 2.235934e+02 -2.464615e-01 9.691426e-01 4.381544e-03 -2.456415e+01 1.014856e-03 -4.262922e-03 9.999904e-01 -4.375115e+00
9.687835e-01 2.479052e-01 1.232743e-03 2.252638e+02 -2.479080e-01 9.687778e-01 3.375887e-03 -2.499711e+01 -3.573541e-04 -3.576111e-03 9.999936e-01 -4.417863e+00
9.681750e-01 2.502626e-01 2.410353e-03 2.269110e+02 -2.502695e-01 9.681711e-01 3.163922e-03 -2.544301e+01 -1.541822e-03 -3.666468e-03 9.999921e-01 -4.457623e+00
9.678194e-01 2.515822e-01 5.660545e-03 2.285898e+02 -2.516082e-01 9.678189e-01 4.467020e-03 -2.590553e+01 -4.354560e-03 -5.747509e-03 9.999740e-01 -4.492048e+00
9.672447e-01 2.537592e-01 6.621628e-03 2.302240e+02 -2.537817e-01 9.672576e-01 2.808685e-03 -2.635259e+01 -5.692090e-03 -4.397134e-03 9.999741e-01 -4.530797e+00
9.669060e-01 2.549928e-01 8.452460e-03 2.318920e+02 -2.550330e-01 9.669237e-01 4.064524e-03 -2.679180e+01 -7.136461e-03 -6.085669e-03 9.999560e-01 -4.565393e+00
9.664836e-01 2.565730e-01 8.929606e-03 2.335334e+02 -2.566161e-01 9.665051e-01 4.049860e-03 -2.725082e+01 -7.591424e-03 -6.205603e-03 9.999520e-01 -4.599303e+00
9.656261e-01 2.597501e-01 9.806997e-03 2.351655e+02 -2.598041e-01 9.656500e-01 4.675041e-03 -2.772727e+01 -8.255784e-03 -7.062240e-03 9.999410e-01 -4.661901e+00
9.646277e-01 2.634070e-01 1.049420e-02 2.367982e+02 -2.634761e-01 9.646484e-01 5.839920e-03 -2.817012e+01 -8.584932e-03 -8.398319e-03 9.999279e-01 -4.687846e+00
9.638599e-01 2.662483e-01 9.269474e-03 2.384160e+02 -2.663235e-01 9.638495e-01 8.111617e-03 -2.863129e+01 -6.774675e-03 -1.028714e-02 9.999241e-01 -4.739193e+00
9.628767e-01 2.698616e-01 6.563042e-03 2.400522e+02 -2.699078e-01 9.628558e-01 7.639705e-03 -2.909200e+01 -4.257601e-03 -9.127511e-03 9.999493e-01 -4.786014e+00
9.619488e-01 2.732148e-01 2.888035e-03 2.416854e+02 -2.732295e-01 9.619133e-01 8.275197e-03 -2.956051e+01 -5.171332e-04 -8.749411e-03 9.999616e-01 -4.823242e+00
9.608280e-01 2.771393e-01 1.816222e-03 2.433029e+02 -2.771448e-01 9.607933e-01 8.184963e-03 -3.004510e+01 5.233610e-04 -8.367698e-03 9.999648e-01 -4.872467e+00
9.593704e-01 2.821437e-01 1.850805e-03 2.449123e+02 -2.821483e-01 9.593236e-01 9.524621e-03 -3.051357e+01 9.117908e-04 -9.659840e-03 9.999529e-01 -4.922714e+00
9.586405e-01 2.846049e-01 2.910600e-03 2.465042e+02 -2.846198e-01 9.585900e-01 9.835482e-03 -3.099312e+01 9.154202e-06 -1.025710e-02 9.999474e-01 -4.968332e+00
9.574051e-01 2.887324e-01 3.001256e-03 2.481181e+02 -2.887479e-01 9.573501e-01 1.027244e-02 -3.149451e+01 9.273295e-05 -1.070149e-02 9.999427e-01 -5.001647e+00
9.562781e-01 2.924126e-01 5.200936e-03 2.497074e+02 -2.924570e-01 9.561837e-01 1.348005e-02 -3.199401e+01 -1.031314e-03 -1.441173e-02 9.998956e-01 -5.057887e+00
9.550552e-01 2.962939e-01 8.911017e-03 2.512929e+02 -2.964041e-01 9.549273e-01 1.607293e-02 -3.250639e+01 -3.747063e-03 -1.799180e-02 9.998311e-01 -5.108898e+00
9.533392e-01 3.017271e-01 1.025266e-02 2.528718e+02 -3.018634e-01 9.532073e-01 1.656214e-02 -3.302941e+01 -4.775667e-03 -1.888424e-02 9.998103e-01 -5.165326e+00
9.520957e-01 3.055930e-01 1.125037e-02 2.544445e+02 -3.057495e-01 9.519628e-01 1.685922e-02 -3.354790e+01 -5.557876e-03 -1.949138e-02 9.997946e-01 -5.224227e+00
9.499395e-01 3.121762e-01 1.268718e-02 2.560309e+02 -3.123618e-01 9.498092e-01 1.710456e-02 -3.408506e+01 -6.710766e-03 -2.021129e-02 9.997732e-01 -5.281379e+00
9.483194e-01 3.169596e-01 1.506616e-02 2.575858e+02 -3.171970e-01 9.481982e-01 1.749452e-02 -3.462770e+01 -8.740653e-03 -2.136933e-02 9.997334e-01 -5.338079e+00
9.464132e-01 3.225040e-01 1.712611e-02 2.591631e+02 -3.227608e-01 9.463580e-01 1.522794e-02 -3.517178e+01 -1.129636e-02 -1.993956e-02 9.997374e-01 -5.384013e+00
9.448032e-01 3.270972e-01 1.882204e-02 2.607148e+02 -3.274049e-01 9.447390e-01 1.655975e-02 -3.573409e+01 -1.236527e-02 -2.180813e-02 9.996857e-01 -5.448660e+00
9.422494e-01 3.339778e-01 2.500012e-02 2.622659e+02 -3.344526e-01 9.422404e-01 1.801263e-02 -3.630208e+01 -1.754030e-02 -2.533374e-02 9.995251e-01 -5.501704e+00
9.404575e-01 3.387954e-01 2.752214e-02 2.638166e+02 -3.393781e-01 9.404328e-01 2.021892e-02 -3.689298e+01 -1.903265e-02 -2.835545e-02 9.994167e-01 -5.568214e+00
9.390179e-01 3.423304e-01 3.248634e-02 2.653713e+02 -3.430986e-01 9.390432e-01 2.194019e-02 -3.746055e+01 -2.299528e-02 -3.174825e-02 9.992313e-01 -5.629387e+00
9.375576e-01 3.462035e-01 3.359812e-02 2.669176e+02 -3.470435e-01 9.375553e-01 2.346292e-02 -3.805636e+01 -2.337716e-02 -3.365785e-02 9.991600e-01 -5.690821e+00
9.358397e-01 3.506052e-01 3.577890e-02 2.684664e+02 -3.515584e-01 9.358319e-01 2.500835e-02 -3.865034e+01 -2.471497e-02 -3.598218e-02 9.990467e-01 -5.764546e+00
9.341676e-01 3.552416e-01 3.368006e-02 2.700071e+02 -3.561469e-01 9.340619e-01 2.622245e-02 -3.925250e+01 -2.214396e-02 -3.649121e-02 9.990886e-01 -5.833317e+00
9.322646e-01 3.604769e-01 3.064371e-02 2.715486e+02 -3.612917e-01 9.320543e-01 2.726117e-02 -3.985986e+01 -1.873457e-02 -3.648594e-02 9.991586e-01 -5.920218e+00
9.302912e-01 3.658485e-01 2.670306e-02 2.730758e+02 -3.665195e-01 9.300129e-01 2.718998e-02 -4.046720e+01 -1.488677e-02 -3.508180e-02 9.992735e-01 -6.008761e+00
9.285756e-01 3.703946e-01 2.356092e-02 2.746245e+02 -3.709478e-01 9.282746e-01 2.653070e-02 -4.108369e+01 -1.204417e-02 -3.337564e-02 9.993703e-01 -6.071161e+00
9.264889e-01 3.759159e-01 1.748143e-02 2.761512e+02 -3.762661e-01 9.261525e-01 2.579314e-02 -4.170573e+01 -6.494422e-03 -3.047473e-02 9.995145e-01 -6.137266e+00
9.246466e-01 3.805935e-01 1.331071e-02 2.776876e+02 -3.808190e-01 9.242796e-01 2.615897e-02 -4.235002e+01 -2.346880e-03 -2.925677e-02 9.995692e-01 -6.209710e+00
9.226187e-01 3.855877e-01 9.841556e-03 2.792028e+02 -3.857123e-01 9.222583e-01 2.579951e-02 -4.299409e+01 8.715149e-04 -2.759911e-02 9.996187e-01 -6.273040e+00
9.205803e-01 3.905070e-01 6.022875e-03 2.807239e+02 -3.905110e-01 9.201436e-01 2.893308e-02 -4.363906e+01 5.756661e-03 -2.898722e-02 9.995632e-01 -6.354121e+00
9.182613e-01 3.959600e-01 3.435613e-03 2.822508e+02 -3.958561e-01 9.177386e-01 3.245914e-02 -4.430809e+01 9.699526e-03 -3.116598e-02 9.994671e-01 -6.435513e+00
9.162689e-01 4.005622e-01 -1.044422e-03 2.837665e+02 -4.002950e-01 9.157469e-01 3.422718e-02 -4.497663e+01 1.466654e-02 -3.094323e-02 9.994135e-01 -6.523702e+00
9.144202e-01 4.047587e-01 -2.447944e-03 2.852796e+02 -4.044412e-01 9.139121e-01 3.453150e-02 -4.565248e+01 1.621413e-02 -3.058626e-02 9.994006e-01 -6.624641e+00
9.126929e-01 4.086121e-01 -5.274301e-03 2.867851e+02 -4.082098e-01 9.122387e-01 3.442529e-02 -4.632143e+01 1.887801e-02 -2.926669e-02 9.993933e-01 -6.684285e+00
9.103488e-01 4.137850e-01 -6.862326e-03 2.882864e+02 -4.133138e-01 9.098995e-01 3.541888e-02 -4.701747e+01 2.089983e-02 -2.940724e-02 9.993490e-01 -6.769541e+00
9.082289e-01 4.184352e-01 -5.682825e-03 2.897852e+02 -4.179817e-01 9.077355e-01 3.615696e-02 -4.772634e+01 2.028785e-02 -3.046348e-02 9.993300e-01 -6.868343e+00
9.066863e-01 4.217736e-01 -5.199349e-03 2.912825e+02 -4.213316e-01 9.061829e-01 3.622375e-02 -4.842803e+01 1.998978e-02 -3.065293e-02 9.993302e-01 -6.945138e+00
9.054990e-01 4.243384e-01 -2.931781e-03 2.927637e+02 -4.239480e-01 9.049227e-01 3.718718e-02 -4.912852e+01 1.843298e-02 -3.243003e-02 9.993040e-01 -7.035913e+00
9.045475e-01 4.263638e-01 -2.785834e-03 2.942608e+02 -4.259179e-01 9.038649e-01 4.027852e-02 -4.984581e+01 1.969132e-02 -3.524730e-02 9.991846e-01 -7.129483e+00
9.051622e-01 4.250414e-01 -4.607056e-03 2.957450e+02 -4.245045e-01 9.044696e-01 4.160063e-02 -5.055482e+01 2.184893e-02 -3.569959e-02 9.991237e-01 -7.222668e+00
9.049373e-01 4.255173e-01 -4.845797e-03 2.972406e+02 -4.248905e-01 9.041184e-01 4.514142e-02 -5.127132e+01 2.358963e-02 -3.879122e-02 9.989688e-01 -7.321321e+00
9.047502e-01 4.258707e-01 -7.825238e-03 2.987253e+02 -4.250956e-01 9.039565e-01 4.643400e-02 -5.199009e+01 2.684856e-02 -3.868470e-02 9.988907e-01 -7.436101e+00
9.048266e-01 4.257061e-01 -7.940702e-03 3.002360e+02 -4.249305e-01 9.040416e-01 4.629128e-02 -5.270837e+01 2.688521e-02 -3.851134e-02 9.988964e-01 -7.523489e+00
9.049979e-01 4.253045e-01 -9.740368e-03 3.017318e+02 -4.244946e-01 9.043070e-01 4.508918e-02 -5.341483e+01 2.798492e-02 -3.667088e-02 9.989355e-01 -7.634083e+00
9.055132e-01 4.242511e-01 -7.534052e-03 3.032315e+02 -4.235272e-01 9.047666e-01 4.496875e-02 -5.412500e+01 2.589460e-02 -3.752892e-02 9.989600e-01 -7.735037e+00
9.056093e-01 4.238935e-01 -1.364342e-02 3.047153e+02 -4.228812e-01 9.049616e-01 4.707430e-02 -5.483689e+01 3.230126e-02 -3.686138e-02 9.987982e-01 -7.830884e+00
9.066011e-01 4.217922e-01 -1.287515e-02 3.062246e+02 -4.207974e-01 9.059119e-01 4.746724e-02 -5.555589e+01 3.168507e-02 -3.761603e-02 9.987898e-01 -7.949080e+00
9.072236e-01 4.203050e-01 -1.700268e-02 3.077210e+02 -4.190532e-01 9.065611e-01 5.041460e-02 -5.624902e+01 3.660347e-02 -3.861228e-02 9.985836e-01 -8.055414e+00
9.080919e-01 4.183576e-01 -1.860178e-02 3.092255e+02 -4.170169e-01 9.074572e-01 5.117110e-02 -5.695378e+01 3.828814e-02 -3.871081e-02 9.985166e-01 -8.173122e+00
9.098400e-01 4.144617e-01 -2.031227e-02 3.107385e+02 -4.130046e-01 9.092143e-01 5.250126e-02 -5.764920e+01 4.022798e-02 -3.937869e-02 9.984143e-01 -8.271679e+00
9.114456e-01 4.107938e-01 -2.270357e-02 3.122531e+02 -4.092870e-01 9.109498e-01 5.152309e-02 -5.833526e+01 4.184718e-02 -3.766822e-02 9.984137e-01 -8.391214e+00
9.134328e-01 4.063418e-01 -2.295240e-02 3.137700e+02 -4.047630e-01 9.128810e-01 5.305929e-02 -5.903072e+01 4.251302e-02 -3.917582e-02 9.983276e-01 -8.510616e+00
9.154052e-01 4.016028e-01 -2.736102e-02 3.152764e+02 -3.998037e-01 9.149970e-01 5.420002e-02 -5.970296e+01 4.680213e-02 -3.867594e-02 9.981552e-01 -8.619438e+00
9.174317e-01 3.968161e-01 -2.925747e-02 3.168072e+02 -3.948869e-01 9.170572e-01 5.541368e-02 -6.037154e+01 4.881981e-02 -3.928488e-02 9.980347e-01 -8.736576e+00
9.188901e-01 3.931844e-01 -3.235618e-02 3.183284e+02 -3.911022e-01 9.186379e-01 5.606791e-02 -6.103823e+01 5.176863e-02 -3.886568e-02 9.979025e-01 -8.843740e+00
9.205930e-01 3.892899e-01 -3.101550e-02 3.198440e+02 -3.871814e-01 9.201998e-01 5.764785e-02 -6.168693e+01 5.098217e-02 -4.106158e-02 9.978551e-01 -8.992123e+00
9.227589e-01 3.838458e-01 -3.432634e-02 3.213826e+02 -3.815413e-01 9.224788e-01 5.881578e-02 -6.233664e+01 5.424152e-02 -4.117587e-02 9.976785e-01 -9.103851e+00
9.242465e-01 3.801064e-01 -3.588083e-02 3.229068e+02 -3.777054e-01 9.240175e-01 5.941707e-02 -6.297801e+01 5.573931e-02 -4.136365e-02 9.975882e-01 -9.236073e+00
9.261268e-01 3.752747e-01 -3.818482e-02 3.244169e+02 -3.727068e-01 9.259634e-01 6.067553e-02 -6.359221e+01 5.812773e-02 -4.196150e-02 9.974269e-01 -9.348527e+00
9.283533e-01 3.696650e-01 -3.883218e-02 3.259537e+02 -3.668931e-01 9.280814e-01 6.367590e-02 -6.420404e+01 5.957816e-02 -4.486647e-02 9.972149e-01 -9.487248e+00
9.307131e-01 3.634668e-01 -4.080524e-02 3.274903e+02 -3.604302e-01 9.304091e-01 6.655185e-02 -6.481450e+01 6.215494e-02 -4.723324e-02 9.969482e-01 -9.615499e+00
9.330236e-01 3.575783e-01 -4.005947e-02 3.290272e+02 -3.544462e-01 9.325484e-01 6.871125e-02 -6.542271e+01 6.192705e-02 -4.991029e-02 9.968320e-01 -9.740200e+00
9.359999e-01 3.496270e-01 -4.080718e-02 3.305686e+02 -3.464620e-01 9.355450e-01 6.869934e-02 -6.600402e+01 6.219610e-02 -5.016444e-02 9.968024e-01 -9.906715e+00
9.390015e-01 3.415811e-01 -3.998183e-02 3.321009e+02 -3.384168e-01 9.384308e-01 6.943900e-02 -6.658041e+01 6.123922e-02 -5.167281e-02 9.967847e-01 -1.003797e+01
9.417568e-01 3.335994e-01 -4.249132e-02 3.336398e+02 -3.303440e-01 9.413425e-01 6.890015e-02 -6.714724e+01 6.298395e-02 -5.085044e-02 9.967182e-01 -1.018471e+01
9.447042e-01 3.251935e-01 -4.222637e-02 3.351855e+02 -3.220913e-01 9.443551e-01 6.671365e-02 -6.769550e+01 6.157153e-02 -4.942393e-02 9.968783e-01 -1.031380e+01
9.470864e-01 3.178426e-01 -4.475916e-02 3.367476e+02 -3.148160e-01 9.470210e-01 6.357734e-02 -6.822451e+01 6.259546e-02 -4.612233e-02 9.969727e-01 -1.045489e+01
9.497124e-01 3.100697e-01 -4.362548e-02 3.382877e+02 -3.072421e-01 9.496617e-01 6.119557e-02 -6.873833e+01 6.040435e-02 -4.471461e-02 9.971719e-01 -1.058064e+01
9.517421e-01 3.041239e-01 -4.117856e-02 3.398244e+02 -3.012476e-01 9.513993e-01 6.394747e-02 -6.924518e+01 5.862521e-02 -4.845655e-02 9.971033e-01 -1.073217e+01
9.538410e-01 2.975206e-01 -4.085055e-02 3.413711e+02 -2.946105e-01 9.534148e-01 6.484448e-02 -6.974091e+01 5.824008e-02 -4.981633e-02 9.970589e-01 -1.085880e+01
9.556857e-01 2.910908e-01 -4.394386e-02 3.429120e+02 -2.880649e-01 9.554523e-01 6.426193e-02 -7.022138e+01 6.069232e-02 -4.875552e-02 9.969651e-01 -1.099675e+01
9.579719e-01 2.835855e-01 -4.323244e-02 3.444573e+02 -2.808293e-01 9.578594e-01 6.033397e-02 -7.069009e+01 5.852043e-02 -4.565731e-02 9.972416e-01 -1.111244e+01
9.602614e-01 2.758012e-01 -4.279849e-02 3.460066e+02 -2.729468e-01 9.600042e-01 6.238627e-02 -7.114748e+01 5.829294e-02 -4.822542e-02 9.971340e-01 -1.123896e+01
9.631857e-01 2.661213e-01 -3.811381e-02 3.475598e+02 -2.633204e-01 9.624652e-01 6.575188e-02 -7.158876e+01 5.418119e-02 -5.329513e-02 9.971078e-01 -1.138210e+01
9.658552e-01 2.558340e-01 -4.089955e-02 3.491017e+02 -2.528147e-01 9.651846e-01 6.710752e-02 -7.202219e+01 5.664400e-02 -5.447614e-02 9.969071e-01 -1.148304e+01
9.686466e-01 2.446341e-01 -4.333474e-02 3.506624e+02 -2.416880e-01 9.682621e-01 6.368198e-02 -7.242335e+01 5.753817e-02 -5.121184e-02 9.970289e-01 -1.163645e+01
9.715429e-01 2.331071e-01 -4.201777e-02 3.522343e+02 -2.306353e-01 9.714049e-01 5.638886e-02 -7.282404e+01 5.396092e-02 -4.509341e-02 9.975243e-01 -1.173990e+01
9.739775e-01 2.227708e-01 -4.172461e-02 3.537994e+02 -2.203291e-01 9.738107e-01 5.610596e-02 -7.319337e+01 5.313065e-02 -4.545280e-02 9.975526e-01 -1.185513e+01
9.761037e-01 2.133054e-01 -4.150233e-02 3.553480e+02 -2.106535e-01 9.756997e-01 6.029457e-02 -7.354415e+01 5.335497e-02 -5.011114e-02 9.973174e-01 -1.199690e+01
9.777213e-01 2.055450e-01 -4.257169e-02 3.569065e+02 -2.026543e-01 9.771734e-01 6.374414e-02 -7.389188e+01 5.470221e-02 -5.369666e-02 9.970579e-01 -1.211093e+01
9.790406e-01 1.983118e-01 -4.638830e-02 3.584784e+02 -1.951533e-01 9.786243e-01 6.488086e-02 -7.421620e+01 5.826337e-02 -5.446817e-02 9.968143e-01 -1.222661e+01
9.805074e-01 1.913826e-01 -4.447491e-02 3.600432e+02 -1.884247e-01 9.800494e-01 6.323913e-02 -7.452267e+01 5.569048e-02 -5.362627e-02 9.970069e-01 -1.238776e+01
9.817311e-01 1.842145e-01 -4.763498e-02 3.616013e+02 -1.809432e-01 9.812944e-01 6.573126e-02 -7.483321e+01 5.885260e-02 -5.591119e-02 9.966997e-01 -1.247783e+01
9.829242e-01 1.773784e-01 -4.895884e-02 3.631708e+02 -1.741833e-01 9.826792e-01 6.325849e-02 -7.512771e+01 5.933153e-02 -5.365049e-02 9.967955e-01 -1.264291e+01
9.843557e-01 1.691566e-01 -4.929275e-02 3.647472e+02 -1.662486e-01 9.843696e-01 5.811899e-02 -7.540823e+01 5.835349e-02 -4.901491e-02 9.970919e-01 -1.273915e+01
9.857980e-01 1.610588e-01 -4.756480e-02 3.663241e+02 -1.582025e-01 9.856586e-01 5.872668e-02 -7.567200e+01 5.634110e-02 -5.036777e-02 9.971403e-01 -1.285931e+01
9.871125e-01 1.536564e-01 -4.470577e-02 3.678930e+02 -1.508003e-01 9.866509e-01 6.147693e-02 -7.592503e+01 5.355531e-02 -5.394301e-02 9.971068e-01 -1.298280e+01
9.879985e-01 1.460031e-01 -5.041761e-02 3.694567e+02 -1.425705e-01 9.875783e-01 6.605010e-02 -7.616235e+01 5.943486e-02 -5.806934e-02 9.965417e-01 -1.311623e+01
9.887890e-01 1.391444e-01 -5.417654e-02 3.710353e+02 -1.354819e-01 9.885615e-01 6.626128e-02 -7.639230e+01 6.277674e-02 -5.817848e-02 9.963304e-01 -1.322646e+01
9.896253e-01 1.306496e-01 -5.977066e-02 3.726327e+02 -1.267392e-01 9.897965e-01 6.511804e-02 -7.661410e+01 6.766842e-02 -5.686718e-02 9.960859e-01 -1.335725e+01
9.908193e-01 1.214548e-01 -5.937880e-02 3.742127e+02 -1.178023e-01 9.911262e-01 6.157560e-02 -7.680647e+01 6.633053e-02 -5.401534e-02 9.963346e-01 -1.349091e+01
9.918975e-01 1.127908e-01 -5.845996e-02 3.757985e+02 -1.091398e-01 9.920731e-01 6.228625e-02 -7.700550e+01 6.502187e-02 -5.540127e-02 9.963447e-01 -1.359498e+01
9.929488e-01 1.043797e-01 -5.619143e-02 3.773844e+02 -1.008072e-01 9.929061e-01 6.304920e-02 -7.718779e+01 6.237387e-02 -5.694013e-02 9.964273e-01 -1.372344e+01
9.940769e-01 9.571853e-02 -5.146921e-02 3.789731e+02 -9.253230e-02 9.938339e-01 6.108709e-02 -7.736683e+01 5.699902e-02 -5.596270e-02 9.968045e-01 -1.384208e+01
9.949877e-01 8.737846e-02 -4.862651e-02 3.805784e+02 -8.448484e-02 9.946952e-01 5.868330e-02 -7.752644e+01 5.349622e-02 -5.428096e-02 9.970917e-01 -1.396079e+01
9.959958e-01 7.794823e-02 -4.377744e-02 3.821638e+02 -7.543943e-02 9.955596e-01 5.630212e-02 -7.766726e+01 4.797170e-02 -5.277412e-02 9.974536e-01 -1.410309e+01
9.966917e-01 6.886163e-02 -4.317135e-02 3.837601e+02 -6.635206e-02 9.961617e-01 5.709245e-02 -7.778600e+01 4.693712e-02 -5.403906e-02 9.974350e-01 -1.421667e+01
9.971879e-01 6.080850e-02 -4.380285e-02 3.853442e+02 -5.819101e-02 9.965760e-01 5.873866e-02 -7.789545e+01 4.722468e-02 -5.602454e-02 9.973119e-01 -1.433622e+01
9.975316e-01 5.337230e-02 -4.563062e-02 3.869233e+02 -5.068272e-02 9.970179e-01 5.819616e-02 -7.799454e+01 4.860060e-02 -5.573983e-02 9.972618e-01 -1.445933e+01
9.980124e-01 4.559088e-02 -4.350486e-02 3.884917e+02 -4.309893e-02 9.974664e-01 5.659419e-02 -7.807570e+01 4.597482e-02 -5.460669e-02 9.974490e-01 -1.458298e+01
9.982381e-01 3.860758e-02 -4.505741e-02 3.900788e+02 -3.599970e-02 9.977067e-01 5.732169e-02 -7.814294e+01 4.716713e-02 -5.559864e-02 9.973385e-01 -1.469540e+01
9.983697e-01 3.367366e-02 -4.608750e-02 3.916411e+02 -3.102502e-02 9.978906e-01 5.702586e-02 -7.821475e+01 4.791055e-02 -5.550302e-02 9.973084e-01 -1.481827e+01
9.984814e-01 2.895649e-02 -4.686548e-02 3.931874e+02 -2.629720e-02 9.980620e-01 5.639764e-02 -7.826961e+01 4.840774e-02 -5.507956e-02 9.973078e-01 -1.493186e+01
9.986650e-01 2.432346e-02 -4.556840e-02 3.947427e+02 -2.172370e-02 9.981548e-01 5.670328e-02 -7.831458e+01 4.686353e-02 -5.563767e-02 9.973506e-01 -1.506985e+01
9.986388e-01 2.032714e-02 -4.803470e-02 3.962794e+02 -1.752639e-02 9.981613e-01 5.802536e-02 -7.836208e+01 4.912587e-02 -5.710450e-02 9.971588e-01 -1.516004e+01
9.987887e-01 1.641015e-02 -4.638719e-02 3.977968e+02 -1.376939e-02 9.982970e-01 5.668580e-02 -7.839398e+01 4.723842e-02 -5.597841e-02 9.973139e-01 -1.530076e+01
9.988790e-01 1.268890e-02 -4.560531e-02 3.993250e+02 -1.016721e-02 9.984287e-01 5.510640e-02 -7.842078e+01 4.623289e-02 -5.458094e-02 9.974384e-01 -1.539979e+01
9.989364e-01 9.247552e-03 -4.517405e-02 4.008481e+02 -6.799229e-03 9.985148e-01 5.405363e-02 -7.844598e+01 4.560683e-02 -5.368898e-02 9.975157e-01 -1.552811e+01
9.991035e-01 6.032810e-03 -4.190212e-02 4.023489e+02 -3.818981e-03 9.986023e-01 5.271382e-02 -7.846955e+01 4.216157e-02 -5.250654e-02 9.977301e-01 -1.563281e+01
9.991751e-01 2.411309e-03 -4.053713e-02 4.038387e+02 -2.968513e-04 9.986426e-01 5.208632e-02 -7.848144e+01 4.060770e-02 -5.203132e-02 9.978195e-01 -1.572035e+01
9.993480e-01 -1.197223e-03 -3.608497e-02 4.053243e+02 3.042477e-03 9.986875e-01 5.112492e-02 -7.849764e+01 3.597641e-02 -5.120138e-02 9.980401e-01 -1.584715e+01
9.994991e-01 -4.138906e-03 -3.137523e-02 4.068118e+02 5.715958e-03 9.987155e-01 5.034243e-02 -7.850977e+01 3.112657e-02 -5.049656e-02 9.982390e-01 -1.592950e+01
9.995338e-01 -7.663453e-03 -2.955405e-02 4.082590e+02 9.165901e-03 9.986544e-01 5.104160e-02 -7.850708e+01 2.912313e-02 -5.128869e-02 9.982591e-01 -1.603983e+01
9.995878e-01 -1.070371e-02 -2.664095e-02 4.097174e+02 1.203378e-02 9.986628e-01 5.027687e-02 -7.850454e+01 2.606717e-02 -5.057673e-02 9.983799e-01 -1.615175e+01
9.995748e-01 -1.322245e-02 -2.598917e-02 4.111636e+02 1.452477e-02 9.986145e-01 5.057755e-02 -7.848893e+01 2.528441e-02 -5.093353e-02 9.983819e-01 -1.626004e+01
9.995217e-01 -1.541625e-02 -2.680869e-02 4.126183e+02 1.668917e-02 9.987116e-01 4.792487e-02 -7.847215e+01 2.603533e-02 -4.834935e-02 9.984911e-01 -1.635377e+01
9.995819e-01 -1.660524e-02 -2.366844e-02 4.140294e+02 1.776352e-02 9.986112e-01 4.959848e-02 -7.846362e+01 2.281198e-02 -4.999818e-02 9.984888e-01 -1.644888e+01
9.995708e-01 -1.806440e-02 -2.306098e-02 4.154541e+02 1.920644e-02 9.985493e-01 5.030152e-02 -7.845280e+01 2.211886e-02 -5.072285e-02 9.984678e-01 -1.654616e+01
9.996836e-01 -1.891551e-02 -1.658084e-02 4.168639e+02 1.976134e-02 9.984292e-01 5.242730e-02 -7.844314e+01 1.556311e-02 -5.273837e-02 9.984871e-01 -1.666187e+01
9.997043e-01 -1.983044e-02 -1.407467e-02 4.182690e+02 2.055876e-02 9.983487e-01 5.364158e-02 -7.843127e+01 1.298769e-02 -5.391507e-02 9.984611e-01 -1.674487e+01
9.997466e-01 -1.981882e-02 -1.067265e-02 4.196671e+02 2.035400e-02 9.984072e-01 5.261942e-02 -7.842059e+01 9.612791e-03 -5.282332e-02 9.985576e-01 -1.686558e+01
9.998058e-01 -1.826774e-02 -7.391412e-03 4.210496e+02 1.861711e-02 9.985584e-01 5.034032e-02 -7.840929e+01 6.461154e-03 -5.046815e-02 9.987048e-01 -1.695684e+01
9.998854e-01 -1.424153e-02 -5.130732e-03 4.224342e+02 1.447128e-02 9.987454e-01 4.793774e-02 -7.840659e+01 4.441588e-03 -4.800649e-02 9.988372e-01 -1.707003e+01
9.999470e-01 -1.027888e-02 -6.103707e-04 4.237899e+02 1.029622e-02 9.988379e-01 4.708438e-02 -7.840601e+01 1.256868e-04 -4.708816e-02 9.988908e-01 -1.715345e+01
9.999926e-01 -3.495030e-03 1.614942e-03 4.251508e+02 3.414431e-03 9.988667e-01 4.747162e-02 -7.842209e+01 -1.779026e-03 -4.746576e-02 9.988713e-01 -1.724518e+01
9.999381e-01 3.156032e-03 1.066837e-02 4.265069e+02 -3.641241e-03 9.989452e-01 4.577199e-02 -7.844003e+01 -1.051266e-02 -4.580801e-02 9.988949e-01 -1.734047e+01
9.998384e-01 1.141661e-02 1.388917e-02 4.278445e+02 -1.202607e-02 9.989316e-01 4.461835e-02 -7.847023e+01 -1.336494e-02 -4.477817e-02 9.989076e-01 -1.741376e+01
9.996021e-01 2.084712e-02 1.900277e-02 4.291902e+02 -2.162528e-02 9.988958e-01 4.170850e-02 -7.851598e+01 -1.811229e-02 -4.210284e-02 9.989491e-01 -1.752093e+01
9.991392e-01 3.356613e-02 2.437379e-02 4.305218e+02 -3.460038e-02 9.984616e-01 4.332934e-02 -7.857906e+01 -2.288190e-02 -4.413539e-02 9.987635e-01 -1.758965e+01
9.986725e-01 4.636584e-02 2.243680e-02 4.318275e+02 -4.733916e-02 9.978652e-01 4.499142e-02 -7.865067e+01 -2.030283e-02 -4.599384e-02 9.987354e-01 -1.768520e+01
9.979189e-01 5.988980e-02 2.389750e-02 4.331558e+02 -6.094299e-02 9.970765e-01 4.609047e-02 -7.874010e+01 -2.106729e-02 -4.745094e-02 9.986514e-01 -1.776716e+01
9.970816e-01 7.328384e-02 2.139626e-02 4.344567e+02 -7.426552e-02 9.960140e-01 4.940406e-02 -7.884807e+01 -1.769045e-02 -5.084888e-02 9.985496e-01 -1.785043e+01
9.960015e-01 8.723835e-02 1.924484e-02 4.357512e+02 -8.808921e-02 9.949068e-01 4.899774e-02 -7.895804e+01 -1.487234e-02 -5.049709e-02 9.986135e-01 -1.795245e+01
9.945886e-01 1.017823e-01 2.083216e-02 4.370271e+02 -1.027138e-01 9.934521e-01 5.002632e-02 -7.910585e+01 -1.560396e-02 -5.189536e-02 9.985306e-01 -1.802765e+01
9.927979e-01 1.182461e-01 1.923897e-02 4.383115e+02 -1.191017e-01 9.915190e-01 5.201009e-02 -7.927431e+01 -1.292581e-02 -5.392690e-02 9.984612e-01 -1.812525e+01
9.905728e-01 1.352166e-01 2.195586e-02 4.395823e+02 -1.361730e-01 9.894053e-01 5.033867e-02 -7.945390e+01 -1.491662e-02 -5.285391e-02 9.984908e-01 -1.820835e+01
9.879960e-01 1.525206e-01 2.452234e-02 4.408376e+02 -1.536183e-01 9.867685e-01 5.185844e-02 -7.966320e+01 -1.628839e-02 -5.500301e-02 9.983533e-01 -1.829830e+01
9.851449e-01 1.702319e-01 2.260000e-02 4.420894e+02 -1.712145e-01 9.838153e-01 5.284677e-02 -7.987490e+01 -1.323802e-02 -5.593117e-02 9.983469e-01 -1.840384e+01
9.812827e-01 1.912115e-01 2.285571e-02 4.433053e+02 -1.922140e-01 9.797721e-01 5.568080e-02 -8.013377e+01 -1.174657e-02 -5.903180e-02 9.981870e-01 -1.849103e+01
9.772968e-01 2.107561e-01 2.174244e-02 4.445456e+02 -2.116600e-01 9.757707e-01 5.542271e-02 -8.039503e+01 -9.534967e-03 -5.876644e-02 9.982262e-01 -1.858042e+01
9.728364e-01 2.302087e-01 2.435778e-02 4.457535e+02 -2.312399e-01 9.713017e-01 5.568837e-02 -8.068885e+01 -1.083880e-02 -5.980816e-02 9.981511e-01 -1.867674e+01
9.684176e-01 2.478717e-01 2.696111e-02 4.469585e+02 -2.490384e-01 9.668602e-01 5.622418e-02 -8.100832e+01 -1.213124e-02 -6.116284e-02 9.980541e-01 -1.876559e+01
9.638255e-01 2.650565e-01 2.802759e-02 4.481295e+02 -2.662669e-01 9.622290e-01 5.672249e-02 -8.134182e+01 -1.193429e-02 -6.213340e-02 9.979965e-01 -1.887145e+01
9.589086e-01 2.823378e-01 2.792411e-02 4.493012e+02 -2.835064e-01 9.573269e-01 5.612101e-02 -8.169824e+01 -1.088741e-02 -6.173158e-02 9.980334e-01 -1.895461e+01
9.541810e-01 2.978070e-01 2.914933e-02 4.504483e+02 -2.990001e-01 9.527321e-01 5.385920e-02 -8.206380e+01 -1.173185e-02 -6.010708e-02 9.981230e-01 -1.904857e+01
9.490595e-01 3.137546e-01 2.905246e-02 4.515940e+02 -3.149033e-01 9.476676e-01 5.255261e-02 -8.245293e+01 -1.104345e-02 -5.902428e-02 9.981955e-01 -1.913276e+01
9.434987e-01 3.299918e-01 3.025690e-02 4.527226e+02 -3.311866e-01 9.421074e-01 5.242999e-02 -8.286340e+01 -1.120379e-02 -5.948831e-02 9.981661e-01 -1.921296e+01
9.378116e-01 3.456926e-01 3.171634e-02 4.538326e+02 -3.469614e-01 9.363642e-01 5.329105e-02 -8.328568e+01 -1.127572e-02 -6.098131e-02 9.980752e-01 -1.931065e+01
9.315341e-01 3.621562e-01 3.297161e-02 4.549314e+02 -3.634754e-01 9.300827e-01 5.321355e-02 -8.372324e+01 -1.139471e-02 -6.155461e-02 9.980386e-01 -1.939202e+01
9.241620e-01 3.806385e-01 3.223086e-02 4.560094e+02 -3.818885e-01 9.226403e-01 5.381169e-02 -8.418574e+01 -9.254697e-03 -6.203932e-02 9.980308e-01 -1.948058e+01
9.160465e-01 3.996103e-01 3.421174e-02 4.570692e+02 -4.009422e-01 9.145828e-01 5.275927e-02 -8.465549e+01 -1.020632e-02 -6.204687e-02 9.980211e-01 -1.956313e+01
9.070523e-01 4.195814e-01 3.475093e-02 4.581155e+02 -4.209251e-01 9.054917e-01 5.391404e-02 -8.515859e+01 -8.845354e-03 -6.353039e-02 9.979407e-01 -1.965159e+01
8.973676e-01 4.396247e-01 3.822935e-02 4.591430e+02 -4.411530e-01 8.958378e-01 5.346669e-02 -8.567027e+01 -1.074202e-02 -6.484427e-02 9.978376e-01 -1.973275e+01
8.871904e-01 4.596795e-01 3.984902e-02 4.601462e+02 -4.612786e-01 8.856456e-01 5.342302e-02 -8.620826e+01 -1.073464e-02 -6.577789e-02 9.977766e-01 -1.981882e+01
8.767647e-01 4.793795e-01 3.845779e-02 4.611397e+02 -4.808586e-01 8.751196e-01 5.423050e-02 -8.676308e+01 -7.658171e-03 -6.604014e-02 9.977876e-01 -1.991629e+01
8.656693e-01 4.990020e-01 4.017127e-02 4.621153e+02 -5.005620e-01 8.639661e-01 5.477394e-02 -8.733656e+01 -7.374315e-03 -6.752433e-02 9.976904e-01 -1.997335e+01
8.545776e-01 5.175725e-01 4.261290e-02 4.630628e+02 -5.192801e-01 8.526875e-01 5.720165e-02 -8.792773e+01 -6.729484e-03 -7.101128e-02 9.974528e-01 -2.008360e+01
8.425851e-01 5.368378e-01 4.307484e-02 4.639860e+02 -5.385522e-01 8.403771e-01 6.105605e-02 -8.852652e+01 -3.421914e-03 -7.464297e-02 9.972044e-01 -2.013283e+01
8.294954e-01 5.564641e-01 4.780293e-02 4.648885e+02 -5.585072e-01 8.268487e-01 6.626403e-02 -8.916299e+01 -2.652241e-03 -8.166399e-02 9.966564e-01 -2.024992e+01
8.163821e-01 5.755747e-01 4.726646e-02 4.657532e+02 -5.775121e-01 8.135860e-01 6.751203e-02 -8.978711e+01 4.028864e-04 -8.241256e-02 9.965982e-01 -2.034076e+01
8.027557e-01 5.945385e-01 4.590466e-02 4.666245e+02 -5.963060e-01 8.001721e-01 6.437253e-02 -9.045797e+01 1.540322e-03 -7.904864e-02 9.968696e-01 -2.043880e+01
7.879395e-01 6.136823e-01 5.045064e-02 4.674666e+02 -6.157401e-01 7.857969e-01 5.819920e-02 -9.112614e+01 -3.928134e-03 -7.692192e-02 9.970294e-01 -2.052955e+01
7.712737e-01 6.345009e-01 5.045385e-02 4.682874e+02 -6.364987e-01 7.691531e-01 5.721076e-02 -9.181355e+01 -2.506446e-03 -7.623896e-02 9.970864e-01 -2.059961e+01
7.550641e-01 6.537775e-01 4.952985e-02 4.690877e+02 -6.556498e-01 7.527636e-01 5.890866e-02 -9.251308e+01 1.228891e-03 -7.695406e-02 9.970339e-01 -2.069193e+01
7.373877e-01 6.737366e-01 4.835847e-02 4.698681e+02 -6.754516e-01 7.349503e-01 6.011018e-02 -9.324533e+01 4.957356e-03 -7.698831e-02 9.970196e-01 -2.077249e+01
7.203775e-01 6.920474e-01 4.611597e-02 4.706304e+02 -6.935185e-01 7.178162e-01 6.141844e-02 -9.399188e+01 9.401685e-03 -7.622674e-02 9.970462e-01 -2.086264e+01
7.020385e-01 7.105435e-01 4.764185e-02 4.713485e+02 -7.120819e-01 6.995633e-01 5.958564e-02 -9.473678e+01 9.009702e-03 -7.575632e-02 9.970856e-01 -2.095091e+01
6.836113e-01 7.282245e-01 4.862795e-02 4.720461e+02 -7.297743e-01 6.810893e-01 5.955661e-02 -9.550285e+01 1.025061e-02 -7.620100e-02 9.970398e-01 -2.102346e+01
6.652516e-01 7.449654e-01 4.966666e-02 4.727370e+02 -7.465434e-01 6.627628e-01 5.846639e-02 -9.629708e+01 1.063823e-02 -7.597318e-02 9.970531e-01 -2.111046e+01
6.470397e-01 7.606210e-01 5.287230e-02 4.734019e+02 -7.623899e-01 6.445100e-01 5.804026e-02 -9.709024e+01 1.006991e-02 -7.786366e-02 9.969131e-01 -2.118243e+01
6.274284e-01 7.768024e-01 5.396042e-02 4.740368e+02 -7.785736e-01 6.247244e-01 5.952050e-02 -9.790580e+01 1.252528e-02 -7.935700e-02 9.967676e-01 -2.126953e+01
6.078552e-01 7.922029e-01 5.409807e-02 4.746346e+02 -7.938798e-01 6.049130e-01 6.192976e-02 -9.872783e+01 1.633631e-02 -8.059169e-02 9.966133e-01 -2.134179e+01
5.875400e-01 8.073436e-01 5.470937e-02 4.752339e+02 -8.090076e-01 5.846045e-01 6.118923e-02 -9.956302e+01 1.741739e-02 -8.021142e-02 9.966257e-01 -2.141765e+01
5.680726e-01 8.212713e-01 5.298151e-02 4.758022e+02 -8.227291e-01 5.651374e-01 6.112657e-02 -1.004202e+02 2.025967e-02 -7.831375e-02 9.967229e-01 -2.151816e+01
5.467199e-01 8.356151e-01 5.333623e-02 4.763576e+02 -8.370878e-01 5.439754e-01 5.809334e-02 -1.012885e+02 1.953008e-02 -7.640789e-02 9.968854e-01 -2.157070e+01
5.261630e-01 8.486411e-01 5.441361e-02 4.768996e+02 -8.501158e-01 5.233133e-01 5.870554e-02 -1.021788e+02 2.134457e-02 -7.714655e-02 9.967912e-01 -2.166118e+01
5.055194e-01 8.612627e-01 5.173782e-02 4.774137e+02 -8.625157e-01 5.028546e-01 5.660298e-02 -1.030752e+02 2.273344e-02 -7.323858e-02 9.970553e-01 -2.173291e+01
4.833461e-01 8.737944e-01 5.347811e-02 4.778947e+02 -8.751329e-01 4.806902e-01 5.549108e-02 -1.039905e+02 2.278139e-02 -7.362185e-02 9.970260e-01 -2.181653e+01
4.616660e-01 8.854526e-01 5.327456e-02 4.783704e+02 -8.867426e-01 4.590803e-01 5.415570e-02 -1.049115e+02 2.349500e-02 -7.224267e-02 9.971103e-01 -2.188273e+01
4.391521e-01 8.969067e-01 5.199903e-02 4.788164e+02 -8.980500e-01 4.365944e-01 5.377281e-02 -1.058438e+02 2.552671e-02 -7.031217e-02 9.971983e-01 -2.196310e+01
4.165949e-01 9.076661e-01 5.090015e-02 4.792336e+02 -9.086899e-01 4.140917e-01 5.301697e-02 -1.067850e+02 2.704438e-02 -6.833904e-02 9.972956e-01 -2.203255e+01
3.938320e-01 9.177895e-01 5.058293e-02 4.796425e+02 -9.187456e-01 3.913518e-01 5.244244e-02 -1.077527e+02 2.833540e-02 -6.712635e-02 9.973421e-01 -2.209890e+01
3.704675e-01 9.275213e-01 4.957912e-02 4.800030e+02 -9.283474e-01 3.679932e-01 5.246139e-02 -1.087192e+02 3.041427e-02 -6.546188e-02 9.973915e-01 -2.217290e+01
3.481351e-01 9.361286e-01 4.965216e-02 4.803575e+02 -9.368047e-01 3.454529e-01 5.530984e-02 -1.096785e+02 3.462463e-02 -6.576968e-02 9.972339e-01 -2.225074e+01
3.246930e-01 9.445791e-01 4.842402e-02 4.806835e+02 -9.450892e-01 3.220053e-01 5.584937e-02 -1.106621e+02 3.716135e-02 -6.389891e-02 9.972643e-01 -2.232067e+01
3.010795e-01 9.523293e-01 4.919484e-02 4.809821e+02 -9.528506e-01 2.983990e-01 5.508036e-02 -1.116541e+02 3.777496e-02 -6.345890e-02 9.972693e-01 -2.240101e+01
2.786623e-01 9.591230e-01 4.930096e-02 4.812582e+02 -9.596407e-01 2.760516e-01 5.371595e-02 -1.126462e+02 3.791058e-02 -6.227981e-02 9.973385e-01 -2.248361e+01
2.555571e-01 9.654974e-01 5.005272e-02 4.815023e+02 -9.661184e-01 2.531010e-01 5.054797e-02 -1.136292e+02 3.613554e-02 -6.127475e-02 9.974666e-01 -2.255256e+01
2.343228e-01 9.707904e-01 5.156418e-02 4.817271e+02 -9.715288e-01 2.319320e-01 4.836751e-02 -1.146486e+02 3.499533e-02 -6.142969e-02 9.974977e-01 -2.261542e+01
2.125860e-01 9.757695e-01 5.177964e-02 4.819343e+02 -9.765227e-01 2.102659e-01 4.681495e-02 -1.156462e+02 3.479310e-02 -6.051619e-02 9.975606e-01 -2.269346e+01
1.901695e-01 9.803315e-01 5.277995e-02 4.821207e+02 -9.811837e-01 1.879568e-01 4.416816e-02 -1.166732e+02 3.337909e-02 -6.018626e-02 9.976289e-01 -2.275507e+01
1.690593e-01 9.842963e-01 5.079273e-02 4.822895e+02 -9.850200e-01 1.669577e-01 4.313761e-02 -1.176832e+02 3.397995e-02 -5.732467e-02 9.977772e-01 -2.281584e+01
1.471786e-01 9.877909e-01 5.106370e-02 4.824322e+02 -9.885348e-01 1.451367e-01 4.164316e-02 -1.187000e+02 3.372352e-02 -5.660723e-02 9.978268e-01 -2.288845e+01
1.254038e-01 9.908328e-01 5.024131e-02 4.825583e+02 -9.914407e-01 1.233048e-01 4.291142e-02 -1.197307e+02 3.632305e-02 -5.519253e-02 9.978148e-01 -2.293842e+01
1.026257e-01 9.933912e-01 5.140024e-02 4.826454e+02 -9.938835e-01 1.002837e-01 4.624812e-02 -1.207461e+02 4.078786e-02 -5.583210e-02 9.976067e-01 -2.300021e+01
8.135420e-02 9.954785e-01 4.903455e-02 4.827232e+02 -9.956161e-01 7.889044e-02 5.024886e-02 -1.217606e+02 4.615330e-02 -5.290755e-02 9.975323e-01 -2.307017e+01
5.854517e-02 9.970297e-01 5.004378e-02 4.827680e+02 -9.970742e-01 5.593276e-02 5.210155e-02 -1.227951e+02 4.914771e-02 -5.294766e-02 9.973871e-01 -2.312668e+01
3.675991e-02 9.983117e-01 4.497082e-02 4.827960e+02 -9.980107e-01 3.436780e-02 5.285262e-02 -1.238405e+02 5.121784e-02 -4.682422e-02 9.975892e-01 -2.322362e+01
1.517904e-02 9.986717e-01 4.923768e-02 4.828020e+02 -9.987308e-01 1.277804e-02 4.871803e-02 -1.248713e+02 4.802416e-02 -4.991468e-02 9.975982e-01 -2.327854e+01
-6.309271e-03 9.986945e-01 5.068938e-02 4.827803e+02 -9.986988e-01 -8.858502e-03 5.022243e-02 -1.259024e+02 5.060589e-02 -5.030656e-02 9.974509e-01 -2.332358e+01
-2.734447e-02 9.981725e-01 5.388943e-02 4.827322e+02 -9.983032e-01 -3.004104e-02 4.988278e-02 -1.269244e+02 5.141051e-02 -5.243397e-02 9.973001e-01 -2.340962e+01
-4.723644e-02 9.972383e-01 5.731118e-02 4.826754e+02 -9.973099e-01 -5.030388e-02 5.331739e-02 -1.279764e+02 5.605312e-02 -5.463847e-02 9.969316e-01 -2.347880e+01
-6.676757e-02 9.964109e-01 5.203195e-02 4.825833e+02 -9.964294e-01 -6.928819e-02 4.824416e-02 -1.290125e+02 5.167621e-02 -4.862502e-02 9.974794e-01 -2.354176e+01
-8.485913e-02 9.946554e-01 5.881805e-02 4.824767e+02 -9.953351e-01 -8.734065e-02 4.098330e-02 -1.300758e+02 4.590147e-02 -5.506586e-02 9.974271e-01 -2.363087e+01
-1.024534e-01 9.929884e-01 5.896841e-02 4.823555e+02 -9.938062e-01 -1.047425e-01 3.712546e-02 -1.311408e+02 4.304165e-02 -5.479954e-02 9.975693e-01 -2.365605e+01
-1.210592e-01 9.908285e-01 6.002881e-02 4.822154e+02 -9.916853e-01 -1.233798e-01 3.657510e-02 -1.321658e+02 4.364599e-02 -5.510193e-02 9.975263e-01 -2.373247e+01
-1.387876e-01 9.886897e-01 5.683926e-02 4.820633e+02 -9.892634e-01 -1.410641e-01 3.819824e-02 -1.332282e+02 4.578419e-02 -5.092755e-02 9.976524e-01 -2.377856e+01
-1.579914e-01 9.858270e-01 5.642667e-02 4.818857e+02 -9.862901e-01 -1.603070e-01 3.915999e-02 -1.342739e+02 4.765057e-02 -4.946613e-02 9.976385e-01 -2.384577e+01
-1.787891e-01 9.826126e-01 5.007027e-02 4.816750e+02 -9.826851e-01 -1.808543e-01 4.026840e-02 -1.353321e+02 4.862365e-02 -4.200376e-02 9.979336e-01 -2.389848e+01
-2.011528e-01 9.784228e-01 4.718615e-02 4.814407e+02 -9.785017e-01 -2.029407e-01 3.673808e-02 -1.363747e+02 4.552136e-02 -3.878176e-02 9.982103e-01 -2.395462e+01
-2.235615e-01 9.734206e-01 4.972538e-02 4.811845e+02 -9.737244e-01 -2.253193e-01 3.304610e-02 -1.374396e+02 4.337184e-02 -4.103098e-02 9.982161e-01 -2.401124e+01
-2.446820e-01 9.681393e-01 5.326365e-02 4.809180e+02 -9.685972e-01 -2.465609e-01 3.204951e-02 -1.384845e+02 4.416113e-02 -4.374909e-02 9.980660e-01 -2.406568e+01
-2.650357e-01 9.625952e-01 5.627191e-02 4.806140e+02 -9.629533e-01 -2.672436e-01 3.608140e-02 -1.395468e+02 4.977009e-02 -4.462436e-02 9.977633e-01 -2.410291e+01
-2.848684e-01 9.570258e-01 5.433114e-02 4.802800e+02 -9.573461e-01 -2.869076e-01 3.424300e-02 -1.405932e+02 4.835944e-02 -4.225896e-02 9.979357e-01 -2.416135e+01
-3.054153e-01 9.505423e-01 5.648917e-02 4.799263e+02 -9.511791e-01 -3.073164e-01 2.854772e-02 -1.416347e+02 4.449586e-02 -4.501240e-02 9.979950e-01 -2.423040e+01
-3.260967e-01 9.435042e-01 5.882952e-02 4.795511e+02 -9.444110e-01 -3.278989e-01 2.387806e-02 -1.427009e+02 4.181919e-02 -4.777270e-02 9.979824e-01 -2.425796e+01
-3.481326e-01 9.353721e-01 6.231046e-02 4.791546e+02 -9.363537e-01 -3.501650e-01 2.502300e-02 -1.437315e+02 4.522476e-02 -4.963331e-02 9.977431e-01 -2.433281e+01
-3.690095e-01 9.275048e-01 5.972280e-02 4.787333e+02 -9.281847e-01 -3.710746e-01 2.787023e-02 -1.447702e+02 4.801139e-02 -4.514941e-02 9.978259e-01 -2.436209e+01
-3.898726e-01 9.192224e-01 5.504245e-02 4.782839e+02 -9.195845e-01 -3.917884e-01 2.943283e-02 -1.458082e+02 4.862031e-02 -3.914113e-02 9.980501e-01 -2.441587e+01
-4.093604e-01 9.108781e-01 5.220094e-02 4.778076e+02 -9.111604e-01 -4.110954e-01 2.805889e-02 -1.468311e+02 4.701779e-02 -3.607723e-02 9.982423e-01 -2.446358e+01
-4.287180e-01 9.021403e-01 4.841037e-02 4.773151e+02 -9.024090e-01 -4.301715e-01 2.470522e-02 -1.478606e+02 4.311233e-02 -3.309438e-02 9.985219e-01 -2.452113e+01
-4.471552e-01 8.933226e-01 4.502303e-02 4.768033e+02 -8.935534e-01 -4.483986e-01 2.238321e-02 -1.488823e+02 4.018370e-02 -3.022171e-02 9.987351e-01 -2.456029e+01
-4.658120e-01 8.838356e-01 4.305536e-02 4.762579e+02 -8.839473e-01 -4.670058e-01 2.329801e-02 -1.498888e+02 4.069871e-02 -2.720618e-02 9.988010e-01 -2.460554e+01
-4.840659e-01 8.741019e-01 4.032478e-02 4.757039e+02 -8.740178e-01 -4.852090e-01 2.578949e-02 -1.509051e+02 4.210859e-02 -2.276076e-02 9.988537e-01 -2.464875e+01
-5.015200e-01 8.643228e-01 3.773151e-02 4.751081e+02 -8.641559e-01 -5.025554e-01 2.593438e-02 -1.519057e+02 4.137785e-02 -1.959930e-02 9.989513e-01 -2.468246e+01
-5.168560e-01 8.551760e-01 3.916477e-02 4.744949e+02 -8.550483e-01 -5.179343e-01 2.522958e-02 -1.529010e+02 4.186051e-02 -2.044771e-02 9.989142e-01 -2.473771e+01
-5.309160e-01 8.465122e-01 3.930882e-02 4.738589e+02 -8.464992e-01 -5.319325e-01 2.206413e-02 -1.538836e+02 3.958719e-02 -2.156069e-02 9.989835e-01 -2.477681e+01
-5.428807e-01 8.388372e-01 4.040767e-02 4.732055e+02 -8.389428e-01 -5.438778e-01 1.928263e-02 -1.548792e+02 3.815183e-02 -2.343156e-02 9.989972e-01 -2.482520e+01
-5.537996e-01 8.314197e-01 4.524634e-02 4.725378e+02 -8.316835e-01 -5.549570e-01 1.803797e-02 -1.558613e+02 4.010690e-02 -2.764121e-02 9.988130e-01 -2.487133e+01
-5.624921e-01 8.255910e-01 4.474153e-02 4.718629e+02 -8.258470e-01 -5.636199e-01 1.758877e-02 -1.568372e+02 3.973834e-02 -2.705611e-02 9.988437e-01 -2.490860e+01
-5.701010e-01 8.202344e-01 4.690893e-02 4.711689e+02 -8.204294e-01 -5.713912e-01 2.019148e-02 -1.578098e+02 4.336510e-02 -2.697428e-02 9.986951e-01 -2.494087e+01
-5.765765e-01 8.158095e-01 4.488296e-02 4.704663e+02 -8.159221e-01 -5.777926e-01 2.065796e-02 -1.588058e+02 4.278600e-02 -2.471011e-02 9.987786e-01 -2.498462e+01
-5.824611e-01 8.117038e-01 4.331587e-02 4.697474e+02 -8.117336e-01 -5.836311e-01 2.152676e-02 -1.597881e+02 4.275385e-02 -2.262245e-02 9.988295e-01 -2.503072e+01
-5.875992e-01 8.082097e-01 3.904317e-02 4.690369e+02 -8.081351e-01 -5.885955e-01 2.175016e-02 -1.607561e+02 4.055932e-02 -1.877178e-02 9.990008e-01 -2.507459e+01
-5.925041e-01 8.047711e-01 3.581057e-02 4.682986e+02 -8.046532e-01 -5.933639e-01 2.127182e-02 -1.617359e+02 3.836765e-02 -1.621145e-02 9.991322e-01 -2.512227e+01
-5.961092e-01 8.022149e-01 3.324427e-02 4.675695e+02 -8.020695e-01 -5.968660e-01 2.086815e-02 -1.627116e+02 3.658311e-02 -1.422452e-02 9.992294e-01 -2.516206e+01
-5.975575e-01 8.010971e-01 3.418087e-02 4.668285e+02 -8.009513e-01 -5.983537e-01 2.120952e-02 -1.636967e+02 3.744313e-02 -1.470330e-02 9.991906e-01 -2.519559e+01
-5.976553e-01 8.009450e-01 3.598626e-02 4.660706e+02 -8.007995e-01 -5.985315e-01 2.191277e-02 -1.647005e+02 3.908984e-02 -1.572149e-02 9.991120e-01 -2.524162e+01
-5.968119e-01 8.017101e-01 3.281191e-02 4.653248e+02 -8.015689e-01 -5.975485e-01 2.056844e-02 -1.656905e+02 3.609663e-02 -1.402552e-02 9.992499e-01 -2.527620e+01
-5.964658e-01 8.020354e-01 3.110860e-02 4.645676e+02 -8.018869e-01 -5.971365e-01 2.013797e-02 -1.666785e+02 3.472745e-02 -1.293396e-02 9.993131e-01 -2.532791e+01
-5.954567e-01 8.029055e-01 2.782341e-02 4.638195e+02 -8.027464e-01 -5.960078e-01 1.931274e-02 -1.676891e+02 3.208928e-02 -1.083524e-02 9.994262e-01 -2.536871e+01
-5.948358e-01 8.035082e-01 2.334426e-02 4.630688e+02 -8.033485e-01 -5.952389e-01 1.794191e-02 -1.686857e+02 2.831188e-02 -8.081082e-03 9.995665e-01 -2.542513e+01
-5.927888e-01 8.049018e-01 2.709995e-02 4.623119e+02 -8.048210e-01 -5.932868e-01 1.655319e-02 -1.697090e+02 2.940173e-02 -1.199806e-02 9.994957e-01 -2.545569e+01
-5.908725e-01 8.064317e-01 2.318500e-02 4.615485e+02 -8.062665e-01 -5.912737e-01 1.815664e-02 -1.707223e+02 2.835077e-02 -7.965035e-03 9.995663e-01 -2.548769e+01
-5.888505e-01 8.078461e-01 2.529180e-02 4.607961e+02 -8.077062e-01 -5.893112e-01 1.797018e-02 -1.717386e+02 2.942188e-02 -9.846590e-03 9.995186e-01 -2.552734e+01
-5.868623e-01 8.093268e-01 2.414203e-02 4.600459e+02 -8.091946e-01 -5.872842e-01 1.736059e-02 -1.727558e+02 2.822863e-02 -9.347323e-03 9.995578e-01 -2.557632e+01
-5.853422e-01 8.103416e-01 2.685126e-02 4.592723e+02 -8.102688e-01 -5.858308e-01 1.633363e-02 -1.738047e+02 2.896612e-02 -1.219598e-02 9.995060e-01 -2.560627e+01
-5.820714e-01 8.126768e-01 2.737246e-02 4.585179e+02 -8.125719e-01 -5.825924e-01 1.769567e-02 -1.748472e+02 3.032784e-02 -1.194194e-02 9.994687e-01 -2.565174e+01
-5.788015e-01 8.150700e-01 2.549305e-02 4.577539e+02 -8.149809e-01 -5.792535e-01 1.648095e-02 -1.759050e+02 2.820007e-02 -1.123715e-02 9.995391e-01 -2.569484e+01
-5.748452e-01 8.178995e-01 2.436011e-02 4.569819e+02 -8.177922e-01 -5.752693e-01 1.677107e-02 -1.769766e+02 2.773067e-02 -1.028074e-02 9.995626e-01 -2.573279e+01
-5.710707e-01 8.205948e-01 2.241498e-02 4.562193e+02 -8.204300e-01 -5.714550e-01 1.827124e-02 -1.780535e+02 2.780244e-02 -7.955752e-03 9.995818e-01 -2.577824e+01
-5.672538e-01 8.232809e-01 2.077951e-02 4.554606e+02 -8.230584e-01 -5.676049e-01 1.998627e-02 -1.791375e+02 2.824887e-02 -5.765463e-03 9.995843e-01 -2.581872e+01
-5.641767e-01 8.254217e-01 1.959219e-02 4.546929e+02 -8.252212e-01 -5.644903e-01 1.899336e-02 -1.802341e+02 2.673713e-02 -5.452278e-03 9.996276e-01 -2.586254e+01
-5.595794e-01 8.284358e-01 2.376921e-02 4.539148e+02 -8.283263e-01 -5.599906e-01 1.690986e-02 -1.813566e+02 2.731927e-02 -1.022626e-02 9.995744e-01 -2.590426e+01
-5.554935e-01 8.311920e-01 2.338418e-02 4.531680e+02 -8.311054e-01 -5.558852e-01 1.598423e-02 -1.824455e+02 2.628489e-02 -1.055558e-02 9.995987e-01 -2.593392e+01
-5.512184e-01 8.338695e-01 2.863672e-02 4.523990e+02 -8.338260e-01 -5.517693e-01 1.687981e-02 -1.835818e+02 2.987642e-02 -1.457358e-02 9.994473e-01 -2.598782e+01
-5.472914e-01 8.365093e-01 2.690997e-02 4.516399e+02 -8.363807e-01 -5.478190e-01 1.901700e-02 -1.847196e+02 3.064969e-02 -1.209914e-02 9.994569e-01 -2.602514e+01
-5.434308e-01 8.389999e-01 2.760278e-02 4.508806e+02 -8.388626e-01 -5.439884e-01 1.965008e-02 -1.858631e+02 3.150201e-02 -1.247647e-02 9.994258e-01 -2.607016e+01
-5.401236e-01 8.412517e-01 2.370973e-02 4.501285e+02 -8.410243e-01 -5.405779e-01 2.129896e-02 -1.870240e+02 3.073474e-02 -8.436387e-03 9.994920e-01 -2.612710e+01
-5.377101e-01 8.428469e-01 2.184735e-02 4.493640e+02 -8.425976e-01 -5.381106e-01 2.159538e-02 -1.881956e+02 2.995789e-02 -6.796477e-03 9.995281e-01 -2.617656e+01
-5.345618e-01 8.448774e-01 2.063998e-02 4.486020e+02 -8.445647e-01 -5.349379e-01 2.349393e-02 -1.893747e+02 3.089059e-02 -4.872844e-03 9.995109e-01 -2.621573e+01
-5.318406e-01 8.466392e-01 1.864380e-02 4.478414e+02 -8.463030e-01 -5.321589e-01 2.404474e-02 -1.905669e+02 3.027869e-02 -2.990333e-03 9.995371e-01 -2.627819e+01
-5.288941e-01 8.484787e-01 1.883976e-02 4.470754e+02 -8.481126e-01 -5.292225e-01 2.507024e-02 -1.917619e+02 3.124200e-02 -2.718737e-03 9.995081e-01 -2.633424e+01
-5.265526e-01 8.499708e-01 1.708732e-02 4.463093e+02 -8.496287e-01 -5.268267e-01 2.417787e-02 -1.929768e+02 2.955254e-02 -1.786957e-03 9.995616e-01 -2.638018e+01
-5.237730e-01 8.516282e-01 1.978185e-02 4.455659e+02 -8.513199e-01 -5.241262e-01 2.337138e-02 -1.941715e+02 3.027191e-02 -4.599388e-03 9.995311e-01 -2.644342e+01
-5.211443e-01 8.533574e-01 1.376977e-02 4.447937e+02 -8.531016e-01 -5.213255e-01 2.091231e-02 -1.954148e+02 2.502421e-02 -8.486817e-04 9.996865e-01 -2.648976e+01
-5.180044e-01 8.552237e-01 1.623817e-02 4.440264e+02 -8.550315e-01 -5.182416e-01 1.861599e-02 -1.966502e+02 2.433613e-02 -4.240982e-03 9.996948e-01 -2.654778e+01
-5.139923e-01 8.576862e-01 1.364256e-02 4.433004e+02 -8.574838e-01 -5.141692e-01 1.874855e-02 -1.978658e+02 2.309496e-02 -2.061667e-03 9.997311e-01 -2.658950e+01
-5.119137e-01 8.589357e-01 1.319132e-02 4.425282e+02 -8.587272e-01 -5.120811e-01 1.899163e-02 -1.991163e+02 2.306761e-02 -1.605667e-03 9.997326e-01 -2.665831e+01
-5.080972e-01 8.612411e-01 1.004796e-02 4.417707e+02 -8.610514e-01 -5.081964e-01 1.808003e-02 -2.003810e+02 2.067760e-02 5.346015e-04 9.997861e-01 -2.666873e+01
-5.055445e-01 8.627362e-01 1.053812e-02 4.410146e+02 -8.625455e-01 -5.056542e-01 1.814237e-02 -2.016547e+02 2.098073e-02 8.216687e-05 9.997799e-01 -2.674256e+01
-5.026057e-01 8.644568e-01 1.009749e-02 4.402556e+02 -8.642623e-01 -5.027069e-01 1.834324e-02 -2.029214e+02 2.093302e-02 4.925393e-04 9.997808e-01 -2.678069e+01
-5.005744e-01 8.656465e-01 9.028931e-03 4.394955e+02 -8.654070e-01 -5.006497e-01 2.050627e-02 -2.042116e+02 2.227151e-02 2.451210e-03 9.997489e-01 -2.684314e+01
-4.983888e-01 8.669098e-01 8.712058e-03 4.387425e+02 -8.666785e-01 -4.984587e-01 2.017841e-02 -2.055076e+02 2.183546e-02 2.506142e-03 9.997584e-01 -2.688286e+01
-4.975441e-01 8.674115e-01 6.866463e-03 4.379847e+02 -8.672001e-01 -4.975773e-01 1.950997e-02 -2.067914e+02 2.033977e-02 3.752473e-03 9.997861e-01 -2.694518e+01
-4.969699e-01 8.677463e-01 6.088467e-03 4.372333e+02 -8.675907e-01 -4.969981e-01 1.670740e-02 -2.080794e+02 1.752374e-02 3.020781e-03 9.998419e-01 -2.699231e+01
-4.956201e-01 8.684989e-01 8.385210e-03 4.364805e+02 -8.683550e-01 -4.956908e-01 1.582121e-02 -2.093849e+02 1.789718e-02 5.599735e-04 9.998397e-01 -2.702669e+01
-4.950937e-01 8.688240e-01 5.204258e-03 4.357293e+02 -8.686599e-01 -4.951043e-01 1.737306e-02 -2.106733e+02 1.767078e-02 4.080561e-03 9.998356e-01 -2.709224e+01
-4.941221e-01 8.693804e-01 4.552273e-03 4.349594e+02 -8.691985e-01 -4.941159e-01 1.852995e-02 -2.120080e+02 1.835893e-02 5.199232e-03 9.998180e-01 -2.713092e+01
-4.933468e-01 8.698316e-01 1.376195e-03 4.342149e+02 -8.696510e-01 -4.932756e-01 1.965632e-02 -2.132975e+02 1.777653e-02 8.500572e-03 9.998059e-01 -2.719307e+01
-4.926138e-01 8.702431e-01 2.926739e-03 4.334463e+02 -8.700458e-01 -4.925690e-01 1.989966e-02 -2.146295e+02 1.875916e-02 7.256451e-03 9.997977e-01 -2.724253e+01
-4.918821e-01 8.706617e-01 -5.022343e-04 4.326827e+02 -8.705198e-01 -4.917912e-01 1.834895e-02 -2.159615e+02 1.572874e-02 9.462725e-03 9.998315e-01 -2.728658e+01
-4.909365e-01 8.711877e-01 3.641465e-03 4.319041e+02 -8.710626e-01 -4.909304e-01 1.540675e-02 -2.173116e+02 1.520988e-02 4.391795e-03 9.998747e-01 -2.734707e+01
-4.895105e-01 8.719675e-01 7.234135e-03 4.311320e+02 -8.717923e-01 -4.895583e-01 1.763244e-02 -2.186482e+02 1.891644e-02 2.324602e-03 9.998184e-01 -2.737572e+01
-4.887058e-01 8.723865e-01 1.041462e-02 4.303528e+02 -8.721677e-01 -4.888166e-01 1.954289e-02 -2.200177e+02 2.213980e-02 4.674280e-04 9.997548e-01 -2.742754e+01
-4.874299e-01 8.730710e-01 1.261169e-02 4.295992e+02 -8.728746e-01 -4.875892e-01 1.862259e-02 -2.213521e+02 2.240817e-02 -1.931222e-03 9.997470e-01 -2.748434e+01
-4.861020e-01 8.737781e-01 1.472428e-02 4.288239e+02 -8.735954e-01 -4.863086e-01 1.830622e-02 -2.227011e+02 2.315612e-02 -3.964376e-03 9.997240e-01 -2.754466e+01
-4.854105e-01 8.741123e-01 1.744497e-02 4.280418e+02 -8.739721e-01 -4.856744e-01 1.712260e-02 -2.240592e+02 2.343965e-02 -6.934925e-03 9.997012e-01 -2.758761e+01
-4.848990e-01 8.742882e-01 2.220033e-02 4.272674e+02 -8.742256e-01 -4.852644e-01 1.574794e-02 -2.254211e+02 2.454127e-02 -1.177194e-02 9.996295e-01 -2.763460e+01
-4.839010e-01 8.747132e-01 2.676534e-02 4.264853e+02 -8.746710e-01 -4.844076e-01 1.731386e-02 -2.268006e+02 2.810999e-02 -1.503267e-02 9.994918e-01 -2.769187e+01
-4.834454e-01 8.748612e-01 2.997638e-02 4.257123e+02 -8.747382e-01 -4.841161e-01 2.156003e-02 -2.281646e+02 3.337408e-02 -1.579838e-02 9.993181e-01 -2.774367e+01
-4.829843e-01 8.751338e-01 2.944916e-02 4.249333e+02 -8.750268e-01 -4.836261e-01 2.082879e-02 -2.295360e+02 3.247037e-02 -1.570883e-02 9.993492e-01 -2.779349e+01
-4.824880e-01 8.754066e-01 2.947281e-02 4.241513e+02 -8.753761e-01 -4.830915e-01 1.842280e-02 -2.309205e+02 3.036550e-02 -1.691101e-02 9.993958e-01 -2.785299e+01
-4.817821e-01 8.757482e-01 3.083641e-02 4.233712e+02 -8.757280e-01 -4.824357e-01 1.887566e-02 -2.323166e+02 3.140691e-02 -1.791035e-02 9.993462e-01 -2.792426e+01
-4.817979e-01 8.758522e-01 2.745327e-02 4.225915e+02 -8.757429e-01 -4.823640e-01 1.998323e-02 -2.336946e+02 3.074483e-02 -1.441412e-02 9.994233e-01 -2.797653e+01
-4.816953e-01 8.759445e-01 2.628688e-02 4.218098e+02 -8.758556e-01 -4.822090e-01 1.874815e-02 -2.350868e+02 2.909811e-02 -1.399262e-02 9.994786e-01 -2.801743e+01
-4.809161e-01 8.763791e-01 2.606411e-02 4.210258e+02 -8.763157e-01 -4.814097e-01 1.776630e-02 -2.364991e+02 2.811753e-02 -1.429629e-02 9.995024e-01 -2.808393e+01
-4.802539e-01 8.767772e-01 2.485295e-02 4.202538e+02 -8.767123e-01 -4.807067e-01 1.722446e-02 -2.378799e+02 2.704899e-02 -1.351677e-02 9.995427e-01 -2.815146e+01
-4.790829e-01 8.774521e-01 2.360773e-02 4.194722e+02 -8.773786e-01 -4.794990e-01 1.695705e-02 -2.392902e+02 2.619889e-02 -1.258909e-02 9.995775e-01 -2.819972e+01
-4.791197e-01 8.775370e-01 1.932173e-02 4.186936e+02 -8.774477e-01 -4.794161e-01 1.567857e-02 -2.406708e+02 2.302167e-02 -9.441894e-03 9.996904e-01 -2.825190e+01
-4.778955e-01 8.782502e-01 1.709408e-02 4.179149e+02 -8.781263e-01 -4.781476e-01 1.640720e-02 -2.420921e+02 2.258312e-02 -7.169826e-03 9.997193e-01 -2.831108e+01
-4.768184e-01 8.788646e-01 1.553614e-02 4.171437e+02 -8.787143e-01 -4.770399e-01 1.715042e-02 -2.434875e+02 2.248426e-02 -5.474192e-03 9.997322e-01 -2.836403e+01
-4.764031e-01 8.790765e-01 1.626592e-02 4.163620e+02 -8.789148e-01 -4.766454e-01 1.783329e-02 -2.448724e+02 2.342990e-02 -5.800522e-03 9.997087e-01 -2.841047e+01
-4.753006e-01 8.796925e-01 1.518086e-02 4.156028e+02 -8.795751e-01 -4.755057e-01 1.555830e-02 -2.462545e+02 2.090511e-02 -5.957835e-03 9.997637e-01 -2.847054e+01
-4.743644e-01 8.800985e-01 2.012415e-02 4.148239e+02 -8.800693e-01 -4.746555e-01 1.341900e-02 -2.476569e+02 2.136208e-02 -1.134515e-02 9.997075e-01 -2.851227e+01
-4.734459e-01 8.805342e-01 2.254599e-02 4.140597e+02 -8.805307e-01 -4.737931e-01 1.362964e-02 -2.490581e+02 2.268349e-02 -1.339954e-02 9.996529e-01 -2.856533e+01
-4.721596e-01 8.811632e-01 2.483219e-02 4.132918e+02 -8.810981e-01 -4.726143e-01 1.736983e-02 -2.504494e+02 2.704171e-02 -1.367826e-02 9.995407e-01 -2.861048e+01
-4.718779e-01 8.813657e-01 2.292447e-02 4.125420e+02 -8.812367e-01 -4.722992e-01 1.884780e-02 -2.518187e+02 2.743901e-02 -1.130802e-02 9.995595e-01 -2.865608e+01
-4.727179e-01 8.809398e-01 2.197557e-02 4.117587e+02 -8.809727e-01 -4.730249e-01 1.159881e-02 -2.532243e+02 2.061285e-02 -1.387691e-02 9.996912e-01 -2.878199e+01
-4.715620e-01 8.813274e-01 2.985349e-02 4.109930e+02 -8.814477e-01 -4.720864e-01 1.358090e-02 -2.546109e+02 2.606264e-02 -1.991005e-02 9.994620e-01 -2.880326e+01
-4.705597e-01 8.818069e-01 3.146959e-02 4.102568e+02 -8.815948e-01 -4.713410e-01 2.506698e-02 -2.559825e+02 3.693714e-02 -1.594792e-02 9.991903e-01 -2.880172e+01
-4.706511e-01 8.819290e-01 2.624192e-02 4.095040e+02 -8.815086e-01 -4.712854e-01 2.885495e-02 -2.573682e+02 3.781546e-02 -9.551862e-03 9.992391e-01 -2.893822e+01
-4.699485e-01 8.822728e-01 2.726191e-02 4.087427e+02 -8.818085e-01 -4.706361e-01 3.025829e-02 -2.587438e+02 3.952650e-02 -9.819946e-03 9.991702e-01 -2.900016e+01
-4.699039e-01 8.824434e-01 2.199782e-02 4.079983e+02 -8.820933e-01 -4.703629e-01 2.588920e-02 -2.601129e+02 3.319271e-02 -7.238693e-03 9.994227e-01 -2.904156e+01
-4.688145e-01 8.830029e-01 2.277839e-02 4.072531e+02 -8.828388e-01 -4.692459e-01 2.009610e-02 -2.614923e+02 2.843358e-02 -1.068830e-02 9.995385e-01 -2.916474e+01
-4.680941e-01 8.833845e-01 2.279886e-02 4.065201e+02 -8.830898e-01 -4.685681e-01 2.441991e-02 -2.628497e+02 3.225499e-02 -8.702633e-03 9.994418e-01 -2.918584e+01
-4.684558e-01 8.833616e-01 1.487610e-02 4.057873e+02 -8.830838e-01 -4.686844e-01 2.231527e-02 -2.642084e+02 2.668465e-02 -2.683120e-03 9.996403e-01 -2.926560e+01
-4.674147e-01 8.838009e-01 2.048533e-02 4.050535e+02 -8.835598e-01 -4.677985e-01 2.206247e-02 -2.655731e+02 2.908184e-02 -7.787688e-03 9.995467e-01 -2.934785e+01
-4.669461e-01 8.840899e-01 1.860572e-02 4.043173e+02 -8.837810e-01 -4.672871e-01 2.395501e-02 -2.669327e+02 2.987259e-02 -5.257684e-03 9.995399e-01 -2.935741e+01
-4.663336e-01 8.844317e-01 1.770795e-02 4.035932e+02 -8.841614e-01 -4.666409e-01 2.247302e-02 -2.682821e+02 2.813911e-02 -5.176763e-03 9.995906e-01 -2.948451e+01
-4.652655e-01 8.849351e-01 2.043909e-02 4.028663e+02 -8.846810e-01 -4.656522e-01 2.252587e-02 -2.696149e+02 2.945144e-02 -7.601566e-03 9.995373e-01 -2.951744e+01
-4.655610e-01 8.848016e-01 1.947221e-02 4.021494e+02 -8.845972e-01 -4.659047e-01 2.051045e-02 -2.709528e+02 2.721987e-02 -7.676200e-03 9.996000e-01 -2.957503e+01
-4.635452e-01 8.858236e-01 2.102971e-02 4.014348e+02 -8.856263e-01 -4.639347e-01 2.074998e-02 -2.722742e+02 2.813724e-02 -9.005914e-03 9.995635e-01 -2.968931e+01
-4.619064e-01 8.867196e-01 1.925713e-02 4.007265e+02 -8.862879e-01 -4.622890e-01 2.797533e-02 -2.736105e+02 3.370864e-02 -4.145380e-03 9.994231e-01 -2.967818e+01
-4.602423e-01 8.876594e-01 1.541664e-02 4.000245e+02 -8.873026e-01 -4.604958e-01 2.524852e-02 -2.749215e+02 2.951139e-02 -2.058793e-03 9.995623e-01 -2.978597e+01
-4.570386e-01 8.892053e-01 2.072304e-02 3.993154e+02 -8.890089e-01 -4.574206e-01 2.072320e-02 -2.762549e+02 2.790633e-02 -8.951666e-03 9.995705e-01 -2.986333e+01
-4.521456e-01 8.915693e-01 2.585601e-02 3.986326e+02 -8.914394e-01 -4.526749e-01 2.052291e-02 -2.775691e+02 3.000197e-02 -1.376972e-02 9.994550e-01 -2.989934e+01
-4.466228e-01 8.943077e-01 2.723655e-02 3.979695e+02 -8.940798e-01 -4.472487e-01 2.428995e-02 -2.788765e+02 3.390420e-02 -1.350321e-02 9.993339e-01 -2.998758e+01
-4.416925e-01 8.968773e-01 2.278169e-02 3.973049e+02 -8.965585e-01 -4.421855e-01 2.559109e-02 -2.801721e+02 3.302580e-02 -9.121728e-03 9.994129e-01 -3.005704e+01
-4.370912e-01 8.992205e-01 1.881172e-02 3.966624e+02 -8.988881e-01 -4.374558e-01 2.514988e-02 -2.814773e+02 3.084458e-02 -5.916839e-03 9.995067e-01 -3.011496e+01
-4.320021e-01 9.017011e-01 1.759162e-02 3.960320e+02 -9.014201e-01 -4.323210e-01 2.324700e-02 -2.827701e+02 2.856708e-02 -5.814687e-03 9.995750e-01 -3.019595e+01
-4.268197e-01 9.042044e-01 1.547003e-02 3.954097e+02 -9.038731e-01 -4.270862e-01 2.471495e-02 -2.840699e+02 2.895441e-02 -3.434117e-03 9.995748e-01 -3.025614e+01
-4.219663e-01 9.065233e-01 1.264846e-02 3.948016e+02 -9.062081e-01 -4.221536e-01 2.394327e-02 -2.853485e+02 2.704473e-02 -1.358886e-03 9.996333e-01 -3.032059e+01
-4.163651e-01 9.091272e-01 1.129966e-02 3.942074e+02 -9.087784e-01 -4.165184e-01 2.518346e-02 -2.866234e+02 2.760149e-02 2.166284e-04 9.996190e-01 -3.038310e+01
-4.110537e-01 9.115743e-01 8.189478e-03 3.936327e+02 -9.112357e-01 -4.111257e-01 2.500167e-02 -2.878834e+02 2.615779e-02 2.814484e-03 9.996539e-01 -3.045383e+01
-4.048071e-01 9.143739e-01 7.178916e-03 3.930546e+02 -9.140338e-01 -4.048544e-01 2.520315e-02 -2.891656e+02 2.595152e-02 3.640642e-03 9.996566e-01 -3.051637e+01
-3.982019e-01 9.172978e-01 -1.891423e-04 3.925057e+02 -9.169540e-01 -3.980470e-01 2.745867e-02 -2.904286e+02 2.511249e-02 1.110753e-02 9.996229e-01 -3.059563e+01
-3.917985e-01 9.200261e-01 -6.764052e-03 3.919537e+02 -9.197330e-01 -3.914593e-01 2.916833e-02 -2.916960e+02 2.418778e-02 1.764923e-02 9.995517e-01 -3.066140e+01
-3.846118e-01 9.230276e-01 -9.680051e-03 3.914119e+02 -9.227868e-01 -3.842056e-01 2.916505e-02 -2.929494e+02 2.320101e-02 2.014984e-02 9.995278e-01 -3.070361e+01
-3.762085e-01 9.264928e-01 -8.858105e-03 3.908878e+02 -9.263096e-01 -3.758888e-01 2.565360e-02 -2.942226e+02 2.043821e-02 1.785645e-02 9.996316e-01 -3.078207e+01
-3.666192e-01 9.303438e-01 -7.122017e-03 3.903644e+02 -9.300624e-01 -3.662897e-01 2.856381e-02 -2.954946e+02 2.396544e-02 1.709596e-02 9.995666e-01 -3.082954e+01
-3.575590e-01 9.338513e-01 -8.563478e-03 3.898786e+02 -9.334694e-01 -3.571073e-01 3.330604e-02 -2.967305e+02 2.804481e-02 1.990262e-02 9.994085e-01 -3.090751e+01
-3.489518e-01 9.370637e-01 -1.201781e-02 3.893877e+02 -9.367763e-01 -3.484297e-01 3.235685e-02 -2.980146e+02 2.613307e-02 2.254897e-02 9.994041e-01 -3.099844e+01
-3.396899e-01 9.404482e-01 -1.296366e-02 3.889132e+02 -9.402210e-01 -3.391856e-01 3.062222e-02 -2.992875e+02 2.440152e-02 2.259076e-02 9.994470e-01 -3.106111e+01
-3.297735e-01 9.438976e-01 -1.751417e-02 3.884627e+02 -9.437927e-01 -3.291818e-01 2.991123e-02 -3.005609e+02 2.246779e-02 2.639368e-02 9.993991e-01 -3.112695e+01
-3.200136e-01 9.472414e-01 -1.802932e-02 3.880209e+02 -9.471194e-01 -3.193829e-01 3.097454e-02 -3.018343e+02 2.358211e-02 2.698819e-02 9.993576e-01 -3.121166e+01
-3.112909e-01 9.500556e-01 -2.219024e-02 3.876015e+02 -9.499778e-01 -3.104739e-01 3.388555e-02 -3.031021e+02 2.530366e-02 3.162850e-02 9.991794e-01 -3.125804e+01
-3.016829e-01 9.531099e-01 -2.385127e-02 3.871880e+02 -9.530884e-01 -3.008394e-01 3.343932e-02 -3.043737e+02 2.469595e-02 3.282044e-02 9.991561e-01 -3.134931e+01
-2.925307e-01 9.558923e-01 -2.637584e-02 3.867908e+02 -9.559774e-01 -2.916682e-01 3.219905e-02 -3.056449e+02 2.308583e-02 3.463391e-02 9.991334e-01 -3.140201e+01
-2.833487e-01 9.586154e-01 -2.774839e-02 3.863996e+02 -9.587150e-01 -2.824147e-01 3.328059e-02 -3.069383e+02 2.406674e-02 3.603281e-02 9.990608e-01 -3.147953e+01
-2.732743e-01 9.614971e-01 -2.905928e-02 3.860305e+02 -9.616217e-01 -2.722880e-01 3.380654e-02 -3.081961e+02 2.459240e-02 3.718249e-02 9.990059e-01 -3.155934e+01
-2.631329e-01 9.643050e-01 -2.960989e-02 3.856761e+02 -9.643686e-01 -2.620289e-01 3.652405e-02 -3.094646e+02 2.746168e-02 3.816553e-02 9.988940e-01 -3.162554e+01
-2.518667e-01 9.673010e-01 -2.986502e-02 3.853291e+02 -9.673101e-01 -2.506862e-01 3.831026e-02 -3.107580e+02 2.957080e-02 3.853781e-02 9.988195e-01 -3.170827e+01
-2.408501e-01 9.700986e-01 -3.000131e-02 3.849940e+02 -9.700397e-01 -2.395911e-01 4.023899e-02 -3.120369e+02 3.184774e-02 3.879402e-02 9.987396e-01 -3.178331e+01
-2.286361e-01 9.730496e-01 -3.000030e-02 3.846877e+02 -9.729843e-01 -2.273893e-01 3.994618e-02 -3.132851e+02 3.204787e-02 3.832296e-02 9.987513e-01 -3.185131e+01
-2.143033e-01 9.764018e-01 -2.671535e-02 3.844000e+02 -9.761961e-01 -2.131626e-01 4.003766e-02 -3.145675e+02 3.339813e-02 3.465962e-02 9.988410e-01 -3.193941e+01
-1.992563e-01 9.795732e-01 -2.707741e-02 3.841309e+02 -9.792627e-01 -1.980082e-01 4.286474e-02 -3.158271e+02 3.662760e-02 3.505697e-02 9.987139e-01 -3.201777e+01
-1.822217e-01 9.828099e-01 -2.966456e-02 3.838892e+02 -9.825665e-01 -1.808800e-01 4.295978e-02 -3.171163e+02 3.685557e-02 3.697560e-02 9.986363e-01 -3.209993e+01
-1.657493e-01 9.855952e-01 -3.360340e-02 3.836643e+02 -9.855872e-01 -1.643864e-01 3.993632e-02 -3.183733e+02 3.383710e-02 3.973850e-02 9.986370e-01 -3.217659e+01
-1.489373e-01 9.882419e-01 -3.457986e-02 3.834634e+02 -9.883168e-01 -1.476219e-01 3.791654e-02 -3.196664e+02 3.236597e-02 3.982305e-02 9.986824e-01 -3.224683e+01
-1.316960e-01 9.906921e-01 -3.442678e-02 3.832823e+02 -9.907039e-01 -1.303445e-01 3.893633e-02 -3.209414e+02 3.408658e-02 3.923450e-02 9.986485e-01 -3.232667e+01
-1.140532e-01 9.929462e-01 -3.239752e-02 3.831317e+02 -9.927800e-01 -1.126937e-01 4.108499e-02 -3.222115e+02 3.714419e-02 3.684949e-02 9.986303e-01 -3.239374e+01
-9.630442e-02 9.948335e-01 -3.212156e-02 3.829965e+02 -9.945794e-01 -9.490836e-02 4.247650e-02 -3.234939e+02 3.920844e-02 3.603812e-02 9.985810e-01 -3.247489e+01
-7.812178e-02 9.964560e-01 -3.118383e-02 3.828790e+02 -9.961052e-01 -7.673508e-02 4.343086e-02 -3.247457e+02 4.088405e-02 3.445527e-02 9.985697e-01 -3.255468e+01
-5.973172e-02 9.976720e-01 -3.290707e-02 3.827909e+02 -9.973431e-01 -5.826986e-02 4.371980e-02 -3.260163e+02 4.170052e-02 3.543109e-02 9.985017e-01 -3.264743e+01
-4.111099e-02 9.985924e-01 -3.351243e-02 3.827263e+02 -9.982251e-01 -3.960317e-02 4.447787e-02 -3.272764e+02 4.308807e-02 3.528148e-02 9.984481e-01 -3.272007e+01
-2.264798e-02 9.991200e-01 -3.530471e-02 3.826913e+02 -9.988043e-01 -2.108216e-02 4.410741e-02 -3.285524e+02 4.332430e-02 3.626144e-02 9.984028e-01 -3.280923e+01
-3.571987e-03 9.993538e-01 -3.576688e-02 3.826758e+02 -9.989951e-01 -1.968086e-03 4.477797e-02 -3.298268e+02 4.467864e-02 3.589087e-02 9.983565e-01 -3.289090e+01
1.613605e-02 9.991480e-01 -3.798685e-02 3.826908e+02 -9.988491e-01 1.782417e-02 4.452759e-02 -3.311033e+02 4.516673e-02 3.722464e-02 9.982857e-01 -3.295917e+01
3.686053e-02 9.985489e-01 -3.926246e-02 3.827246e+02 -9.982344e-01 3.862321e-02 4.512564e-02 -3.323847e+02 4.657660e-02 3.752979e-02 9.982095e-01 -3.304576e+01
5.766892e-02 9.975153e-01 -4.046535e-02 3.827952e+02 -9.971446e-01 5.953205e-02 4.645934e-02 -3.336611e+02 4.875290e-02 3.767056e-02 9.981002e-01 -3.312103e+01
7.769299e-02 9.961545e-01 -4.049592e-02 3.828818e+02 -9.955904e-01 7.966244e-02 4.953226e-02 -3.349178e+02 5.256779e-02 3.646904e-02 9.979512e-01 -3.320412e+01
9.818161e-02 9.942790e-01 -4.206834e-02 3.829977e+02 -9.937044e-01 1.002419e-01 5.003237e-02 -3.361816e+02 5.396314e-02 3.689123e-02 9.978612e-01 -3.328708e+01
1.190892e-01 9.920245e-01 -4.129464e-02 3.831398e+02 -9.913447e-01 1.211165e-01 5.066006e-02 -3.374725e+02 5.525747e-02 3.490416e-02 9.978619e-01 -3.337434e+01
1.395093e-01 9.892904e-01 -4.291651e-02 3.833106e+02 -9.887201e-01 1.415522e-01 4.894548e-02 -3.387399e+02 5.449622e-02 3.560407e-02 9.978790e-01 -3.345944e+01
1.596050e-01 9.863483e-01 -4.053684e-02 3.835028e+02 -9.856458e-01 1.615115e-01 4.915693e-02 -3.399878e+02 5.503302e-02 3.210928e-02 9.979681e-01 -3.353988e+01
1.790152e-01 9.829195e-01 -4.269343e-02 3.837196e+02 -9.822672e-01 1.810170e-01 4.882476e-02 -3.412528e+02 5.571906e-02 3.319599e-02 9.978945e-01 -3.362524e+01
1.978718e-01 9.793589e-01 -4.126697e-02 3.839742e+02 -9.785836e-01 1.998022e-01 4.952844e-02 -3.425218e+02 5.675134e-02 3.058289e-02 9.979198e-01 -3.371830e+01
2.158778e-01 9.754433e-01 -4.367151e-02 3.842407e+02 -9.747912e-01 2.178845e-01 4.804562e-02 -3.437756e+02 5.638112e-02 3.219862e-02 9.978900e-01 -3.379440e+01
2.343357e-01 9.713391e-01 -3.983765e-02 3.845326e+02 -9.706094e-01 2.360767e-01 4.674496e-02 -3.450364e+02 5.480995e-02 2.771279e-02 9.981121e-01 -3.388807e+01
2.521740e-01 9.666951e-01 -4.369087e-02 3.848429e+02 -9.660813e-01 2.540962e-01 4.606786e-02 -3.462790e+02 5.563525e-02 3.059181e-02 9.979824e-01 -3.396223e+01
2.704319e-01 9.618570e-01 -4.120500e-02 3.851871e+02 -9.610943e-01 2.722234e-01 4.682325e-02 -3.475220e+02 5.625422e-02 2.693939e-02 9.980530e-01 -3.406062e+01
2.877408e-01 9.566585e-01 -4.482974e-02 3.855358e+02 -9.560472e-01 2.896825e-01 4.536183e-02 -3.487474e+02 5.638218e-02 2.980691e-02 9.979642e-01 -3.412544e+01
3.057958e-01 9.511590e-01 -4.225443e-02 3.859216e+02 -9.503692e-01 3.076125e-01 4.661281e-02 -3.499725e+02 5.733418e-02 2.590331e-02 9.980189e-01 -3.421589e+01
3.238821e-01 9.450676e-01 -4.413095e-02 3.863329e+02 -9.442046e-01 3.258313e-01 4.807816e-02 -3.511844e+02 5.981636e-02 2.609699e-02 9.978682e-01 -3.429413e+01
3.423859e-01 9.385908e-01 -4.265057e-02 3.867733e+02 -9.376979e-01 3.442113e-01 4.733972e-02 -3.524069e+02 5.911344e-02 2.378490e-02 9.979679e-01 -3.437780e+01
3.596491e-01 9.320207e-01 -4.460986e-02 3.872130e+02 -9.311714e-01 3.615625e-01 4.682274e-02 -3.535997e+02 5.976902e-02 2.469967e-02 9.979066e-01 -3.445741e+01
3.781047e-01 9.246995e-01 -4.435863e-02 3.877070e+02 -9.238426e-01 3.799716e-01 4.622114e-02 -3.548121e+02 5.959569e-02 2.350396e-02 9.979458e-01 -3.454953e+01
3.959083e-01 9.170824e-01 -4.707954e-02 3.882108e+02 -9.164004e-01 3.978614e-01 4.377998e-02 -3.559997e+02 5.888098e-02 2.581085e-02 9.979313e-01 -3.462955e+01
4.134631e-01 9.092330e-01 -4.841188e-02 3.887396e+02 -9.085915e-01 4.154629e-01 4.303703e-02 -3.571787e+02 5.924402e-02 2.619239e-02 9.978998e-01 -3.471718e+01
4.306512e-01 9.010544e-01 -5.138608e-02 3.892825e+02 -9.004611e-01 4.328147e-01 4.290925e-02 -3.583560e+02 6.090422e-02 2.779225e-02 9.977566e-01 -3.477605e+01
4.478254e-01 8.924568e-01 -5.452908e-02 3.898668e+02 -8.918171e-01 4.502152e-01 4.436751e-02 -3.595091e+02 6.414591e-02 2.876107e-02 9.975260e-01 -3.486979e+01
4.643062e-01 8.838326e-01 -5.709505e-02 3.904706e+02 -8.832489e-01 4.668394e-01 4.395917e-02 -3.606498e+02 6.550676e-02 3.001862e-02 9.974005e-01 -3.494097e+01
4.800557e-01 8.751638e-01 -6.028905e-02 3.910752e+02 -8.744560e-01 4.828708e-01 4.649995e-02 -3.617868e+02 6.980690e-02 3.039755e-02 9.970973e-01 -3.503809e+01
4.961911e-01 8.659940e-01 -6.203908e-02 3.917179e+02 -8.651825e-01 4.991603e-01 4.793823e-02 -3.629298e+02 7.248167e-02 2.988861e-02 9.969218e-01 -3.510210e+01
5.124561e-01 8.562958e-01 -6.439115e-02 3.923838e+02 -8.553600e-01 5.156384e-01 4.976436e-02 -3.640456e+02 7.581556e-02 2.957556e-02 9.966831e-01 -3.521154e+01
5.278964e-01 8.467107e-01 -6.638109e-02 3.930659e+02 -8.459444e-01 5.311466e-01 4.755285e-02 -3.651567e+02 7.552161e-02 3.105173e-02 9.966606e-01 -3.527477e+01
5.437019e-01 8.367289e-01 -6.536800e-02 3.937747e+02 -8.358923e-01 5.468527e-01 4.728905e-02 -3.662561e+02 7.531478e-02 2.892946e-02 9.967400e-01 -3.537524e+01
5.589879e-01 8.264093e-01 -6.767785e-02 3.944926e+02 -8.254988e-01 5.623304e-01 4.833515e-02 -3.673318e+02 7.800192e-02 2.884922e-02 9.965357e-01 -3.545774e+01
5.741090e-01 8.158970e-01 -6.863602e-02 3.952314e+02 -8.148617e-01 5.775412e-01 4.946100e-02 -3.683858e+02 7.999522e-02 2.753286e-02 9.964149e-01 -3.554495e+01
5.885386e-01 8.053181e-01 -7.130995e-02 3.959853e+02 -8.042799e-01 5.921745e-01 4.963072e-02 -3.694210e+02 8.219645e-02 2.814355e-02 9.962187e-01 -3.563021e+01
6.034060e-01 7.939755e-01 -7.418910e-02 3.967519e+02 -7.929495e-01 6.072632e-01 4.962409e-02 -3.704472e+02 8.445261e-02 2.888473e-02 9.960088e-01 -3.571234e+01
6.182064e-01 7.823787e-01 -7.552791e-02 3.975546e+02 -7.814124e-01 6.221261e-01 4.851410e-02 -3.714760e+02 8.494429e-02 2.902672e-02 9.959628e-01 -3.579929e+01
6.323845e-01 7.707095e-01 -7.808086e-02 3.983615e+02 -7.698253e-01 6.364790e-01 4.757550e-02 -3.724542e+02 8.636372e-02 3.002261e-02 9.958112e-01 -3.588934e+01
6.464999e-01 7.587543e-01 -7.956004e-02 3.991890e+02 -7.578120e-01 6.507152e-01 4.785943e-02 -3.734316e+02 8.808449e-02 2.935044e-02 9.956805e-01 -3.597213e+01
6.604217e-01 7.463205e-01 -8.275761e-02 4.000193e+02 -7.455353e-01 6.648580e-01 4.627281e-02 -3.743801e+02 8.955640e-02 3.113915e-02 9.954948e-01 -3.604789e+01
6.744771e-01 7.334118e-01 -8.478123e-02 4.008916e+02 -7.325878e-01 6.790872e-01 4.643284e-02 -3.753214e+02 9.162822e-02 3.079181e-02 9.953171e-01 -3.615060e+01
6.881779e-01 7.200814e-01 -8.884703e-02 4.017701e+02 -7.195361e-01 6.930686e-01 4.386156e-02 -3.762462e+02 9.316097e-02 3.374408e-02 9.950791e-01 -3.620899e+01
7.014849e-01 7.068723e-01 -9.083188e-02 4.026585e+02 -7.063771e-01 7.065252e-01 4.304984e-02 -3.771327e+02 9.460576e-02 3.396276e-02 9.949353e-01 -3.630711e+01
7.151461e-01 6.925596e-01 -9.448449e-02 4.035763e+02 -6.921499e-01 7.205074e-01 4.239869e-02 -3.780105e+02 9.744039e-02 3.507617e-02 9.946231e-01 -3.636843e+01
7.282941e-01 6.782435e-01 -9.784469e-02 4.044917e+02 -6.779075e-01 7.339594e-01 4.177198e-02 -3.788683e+02 1.001456e-01 3.590737e-02 9.943247e-01 -3.644558e+01
7.417271e-01 6.631148e-01 -1.005957e-01 4.054427e+02 -6.627859e-01 7.476571e-01 4.151532e-02 -3.797020e+02 1.027405e-01 3.588039e-02 9.940609e-01 -3.651067e+01
7.549543e-01 6.475861e-01 -1.033255e-01 4.064068e+02 -6.472784e-01 7.611470e-01 4.105980e-02 -3.805416e+02 1.052357e-01 3.588210e-02 9.937997e-01 -3.658828e+01
7.678844e-01 6.317882e-01 -1.058170e-01 4.073951e+02 -6.316178e-01 7.742776e-01 3.940786e-02 -3.813521e+02 1.068292e-01 3.657525e-02 9.936044e-01 -3.665936e+01
7.806858e-01 6.157281e-01 -1.068109e-01 4.083854e+02 -6.156549e-01 7.871177e-01 3.761232e-02 -3.821430e+02 1.072317e-01 3.639524e-02 9.935677e-01 -3.672792e+01
7.938446e-01 5.988280e-01 -1.059043e-01 4.094117e+02 -5.987117e-01 8.001351e-01 3.644107e-02 -3.829113e+02 1.065596e-01 3.447756e-02 9.937084e-01 -3.679563e+01
8.066664e-01 5.811172e-01 -1.076672e-01 4.104483e+02 -5.808709e-01 8.131593e-01 3.689015e-02 -3.836673e+02 1.089881e-01 3.278271e-02 9.935023e-01 -3.685924e+01
8.194937e-01 5.633423e-01 -1.052406e-01 4.114893e+02 -5.627016e-01 8.257613e-01 3.853770e-02 -3.843904e+02 1.086135e-01 2.763767e-02 9.936998e-01 -3.693316e+01
8.316276e-01 5.448679e-01 -1.073060e-01 4.125525e+02 -5.439619e-01 8.381494e-01 4.013766e-02 -3.851018e+02 1.118082e-01 2.499077e-02 9.934155e-01 -3.698938e+01
8.439945e-01 5.257584e-01 -1.060729e-01 4.136422e+02 -5.247077e-01 8.503491e-01 3.985713e-02 -3.857841e+02 1.111542e-01 2.201804e-02 9.935592e-01 -3.706937e+01
8.553308e-01 5.069908e-01 -1.066283e-01 4.147492e+02 -5.059035e-01 8.617063e-01 3.903570e-02 -3.864448e+02 1.116730e-01 2.055519e-02 9.935324e-01 -3.712989e+01
8.662581e-01 4.881741e-01 -1.062216e-01 4.158613e+02 -4.870201e-01 8.725495e-01 3.832489e-02 -3.870778e+02 1.113928e-01 1.853280e-02 9.936036e-01 -3.720484e+01
8.768256e-01 4.688163e-01 -1.067153e-01 4.170176e+02 -4.676319e-01 8.831304e-01 3.742940e-02 -3.876967e+02 1.117911e-01 1.708445e-02 9.935849e-01 -3.726701e+01
8.869728e-01 4.493598e-01 -1.065596e-01 4.181531e+02 -4.480727e-01 8.932275e-01 3.708910e-02 -3.882828e+02 1.118483e-01 1.484940e-02 9.936143e-01 -3.734330e+01
8.960250e-01 4.305824e-01 -1.083421e-01 4.193277e+02 -4.294131e-01 9.024256e-01 3.510852e-02 -3.888412e+02 1.128878e-01 1.506539e-02 9.934936e-01 -3.741785e+01
9.040565e-01 4.124212e-01 -1.122079e-01 4.204883e+02 -4.115471e-01 9.108289e-01 3.193425e-02 -3.893828e+02 1.153726e-01 1.730848e-02 9.931715e-01 -3.746867e+01
9.116549e-01 3.952849e-01 -1.124061e-01 4.216863e+02 -3.943630e-01 9.184225e-01 3.127537e-02 -3.899015e+02 1.155989e-01 1.581645e-02 9.931700e-01 -3.754874e+01
9.186186e-01 3.788774e-01 -1.122131e-01 4.228769e+02 -3.776975e-01 9.253610e-01 3.242471e-02 -3.904036e+02 1.161226e-01 1.259665e-02 9.931550e-01 -3.757844e+01
9.246456e-01 3.635430e-01 -1.134327e-01 4.240908e+02 -3.621950e-01 9.315175e-01 3.301268e-02 -3.908862e+02 1.176661e-01 1.055973e-02 9.929971e-01 -3.764676e+01
9.307327e-01 3.488199e-01 -1.098242e-01 4.253141e+02 -3.472537e-01 9.371654e-01 3.370342e-02 -3.913544e+02 1.146798e-01 6.767979e-03 9.933795e-01 -3.771708e+01
9.359581e-01 3.345078e-01 -1.099408e-01 4.265352e+02 -3.329189e-01 9.423759e-01 3.305376e-02 -3.918039e+02 1.146623e-01 5.664440e-03 9.933884e-01 -3.777180e+01
9.410832e-01 3.211808e-01 -1.058553e-01 4.277632e+02 -3.194662e-01 9.470146e-01 3.323982e-02 -3.922376e+02 1.109225e-01 2.535756e-03 9.938259e-01 -3.785038e+01
9.447933e-01 3.094456e-01 -1.077447e-01 4.290177e+02 -3.077816e-01 9.509132e-01 3.216706e-02 -3.926570e+02 1.124098e-01 2.770607e-03 9.936581e-01 -3.790100e+01
9.489914e-01 2.975504e-01 -1.043034e-01 4.302757e+02 -2.959155e-01 9.547052e-01 3.117514e-02 -3.930430e+02 1.088552e-01 1.280067e-03 9.940568e-01 -3.798275e+01
9.525379e-01 2.861350e-01 -1.039148e-01 4.315183e+02 -2.847786e-01 9.581847e-01 2.798298e-02 -3.934362e+02 1.075765e-01 2.937858e-03 9.941925e-01 -3.801957e+01
9.564524e-01 2.747017e-01 -9.868003e-02 4.327901e+02 -2.732941e-01 9.615294e-01 2.777637e-02 -3.937895e+02 1.025140e-01 4.019011e-04 9.947315e-01 -3.808984e+01
9.594355e-01 2.636932e-01 -9.974681e-02 4.340744e+02 -2.624551e-01 9.646052e-01 2.557579e-02 -3.941651e+02 1.029605e-01 1.640738e-03 9.946841e-01 -3.815164e+01
9.625955e-01 2.532504e-01 -9.630261e-02 4.353732e+02 -2.520630e-01 9.674007e-01 2.450466e-02 -3.945045e+02 9.936902e-02 6.862506e-04 9.950504e-01 -3.820727e+01
9.652172e-01 2.430757e-01 -9.628008e-02 4.366516e+02 -2.420184e-01 9.700063e-01 2.269082e-02 -3.948446e+02 9.890787e-02 1.399977e-03 9.950956e-01 -3.824890e+01
9.683455e-01 2.317680e-01 -9.268544e-02 4.379449e+02 -2.306434e-01 9.727709e-01 2.281530e-02 -3.951622e+02 9.544954e-02 -7.158108e-04 9.954340e-01 -3.830996e+01
9.708260e-01 2.208180e-01 -9.346832e-02 4.392288e+02 -2.196594e-01 9.753140e-01 2.263574e-02 -3.954521e+02 9.615933e-02 -1.444170e-03 9.953649e-01 -3.836804e+01
9.733934e-01 2.102664e-01 -9.106705e-02 4.405442e+02 -2.091031e-01 9.776406e-01 2.224070e-02 -3.957547e+02 9.370733e-02 -2.606551e-03 9.955963e-01 -3.841314e+01
9.757293e-01 1.987141e-01 -9.200521e-02 4.418701e+02 -1.976753e-01 9.800560e-01 2.036164e-02 -3.960179e+02 9.421641e-02 -1.680296e-03 9.955503e-01 -3.847276e+01
9.784166e-01 1.878266e-01 -8.615180e-02 4.431896e+02 -1.868135e-01 9.821969e-01 1.974808e-02 -3.962753e+02 8.832725e-02 -3.227530e-03 9.960863e-01 -3.851697e+01
9.799565e-01 1.779585e-01 -8.953217e-02 4.445189e+02 -1.770266e-01 9.840357e-01 1.830788e-02 -3.965320e+02 9.136090e-02 -2.091341e-03 9.958156e-01 -3.854876e+01
9.823838e-01 1.676611e-01 -8.253295e-02 4.458313e+02 -1.667598e-01 9.858379e-01 1.774473e-02 -3.967623e+02 8.433921e-02 -3.668959e-03 9.964303e-01 -3.861374e+01
9.839774e-01 1.569094e-01 -8.466358e-02 4.471639e+02 -1.560127e-01 9.876060e-01 1.714755e-02 -3.970014e+02 8.630489e-02 -3.664205e-03 9.962620e-01 -3.865616e+01
9.858847e-01 1.467467e-01 -8.060195e-02 4.485248e+02 -1.458334e-01 9.891609e-01 1.713477e-02 -3.972018e+02 8.224276e-02 -5.138453e-03 9.965991e-01 -3.871501e+01
9.872437e-01 1.368024e-01 -8.145570e-02 4.498599e+02 -1.359057e-01 9.905849e-01 1.647999e-02 -3.974021e+02 8.294327e-02 -5.199478e-03 9.965407e-01 -3.873693e+01
9.888160e-01 1.262480e-01 -7.940055e-02 4.512257e+02 -1.254129e-01 9.919845e-01 1.543834e-02 -3.975894e+02 8.071318e-02 -5.307821e-03 9.967232e-01 -3.879647e+01
9.899927e-01 1.173195e-01 -7.842568e-02 4.525664e+02 -1.164360e-01 9.930732e-01 1.576062e-02 -3.977628e+02 7.973146e-02 -6.471319e-03 9.967954e-01 -3.883719e+01
9.912663e-01 1.075371e-01 -7.633371e-02 4.539243e+02 -1.068064e-01 9.941868e-01 1.360327e-02 -3.979188e+02 7.735281e-02 -5.331533e-03 9.969895e-01 -3.887579e+01
9.922107e-01 9.953306e-02 -7.490638e-02 4.552853e+02 -9.885054e-02 9.950203e-01 1.277376e-02 -3.980721e+02 7.580478e-02 -5.269726e-03 9.971088e-01 -3.893003e+01
9.929972e-01 9.196890e-02 -7.415042e-02 4.566498e+02 -9.138226e-02 9.957522e-01 1.127303e-02 -3.982080e+02 7.487220e-02 -4.418054e-03 9.971833e-01 -3.895488e+01
9.935510e-01 8.648170e-02 -7.333063e-02 4.580104e+02 -8.591267e-02 9.962432e-01 1.088474e-02 -3.983379e+02 7.399647e-02 -4.514510e-03 9.972483e-01 -3.900957e+01
9.937881e-01 8.165469e-02 -7.561593e-02 4.593755e+02 -8.107480e-02 9.966505e-01 1.071231e-02 -3.984576e+02 7.623737e-02 -4.515221e-03 9.970795e-01 -3.903250e+01
9.941438e-01 7.861786e-02 -7.414351e-02 4.607670e+02 -7.801138e-02 9.968914e-01 1.104511e-02 -3.985823e+02 7.478137e-02 -5.196392e-03 9.971864e-01 -3.907067e+01
9.944566e-01 7.640145e-02 -7.224147e-02 4.621407e+02 -7.565366e-02 9.970489e-01 1.303540e-02 -3.986966e+02 7.302420e-02 -7.497804e-03 9.973020e-01 -3.910503e+01
9.949399e-01 7.309721e-02 -6.893072e-02 4.635198e+02 -7.222500e-02 9.972746e-01 1.506522e-02 -3.988079e+02 6.984409e-02 -1.001047e-02 9.975077e-01 -3.913434e+01
9.954040e-01 7.024659e-02 -6.508639e-02 4.649049e+02 -6.942324e-02 9.974771e-01 1.482943e-02 -3.989189e+02 6.596391e-02 -1.024277e-02 9.977694e-01 -3.918641e+01
9.957988e-01 6.733150e-02 -6.205765e-02 4.662692e+02 -6.663563e-02 9.976897e-01 1.321789e-02 -3.990235e+02 6.280427e-02 -9.027107e-03 9.979851e-01 -3.923197e+01
9.963312e-01 6.464462e-02 -5.608327e-02 4.676219e+02 -6.408051e-02 9.978750e-01 1.180097e-02 -3.991246e+02 5.672696e-02 -8.163827e-03 9.983563e-01 -3.928642e+01
9.964954e-01 6.323258e-02 -5.475888e-02 4.689870e+02 -6.266508e-02 9.979622e-01 1.202100e-02 -3.992361e+02 5.540741e-02 -8.547399e-03 9.984273e-01 -3.932029e+01
9.964979e-01 6.299298e-02 -5.498921e-02 4.689533e+02 -6.244051e-02 9.979801e-01 1.170963e-02 -3.992261e+02 5.561576e-02 -8.235065e-03 9.984183e-01 -3.931926e+01