1.000000e+00 0.000000e+00 0.000000e+00 0.000000e+00 0.000000e+00 1.000000e+00 0.000000e+00 0.000000e+00 0.000000e+00 0.000000e+00 1.000000e+00 0.000000e+00
9.999982e-01 1.346083e-03 -1.336501e-03 7.402890e-01 -1.333019e-03 9.999518e-01 9.728307e-03 -1.296225e-02 1.349532e-03 -9.726508e-03 9.999518e-01 -3.731934e-02
9.999964e-01 1.338707e-04 -2.691618e-03 1.306659e+00 -8.998295e-05 9.998672e-01 1.629885e-02 -1.269695e-02 2.693443e-03 -1.629855e-02 9.998636e-01 -5.148358e-02
9.999918e-01 3.578296e-04 -4.042811e-03 1.863847e+00 -2.790313e-04 9.998103e-01 1.947476e-02 -1.890779e-02 4.049013e-03 -1.947347e-02 9.998022e-01 -4.221762e-02
9.999951e-01 -3.381621e-04 -3.132925e-03 2.416552e+00 3.880427e-04 9.998730e-01 1.593451e-02 -2.720684e-02 3.127139e-03 -1.593564e-02 9.998682e-01 -4.459686e-02
9.999995e-01 -3.934550e-04 -8.838114e-04 2.966740e+00 4.040500e-04 9.999276e-01 1.201986e-02 -3.501399e-02 8.790182e-04 -1.202021e-02 9.999273e-01 -5.317928e-02
9.999992e-01 -4.623652e-04 1.221976e-03 3.493679e+00 4.519825e-04 9.999640e-01 8.483307e-03 -4.180318e-02 -1.225854e-03 -8.482748e-03 9.999633e-01 -7.469419e-02
9.999993e-01 1.002329e-04 1.153797e-03 4.018107e+00 -1.105534e-04 9.999599e-01 8.948201e-03 -4.649439e-02 -1.152854e-03 -8.948322e-03 9.999593e-01 -1.146106e-01
9.999892e-01 6.454377e-05 -4.643043e-03 4.557097e+00 -1.228339e-05 9.999366e-01 1.125478e-02 -4.399353e-02 4.643475e-03 -1.125460e-02 9.999259e-01 -1.205536e-01
9.999720e-01 -4.851526e-04 -7.461261e-03 5.086488e+00 5.830072e-04 9.999138e-01 1.311843e-02 -4.258374e-02 7.454253e-03 -1.312242e-02 9.998861e-01 -1.430355e-01
9.999746e-01 -1.025095e-03 -7.047941e-03 5.618503e+00 1.112082e-03 9.999232e-01 1.234935e-02 -4.870534e-02 7.034739e-03 -1.235687e-02 9.998989e-01 -1.406860e-01
9.999911e-01 -1.224392e-03 -4.049438e-03 6.142305e+00 1.273394e-03 9.999257e-01 1.212077e-02 -5.647395e-02 4.034296e-03 -1.212581e-02 9.999183e-01 -1.520917e-01
9.999953e-01 -1.029628e-03 -2.891974e-03 6.669319e+00 1.062236e-03 9.999357e-01 1.129656e-02 -6.575534e-02 2.880156e-03 -1.129958e-02 9.999320e-01 -1.781802e-01
9.999685e-01 -6.192086e-04 -7.907867e-03 7.189122e+00 6.935599e-04 9.999557e-01 9.402923e-03 -6.399712e-02 7.901692e-03 -9.408113e-03 9.999245e-01 -1.900273e-01
9.999200e-01 -9.253048e-04 -1.261546e-02 7.710416e+00 1.051767e-03 9.999493e-01 1.002148e-02 -6.113794e-02 1.260554e-02 -1.003395e-02 9.998702e-01 -2.148942e-01
9.999165e-01 -2.547652e-03 -1.267131e-02 8.239654e+00 2.676952e-03 9.999444e-01 1.019769e-02 -6.449519e-02 1.264463e-02 -1.023076e-02 9.998677e-01 -2.078624e-01
9.999079e-01 -3.749062e-03 -1.304576e-02 8.755123e+00 3.896234e-03 9.999290e-01 1.127413e-02 -6.465274e-02 1.300257e-02 -1.132392e-02 9.998513e-01 -2.400309e-01
9.999194e-01 -4.709154e-03 -1.179584e-02 9.274128e+00 4.828720e-03 9.999369e-01 1.012838e-02 -6.744661e-02 1.174740e-02 -1.018452e-02 9.998791e-01 -2.484722e-01
9.999053e-01 -5.348839e-03 -1.267547e-02 9.799040e+00 5.462200e-03 9.999453e-01 8.925711e-03 -7.250673e-02 1.262703e-02 -8.994102e-03 9.998798e-01 -2.536147e-01
9.999744e-01 -6.766987e-03 -2.338113e-03 1.033457e+01 6.775837e-03 9.999698e-01 3.797910e-03 -8.952547e-02 2.312342e-03 -3.813655e-03 9.999900e-01 -2.330552e-01
9.999662e-01 -7.535685e-03 3.279272e-03 1.085106e+01 7.543236e-03 9.999689e-01 -2.296469e-03 -9.638941e-02 -3.261864e-03 2.321128e-03 9.999920e-01 -2.673406e-01
9.999697e-01 -7.092693e-03 3.221290e-03 1.136022e+01 7.107512e-03 9.999641e-01 -4.612111e-03 -9.505604e-02 -3.188462e-03 4.634866e-03 9.999842e-01 -3.120964e-01
9.999714e-01 -7.342040e-03 1.780598e-03 1.187142e+01 7.350724e-03 9.999608e-01 -4.920480e-03 -9.128715e-02 -1.744402e-03 4.933428e-03 9.999863e-01 -2.884389e-01
9.999603e-01 -7.799481e-03 -4.303377e-03 1.236622e+01 7.795095e-03 9.999690e-01 -1.035052e-03 -8.925550e-02 4.311317e-03 1.001466e-03 9.999902e-01 -3.392471e-01
9.999423e-01 -9.168784e-03 -5.597237e-03 1.286989e+01 9.227649e-03 9.999014e-01 1.058312e-02 -8.467384e-02 5.499651e-03 -1.063415e-02 9.999284e-01 -3.466232e-01
9.999261e-01 -1.119858e-02 -4.725115e-03 1.337469e+01 1.128499e-02 9.997621e-01 1.867438e-02 -8.620451e-02 4.514863e-03 -1.872632e-02 9.998145e-01 -3.269394e-01
9.999365e-01 -1.120235e-02 -1.213611e-03 1.388379e+01 1.122112e-02 9.997967e-01 1.675211e-02 -9.446429e-02 1.025701e-03 -1.676467e-02 9.998589e-01 -3.743804e-01
9.999300e-01 -1.164044e-02 -2.105473e-03 1.440938e+01 1.166234e-02 9.998748e-01 1.070731e-02 -9.445302e-02 1.980572e-03 -1.073112e-02 9.999405e-01 -3.211148e-01
9.999242e-01 -1.193934e-02 -2.996307e-03 1.491456e+01 1.196234e-02 9.998982e-01 7.778886e-03 -8.745921e-02 2.903127e-03 -7.814139e-03 9.999653e-01 -3.834159e-01
9.999130e-01 -1.033746e-02 -8.195235e-03 1.542618e+01 1.034139e-02 9.999466e-01 4.368917e-04 -8.152554e-02 8.190281e-03 -5.216038e-04 9.999663e-01 -3.921054e-01
9.998674e-01 -9.713518e-03 -1.306901e-02 1.593824e+01 9.700352e-03 9.999524e-01 -1.070317e-03 -7.139906e-02 1.307878e-02 9.434014e-04 9.999141e-01 -4.120013e-01
9.998621e-01 -1.011557e-02 -1.316916e-02 1.644530e+01 1.014941e-02 9.999454e-01 2.505229e-03 -7.502827e-02 1.314310e-02 -2.638543e-03 9.999101e-01 -4.030049e-01
9.998960e-01 -1.006810e-02 -1.032193e-02 1.694673e+01 1.013992e-02 9.999247e-01 6.929152e-03 -7.895869e-02 1.025139e-02 -7.033095e-03 9.999227e-01 -4.040063e-01
9.999209e-01 -9.624346e-03 -8.097441e-03 1.745892e+01 9.693456e-03 9.999166e-01 8.539191e-03 -8.735627e-02 8.014581e-03 -8.617009e-03 9.999307e-01 -4.352629e-01
9.999307e-01 -9.155191e-03 -7.399384e-03 1.798823e+01 9.201427e-03 9.999382e-01 6.239090e-03 -8.672447e-02 7.341807e-03 -6.306742e-03 9.999532e-01 -4.238226e-01
9.999256e-01 -9.379561e-03 -7.807255e-03 1.850731e+01 9.421731e-03 9.999411e-01 5.382356e-03 -8.730060e-02 7.756312e-03 -5.455513e-03 9.999551e-01 -4.469128e-01
9.999463e-01 -9.393504e-03 -4.375005e-03 1.903896e+01 9.416506e-03 9.999417e-01 5.267089e-03 -8.692110e-02 4.325274e-03 -5.308004e-03 9.999766e-01 -4.505108e-01
9.999249e-01 -9.801337e-03 -7.360528e-03 1.956549e+01 9.847509e-03 9.999319e-01 6.262977e-03 -9.118304e-02 7.298642e-03 -6.334990e-03 9.999533e-01 -4.803598e-01
9.999487e-01 -9.813253e-03 -2.521154e-03 2.010533e+01 9.831352e-03 9.999251e-01 7.269701e-03 -9.277587e-02 2.449626e-03 -7.294114e-03 9.999704e-01 -4.800188e-01
9.999552e-01 -9.131305e-03 -2.471053e-03 2.064915e+01 9.154063e-03 9.999143e-01 9.360648e-03 -8.935902e-02 2.385366e-03 -9.382849e-03 9.999532e-01 -4.678289e-01
9.999607e-01 -8.810816e-03 9.380898e-04 2.121104e+01 8.797526e-03 9.998724e-01 1.333672e-02 -9.656727e-02 -1.055477e-03 -1.332794e-02 9.999106e-01 -5.074911e-01
9.999587e-01 -8.971205e-03 1.475286e-03 2.178278e+01 8.948036e-03 9.998472e-01 1.502602e-02 -9.431722e-02 -1.609862e-03 -1.501220e-02 9.998860e-01 -5.264797e-01
9.999673e-01 -7.766630e-03 -2.273500e-03 2.236790e+01 7.802495e-03 9.998381e-01 1.621622e-02 -9.456572e-02 2.147186e-03 -1.623343e-02 9.998659e-01 -5.209742e-01
9.999683e-01 -7.942996e-03 -4.897739e-04 2.298131e+01 7.950612e-03 9.998020e-01 1.824800e-02 -9.868748e-02 3.447330e-04 -1.825132e-02 9.998333e-01 -5.608080e-01
9.999584e-01 -9.056224e-03 1.108671e-03 2.358540e+01 9.035331e-03 9.998045e-01 1.758739e-02 -1.057158e-01 -1.267730e-03 -1.757664e-02 9.998447e-01 -5.609934e-01
9.999346e-01 -8.155670e-03 8.014347e-03 2.422164e+01 8.034099e-03 9.998541e-01 1.508616e-02 -1.069981e-01 -8.136215e-03 -1.502078e-02 9.998541e-01 -5.467476e-01
9.999478e-01 -7.833755e-03 6.548948e-03 2.486912e+01 7.736664e-03 9.998616e-01 1.472157e-02 -1.147619e-01 -6.663368e-03 -1.467013e-02 9.998702e-01 -6.189430e-01
9.999302e-01 -7.952597e-03 8.739771e-03 2.552172e+01 7.828733e-03 9.998696e-01 1.411645e-02 -1.048138e-01 -8.850895e-03 -1.404704e-02 9.998621e-01 -6.143178e-01
9.999557e-01 -8.434311e-03 4.181152e-03 2.620399e+01 8.376849e-03 9.998728e-01 1.357533e-02 -9.547438e-02 -4.295119e-03 -1.353971e-02 9.998991e-01 -6.305282e-01
9.999236e-01 -8.722984e-03 8.757737e-03 2.688719e+01 8.602920e-03 9.998698e-01 1.365491e-02 -1.025089e-01 -8.875707e-03 -1.357852e-02 9.998684e-01 -6.377933e-01
9.999385e-01 -8.658607e-03 6.934197e-03 2.758284e+01 8.553276e-03 9.998497e-01 1.507821e-02 -1.124621e-01 -7.063712e-03 -1.501797e-02 9.998623e-01 -6.685596e-01
9.999101e-01 -8.658377e-03 1.023721e-02 2.829693e+01 8.469934e-03 9.997964e-01 1.831002e-02 -1.073336e-01 -1.039366e-02 -1.822167e-02 9.997799e-01 -6.757702e-01
9.999426e-01 -9.427386e-03 5.095967e-03 2.903070e+01 9.322087e-03 9.997503e-01 2.030656e-02 -1.083536e-01 -5.286133e-03 -2.025789e-02 9.997808e-01 -7.012161e-01
9.999153e-01 -9.879119e-03 8.470357e-03 2.978201e+01 9.708744e-03 9.997544e-01 1.992472e-02 -1.079019e-01 -8.665116e-03 -1.984080e-02 9.997656e-01 -7.316122e-01
9.999326e-01 -1.034783e-02 5.262794e-03 3.054735e+01 1.026067e-02 9.998140e-01 1.632836e-02 -1.087036e-01 -5.430778e-03 -1.627326e-02 9.998528e-01 -7.444750e-01
9.999273e-01 -1.028835e-02 6.285330e-03 3.131957e+01 1.021054e-02 9.998723e-01 1.228987e-02 -1.119164e-01 -6.410970e-03 -1.222480e-02 9.999048e-01 -7.632836e-01
9.999301e-01 -1.069565e-02 5.027916e-03 3.209457e+01 1.063606e-02 9.998747e-01 1.173283e-02 -1.097005e-01 -5.152776e-03 -1.167853e-02 9.999185e-01 -7.815499e-01
9.999217e-01 -1.123309e-02 5.509043e-03 3.287837e+01 1.116751e-02 9.998682e-01 1.179367e-02 -1.019776e-01 -5.640795e-03 -1.173122e-02 9.999153e-01 -8.057010e-01
9.999129e-01 -1.085576e-02 7.501496e-03 3.366912e+01 1.076071e-02 9.998627e-01 1.259675e-02 -1.049559e-01 -7.637214e-03 -1.251494e-02 9.998925e-01 -8.127156e-01
9.999202e-01 -1.041548e-02 7.143264e-03 3.447563e+01 1.032653e-02 9.998701e-01 1.237777e-02 -1.048671e-01 -7.271257e-03 -1.230302e-02 9.998979e-01 -8.379890e-01
9.999257e-01 -9.812569e-03 7.223994e-03 3.526958e+01 9.724606e-03 9.998794e-01 1.211271e-02 -1.100858e-01 -7.341980e-03 -1.204156e-02 9.999005e-01 -8.705378e-01
9.999275e-01 -9.843051e-03 6.936733e-03 3.606628e+01 9.756214e-03 9.998749e-01 1.244300e-02 -1.111068e-01 -7.058343e-03 -1.237442e-02 9.998985e-01 -8.816675e-01
9.999155e-01 -9.506021e-03 8.872333e-03 3.686345e+01 9.379819e-03 9.998556e-01 1.415897e-02 -1.118245e-01 -9.005648e-03 -1.407455e-02 9.998604e-01 -9.085062e-01
9.999383e-01 -9.036928e-03 6.457673e-03 3.765197e+01 8.932568e-03 9.998320e-01 1.601091e-02 -1.122728e-01 -6.601278e-03 -1.595224e-02 9.998510e-01 -9.437484e-01
9.999389e-01 -8.893803e-03 6.561926e-03 3.844545e+01 8.789502e-03 9.998372e-01 1.575601e-02 -1.114090e-01 -6.700989e-03 -1.569737e-02 9.998543e-01 -9.656632e-01
9.999511e-01 -9.084162e-03 3.923793e-03 3.923055e+01 9.024103e-03 9.998459e-01 1.506204e-02 -1.141706e-01 -4.060014e-03 -1.502590e-02 9.998789e-01 -9.929339e-01
9.999433e-01 -9.385488e-03 5.026928e-03 4.000422e+01 9.314661e-03 9.998597e-01 1.393223e-02 -1.152080e-01 -5.156983e-03 -1.388461e-02 9.998903e-01 -1.020579e+00
9.999397e-01 -9.798088e-03 4.953902e-03 4.077966e+01 9.731232e-03 9.998636e-01 1.334411e-02 -1.186023e-01 -5.083973e-03 -1.329510e-02 9.998987e-01 -1.045133e+00
9.999341e-01 -1.011017e-02 5.427025e-03 4.153735e+01 1.004371e-02 9.998758e-01 1.213623e-02 -1.128546e-01 -5.549051e-03 -1.208092e-02 9.999116e-01 -1.061872e+00
9.999228e-01 -1.180884e-02 3.876490e-03 4.229487e+01 1.176533e-02 9.998695e-01 1.106126e-02 -9.879617e-02 -4.006605e-03 -1.101480e-02 9.999313e-01 -1.090550e+00
9.999051e-01 -1.310797e-02 4.235090e-03 4.303384e+01 1.305893e-02 9.998496e-01 1.140726e-02 -9.783807e-02 -4.383979e-03 -1.135087e-02 9.999260e-01 -1.107283e+00
9.998871e-01 -1.474150e-02 2.910401e-03 4.376862e+01 1.470157e-02 9.998035e-01 1.329685e-02 -9.125270e-02 -3.105845e-03 -1.325256e-02 9.999074e-01 -1.141341e+00
9.998486e-01 -1.705056e-02 3.478004e-03 4.448625e+01 1.699889e-02 9.997520e-01 1.437842e-02 -8.703422e-02 -3.722302e-03 -1.431712e-02 9.998906e-01 -1.160354e+00
9.997972e-01 -2.001647e-02 2.222126e-03 4.519706e+01 1.998787e-02 9.997255e-01 1.222012e-02 -7.754980e-02 -2.466120e-03 -1.217323e-02 9.999229e-01 -1.174861e+00
9.997339e-01 -2.302695e-02 1.375637e-03 4.589954e+01 2.301073e-02 9.996766e-01 1.082990e-02 -6.402194e-02 -1.624572e-03 -1.079536e-02 9.999404e-01 -1.204343e+00
9.996349e-01 -2.701727e-02 5.133165e-04 4.658736e+01 2.701024e-02 9.995780e-01 1.069721e-02 -3.093252e-02 -8.021093e-04 -1.067944e-02 9.999427e-01 -1.212499e+00
9.995209e-01 -3.094441e-02 6.348871e-04 4.726575e+01 3.093362e-02 9.994377e-01 1.293354e-02 -2.416277e-02 -1.034751e-03 -1.290771e-02 9.999161e-01 -1.252362e+00
9.993634e-01 -3.565730e-02 1.180697e-03 4.793338e+01 3.563802e-02 9.992725e-01 1.357749e-02 -8.644834e-04 -1.663974e-03 -1.352676e-02 9.999071e-01 -1.266207e+00
9.991919e-01 -4.015450e-02 -1.773038e-03 4.859135e+01 4.017338e-02 9.991165e-01 1.235168e-02 2.500069e-02 1.275496e-03 -1.241293e-02 9.999222e-01 -1.284229e+00
9.989666e-01 -4.534617e-02 -3.067447e-03 4.923851e+01 4.537265e-02 9.989277e-01 9.199915e-03 5.519569e-02 2.646977e-03 -9.329586e-03 9.999530e-01 -1.301957e+00
9.986762e-01 -5.129395e-02 -3.834304e-03 4.989615e+01 5.131672e-02 9.986638e-01 6.096590e-03 9.117407e-02 3.516463e-03 -6.285284e-03 9.999741e-01 -1.312818e+00
9.983227e-01 -5.774554e-02 -4.147270e-03 5.050821e+01 5.776688e-02 9.983165e-01 5.223928e-03 1.220544e-01 3.838629e-03 -5.454740e-03 9.999778e-01 -1.340047e+00
9.979091e-01 -6.438554e-02 -5.656649e-03 5.112596e+01 6.441269e-02 9.979122e-01 4.755154e-03 1.593837e-01 5.338675e-03 -5.109572e-03 9.999727e-01 -1.345166e+00
9.973068e-01 -7.296225e-02 -7.456725e-03 5.172823e+01 7.301379e-02 9.973072e-01 6.891141e-03 2.076047e-01 6.933852e-03 -7.417025e-03 9.999484e-01 -1.375913e+00
9.965326e-01 -8.274985e-02 -8.668598e-03 5.232456e+01 8.282452e-02 9.965267e-01 8.641629e-03 2.680328e-01 7.923396e-03 -9.329638e-03 9.999251e-01 -1.383648e+00
9.956340e-01 -9.285218e-02 -9.567062e-03 5.291223e+01 9.295449e-02 9.956111e-01 1.087040e-02 3.271526e-01 8.515731e-03 -1.171224e-02 9.998952e-01 -1.403881e+00
9.945661e-01 -1.035817e-01 -1.044065e-02 5.348539e+01 1.037151e-01 9.945199e-01 1.316845e-02 3.950793e-01 9.019420e-03 -1.417975e-02 9.998588e-01 -1.420513e+00
9.934292e-01 -1.136575e-01 -1.342717e-02 5.407144e+01 1.138448e-01 9.933983e-01 1.411691e-02 4.675410e-01 1.173403e-02 -1.555277e-02 9.998102e-01 -1.436033e+00
9.922100e-01 -1.233091e-01 -1.772385e-02 5.465120e+01 1.235684e-01 9.922321e-01 1.436183e-02 5.507256e-01 1.581523e-02 -1.644006e-02 9.997398e-01 -1.461747e+00
9.910366e-01 -1.320907e-01 -1.996334e-02 5.521701e+01 1.323907e-01 9.910910e-01 1.453352e-02 6.283252e-01 1.786575e-02 -1.704621e-02 9.996951e-01 -1.479342e+00
9.897066e-01 -1.408677e-01 -2.524080e-02 5.578783e+01 1.413330e-01 9.898039e-01 1.770195e-02 7.090383e-01 2.248981e-02 -2.108710e-02 9.995247e-01 -1.521435e+00
9.882612e-01 -1.504570e-01 -2.650455e-02 5.635605e+01 1.509594e-01 9.883744e-01 1.809221e-02 8.069515e-01 2.347432e-02 -2.188094e-02 9.994850e-01 -1.509189e+00
9.865886e-01 -1.607496e-01 -2.832820e-02 5.692456e+01 1.613414e-01 9.866959e-01 1.999914e-02 9.050483e-01 2.473647e-02 -2.430143e-02 9.993986e-01 -1.538214e+00
9.848676e-01 -1.707349e-01 -2.975625e-02 5.748276e+01 1.713004e-01 9.850618e-01 1.760043e-02 1.008044e+00 2.630673e-02 -2.243135e-02 9.994022e-01 -1.544017e+00
9.832370e-01 -1.790103e-01 -3.464528e-02 5.804521e+01 1.796066e-01 9.836254e-01 1.491490e-02 1.110774e+00 3.140805e-02 -2.088741e-02 9.992884e-01 -1.548723e+00
9.814147e-01 -1.884475e-01 -3.623221e-02 5.859245e+01 1.889090e-01 9.819462e-01 9.734401e-03 1.213006e+00 3.374366e-02 -1.639807e-02 9.992960e-01 -1.565024e+00
9.795371e-01 -1.979640e-01 -3.629360e-02 5.912589e+01 1.983637e-01 9.800979e-01 7.730230e-03 1.329470e+00 3.404097e-02 -1.477138e-02 9.993113e-01 -1.588821e+00
9.775689e-01 -2.075780e-01 -3.564246e-02 5.965496e+01 2.079574e-01 9.781110e-01 7.251004e-03 1.449468e+00 3.335714e-02 -1.450047e-02 9.993383e-01 -1.583460e+00
9.755722e-01 -2.168762e-01 -3.498130e-02 6.017014e+01 2.173282e-01 9.760509e-01 9.635399e-03 1.562291e+00 3.205385e-02 -1.700245e-02 9.993415e-01 -1.641294e+00
9.736984e-01 -2.254900e-01 -3.264361e-02 6.069309e+01 2.259068e-01 9.741012e-01 9.649983e-03 1.680792e+00 2.962221e-02 -1.677059e-02 9.994205e-01 -1.635625e+00
9.713346e-01 -2.348923e-01 -3.653279e-02 6.120365e+01 2.354027e-01 9.718432e-01 1.029936e-02 1.807881e+00 3.308491e-02 -1.860404e-02 9.992794e-01 -1.655680e+00
9.688470e-01 -2.437326e-01 -4.393163e-02 6.169688e+01 2.445187e-01 9.695516e-01 1.342628e-02 1.944925e+00 3.932156e-02 -2.375012e-02 9.989443e-01 -1.696182e+00
9.666933e-01 -2.522880e-01 -4.306843e-02 6.219249e+01 2.530983e-01 9.673327e-01 1.444171e-02 2.082871e+00 3.801803e-02 -2.486125e-02 9.989678e-01 -1.680910e+00
9.645987e-01 -2.599319e-01 -4.455049e-02 6.267834e+01 2.607738e-01 9.652959e-01 1.416227e-02 2.209078e+00 3.932318e-02 -2.527851e-02 9.989067e-01 -1.700274e+00
9.633150e-01 -2.646654e-01 -4.445672e-02 6.315342e+01 2.655435e-01 9.639812e-01 1.506208e-02 2.337118e+00 3.886903e-02 -2.631472e-02 9.988977e-01 -1.724873e+00
9.620336e-01 -2.681812e-01 -5.069694e-02 6.364212e+01 2.694151e-01 9.628330e-01 1.918505e-02 2.469316e+00 4.366761e-02 -3.211518e-02 9.985298e-01 -1.740451e+00
9.609720e-01 -2.714910e-01 -5.315451e-02 6.411465e+01 2.730081e-01 9.617224e-01 2.359455e-02 2.601669e+00 4.471417e-02 -3.718532e-02 9.983075e-01 -1.779065e+00
9.601878e-01 -2.746422e-01 -5.109870e-02 6.460120e+01 2.761093e-01 9.608226e-01 2.415546e-02 2.729160e+00 4.246268e-02 -3.730261e-02 9.984015e-01 -1.756654e+00
9.590552e-01 -2.786357e-01 -5.074669e-02 6.507875e+01 2.802010e-01 9.595680e-01 2.676641e-02 2.870007e+00 4.123683e-02 -3.988975e-02 9.983528e-01 -1.789209e+00
9.583428e-01 -2.813467e-01 -4.922489e-02 6.555110e+01 2.828118e-01 9.588300e-01 2.573943e-02 3.002635e+00 3.995660e-02 -3.858858e-02 9.984560e-01 -1.812051e+00
9.572943e-01 -2.838985e-01 -5.467340e-02 6.603063e+01 2.855335e-01 9.580504e-01 2.470226e-02 3.151637e+00 4.536693e-02 -3.925842e-02 9.981987e-01 -1.825615e+00
9.558146e-01 -2.886520e-01 -5.566377e-02 6.650986e+01 2.901275e-01 9.567710e-01 2.037511e-02 3.301144e+00 4.737617e-02 -3.562442e-02 9.982417e-01 -1.843423e+00
9.540972e-01 -2.947130e-01 -5.331901e-02 6.697915e+01 2.959629e-01 9.550459e-01 1.712335e-02 3.434512e+00 4.587564e-02 -3.211779e-02 9.984307e-01 -1.860062e+00
9.520897e-01 -3.015180e-01 -5.110850e-02 6.743962e+01 3.026058e-01 9.529992e-01 1.489770e-02 3.585219e+00 4.421444e-02 -2.964967e-02 9.985820e-01 -1.878359e+00
9.500397e-01 -3.079659e-01 -5.080955e-02 6.790701e+01 3.091494e-01 9.508585e-01 1.716706e-02 3.734947e+00 4.302583e-02 -3.201713e-02 9.985608e-01 -1.908348e+00
9.469741e-01 -3.169093e-01 -5.299575e-02 6.836900e+01 3.182742e-01 9.477991e-01 1.945760e-02 3.897961e+00 4.406303e-02 -3.529302e-02 9.984052e-01 -1.923973e+00
9.434710e-01 -3.274003e-01 -5.168667e-02 6.882561e+01 3.288183e-01 9.441460e-01 2.160817e-02 4.063011e+00 4.172524e-02 -3.738220e-02 9.984295e-01 -1.942012e+00
9.393558e-01 -3.393194e-01 -4.972962e-02 6.929172e+01 3.406896e-01 9.399172e-01 2.205276e-02 4.225635e+00 3.925879e-02 -3.765775e-02 9.985192e-01 -1.928377e+00
9.344969e-01 -3.527297e-01 -4.792954e-02 6.974737e+01 3.540722e-01 9.349369e-01 2.293764e-02 4.413715e+00 3.672030e-02 -3.840567e-02 9.985873e-01 -1.986805e+00
9.289412e-01 -3.667405e-01 -5.069132e-02 7.021101e+01 3.681454e-01 9.295179e-01 2.157480e-02 4.601207e+00 3.920614e-02 -3.870350e-02 9.984813e-01 -1.976238e+00
9.225590e-01 -3.822999e-01 -5.226656e-02 7.066940e+01 3.836890e-01 9.232587e-01 1.940165e-02 4.815021e+00 4.083830e-02 -3.795327e-02 9.984447e-01 -2.000130e+00
9.159575e-01 -3.978601e-01 -5.224251e-02 7.112537e+01 3.990404e-01 9.168252e-01 1.408611e-02 5.024351e+00 4.229294e-02 -3.374915e-02 9.985351e-01 -2.009803e+00
9.090095e-01 -4.132971e-01 -5.373265e-02 7.159119e+01 4.144489e-01 9.099946e-01 1.190791e-02 5.242213e+00 4.397491e-02 -3.309384e-02 9.984844e-01 -2.023286e+00
9.013494e-01 -4.299051e-01 -5.244796e-02 7.204557e+01 4.310472e-01 9.022456e-01 1.228084e-02 5.464796e+00 4.204136e-02 -3.367688e-02 9.985482e-01 -2.040462e+00
8.929641e-01 -4.470921e-01 -5.219021e-02 7.250470e+01 4.483024e-01 8.937762e-01 1.375125e-02 5.702841e+00 4.049829e-02 -3.567637e-02 9.985425e-01 -2.047730e+00
8.836038e-01 -4.655499e-01 -5.007653e-02 7.295415e+01 4.667058e-01 8.843037e-01 1.388885e-02 5.959418e+00 3.781690e-02 -3.564324e-02 9.986488e-01 -2.067362e+00
8.736192e-01 -4.840949e-01 -4.941304e-02 7.341198e+01 4.852644e-01 8.742467e-01 1.452647e-02 6.229585e+00 3.616700e-02 -3.666899e-02 9.986728e-01 -2.086336e+00
8.631554e-01 -5.021279e-01 -5.320093e-02 7.385324e+01 5.034671e-01 8.638872e-01 1.482031e-02 6.500317e+00 3.851792e-02 -3.957715e-02 9.984738e-01 -2.109647e+00
8.522820e-01 -5.200362e-01 -5.637118e-02 7.430518e+01 5.215719e-01 8.530557e-01 1.608065e-02 6.792864e+00 3.972524e-02 -4.310688e-02 9.982803e-01 -2.109417e+00
8.404539e-01 -5.389625e-01 -5.618463e-02 7.476139e+01 5.404743e-01 8.412224e-01 1.524114e-02 7.090686e+00 3.904937e-02 -4.317582e-02 9.983041e-01 -2.109232e+00
8.285197e-01 -5.577189e-01 -5.004768e-02 7.521510e+01 5.589498e-01 8.290812e-01 1.412042e-02 7.403970e+00 3.361837e-02 -3.967319e-02 9.986470e-01 -2.120260e+00
8.159025e-01 -5.761979e-01 -4.794952e-02 7.567188e+01 5.772882e-01 8.164532e-01 1.193222e-02 7.721085e+00 3.227322e-02 -3.741622e-02 9.987785e-01 -2.136820e+00
8.019884e-01 -5.954572e-01 -4.738515e-02 7.612280e+01 5.964046e-01 8.026465e-01 7.762728e-03 8.084412e+00 3.341115e-02 -3.448633e-02 9.988465e-01 -2.158186e+00
7.868691e-01 -6.152207e-01 -4.837887e-02 7.657400e+01 6.160682e-01 7.876856e-01 3.402187e-03 8.445432e+00 3.601424e-02 -3.248176e-02 9.988233e-01 -2.154754e+00
7.711825e-01 -6.350295e-01 -4.488875e-02 7.702206e+01 6.356328e-01 7.719908e-01 -1.069658e-03 8.825107e+00 3.533296e-02 -2.770786e-02 9.989914e-01 -2.157529e+00
7.548694e-01 -6.547011e-01 -3.922649e-02 7.746352e+01 6.550670e-01 7.555578e-01 -4.445543e-03 9.217150e+00 3.254838e-02 -2.234018e-02 9.992204e-01 -2.161058e+00
7.380316e-01 -6.737777e-01 -3.650958e-02 7.791879e+01 6.739943e-01 7.386948e-01 -7.857544e-03 9.631797e+00 3.226368e-02 -1.880814e-02 9.993024e-01 -2.175913e+00
7.201864e-01 -6.929185e-01 -3.457803e-02 7.836115e+01 6.929529e-01 7.208672e-01 -1.292477e-02 1.007622e+01 3.388197e-02 -1.465271e-02 9.993184e-01 -2.183720e+00
7.014927e-01 -7.117964e-01 -3.541219e-02 7.879462e+01 7.117430e-01 7.022510e-01 -1.629876e-02 1.054282e+01 3.646964e-02 -1.377092e-02 9.992399e-01 -2.183530e+00
6.817671e-01 -7.306981e-01 -3.569042e-02 7.921967e+01 7.306106e-01 6.825596e-01 -1.789887e-02 1.102061e+01 3.743951e-02 -1.387294e-02 9.992026e-01 -2.179276e+00
6.612914e-01 -7.492973e-01 -3.531673e-02 7.964060e+01 7.491370e-01 6.621050e-01 -2.026348e-02 1.150780e+01 3.856676e-02 -1.305701e-02 9.991707e-01 -2.179756e+00
6.402882e-01 -7.674649e-01 -3.207173e-02 8.004994e+01 7.672988e-01 6.409811e-01 -1.989548e-02 1.201123e+01 3.582646e-02 -1.186975e-02 9.992875e-01 -2.152265e+00
6.186671e-01 -7.850833e-01 -2.992078e-02 8.045594e+01 7.849278e-01 6.192838e-01 -1.939126e-02 1.253790e+01 3.375321e-02 -1.148892e-02 9.993641e-01 -2.173520e+00
5.966123e-01 -8.019137e-01 -3.143571e-02 8.084941e+01 8.017546e-01 5.972998e-01 -2.055684e-02 1.308273e+01 3.526136e-02 -1.293926e-02 9.992943e-01 -2.162627e+00
5.739343e-01 -8.182386e-01 -3.293990e-02 8.121986e+01 8.180603e-01 5.747033e-01 -2.221147e-02 1.364097e+01 3.710496e-02 -1.419890e-02 9.992105e-01 -2.158266e+00
5.505504e-01 -8.341203e-01 -3.372695e-02 8.158349e+01 8.339742e-01 5.513542e-01 -2.226453e-02 1.421052e+01 3.716679e-02 -1.586966e-02 9.991831e-01 -2.138255e+00
5.264961e-01 -8.495836e-01 -3.177567e-02 8.193765e+01 8.493866e-01 5.272506e-01 -2.343554e-02 1.478440e+01 3.666419e-02 -1.465110e-02 9.992203e-01 -2.132453e+00
5.022773e-01 -8.642660e-01 -2.760053e-02 8.227451e+01 8.639596e-01 5.029141e-01 -2.551867e-02 1.537628e+01 3.593562e-02 -1.102829e-02 9.992933e-01 -2.130163e+00
4.782109e-01 -8.778775e-01 -2.540483e-02 8.260118e+01 8.774886e-01 4.787995e-01 -2.765782e-02 1.597190e+01 3.644400e-02 -9.066178e-03 9.992946e-01 -2.125496e+00
4.543605e-01 -8.905262e-01 -2.279499e-02 8.290740e+01 8.899722e-01 4.548953e-01 -3.193318e-02 1.658739e+01 3.880667e-02 -5.777723e-03 9.992300e-01 -2.113062e+00
4.292578e-01 -9.028693e-01 -2.376773e-02 8.320139e+01 9.021884e-01 4.298710e-01 -3.559576e-02 1.722194e+01 4.235537e-02 -6.163213e-03 9.990836e-01 -2.102703e+00
4.051151e-01 -9.139460e-01 -2.417816e-02 8.347137e+01 9.132126e-01 4.057759e-01 -3.726463e-02 1.786316e+01 4.386877e-02 -6.983332e-03 9.990129e-01 -2.093129e+00
3.807210e-01 -9.244348e-01 -2.172073e-02 8.373726e+01 9.236838e-01 3.812975e-01 -3.769083e-02 1.851638e+01 4.312477e-02 -5.713398e-03 9.990534e-01 -2.057798e+00
3.570469e-01 -9.339393e-01 -1.658000e-02 8.398459e+01 9.332544e-01 3.574215e-01 -3.585818e-02 1.916418e+01 3.941541e-02 -2.670312e-03 9.992194e-01 -2.062473e+00
3.345530e-01 -9.422030e-01 -1.810539e-02 8.422421e+01 9.414828e-01 3.350106e-01 -3.712302e-02 1.983886e+01 4.104292e-02 -4.626291e-03 9.991467e-01 -2.040493e+00
3.134828e-01 -9.493803e-01 -2.014110e-02 8.444223e+01 9.486090e-01 3.140529e-01 -3.888125e-02 2.052631e+01 4.323846e-02 -6.917432e-03 9.990408e-01 -2.027092e+00
2.933938e-01 -9.557652e-01 -2.080401e-02 8.466023e+01 9.548844e-01 2.940316e-01 -4.172723e-02 2.122428e+01 4.599847e-02 -7.622914e-03 9.989125e-01 -1.985756e+00
2.751195e-01 -9.612384e-01 -1.816329e-02 8.486977e+01 9.602631e-01 2.756648e-01 -4.363147e-02 2.194013e+01 4.694723e-02 -5.437667e-03 9.988826e-01 -1.979541e+00
2.587758e-01 -9.657937e-01 -1.666189e-02 8.508333e+01 9.647718e-01 2.592721e-01 -4.464574e-02 2.266125e+01 4.743854e-02 -4.521694e-03 9.988639e-01 -1.938247e+00
2.429660e-01 -9.699014e-01 -1.608241e-02 8.526764e+01 9.687968e-01 2.434599e-01 -4.647510e-02 2.340812e+01 4.899170e-02 -4.288713e-03 9.987900e-01 -1.930931e+00
2.280523e-01 -9.734945e-01 -1.733862e-02 8.544534e+01 9.723304e-01 2.286339e-01 -4.796090e-02 2.416193e+01 5.065386e-02 -5.921278e-03 9.986987e-01 -1.920049e+00
2.139936e-01 -9.767064e-01 -1.584728e-02 8.561262e+01 9.754987e-01 2.145211e-01 -4.881500e-02 2.492097e+01 5.107751e-02 -5.012901e-03 9.986821e-01 -1.869443e+00
1.998836e-01 -9.797124e-01 -1.449642e-02 8.578216e+01 9.784877e-01 2.003613e-01 -4.916416e-02 2.568982e+01 5.107126e-02 -4.357461e-03 9.986855e-01 -1.851736e+00
1.870833e-01 -9.822665e-01 -1.233970e-02 8.593403e+01 9.810410e-01 1.874671e-01 -4.913887e-02 2.647501e+01 5.058075e-02 -2.912696e-03 9.987157e-01 -1.822819e+00
1.734265e-01 -9.847389e-01 -1.458188e-02 8.608120e+01 9.834825e-01 1.739464e-01 -5.004837e-02 2.726461e+01 5.182104e-02 -5.661309e-03 9.986404e-01 -1.800734e+00
1.601569e-01 -9.869895e-01 -1.419453e-02 8.620742e+01 9.858048e-01 1.606655e-01 -4.873800e-02 2.806086e+01 5.038446e-02 -6.187310e-03 9.987108e-01 -1.781291e+00
1.462237e-01 -9.891261e-01 -1.575010e-02 8.633370e+01 9.878806e-01 1.468403e-01 -5.029649e-02 2.886002e+01 5.206233e-02 -8.204682e-03 9.986101e-01 -1.721593e+00
1.322483e-01 -9.911347e-01 -1.274004e-02 8.644147e+01 9.898669e-01 1.327276e-01 -5.046535e-02 2.968568e+01 5.170891e-02 -5.936993e-03 9.986445e-01 -1.717154e+00
1.193671e-01 -9.927359e-01 -1.506475e-02 8.655779e+01 9.914261e-01 1.199946e-01 -5.172689e-02 3.050711e+01 5.315883e-02 -8.761091e-03 9.985476e-01 -1.690849e+00
1.076016e-01 -9.940648e-01 -1.603589e-02 8.663159e+01 9.928454e-01 1.082816e-01 -5.033092e-02 3.132941e+01 5.176859e-02 -1.050547e-02 9.986038e-01 -1.631393e+00
9.626919e-02 -9.951944e-01 -1.789870e-02 8.672605e+01 9.939149e-01 9.708130e-02 -5.204198e-02 3.217421e+01 5.352951e-02 -1.277974e-02 9.984845e-01 -1.613734e+00
8.662695e-02 -9.961069e-01 -1.633558e-02 8.681419e+01 9.948801e-01 8.735383e-02 -5.082272e-02 3.301759e+01 5.205183e-02 -1.184933e-02 9.985741e-01 -1.579099e+00
7.755840e-02 -9.967868e-01 -2.001745e-02 8.689597e+01 9.955782e-01 7.850051e-02 -5.159330e-02 3.387247e+01 5.299889e-02 -1.592744e-02 9.984676e-01 -1.536411e+00
6.916082e-02 -9.974626e-01 -1.688859e-02 8.695227e+01 9.962386e-01 6.994224e-02 -5.115483e-02 3.474170e+01 5.220625e-02 -1.328715e-02 9.985479e-01 -1.513543e+00
5.992270e-02 -9.980186e-01 -1.918921e-02 8.701717e+01 9.967766e-01 6.085348e-02 -5.228134e-02 3.561507e+01 5.334548e-02 -1.599452e-02 9.984480e-01 -1.479030e+00
5.206752e-02 -9.984912e-01 -1.744566e-02 8.706841e+01 9.971746e-01 5.293012e-02 -5.330228e-02 3.649854e+01 5.414526e-02 -1.462105e-02 9.984260e-01 -1.443177e+00
4.464573e-02 -9.987921e-01 -2.052176e-02 8.712341e+01 9.975778e-01 4.566944e-02 -5.246618e-02 3.738720e+01 5.334002e-02 -1.812967e-02 9.984118e-01 -1.407086e+00
3.864723e-02 -9.990610e-01 -1.958050e-02 8.716243e+01 9.978163e-01 3.963447e-02 -5.283564e-02 3.828815e+01 5.356209e-02 -1.749580e-02 9.984112e-01 -1.373664e+00
3.332055e-02 -9.992041e-01 -2.193210e-02 8.721272e+01 9.980761e-01 3.441501e-02 -5.157163e-02 3.917512e+01 5.228537e-02 -2.017152e-02 9.984285e-01 -1.333075e+00
3.007108e-02 -9.993584e-01 -1.946198e-02 8.725367e+01 9.981797e-01 3.104270e-02 -5.170833e-02 4.010037e+01 5.227930e-02 -1.787163e-02 9.984726e-01 -1.302546e+00
2.711934e-02 -9.994354e-01 -1.983349e-02 8.729388e+01 9.983294e-01 2.809143e-02 -5.049153e-02 4.101075e+01 5.102017e-02 -1.843105e-02 9.985275e-01 -1.262876e+00
2.503592e-02 -9.994909e-01 -1.977586e-02 8.732497e+01 9.984190e-01 2.599502e-02 -4.983655e-02 4.194256e+01 5.032526e-02 -1.849690e-02 9.985616e-01 -1.237719e+00
2.373862e-02 -9.994926e-01 -2.124051e-02 8.736943e+01 9.984941e-01 2.475536e-02 -4.895807e-02 4.288415e+01 4.945904e-02 -2.004632e-02 9.985750e-01 -1.207412e+00
2.391464e-02 -9.994996e-01 -2.070701e-02 8.741534e+01 9.984635e-01 2.491522e-02 -4.949568e-02 4.382026e+01 4.998683e-02 -1.949153e-02 9.985597e-01 -1.149159e+00
2.417380e-02 -9.995033e-01 -2.021288e-02 8.744464e+01 9.984313e-01 2.515924e-02 -5.001850e-02 4.477791e+01 5.050220e-02 -1.897204e-02 9.985437e-01 -1.139538e+00
2.422404e-02 -9.995156e-01 -1.954196e-02 8.747599e+01 9.983917e-01 2.518988e-02 -5.078906e-02 4.574134e+01 5.125671e-02 -1.828021e-02 9.985182e-01 -1.088505e+00
2.447277e-02 -9.995232e-01 -1.882445e-02 8.750814e+01 9.984646e-01 2.537405e-02 -4.923793e-02 4.670172e+01 4.969211e-02 -1.759057e-02 9.986097e-01 -1.065608e+00
2.492058e-02 -9.994982e-01 -1.955240e-02 8.754173e+01 9.984557e-01 2.585649e-02 -4.917037e-02 4.767019e+01 4.965125e-02 -1.829685e-02 9.985990e-01 -1.021745e+00
2.608252e-02 -9.993982e-01 -2.286628e-02 8.758360e+01 9.984298e-01 2.717793e-02 -4.898261e-02 4.865989e+01 4.957459e-02 -2.155278e-02 9.985378e-01 -9.954343e-01
2.774304e-02 -9.993808e-01 -2.164177e-02 8.762189e+01 9.983290e-01 2.879870e-02 -5.009763e-02 4.965204e+01 5.068986e-02 -2.021575e-02 9.985098e-01 -9.601904e-01
2.945662e-02 -9.993104e-01 -2.260820e-02 8.766549e+01 9.982468e-01 3.057206e-02 -5.068388e-02 5.064976e+01 5.134010e-02 -2.107558e-02 9.984588e-01 -9.286017e-01
3.122592e-02 -9.992772e-01 -2.168011e-02 8.771024e+01 9.981471e-01 3.230917e-02 -5.156063e-02 5.164495e+01 5.222383e-02 -2.002991e-02 9.984345e-01 -8.856966e-01
3.339785e-02 -9.991700e-01 -2.332190e-02 8.775147e+01 9.981006e-01 3.455257e-02 -5.100319e-02 5.265522e+01 5.176669e-02 -2.157420e-02 9.984261e-01 -8.370824e-01
3.486568e-02 -9.991525e-01 -2.188184e-02 8.780049e+01 9.979743e-01 3.597391e-02 -5.247116e-02 5.367308e+01 5.321386e-02 -2.000807e-02 9.983827e-01 -8.128085e-01
3.633475e-02 -9.991257e-01 -2.067719e-02 8.784949e+01 9.979299e-01 3.737426e-02 -5.233432e-02 5.469975e+01 5.306136e-02 -1.873284e-02 9.984155e-01 -7.638530e-01
3.748780e-02 -9.990903e-01 -2.033076e-02 8.790635e+01 9.978988e-01 3.850353e-02 -5.211008e-02 5.573400e+01 5.284549e-02 -1.833455e-02 9.984344e-01 -7.232664e-01
3.848821e-02 -9.990796e-01 -1.893458e-02 8.795971e+01 9.979877e-01 3.938794e-02 -4.969176e-02 5.676566e+01 5.039182e-02 -1.698392e-02 9.985851e-01 -6.868334e-01
3.898001e-02 -9.990581e-01 -1.906559e-02 8.801237e+01 9.980305e-01 3.986430e-02 -4.843540e-02 5.781155e+01 4.914982e-02 -1.714002e-02 9.986444e-01 -6.476444e-01
4.011774e-02 -9.990454e-01 -1.728638e-02 8.806059e+01 9.979642e-01 4.092073e-02 -4.891707e-02 5.887485e+01 4.957774e-02 -1.528874e-02 9.986532e-01 -6.218725e-01
4.090929e-02 -9.990029e-01 -1.788103e-02 8.812363e+01 9.978802e-01 4.175675e-02 -4.991505e-02 5.993879e+01 5.061193e-02 -1.580114e-02 9.985934e-01 -5.653184e-01
4.145986e-02 -9.990111e-01 -1.605801e-02 8.817651e+01 9.978538e-01 4.221630e-02 -5.005528e-02 6.099905e+01 5.068369e-02 -1.394826e-02 9.986174e-01 -5.370263e-01
4.166085e-02 -9.990050e-01 -1.591853e-02 8.824043e+01 9.978695e-01 4.240346e-02 -4.958063e-02 6.207814e+01 5.020629e-02 -1.381905e-02 9.986433e-01 -5.013716e-01
4.212898e-02 -9.989936e-01 -1.538768e-02 8.829919e+01 9.978498e-01 4.284453e-02 -4.959781e-02 6.316502e+01 5.020718e-02 -1.326510e-02 9.986507e-01 -4.573615e-01
4.202259e-02 -9.989718e-01 -1.701508e-02 8.835582e+01 9.978972e-01 4.280639e-02 -4.867071e-02 6.424126e+01 4.934902e-02 -1.493403e-02 9.986699e-01 -4.249454e-01
4.283839e-02 -9.989498e-01 -1.625538e-02 8.842054e+01 9.978737e-01 4.358089e-02 -4.846555e-02 6.532856e+01 4.912308e-02 -1.414463e-02 9.986926e-01 -3.888075e-01
4.269886e-02 -9.989374e-01 -1.734733e-02 8.846795e+01 9.979151e-01 4.348338e-02 -4.769287e-02 6.642196e+01 4.839651e-02 -1.527473e-02 9.987114e-01 -3.473300e-01
4.283321e-02 -9.989308e-01 -1.739450e-02 8.852689e+01 9.978935e-01 4.362488e-02 -4.801557e-02 6.752873e+01 4.872306e-02 -1.530120e-02 9.986951e-01 -3.044201e-01
4.283977e-02 -9.989240e-01 -1.776887e-02 8.858708e+01 9.979287e-01 4.363799e-02 -4.726641e-02 6.863341e+01 4.799094e-02 -1.570717e-02 9.987243e-01 -2.829742e-01
4.220420e-02 -9.989401e-01 -1.836880e-02 8.864774e+01 9.978725e-01 4.305923e-02 -4.895356e-02 6.974502e+01 4.969262e-02 -1.626368e-02 9.986321e-01 -2.340081e-01
4.015213e-02 -9.990154e-01 -1.887240e-02 8.869793e+01 9.978842e-01 4.105902e-02 -5.041093e-02 7.087479e+01 5.113618e-02 -1.680836e-02 9.985502e-01 -1.887172e-01
3.856361e-02 -9.990675e-01 -1.941653e-02 8.874900e+01 9.978517e-01 3.953207e-02 -5.224220e-02 7.197763e+01 5.296107e-02 -1.736017e-02 9.984457e-01 -1.635816e-01
3.684229e-02 -9.990970e-01 -2.115665e-02 8.880080e+01 9.979813e-01 3.788042e-02 -5.097327e-02 7.310606e+01 5.172867e-02 -1.923597e-02 9.984759e-01 -1.168791e-01
3.436804e-02 -9.991534e-01 -2.260855e-02 8.885133e+01 9.981003e-01 3.547156e-02 -5.037179e-02 7.421802e+01 5.113111e-02 -2.083443e-02 9.984746e-01 -8.366999e-02
3.214890e-02 -9.992208e-01 -2.289413e-02 8.889746e+01 9.981270e-01 3.328979e-02 -5.132615e-02 7.532845e+01 5.204830e-02 -2.120116e-02 9.984195e-01 -4.628259e-02
3.032100e-02 -9.992442e-01 -2.432383e-02 8.894125e+01 9.980597e-01 3.159106e-02 -5.365346e-02 7.643475e+01 5.438132e-02 -2.264981e-02 9.982633e-01 5.924823e-03
2.880335e-02 -9.993379e-01 -2.223181e-02 8.898734e+01 9.980519e-01 2.998352e-02 -5.471228e-02 7.755703e+01 5.534264e-02 -2.061260e-02 9.982547e-01 3.314419e-02
2.679914e-02 -9.993833e-01 -2.268904e-02 8.902799e+01 9.981909e-01 2.797532e-02 -5.321864e-02 7.865791e+01 5.382056e-02 -2.122179e-02 9.983251e-01 8.761084e-02
2.454633e-02 -9.994956e-01 -2.015099e-02 8.906354e+01 9.983284e-01 2.556288e-02 -5.183679e-02 7.977113e+01 5.232576e-02 -1.884490e-02 9.984522e-01 1.136538e-01
2.274281e-02 -9.995584e-01 -1.912154e-02 8.910970e+01 9.983706e-01 2.370858e-02 -5.190393e-02 8.087103e+01 5.233436e-02 -1.790994e-02 9.984690e-01 1.678402e-01
2.091193e-02 -9.996353e-01 -1.709080e-02 8.914400e+01 9.984019e-01 2.177787e-02 -5.214794e-02 8.197661e+01 5.250112e-02 -1.597297e-02 9.984931e-01 1.935707e-01
1.966184e-02 -9.996721e-01 -1.640443e-02 8.918011e+01 9.984317e-01 2.049232e-02 -5.209853e-02 8.307544e+01 5.241761e-02 -1.535435e-02 9.985072e-01 2.307316e-01
1.904213e-02 -9.996897e-01 -1.606245e-02 8.921464e+01 9.984143e-01 1.986420e-02 -5.267293e-02 8.416947e+01 5.297565e-02 -1.503398e-02 9.984826e-01 2.699088e-01
1.834589e-02 -9.997059e-01 -1.586235e-02 8.924218e+01 9.983848e-01 1.917028e-02 -5.348229e-02 8.525830e+01 5.377064e-02 -1.485554e-02 9.984428e-01 3.001992e-01
1.773506e-02 -9.997021e-01 -1.676896e-02 8.927666e+01 9.984058e-01 1.860595e-02 -5.328891e-02 8.635537e+01 5.358503e-02 -1.579715e-02 9.984383e-01 3.434809e-01
1.704997e-02 -9.996995e-01 -1.761041e-02 8.930570e+01 9.984998e-01 1.794076e-02 -5.173258e-02 8.744469e+01 5.203298e-02 -1.670195e-02 9.985057e-01 3.857483e-01
1.658422e-02 -9.997092e-01 -1.750722e-02 8.933082e+01 9.985871e-01 1.744473e-02 -5.019531e-02 8.854224e+01 5.048612e-02 -1.665003e-02 9.985859e-01 4.185744e-01
1.637954e-02 -9.996811e-01 -1.922301e-02 8.936281e+01 9.986351e-01 1.730990e-02 -4.927726e-02 8.961660e+01 4.959429e-02 -1.838963e-02 9.986001e-01 4.568878e-01
1.582950e-02 -9.996626e-01 -2.059312e-02 8.939124e+01 9.985989e-01 1.684606e-02 -5.016335e-02 9.071431e+01 5.049334e-02 -1.977021e-02 9.985287e-01 4.887708e-01
1.514542e-02 -9.996876e-01 -1.988258e-02 8.942245e+01 9.986275e-01 1.612031e-02 -4.982943e-02 9.180788e+01 5.013438e-02 -1.910061e-02 9.985598e-01 5.307703e-01
1.478344e-02 -9.997074e-01 -1.914745e-02 8.944652e+01 9.985952e-01 1.573610e-02 -5.059754e-02 9.290507e+01 5.088404e-02 -1.837255e-02 9.985356e-01 5.652602e-01
1.438862e-02 -9.997141e-01 -1.909836e-02 8.947430e+01 9.985395e-01 1.536131e-02 -5.179703e-02 9.399061e+01 5.207559e-02 -1.832518e-02 9.984750e-01 6.007428e-01
1.378536e-02 -9.997445e-01 -1.791519e-02 8.949908e+01 9.984913e-01 1.471603e-02 -5.289982e-02 9.509822e+01 5.314994e-02 -1.715892e-02 9.984391e-01 6.527898e-01
1.285058e-02 -9.997677e-01 -1.730290e-02 8.952628e+01 9.985642e-01 1.373124e-02 -5.177913e-02 9.618122e+01 5.200469e-02 -1.661267e-02 9.985086e-01 6.786492e-01
1.204222e-02 -9.997668e-01 -1.792151e-02 8.954530e+01 9.986513e-01 1.293004e-02 -5.028342e-02 9.727473e+01 5.050343e-02 -1.729182e-02 9.985742e-01 7.199261e-01
1.195014e-02 -9.997762e-01 -1.746218e-02 8.956949e+01 9.987531e-01 1.278090e-02 -4.825904e-02 9.837746e+01 4.847142e-02 -1.686370e-02 9.986822e-01 7.554524e-01
1.111913e-02 -9.997772e-01 -1.793852e-02 8.959737e+01 9.987235e-01 1.198769e-02 -4.906621e-02 9.948453e+01 4.927032e-02 -1.737005e-02 9.986344e-01 7.926893e-01
1.057953e-02 -9.997870e-01 -1.771926e-02 8.961891e+01 9.986939e-01 1.145053e-02 -4.979495e-02 1.005626e+02 4.998723e-02 -1.716931e-02 9.986023e-01 8.312872e-01
9.844899e-03 -9.997653e-01 -1.929815e-02 8.963869e+01 9.986780e-01 1.080418e-02 -5.025454e-02 1.016788e+02 5.045125e-02 -1.877789e-02 9.985500e-01 8.654448e-01
8.844793e-03 -9.997886e-01 -1.856080e-02 8.966096e+01 9.987473e-01 9.746671e-03 -4.907884e-02 1.027757e+02 4.924937e-02 -1.810347e-02 9.986224e-01 8.996852e-01
8.005679e-03 -9.997699e-01 -1.989738e-02 8.967722e+01 9.987659e-01 8.969665e-03 -4.884764e-02 1.038724e+02 4.901488e-02 -1.948176e-02 9.986081e-01 9.423332e-01
7.091820e-03 -9.997649e-01 -2.049362e-02 8.969396e+01 9.987573e-01 8.092761e-03 -4.917664e-02 1.049821e+02 4.933092e-02 -2.011940e-02 9.985798e-01 9.708888e-01
5.654693e-03 -9.997538e-01 -2.145569e-02 8.970956e+01 9.987291e-01 6.721020e-03 -4.995038e-02 1.060772e+02 5.008228e-02 -2.114596e-02 9.985212e-01 1.010039e+00
4.092932e-03 -9.997966e-01 -1.974413e-02 8.971995e+01 9.986761e-01 5.099058e-03 -5.118555e-02 1.071876e+02 5.127582e-02 -1.950849e-02 9.984940e-01 1.052510e+00
2.721131e-03 -9.997862e-01 -2.049721e-02 8.973799e+01 9.985446e-01 3.820658e-03 -5.379575e-02 1.083057e+02 5.386256e-02 -2.032100e-02 9.983416e-01 1.096620e+00
1.117468e-03 -9.998354e-01 -1.811167e-02 8.974889e+01 9.985203e-01 2.100348e-03 -5.434023e-02 1.094131e+02 5.436932e-02 -1.802414e-02 9.983582e-01 1.128753e+00
-6.612539e-04 -9.998091e-01 -1.952840e-02 8.976299e+01 9.986435e-01 3.565550e-04 -5.206755e-02 1.105133e+02 5.206457e-02 -1.953634e-02 9.984526e-01 1.172670e+00
-2.384186e-03 -9.997944e-01 -2.013367e-02 8.976864e+01 9.987553e-01 -1.377583e-03 -4.985896e-02 1.116332e+02 4.982098e-02 -2.022748e-02 9.985533e-01 1.214722e+00
-4.108191e-03 -9.997559e-01 -2.170915e-02 8.977261e+01 9.987617e-01 -3.025770e-03 -4.965711e-02 1.127368e+02 4.957930e-02 -2.188627e-02 9.985304e-01 1.253486e+00
-5.779624e-03 -9.997731e-01 -2.049858e-02 8.977641e+01 9.986520e-01 -4.713297e-03 -5.169157e-02 1.138536e+02 5.158322e-02 -2.076971e-02 9.984527e-01 1.283128e+00
-6.723642e-03 -9.997646e-01 -2.062908e-02 8.979326e+01 9.986382e-01 -5.645871e-03 -5.186423e-02 1.149638e+02 5.173555e-02 -2.094970e-02 9.984410e-01 1.332410e+00
-7.316947e-03 -9.997887e-01 -1.920993e-02 8.980000e+01 9.985935e-01 -6.296754e-03 -5.264337e-02 1.160674e+02 5.251129e-02 -1.956810e-02 9.984286e-01 1.362085e+00
-8.518577e-03 -9.998105e-01 -1.750275e-02 8.980021e+01 9.986002e-01 -7.591844e-03 -5.234600e-02 1.171743e+02 5.220320e-02 -1.792416e-02 9.984756e-01 1.407132e+00
-9.463549e-03 -9.997996e-01 -1.764106e-02 8.980137e+01 9.985750e-01 -8.522451e-03 -5.268167e-02 1.182752e+02 5.252077e-02 -1.811448e-02 9.984555e-01 1.444878e+00
-1.006949e-02 -9.998264e-01 -1.568274e-02 8.981240e+01 9.986014e-01 -9.240627e-03 -5.205763e-02 1.193786e+02 5.190367e-02 -1.618500e-02 9.985209e-01 1.476329e+00
-1.074791e-02 -9.998267e-01 -1.519490e-02 8.981339e+01 9.985709e-01 -9.936392e-03 -5.251203e-02 1.204747e+02 5.235196e-02 -1.573757e-02 9.985047e-01 1.523118e+00
-1.099551e-02 -9.998514e-01 -1.327148e-02 8.981882e+01 9.986107e-01 -1.029605e-02 -5.167747e-02 1.215703e+02 5.153316e-02 -1.382127e-02 9.985756e-01 1.548100e+00
-1.185012e-02 -9.998145e-01 -1.518830e-02 8.981625e+01 9.985842e-01 -1.104516e-02 -5.203420e-02 1.226670e+02 5.185679e-02 -1.578341e-02 9.985298e-01 1.604253e+00
-1.278973e-02 -9.998215e-01 -1.390681e-02 8.980524e+01 9.986016e-01 -1.205802e-02 -5.147415e-02 1.237527e+02 5.129727e-02 -1.454570e-02 9.985775e-01 1.611620e+00
-1.371980e-02 -9.997804e-01 -1.583841e-02 8.979494e+01 9.986190e-01 -1.289719e-02 -5.092803e-02 1.248391e+02 5.071258e-02 -1.651526e-02 9.985767e-01 1.671890e+00
-1.499522e-02 -9.996657e-01 -2.106325e-02 8.978422e+01 9.988038e-01 -1.399511e-02 -4.685172e-02 1.259246e+02 4.654127e-02 -2.174060e-02 9.986798e-01 1.669433e+00
-1.572430e-02 -9.996183e-01 -2.271871e-02 8.977460e+01 9.988692e-01 -1.468480e-02 -4.521895e-02 1.269982e+02 4.486807e-02 -2.340406e-02 9.987187e-01 1.729896e+00
-1.705229e-02 -9.994540e-01 -2.829722e-02 8.975483e+01 9.988759e-01 -1.577699e-02 -4.469755e-02 1.280732e+02 4.422671e-02 -2.902761e-02 9.985997e-01 1.747866e+00
-1.776099e-02 -9.994144e-01 -2.924775e-02 8.974681e+01 9.988917e-01 -1.646119e-02 -4.409632e-02 1.291465e+02 4.358905e-02 -2.999853e-02 9.985991e-01 1.772428e+00
-1.834869e-02 -9.993713e-01 -3.033595e-02 8.974123e+01 9.988866e-01 -1.700419e-02 -4.400422e-02 1.302210e+02 4.346072e-02 -3.110960e-02 9.985707e-01 1.825329e+00
-1.929057e-02 -9.993056e-01 -3.187774e-02 8.972607e+01 9.987081e-01 -1.776016e-02 -4.761001e-02 1.312776e+02 4.701080e-02 -3.275498e-02 9.983572e-01 1.838804e+00
-1.978290e-02 -9.993010e-01 -3.172250e-02 8.972021e+01 9.985737e-01 -1.817465e-02 -5.020426e-02 1.323455e+02 4.959262e-02 -3.267044e-02 9.982350e-01 1.875132e+00
-2.073658e-02 -9.992653e-01 -3.223480e-02 8.970721e+01 9.984750e-01 -1.904851e-02 -5.181617e-02 1.333951e+02 5.116406e-02 -3.326012e-02 9.981363e-01 1.918684e+00
-2.096498e-02 -9.992698e-01 -3.194336e-02 8.969927e+01 9.985343e-01 -1.933348e-02 -5.055301e-02 1.344509e+02 4.989852e-02 -3.295638e-02 9.982104e-01 1.939162e+00
-2.107322e-02 -9.992862e-01 -3.135295e-02 8.969918e+01 9.985216e-01 -1.946467e-02 -5.075206e-02 1.355019e+02 5.010556e-02 -3.237611e-02 9.982190e-01 1.977975e+00
-2.108693e-02 -9.992930e-01 -3.112723e-02 8.968465e+01 9.983924e-01 -1.940906e-02 -5.325416e-02 1.365697e+02 5.261236e-02 -3.220016e-02 9.980958e-01 2.027655e+00
-2.113497e-02 -9.993187e-01 -3.025757e-02 8.967107e+01 9.983425e-01 -1.947457e-02 -5.415761e-02 1.375969e+02 5.353146e-02 -3.135204e-02 9.980739e-01 2.050478e+00
-2.095461e-02 -9.993089e-01 -3.070170e-02 8.966541e+01 9.983348e-01 -1.926368e-02 -5.437262e-02 1.386472e+02 5.374362e-02 -3.178994e-02 9.980486e-01 2.094821e+00
-2.102327e-02 -9.993796e-01 -2.825233e-02 8.965423e+01 9.983686e-01 -1.948494e-02 -5.366827e-02 1.396971e+02 5.308449e-02 -2.933452e-02 9.981591e-01 2.126200e+00
-2.081180e-02 -9.994132e-01 -2.720607e-02 8.965604e+01 9.984335e-01 -1.936233e-02 -5.249394e-02 1.407263e+02 5.193637e-02 -2.825595e-02 9.982506e-01 2.173640e+00
-2.061915e-02 -9.994355e-01 -2.652323e-02 8.964282e+01 9.984763e-01 -1.922655e-02 -5.172577e-02 1.417541e+02 5.118662e-02 -2.754935e-02 9.983091e-01 2.199673e+00
-2.071297e-02 -9.994413e-01 -2.623133e-02 8.963443e+01 9.985805e-01 -1.939321e-02 -4.960746e-02 1.427758e+02 4.907103e-02 -2.722161e-02 9.984243e-01 2.227825e+00
-2.104712e-02 -9.994385e-01 -2.606843e-02 8.962006e+01 9.986540e-01 -1.977998e-02 -4.794721e-02 1.437990e+02 4.740466e-02 -2.704249e-02 9.985096e-01 2.258123e+00
-2.106237e-02 -9.994488e-01 -2.566257e-02 8.961524e+01 9.987008e-01 -1.984131e-02 -4.693808e-02 1.447993e+02 4.640302e-02 -2.661785e-02 9.985681e-01 2.287119e+00
-2.079737e-02 -9.994072e-01 -2.743934e-02 8.960076e+01 9.987298e-01 -1.950777e-02 -4.645654e-02 1.458226e+02 4.589371e-02 -2.837066e-02 9.985434e-01 2.323944e+00
-2.090967e-02 -9.994166e-01 -2.700170e-02 8.959341e+01 9.986812e-01 -1.961243e-02 -4.744609e-02 1.468172e+02 4.688884e-02 -2.795817e-02 9.985088e-01 2.346297e+00
-2.090144e-02 -9.993914e-01 -2.792782e-02 8.958005e+01 9.985963e-01 -1.950884e-02 -4.924224e-02 1.478156e+02 4.866744e-02 -2.891785e-02 9.983963e-01 2.373700e+00
-2.105021e-02 -9.993979e-01 -2.758043e-02 8.956689e+01 9.985137e-01 -1.962864e-02 -5.084268e-02 1.488211e+02 5.027070e-02 -2.860970e-02 9.983258e-01 2.407902e+00
-2.103734e-02 -9.994411e-01 -2.597681e-02 8.955576e+01 9.985760e-01 -1.973087e-02 -4.956473e-02 1.497981e+02 4.902449e-02 -2.698253e-02 9.984331e-01 2.442051e+00
-2.068579e-02 -9.994436e-01 -2.616558e-02 8.955269e+01 9.986046e-01 -1.938230e-02 -4.912572e-02 1.507772e+02 4.859123e-02 -2.714527e-02 9.984498e-01 2.468406e+00
-2.062607e-02 -9.994413e-01 -2.630204e-02 8.954221e+01 9.986898e-01 -1.936388e-02 -4.736927e-02 1.517457e+02 4.683349e-02 -2.724461e-02 9.985311e-01 2.493698e+00
-2.037835e-02 -9.994531e-01 -2.604039e-02 8.953860e+01 9.986436e-01 -1.909995e-02 -4.843748e-02 1.527164e+02 4.791363e-02 -2.699215e-02 9.984867e-01 2.526006e+00
-1.961493e-02 -9.994727e-01 -2.587723e-02 8.952514e+01 9.985442e-01 -1.828277e-02 -5.074668e-02 1.536691e+02 5.024681e-02 -2.683495e-02 9.983763e-01 2.554297e+00
-1.892412e-02 -9.994793e-01 -2.613412e-02 8.952373e+01 9.983737e-01 -1.748455e-02 -5.425961e-02 1.546303e+02 5.377441e-02 -2.711844e-02 9.981848e-01 2.588460e+00
-1.806414e-02 -9.995217e-01 -2.510278e-02 8.951562e+01 9.983315e-01 -1.665395e-02 -5.528988e-02 1.555685e+02 5.484537e-02 -2.605966e-02 9.981548e-01 2.620631e+00
-1.723313e-02 -9.995230e-01 -2.562944e-02 8.951482e+01 9.983521e-01 -1.579839e-02 -5.516833e-02 1.565075e+02 5.473711e-02 -2.653793e-02 9.981481e-01 2.644228e+00
-1.631439e-02 -9.995695e-01 -2.438367e-02 8.951114e+01 9.983540e-01 -1.494384e-02 -5.537160e-02 1.574321e+02 5.498338e-02 -2.524689e-02 9.981681e-01 2.687901e+00
-1.536858e-02 -9.995734e-01 -2.483390e-02 8.950941e+01 9.983411e-01 -1.396215e-02 -5.585560e-02 1.583534e+02 5.548504e-02 -2.565113e-02 9.981300e-01 2.709432e+00
-1.444340e-02 -9.995942e-01 -2.455188e-02 8.949732e+01 9.983516e-01 -1.305282e-02 -5.588916e-02 1.592490e+02 5.554601e-02 -2.531864e-02 9.981351e-01 2.744857e+00
-1.345229e-02 -9.995860e-01 -2.543218e-02 8.950214e+01 9.983563e-01 -1.200986e-02 -5.604091e-02 1.601368e+02 5.571227e-02 -2.614425e-02 9.981045e-01 2.782017e+00
-1.254606e-02 -9.996040e-01 -2.518911e-02 8.949461e+01 9.984032e-01 -1.113534e-02 -5.538230e-02 1.610024e+02 5.507988e-02 -2.584371e-02 9.981474e-01 2.800649e+00
-1.173759e-02 -9.995741e-01 -2.671633e-02 8.948972e+01 9.984721e-01 -1.027358e-02 -5.429395e-02 1.618701e+02 5.399636e-02 -2.731279e-02 9.981675e-01 2.838232e+00
-1.105821e-02 -9.995693e-01 -2.718180e-02 8.949316e+01 9.985257e-01 -9.593844e-03 -5.342456e-02 1.627056e+02 5.314078e-02 -2.773251e-02 9.982018e-01 2.858667e+00
-1.033020e-02 -9.995626e-01 -2.771175e-02 8.949353e+01 9.985577e-01 -8.851767e-03 -5.295328e-02 1.635302e+02 5.268482e-02 -2.821880e-02 9.982124e-01 2.894699e+00
-1.012754e-02 -9.995689e-01 -2.755518e-02 8.948993e+01 9.985384e-01 -8.646309e-03 -5.335097e-02 1.643448e+02 5.308972e-02 -2.805522e-02 9.981956e-01 2.912963e+00
-9.051204e-03 -9.995792e-01 -2.755759e-02 8.949486e+01 9.985200e-01 -7.556736e-03 -5.385779e-02 1.651361e+02 5.362688e-02 -2.800428e-02 9.981683e-01 2.934757e+00
-8.254409e-03 -9.995800e-01 -2.777947e-02 8.949780e+01 9.984582e-01 -6.713808e-03 -5.510080e-02 1.659251e+02 5.489115e-02 -2.819146e-02 9.980943e-01 2.974831e+00
-7.611871e-03 -9.996083e-01 -2.693411e-02 8.951108e+01 9.984966e-01 -6.135523e-03 -5.447041e-02 1.666823e+02 5.428381e-02 -2.730823e-02 9.981521e-01 2.982807e+00
-7.072449e-03 -9.996088e-01 -2.706140e-02 8.950819e+01 9.984804e-01 -5.580187e-03 -5.482525e-02 1.674427e+02 5.465280e-02 -2.740801e-02 9.981292e-01 3.018551e+00
-6.536722e-03 -9.996271e-01 -2.651278e-02 8.950562e+01 9.985167e-01 -5.091786e-03 -5.420642e-02 1.681844e+02 5.405121e-02 -2.682778e-02 9.981777e-01 3.034590e+00
-6.067753e-03 -9.996036e-01 -2.749300e-02 8.951378e+01 9.985620e-01 -4.592359e-03 -5.341312e-02 1.689120e+02 5.326569e-02 -2.777756e-02 9.981940e-01 3.066268e+00
-5.781889e-03 -9.996185e-01 -2.701198e-02 8.951350e+01 9.985777e-01 -4.339874e-03 -5.314066e-02 1.696268e+02 5.300315e-02 -2.728082e-02 9.982216e-01 3.083748e+00
-5.023122e-03 -9.996198e-01 -2.710943e-02 8.951827e+01 9.986329e-01 -3.603935e-03 -5.214704e-02 1.703182e+02 5.202952e-02 -2.733431e-02 9.982714e-01 3.114591e+00
-4.625678e-03 -9.996249e-01 -2.699669e-02 8.952454e+01 9.986374e-01 -3.214240e-03 -5.208902e-02 1.710090e+02 5.198270e-02 -2.720084e-02 9.982775e-01 3.131764e+00
-3.928900e-03 -9.996462e-01 -2.630952e-02 8.953934e+01 9.986311e-01 -2.549767e-03 -5.224363e-02 1.716729e+02 5.215806e-02 -2.647876e-02 9.982877e-01 3.145159e+00
-3.646493e-03 -9.996391e-01 -2.661304e-02 8.953815e+01 9.986238e-01 -2.248049e-03 -5.239630e-02 1.723271e+02 5.231757e-02 -2.676748e-02 9.982717e-01 3.175973e+00
-3.100395e-03 -9.996195e-01 -2.740973e-02 8.954556e+01 9.986115e-01 -1.653373e-03 -5.265403e-02 1.729758e+02 5.258867e-02 -2.753492e-02 9.982366e-01 3.190613e+00
-2.890229e-03 -9.996474e-01 -2.639706e-02 8.954638e+01 9.985733e-01 -1.477599e-03 -5.337710e-02 1.736076e+02 5.331927e-02 -2.651367e-02 9.982255e-01 3.216033e+00
-2.589107e-03 -9.996590e-01 -2.598380e-02 8.956006e+01 9.986218e-01 -1.222551e-03 -5.247066e-02 1.742166e+02 5.242100e-02 -2.608383e-02 9.982843e-01 3.230440e+00
-2.782106e-03 -9.996773e-01 -2.525201e-02 8.955376e+01 9.986049e-01 -1.445830e-03 -5.278414e-02 1.747986e+02 5.273060e-02 -2.536363e-02 9.982866e-01 3.252674e+00
-2.382994e-03 -9.996846e-01 -2.499925e-02 8.955988e+01 9.985921e-01 -1.054227e-03 -5.303444e-02 1.753971e+02 5.299136e-02 -2.509044e-02 9.982797e-01 3.260920e+00
-2.538443e-03 -9.996690e-01 -2.560371e-02 8.956365e+01 9.986161e-01 -1.189113e-03 -5.257851e-02 1.759569e+02 5.253066e-02 -2.570174e-02 9.982885e-01 3.283985e+00
-2.610922e-03 -9.996604e-01 -2.592788e-02 8.956743e+01 9.986385e-01 -1.255631e-03 -5.215114e-02 1.765141e+02 5.210087e-02 -2.602874e-02 9.983026e-01 3.296447e+00
-2.391815e-03 -9.996940e-01 -2.461843e-02 8.957750e+01 9.986120e-01 -1.092494e-03 -5.265900e-02 1.770359e+02 5.261599e-02 -2.471022e-02 9.983091e-01 3.320799e+00
-2.407670e-03 -9.996833e-01 -2.504896e-02 8.958477e+01 9.986752e-01 -1.116157e-03 -5.144658e-02 1.775592e+02 5.140233e-02 -2.513964e-02 9.983615e-01 3.325969e+00
-2.718329e-03 -9.996905e-01 -2.472967e-02 8.958421e+01 9.987346e-01 -1.471877e-03 -5.027179e-02 1.780528e+02 5.021983e-02 -2.483501e-02 9.984294e-01 3.343003e+00
-2.689362e-03 -9.996611e-01 -2.588926e-02 8.958549e+01 9.987662e-01 -1.401484e-03 -4.963864e-02 1.785591e+02 4.958554e-02 -2.599081e-02 9.984316e-01 3.364314e+00
-3.008246e-03 -9.996923e-01 -2.462216e-02 8.959741e+01 9.987638e-01 -1.781881e-03 -4.967681e-02 1.790298e+02 4.961766e-02 -2.474116e-02 9.984618e-01 3.374462e+00
-4.640102e-03 -9.996972e-01 -2.416258e-02 8.957918e+01 9.988334e-01 -3.472030e-03 -4.816326e-02 1.794868e+02 4.806479e-02 -2.435788e-02 9.985472e-01 3.393919e+00
-6.621957e-03 -9.996856e-01 -2.418534e-02 8.958923e+01 9.988222e-01 -5.449593e-03 -4.821406e-02 1.799323e+02 4.806709e-02 -2.447612e-02 9.985442e-01 3.402535e+00
-9.180307e-03 -9.996834e-01 -2.342711e-02 8.958211e+01 9.987725e-01 -8.026540e-03 -4.887835e-02 1.803714e+02 4.867484e-02 -2.384707e-02 9.985300e-01 3.411789e+00
-1.197517e-02 -9.996225e-01 -2.472728e-02 8.957706e+01 9.986987e-01 -1.073092e-02 -4.985662e-02 1.807870e+02 4.957245e-02 -2.529215e-02 9.984502e-01 3.426071e+00
-1.406538e-02 -9.996037e-01 -2.438444e-02 8.957355e+01 9.986660e-01 -1.283216e-02 -5.001464e-02 1.811965e+02 4.968192e-02 -2.505539e-02 9.984508e-01 3.439207e+00
-1.615179e-02 -9.995474e-01 -2.538284e-02 8.956609e+01 9.986242e-01 -1.485980e-02 -5.028956e-02 1.815792e+02 4.988961e-02 -2.616018e-02 9.984121e-01 3.448406e+00
-1.741362e-02 -9.995375e-01 -2.492783e-02 8.956804e+01 9.985424e-01 -1.611179e-02 -5.151060e-02 1.819596e+02 5.108515e-02 -2.578849e-02 9.983613e-01 3.462053e+00
-1.877427e-02 -9.994898e-01 -2.583927e-02 8.956913e+01 9.984723e-01 -1.739931e-02 -5.244293e-02 1.823253e+02 5.196659e-02 -2.678437e-02 9.982896e-01 3.470342e+00
-1.967514e-02 -9.994853e-01 -2.533682e-02 8.955841e+01 9.983951e-01 -1.829505e-02 -5.359549e-02 1.826729e+02 5.310437e-02 -2.635065e-02 9.982412e-01 3.485494e+00
-2.016044e-02 -9.994889e-01 -2.480981e-02 8.956153e+01 9.983764e-01 -1.880336e-02 -5.376810e-02 1.829776e+02 5.327411e-02 -2.585352e-02 9.982452e-01 3.492033e+00
-2.041435e-02 -9.994847e-01 -2.477100e-02 8.956506e+01 9.983720e-01 -1.905936e-02 -5.376049e-02 1.832840e+02 5.326067e-02 -2.582816e-02 9.982466e-01 3.501302e+00
-2.085900e-02 -9.994637e-01 -2.524106e-02 8.955250e+01 9.983789e-01 -1.948571e-02 -5.347793e-02 1.835693e+02 5.295741e-02 -2.631564e-02 9.982499e-01 3.510489e+00
-2.107441e-02 -9.994563e-01 -2.535465e-02 8.955547e+01 9.983666e-01 -1.969099e-02 -5.363176e-02 1.838354e+02 5.310335e-02 -2.644349e-02 9.982389e-01 3.521494e+00
-2.139115e-02 -9.994617e-01 -2.487592e-02 8.955123e+01 9.983613e-01 -2.003330e-02 -5.360548e-02 1.840751e+02 5.307828e-02 -2.598184e-02 9.982523e-01 3.527000e+00
-2.127910e-02 -9.994650e-01 -2.483784e-02 8.955997e+01 9.983609e-01 -1.992220e-02 -5.365414e-02 1.843050e+02 5.313061e-02 -2.593883e-02 9.982506e-01 3.535216e+00
-2.167451e-02 -9.994788e-01 -2.392348e-02 8.955174e+01 9.983644e-01 -2.037174e-02 -5.341786e-02 1.845112e+02 5.290265e-02 -2.504216e-02 9.982857e-01 3.539482e+00
-2.171183e-02 -9.994558e-01 -2.483393e-02 8.955106e+01 9.983714e-01 -2.036411e-02 -5.329136e-02 1.847133e+02 5.275664e-02 -2.595053e-02 9.982702e-01 3.543435e+00
-2.191389e-02 -9.994491e-01 -2.492868e-02 8.955096e+01 9.983625e-01 -2.055854e-02 -5.338329e-02 1.848907e+02 5.284138e-02 -2.605769e-02 9.982629e-01 3.551918e+00
-2.236295e-02 -9.994358e-01 -2.505832e-02 8.953606e+01 9.983872e-01 -2.101731e-02 -5.273689e-02 1.850320e+02 5.218048e-02 -2.619726e-02 9.982940e-01 3.557736e+00
-2.263176e-02 -9.994349e-01 -2.485448e-02 8.953966e+01 9.983947e-01 -2.130312e-02 -5.248037e-02 1.851539e+02 5.192124e-02 -2.600231e-02 9.983126e-01 3.562963e+00
-2.274287e-02 -9.994378e-01 -2.463588e-02 8.953297e+01 9.984405e-01 -2.144951e-02 -5.154267e-02 1.852679e+02 5.098526e-02 -2.576968e-02 9.983669e-01 3.565086e+00
-2.276599e-02 -9.994304e-01 -2.491161e-02 8.953695e+01 9.984655e-01 -2.147180e-02 -5.104510e-02 1.853863e+02 5.048113e-02 -2.603548e-02 9.983856e-01 3.572256e+00
-2.309644e-02 -9.994253e-01 -2.481494e-02 8.952653e+01 9.984893e-01 -2.182269e-02 -5.042917e-02 1.854772e+02 4.985864e-02 -2.594219e-02 9.984193e-01 3.568652e+00
-2.293003e-02 -9.994226e-01 -2.507184e-02 8.953480e+01 9.984888e-01 -2.164149e-02 -5.051313e-02 1.855593e+02 4.994137e-02 -2.619222e-02 9.984087e-01 3.576646e+00
-2.283347e-02 -9.994335e-01 -2.472301e-02 8.953488e+01 9.985335e-01 -2.158475e-02 -4.964902e-02 1.856383e+02 4.908725e-02 -2.582041e-02 9.984607e-01 3.577274e+00
-2.310884e-02 -9.994218e-01 -2.494123e-02 8.953471e+01 9.985690e-01 -2.187121e-02 -4.880354e-02 1.857034e+02 4.822983e-02 -2.603333e-02 9.984969e-01 3.581887e+00
-2.315056e-02 -9.994280e-01 -2.464839e-02 8.953043e+01 9.985912e-01 -2.193964e-02 -4.831381e-02 1.857638e+02 4.774540e-02 -2.573216e-02 9.985280e-01 3.580880e+00
-2.282774e-02 -9.994379e-01 -2.455264e-02 8.953497e+01 9.985862e-01 -2.161527e-02 -4.856293e-02 1.858442e+02 4.800492e-02 -2.562651e-02 9.985183e-01 3.584643e+00
-2.320850e-02 -9.994360e-01 -2.427501e-02 8.952973e+01 9.985738e-01 -2.200687e-02 -4.864318e-02 1.858982e+02 4.808152e-02 -2.536932e-02 9.985212e-01 3.584686e+00
-2.323759e-02 -9.994236e-01 -2.474805e-02 8.953390e+01 9.985850e-01 -2.201933e-02 -4.840771e-02 1.859620e+02 4.783487e-02 -2.583791e-02 9.985210e-01 3.589284e+00
-2.352667e-02 -9.994221e-01 -2.453377e-02 8.952412e+01 9.986159e-01 -2.233887e-02 -4.761533e-02 1.860279e+02 4.703976e-02 -2.562005e-02 9.985644e-01 3.590060e+00
-2.367127e-02 -9.994081e-01 -2.496459e-02 8.952620e+01 9.986443e-01 -2.248037e-02 -4.694990e-02 1.860560e+02 4.636090e-02 -2.604211e-02 9.985852e-01 3.588797e+00
-2.352428e-02 -9.993993e-01 -2.544880e-02 8.952610e+01 9.986695e-01 -2.232337e-02 -4.648504e-02 1.861353e+02 4.588902e-02 -2.650846e-02 9.985948e-01 3.593161e+00
-2.353942e-02 -9.994063e-01 -2.516023e-02 8.953027e+01 9.986656e-01 -2.234983e-02 -4.655772e-02 1.861953e+02 4.596775e-02 -2.622260e-02 9.985987e-01 3.592291e+00
-2.390265e-02 -9.993946e-01 -2.528061e-02 8.952323e+01 9.986544e-01 -2.270555e-02 -4.662424e-02 1.862695e+02 4.602200e-02 -2.636104e-02 9.985926e-01 3.600413e+00
-2.383006e-02 -9.993982e-01 -2.520918e-02 8.952517e+01 9.986581e-01 -2.263755e-02 -4.657770e-02 1.863501e+02 4.597899e-02 -2.628531e-02 9.985965e-01 3.598917e+00
-2.399397e-02 -9.993991e-01 -2.501679e-02 8.952460e+01 9.986571e-01 -2.281171e-02 -4.651552e-02 1.864360e+02 4.591689e-02 -2.609928e-02 9.986042e-01 3.606114e+00
-2.407956e-02 -9.993970e-01 -2.501434e-02 8.952003e+01 9.986728e-01 -2.290756e-02 -4.612768e-02 1.865141e+02 4.552685e-02 -2.609188e-02 9.986223e-01 3.608048e+00
-2.393901e-02 -9.994063e-01 -2.477515e-02 8.952062e+01 9.986780e-01 -2.277917e-02 -4.608050e-02 1.866138e+02 4.548879e-02 -2.584552e-02 9.986305e-01 3.608045e+00
-2.416658e-02 -9.993976e-01 -2.490562e-02 8.951940e+01 9.986786e-01 -2.300406e-02 -4.595506e-02 1.867096e+02 4.535445e-02 -2.598329e-02 9.986330e-01 3.610017e+00
-2.444470e-02 -9.993905e-01 -2.492446e-02 8.951625e+01 9.986670e-01 -2.327782e-02 -4.607119e-02 1.867946e+02 4.546291e-02 -2.601743e-02 9.986272e-01 3.617002e+00
-2.435946e-02 -9.993902e-01 -2.501829e-02 8.951807e+01 9.986832e-01 -2.319676e-02 -4.575817e-02 1.868998e+02 4.514993e-02 -2.609999e-02 9.986392e-01 3.617264e+00
-2.446914e-02 -9.993864e-01 -2.506293e-02 8.951453e+01 9.986771e-01 -2.330214e-02 -4.583760e-02 1.870051e+02 4.522545e-02 -2.615137e-02 9.986345e-01 3.622560e+00
-2.452123e-02 -9.993877e-01 -2.495975e-02 8.952024e+01 9.986765e-01 -2.335930e-02 -4.582197e-02 1.871118e+02 4.521087e-02 -2.605033e-02 9.986377e-01 3.622692e+00
-2.501822e-02 -9.993823e-01 -2.467938e-02 8.950639e+01 9.986694e-01 -2.387172e-02 -4.571139e-02 1.872175e+02 4.509401e-02 -2.579016e-02 9.986498e-01 3.629122e+00
-2.506423e-02 -9.993860e-01 -2.448094e-02 8.950600e+01 9.986866e-01 -2.393699e-02 -4.529980e-02 1.873278e+02 4.468599e-02 -2.558419e-02 9.986734e-01 3.630075e+00
-2.526283e-02 -9.993936e-01 -2.396280e-02 8.950125e+01 9.986923e-01 -2.416492e-02 -4.505169e-02 1.874571e+02 4.444531e-02 -2.506960e-02 9.986972e-01 3.632120e+00
-2.514207e-02 -9.993429e-01 -2.611042e-02 8.951060e+01 9.986486e-01 -2.391899e-02 -4.613984e-02 1.876132e+02 4.548499e-02 -2.723519e-02 9.985937e-01 3.657315e+00
-2.525532e-02 -9.993549e-01 -2.553563e-02 8.950468e+01 9.986504e-01 -2.406138e-02 -4.602693e-02 1.877636e+02 4.538282e-02 -2.666359e-02 9.986138e-01 3.662101e+00
-2.568126e-02 -9.993382e-01 -2.575809e-02 8.950117e+01 9.986514e-01 -2.448380e-02 -4.577908e-02 1.878948e+02 4.511814e-02 -2.689902e-02 9.986194e-01 3.665370e+00
-2.568471e-02 -9.993349e-01 -2.588394e-02 8.950161e+01 9.986399e-01 -2.447444e-02 -4.603509e-02 1.880494e+02 4.537098e-02 -2.703113e-02 9.986044e-01 3.669409e+00
-2.597511e-02 -9.993348e-01 -2.559794e-02 8.949629e+01 9.986370e-01 -2.478033e-02 -4.593540e-02 1.882016e+02 4.527052e-02 -2.675622e-02 9.986164e-01 3.676850e+00
-2.612948e-02 -9.993445e-01 -2.505254e-02 8.949596e+01 9.986565e-01 -2.497339e-02 -4.540430e-02 1.883517e+02 4.474890e-02 -2.620527e-02 9.986545e-01 3.670983e+00
-2.645230e-02 -9.993528e-01 -2.437779e-02 8.948219e+01 9.986534e-01 -2.532935e-02 -4.527406e-02 1.885392e+02 4.462728e-02 -2.554257e-02 9.986771e-01 3.680994e+00
-2.640390e-02 -9.993804e-01 -2.327665e-02 8.948995e+01 9.986597e-01 -2.533364e-02 -4.513349e-02 1.887115e+02 4.451585e-02 -2.443715e-02 9.987097e-01 3.677665e+00
-2.651012e-02 -9.993951e-01 -2.251025e-02 8.948478e+01 9.986541e-01 -2.547276e-02 -4.518037e-02 1.889007e+02 4.457965e-02 -2.367768e-02 9.987252e-01 3.683640e+00
-2.654183e-02 -9.993989e-01 -2.230325e-02 8.948029e+01 9.986493e-01 -2.551180e-02 -4.526205e-02 1.890914e+02 4.466584e-02 -2.347447e-02 9.987261e-01 3.689974e+00
-2.672589e-02 -9.994133e-01 -2.142441e-02 8.947849e+01 9.986323e-01 -2.572906e-02 -4.551620e-02 1.892817e+02 4.493826e-02 -2.261156e-02 9.987338e-01 3.695809e+00
-2.697659e-02 -9.994130e-01 -2.111371e-02 8.947152e+01 9.986309e-01 -2.599657e-02 -4.539257e-02 1.894954e+02 4.481705e-02 -2.230935e-02 9.987461e-01 3.700200e+00
-2.692759e-02 -9.994255e-01 -2.057677e-02 8.947246e+01 9.986111e-01 -2.596188e-02 -4.584444e-02 1.896988e+02 4.528390e-02 -2.178267e-02 9.987366e-01 3.705173e+00
-2.685559e-02 -9.994370e-01 -2.010982e-02 8.946992e+01 9.985882e-01 -2.589977e-02 -4.637541e-02 1.899180e+02 4.582846e-02 -2.132688e-02 9.987217e-01 3.714050e+00
-2.690423e-02 -9.994441e-01 -1.969304e-02 8.946972e+01 9.985859e-01 -2.596688e-02 -4.639044e-02 1.901442e+02 4.585329e-02 -2.091328e-02 9.987292e-01 3.722267e+00
-2.690017e-02 -9.994543e-01 -1.916847e-02 8.946606e+01 9.985902e-01 -2.598923e-02 -4.628404e-02 1.903768e+02 4.576061e-02 -2.038650e-02 9.987444e-01 3.726339e+00
-2.713466e-02 -9.994522e-01 -1.894815e-02 8.945383e+01 9.985852e-01 -2.623427e-02 -4.625339e-02 1.906276e+02 4.573096e-02 -2.017641e-02 9.987500e-01 3.734306e+00
-2.710629e-02 -9.994491e-01 -1.915123e-02 8.945407e+01 9.985912e-01 -2.619874e-02 -4.614321e-02 1.908646e+02 4.561605e-02 -2.037502e-02 9.987512e-01 3.744432e+00
-2.749383e-02 -9.994524e-01 -1.841405e-02 8.944521e+01 9.985930e-01 -2.662516e-02 -4.586021e-02 1.911137e+02 4.534482e-02 -1.964900e-02 9.987782e-01 3.751686e+00
-2.766812e-02 -9.994492e-01 -1.832252e-02 8.944117e+01 9.985983e-01 -2.680802e-02 -4.563671e-02 1.913643e+02 4.512038e-02 -1.955952e-02 9.987901e-01 3.760796e+00
-2.739131e-02 -9.994730e-01 -1.741906e-02 8.944775e+01 9.986194e-01 -2.657843e-02 -4.530692e-02 1.916536e+02 4.482007e-02 -1.863604e-02 9.988213e-01 3.772541e+00
-2.759957e-02 -9.994805e-01 -1.664259e-02 8.943210e+01 9.986362e-01 -2.683049e-02 -4.478806e-02 1.919295e+02 4.431826e-02 -1.785602e-02 9.988579e-01 3.781679e+00
-2.768552e-02 -9.994863e-01 -1.614360e-02 8.942772e+01 9.986621e-01 -2.694994e-02 -4.413341e-02 1.922153e+02 4.367567e-02 -1.734386e-02 9.988952e-01 3.793602e+00
-2.788377e-02 -9.994931e-01 -1.536159e-02 8.942626e+01 9.986964e-01 -2.719784e-02 -4.319253e-02 1.925131e+02 4.275284e-02 -1.654594e-02 9.989486e-01 3.794332e+00
-2.795398e-02 -9.994918e-01 -1.532450e-02 8.942265e+01 9.987364e-01 -2.728558e-02 -4.220439e-02 1.928100e+02 4.176480e-02 -1.648491e-02 9.989915e-01 3.805317e+00
-2.805567e-02 -9.994808e-01 -1.584236e-02 8.941813e+01 9.987444e-01 -2.736986e-02 -4.196050e-02 1.931415e+02 4.150511e-02 -1.699970e-02 9.989936e-01 3.813808e+00
-2.811253e-02 -9.994749e-01 -1.611367e-02 8.940883e+01 9.987687e-01 -2.742618e-02 -4.133987e-02 1.934794e+02 4.087623e-02 -1.725600e-02 9.990152e-01 3.821434e+00
-2.852094e-02 -9.994625e-01 -1.616223e-02 8.940228e+01 9.987688e-01 -2.783734e-02 -4.105975e-02 1.938086e+02 4.058778e-02 -1.731339e-02 9.990259e-01 3.833089e+00
-2.876019e-02 -9.994483e-01 -1.661236e-02 8.939561e+01 9.988027e-01 -2.807564e-02 -4.006364e-02 1.941614e+02 3.957513e-02 -1.774471e-02 9.990590e-01 3.841492e+00
-2.847111e-02 -9.994612e-01 -1.633319e-02 8.939398e+01 9.988137e-01 -2.779925e-02 -3.997793e-02 1.945320e+02 3.950234e-02 -1.745203e-02 9.990671e-01 3.855229e+00
-2.892005e-02 -9.994353e-01 -1.710746e-02 8.937676e+01 9.988257e-01 -2.822846e-02 -3.937456e-02 1.949137e+02 3.886941e-02 -1.822608e-02 9.990780e-01 3.864180e+00
-2.888453e-02 -9.994164e-01 -1.823941e-02 8.937665e+01 9.988023e-01 -2.813625e-02 -4.002981e-02 1.953116e+02 3.949326e-02 -1.937380e-02 9.990320e-01 3.875732e+00
-2.855575e-02 -9.994286e-01 -1.808449e-02 8.936568e+01 9.988273e-01 -2.782166e-02 -3.962271e-02 1.956998e+02 3.909692e-02 -1.919474e-02 9.990510e-01 3.884509e+00
-2.830565e-02 -9.994149e-01 -1.919885e-02 8.935519e+01 9.988557e-01 -2.753866e-02 -3.910111e-02 1.961140e+02 3.854952e-02 -2.028367e-02 9.990508e-01 3.900353e+00
-2.763021e-02 -9.994461e-01 -1.854792e-02 8.935088e+01 9.988517e-01 -2.687770e-02 -3.965957e-02 1.965303e+02 3.913908e-02 -1.962243e-02 9.990411e-01 3.904161e+00
-2.730536e-02 -9.994385e-01 -1.942281e-02 8.934298e+01 9.988328e-01 -2.650398e-02 -4.038089e-02 1.969645e+02 3.984343e-02 -2.050276e-02 9.989955e-01 3.920905e+00
-2.698088e-02 -9.994581e-01 -1.885350e-02 8.933113e+01 9.988682e-01 -2.621639e-02 -3.968567e-02 1.973956e+02 3.916990e-02 -1.990291e-02 9.990343e-01 3.934464e+00
-2.646399e-02 -9.994315e-01 -2.088817e-02 8.932748e+01 9.988922e-01 -2.562499e-02 -3.946688e-02 1.978471e+02 3.890918e-02 -2.190948e-02 9.990025e-01 3.943419e+00
-2.576911e-02 -9.994661e-01 -2.008508e-02 8.931953e+01 9.988586e-01 -2.493477e-02 -4.074035e-02 1.983037e+02 4.021778e-02 -2.111199e-02 9.989679e-01 3.961606e+00
-2.560043e-02 -9.994369e-01 -2.169077e-02 8.930708e+01 9.988364e-01 -2.468610e-02 -4.142790e-02 1.987764e+02 4.086911e-02 -2.272611e-02 9.989060e-01 3.970141e+00
-2.488589e-02 -9.994901e-01 -2.000963e-02 8.930766e+01 9.988356e-01 -2.403194e-02 -4.183363e-02 1.992592e+02 4.133142e-02 -2.102739e-02 9.989242e-01 3.977958e+00
-2.461338e-02 -9.994674e-01 -2.142690e-02 8.929679e+01 9.989110e-01 -2.373850e-02 -4.016593e-02 1.997356e+02 3.963589e-02 -2.239219e-02 9.989632e-01 3.999357e+00
-2.374911e-02 -9.994732e-01 -2.212202e-02 8.929268e+01 9.989492e-01 -2.285737e-02 -3.972422e-02 2.002429e+02 3.919764e-02 -2.304219e-02 9.989657e-01 4.010766e+00
-2.277231e-02 -9.994847e-01 -2.262086e-02 8.928711e+01 9.989755e-01 -2.186394e-02 -3.962325e-02 2.007593e+02 3.910825e-02 -2.350000e-02 9.989586e-01 4.029594e+00
-2.199733e-02 -9.995105e-01 -2.223937e-02 8.928062e+01 9.989933e-01 -2.110541e-02 -3.958297e-02 2.012896e+02 3.909423e-02 -2.308771e-02 9.989688e-01 4.043575e+00
-2.099431e-02 -9.995258e-01 -2.253033e-02 8.927806e+01 9.990368e-01 -2.010477e-02 -3.900483e-02 2.018294e+02 3.853336e-02 -2.332751e-02 9.989850e-01 4.065440e+00
-1.970768e-02 -9.995476e-01 -2.271818e-02 8.927670e+01 9.990102e-01 -1.878059e-02 -4.032107e-02 2.023936e+02 3.987617e-02 -2.349032e-02 9.989285e-01 4.081672e+00
-1.869810e-02 -9.996010e-01 -2.117189e-02 8.927008e+01 9.989693e-01 -1.780194e-02 -4.175445e-02 2.029592e+02 4.136089e-02 -2.193080e-02 9.989036e-01 4.090453e+00
-1.811290e-02 -9.995942e-01 -2.198815e-02 8.925853e+01 9.988921e-01 -1.713592e-02 -4.382972e-02 2.035359e+02 4.343515e-02 -2.275766e-02 9.987970e-01 4.104988e+00
-1.706195e-02 -9.996104e-01 -2.209337e-02 8.925321e+01 9.989105e-01 -1.608169e-02 -4.380985e-02 2.041193e+02 4.343748e-02 -2.281678e-02 9.987956e-01 4.121293e+00
-1.626992e-02 -9.996093e-01 -2.272804e-02 8.925007e+01 9.989218e-01 -1.526183e-02 -4.384405e-02 2.047174e+02 4.348005e-02 -2.341687e-02 9.987798e-01 4.152751e+00
-1.505828e-02 -9.996572e-01 -2.142143e-02 8.925081e+01 9.990194e-01 -1.414961e-02 -4.195395e-02 2.053139e+02 4.163646e-02 -2.203218e-02 9.988899e-01 4.159447e+00
-1.382375e-02 -9.996578e-01 -2.221032e-02 8.925946e+01 9.990754e-01 -1.290452e-02 -4.101048e-02 2.059344e+02 4.070983e-02 -2.275671e-02 9.989119e-01 4.187578e+00
-1.246822e-02 -9.996670e-01 -2.259021e-02 8.925263e+01 9.991721e-01 -1.158077e-02 -3.899964e-02 2.065516e+02 3.872504e-02 -2.305777e-02 9.989839e-01 4.190416e+00
-1.151228e-02 -9.996045e-01 -2.565701e-02 8.925455e+01 9.991834e-01 -1.050609e-02 -3.901516e-02 2.071867e+02 3.873018e-02 -2.608521e-02 9.989092e-01 4.221658e+00
-1.100349e-02 -9.996563e-01 -2.379242e-02 8.924549e+01 9.991829e-01 -1.006681e-02 -3.914034e-02 2.078339e+02 3.888738e-02 -2.420367e-02 9.989504e-01 4.236216e+00
-1.034594e-02 -9.996555e-01 -2.412186e-02 8.925371e+01 9.991955e-01 -9.400308e-03 -3.898670e-02 2.084752e+02 3.874651e-02 -2.450581e-02 9.989485e-01 4.251857e+00
-9.597778e-03 -9.996663e-01 -2.398259e-02 8.924966e+01 9.991746e-01 -8.640766e-03 -3.969232e-02 2.091397e+02 3.947184e-02 -2.434375e-02 9.989241e-01 4.268469e+00
-9.130001e-03 -9.996947e-01 -2.295795e-02 8.925854e+01 9.992418e-01 -8.252025e-03 -3.804809e-02 2.098015e+02 3.784703e-02 -2.328792e-02 9.990122e-01 4.252501e+00
-8.633852e-03 -9.997139e-01 -2.230662e-02 8.926725e+01 9.992112e-01 -7.760584e-03 -3.894437e-02 2.104716e+02 3.876012e-02 -2.262526e-02 9.989924e-01 4.293390e+00
-8.885741e-03 -9.997284e-01 -2.154440e-02 8.925570e+01 9.991718e-01 -8.021057e-03 -3.989314e-02 2.111454e+02 3.970949e-02 -2.188104e-02 9.989716e-01 4.310368e+00
-8.453965e-03 -9.997642e-01 -2.000010e-02 8.925918e+01 9.991530e-01 -7.640004e-03 -4.043419e-02 2.118263e+02 4.027186e-02 -2.032499e-02 9.989820e-01 4.328559e+00
-7.830143e-03 -9.997836e-01 -1.927065e-02 8.927066e+01 9.991904e-01 -7.062256e-03 -3.960417e-02 2.125088e+02 3.945950e-02 -1.956517e-02 9.990296e-01 4.346188e+00
-7.856846e-03 -9.998134e-01 -1.764428e-02 8.926704e+01 9.991596e-01 -7.139504e-03 -4.035952e-02 2.132181e+02 4.022603e-02 -1.794655e-02 9.990294e-01 4.375700e+00
-7.436872e-03 -9.998435e-01 -1.605723e-02 8.926843e+01 9.991833e-01 -6.792068e-03 -3.983406e-02 2.139294e+02 3.971876e-02 -1.634035e-02 9.990773e-01 4.382083e+00
-6.942391e-03 -9.998662e-01 -1.480793e-02 8.928036e+01 9.991703e-01 -6.341815e-03 -4.023019e-02 2.146502e+02 4.013090e-02 -1.507494e-02 9.990807e-01 4.407218e+00
-7.043839e-03 -9.998602e-01 -1.516236e-02 8.927789e+01 9.992065e-01 -6.443322e-03 -3.930141e-02 2.153741e+02 3.919822e-02 -1.542717e-02 9.991124e-01 4.424976e+00
-7.323146e-03 -9.998558e-01 -1.532069e-02 8.927310e+01 9.991661e-01 -6.700993e-03 -4.027602e-02 2.161209e+02 4.016755e-02 -1.560286e-02 9.990711e-01 4.448202e+00
-7.158518e-03 -9.998680e-01 -1.458312e-02 8.928180e+01 9.991804e-01 -6.571174e-03 -3.994117e-02 2.168529e+02 3.984006e-02 -1.485709e-02 9.990956e-01 4.467144e+00
-7.472515e-03 -9.998699e-01 -1.430004e-02 8.928146e+01 9.991714e-01 -6.893456e-03 -4.011388e-02 2.176104e+02 4.001008e-02 -1.458794e-02 9.990928e-01 4.486875e+00
-6.491303e-03 -9.998921e-01 -1.318112e-02 8.929601e+01 9.991657e-01 -5.953968e-03 -4.040305e-02 2.183665e+02 4.032020e-02 -1.343239e-02 9.990965e-01 4.510639e+00
-6.361485e-03 -9.998853e-01 -1.375155e-02 8.929567e+01 9.991563e-01 -5.797625e-03 -4.065877e-02 2.191394e+02 4.057438e-02 -1.399860e-02 9.990785e-01 4.528287e+00
-5.910039e-03 -9.999036e-01 -1.256173e-02 8.930334e+01 9.991520e-01 -5.392671e-03 -4.081988e-02 2.199324e+02 4.074820e-02 -1.279232e-02 9.990876e-01 4.560811e+00
-5.792022e-03 -9.999139e-01 -1.177859e-02 8.930744e+01 9.991373e-01 -5.302310e-03 -4.118834e-02 2.207106e+02 4.112234e-02 -1.200699e-02 9.990820e-01 4.586004e+00
-5.369663e-03 -9.999419e-01 -9.346208e-03 8.930225e+01 9.991196e-01 -4.975736e-03 -4.165699e-02 2.215031e+02 4.160807e-02 -9.561658e-03 9.990882e-01 4.603082e+00
-5.090952e-03 -9.999481e-01 -8.825090e-03 8.931027e+01 9.991444e-01 -4.724145e-03 -4.108844e-02 2.222952e+02 4.104461e-02 -9.026714e-03 9.991165e-01 4.620882e+00
-4.877925e-03 -9.999519e-01 -8.510021e-03 8.931819e+01 9.991936e-01 -4.534543e-03 -3.989591e-02 2.231003e+02 3.985541e-02 -8.697764e-03 9.991676e-01 4.636067e+00
-4.721642e-03 -9.999540e-01 -8.334054e-03 8.932444e+01 9.992437e-01 -4.396379e-03 -3.863398e-02 2.239093e+02 3.859556e-02 -8.510167e-03 9.992187e-01 4.661250e+00
-4.415631e-03 -9.999531e-01 -8.624102e-03 8.933453e+01 9.992649e-01 -4.083753e-03 -3.811895e-02 2.247204e+02 3.808194e-02 -8.786079e-03 9.992360e-01 4.686717e+00
-4.397750e-03 -9.999486e-01 -9.129946e-03 8.933290e+01 9.993004e-01 -4.055381e-03 -3.718066e-02 2.255456e+02 3.714173e-02 -9.287067e-03 9.992669e-01 4.697079e+00
-3.887296e-03 -9.999400e-01 -1.023021e-02 8.934879e+01 9.993142e-01 -3.507793e-03 -3.686199e-02 2.263816e+02 3.682390e-02 -1.036649e-02 9.992680e-01 4.720007e+00
-4.088759e-03 -9.999348e-01 -1.066084e-02 8.934116e+01 9.993774e-01 -3.712416e-03 -3.508713e-02 2.272195e+02 3.504527e-02 -1.079767e-02 9.993274e-01 4.738968e+00
-4.239202e-03 -9.999123e-01 -1.254841e-02 8.934974e+01 9.993502e-01 -3.786981e-03 -3.584558e-02 2.280730e+02 3.579492e-02 -1.269221e-02 9.992785e-01 4.763344e+00
-3.925443e-03 -9.999208e-01 -1.195453e-02 8.935756e+01 9.993416e-01 -3.491402e-03 -3.611196e-02 2.289220e+02 3.606736e-02 -1.208842e-02 9.992762e-01 4.778266e+00
-3.600359e-03 -9.999050e-01 -1.330440e-02 8.937739e+01 9.992806e-01 -3.095210e-03 -3.779883e-02 2.297628e+02 3.775406e-02 -1.343092e-02 9.991968e-01 4.799254e+00
-3.448725e-03 -9.999279e-01 -1.150463e-02 8.937759e+01 9.992426e-01 -2.999902e-03 -3.879820e-02 2.306339e+02 3.876089e-02 -1.162972e-02 9.991809e-01 4.827908e+00
-3.188252e-03 -9.999254e-01 -1.178965e-02 8.938092e+01 9.992448e-01 -2.729237e-03 -3.875776e-02 2.315130e+02 3.872269e-02 -1.190432e-02 9.991791e-01 4.836722e+00
-3.162384e-03 -9.999430e-01 -1.019489e-02 8.938400e+01 9.992369e-01 -2.762973e-03 -3.895877e-02 2.323881e+02 3.892839e-02 -1.031031e-02 9.991888e-01 4.874379e+00
-3.139019e-03 -9.999440e-01 -1.009801e-02 8.939520e+01 9.993157e-01 -2.764642e-03 -3.688375e-02 2.332648e+02 3.685376e-02 -1.020688e-02 9.992685e-01 4.878197e+00
-4.127264e-03 -9.999413e-01 -1.001109e-02 8.939616e+01 9.993507e-01 -3.766119e-03 -3.583279e-02 2.341445e+02 3.579298e-02 -1.015248e-02 9.993076e-01 4.912646e+00
-4.799247e-03 -9.999376e-01 -1.008957e-02 8.939895e+01 9.994052e-01 -4.451632e-03 -3.419608e-02 2.350374e+02 3.414904e-02 -1.024768e-02 9.993642e-01 4.923075e+00
-5.545139e-03 -9.999248e-01 -1.094306e-02 8.940203e+01 9.994034e-01 -5.168498e-03 -3.415000e-02 2.359499e+02 3.409088e-02 -1.112589e-02 9.993568e-01 4.949019e+00
-6.152630e-03 -9.999207e-01 -1.098714e-02 8.940558e+01 9.994060e-01 -5.775988e-03 -3.397713e-02 2.368513e+02 3.391097e-02 -1.118966e-02 9.993622e-01 4.958528e+00
-6.906509e-03 -9.999051e-01 -1.191931e-02 8.940273e+01 9.993858e-01 -6.492615e-03 -3.443579e-02 2.377820e+02 3.435513e-02 -1.214983e-02 9.993358e-01 4.986082e+00
-7.624030e-03 -9.998927e-01 -1.251145e-02 8.941175e+01 9.993717e-01 -7.185876e-03 -3.470606e-02 2.386940e+02 3.461243e-02 -1.276819e-02 9.993193e-01 5.002779e+00
-8.510232e-03 -9.998914e-01 -1.202477e-02 8.941888e+01 9.993312e-01 -8.076787e-03 -3.566204e-02 2.396225e+02 3.556105e-02 -1.232023e-02 9.992915e-01 5.028245e+00
-9.050608e-03 -9.998865e-01 -1.203922e-02 8.941296e+01 9.993025e-01 -8.607984e-03 -3.633496e-02 2.405633e+02 3.622720e-02 -1.235969e-02 9.992672e-01 5.046144e+00
-9.655833e-03 -9.998859e-01 -1.161580e-02 8.941553e+01 9.992784e-01 -9.222031e-03 -3.684521e-02 2.415049e+02 3.673389e-02 -1.196319e-02 9.992535e-01 5.067667e+00
-1.014674e-02 -9.998831e-01 -1.144449e-02 8.941716e+01 9.992580e-01 -9.713590e-03 -3.726994e-02 2.424620e+02 3.715441e-02 -1.181416e-02 9.992397e-01 5.092456e+00
-1.095128e-02 -9.998828e-01 -1.070535e-02 8.941381e+01 9.992705e-01 -1.055157e-02 -3.670376e-02 2.434241e+02 3.658649e-02 -1.109949e-02 9.992688e-01 5.110478e+00
-1.144552e-02 -9.998825e-01 -1.019082e-02 8.941110e+01 9.993045e-01 -1.107615e-02 -3.560543e-02 2.443851e+02 3.548837e-02 -1.059126e-02 9.993140e-01 5.139903e+00
-1.200593e-02 -9.998771e-01 -1.007903e-02 8.941352e+01 9.992670e-01 -1.163101e-02 -3.647229e-02 2.453633e+02 3.635058e-02 -1.050953e-02 9.992839e-01 5.157692e+00
-1.257968e-02 -9.998732e-01 -9.771484e-03 8.941538e+01 9.992518e-01 -1.221317e-02 -3.669607e-02 2.463414e+02 3.657207e-02 -1.022580e-02 9.992787e-01 5.183124e+00
-1.303446e-02 -9.998602e-01 -1.047498e-02 8.941342e+01 9.992538e-01 -1.264423e-02 -3.649587e-02 2.473253e+02 3.635832e-02 -1.094287e-02 9.992789e-01 5.205790e+00
-1.384008e-02 -9.998535e-01 -1.007371e-02 8.940798e+01 9.992540e-01 -1.346713e-02 -3.619426e-02 2.483146e+02 3.605329e-02 -1.056713e-02 9.992940e-01 5.227043e+00
-1.436436e-02 -9.998451e-01 -1.016189e-02 8.940499e+01 9.992400e-01 -1.398593e-02 -3.638221e-02 2.493136e+02 3.623446e-02 -1.067678e-02 9.992863e-01 5.237454e+00
-1.462805e-02 -9.998509e-01 -9.172508e-03 8.940205e+01 9.992201e-01 -1.428115e-02 -3.681581e-02 2.503106e+02 3.667933e-02 -9.703901e-03 9.992800e-01 5.272037e+00
-1.538897e-02 -9.998288e-01 -1.027648e-02 8.939745e+01 9.992471e-01 -1.501232e-02 -3.577311e-02 2.513241e+02 3.561271e-02 -1.081925e-02 9.993071e-01 5.292132e+00
-1.607239e-02 -9.998121e-01 -1.083658e-02 8.938990e+01 9.992762e-01 -1.568824e-02 -3.465552e-02 2.523385e+02 3.447900e-02 -1.138573e-02 9.993406e-01 5.310075e+00
-1.672280e-02 -9.998096e-01 -1.006379e-02 8.938040e+01 9.992938e-01 -1.637369e-02 -3.382155e-02 2.533612e+02 3.365033e-02 -1.062228e-02 9.993772e-01 5.340231e+00
-1.738393e-02 -9.997703e-01 -1.254274e-02 8.937138e+01 9.992896e-01 -1.695323e-02 -3.365858e-02 2.543946e+02 3.343821e-02 -1.311894e-02 9.993547e-01 5.347483e+00
-1.789176e-02 -9.997590e-01 -1.271973e-02 8.936286e+01 9.992943e-01 -1.746035e-02 -3.325549e-02 2.554307e+02 3.302538e-02 -1.330576e-02 9.993659e-01 5.379457e+00
-1.898003e-02 -9.997070e-01 -1.501720e-02 8.934789e+01 9.993122e-01 -1.848984e-02 -3.214092e-02 2.564662e+02 3.185384e-02 -1.561691e-02 9.993705e-01 5.394040e+00
-1.965964e-02 -9.996794e-01 -1.595487e-02 8.934123e+01 9.992391e-01 -1.910841e-02 -3.399923e-02 2.575162e+02 3.368346e-02 -1.661115e-02 9.992945e-01 5.412330e+00
-2.004075e-02 -9.996749e-01 -1.576545e-02 8.933064e+01 9.992160e-01 -1.948804e-02 -3.446070e-02 2.585764e+02 3.414226e-02 -1.644370e-02 9.992817e-01 5.436762e+00
-2.042913e-02 -9.996617e-01 -1.609169e-02 8.932530e+01 9.991768e-01 -1.984984e-02 -3.537887e-02 2.596323e+02 3.504749e-02 -1.680121e-02 9.992444e-01 5.468640e+00
-2.057910e-02 -9.996668e-01 -1.558172e-02 8.931156e+01 9.992270e-01 -2.004308e-02 -3.381559e-02 2.607036e+02 3.349202e-02 -1.626557e-02 9.993066e-01 5.477987e+00
-2.074969e-02 -9.996632e-01 -1.558649e-02 8.930222e+01 9.992204e-01 -2.021176e-02 -3.391415e-02 2.617747e+02 3.358769e-02 -1.627804e-02 9.993032e-01 5.513913e+00
-2.112126e-02 -9.996633e-01 -1.507701e-02 8.929332e+01 9.992053e-01 -2.059686e-02 -3.412633e-02 2.628442e+02 3.380430e-02 -1.578582e-02 9.993038e-01 5.527366e+00
-2.136862e-02 -9.996464e-01 -1.582813e-02 8.927661e+01 9.991726e-01 -2.080524e-02 -3.494439e-02 2.639447e+02 3.460272e-02 -1.656175e-02 9.992639e-01 5.558982e+00
-2.164364e-02 -9.996554e-01 -1.485086e-02 8.926458e+01 9.991861e-01 -2.112293e-02 -3.436416e-02 2.650302e+02 3.403862e-02 -1.558254e-02 9.992990e-01 5.571297e+00
-2.208996e-02 -9.996201e-01 -1.648350e-02 8.924278e+01 9.991759e-01 -2.151263e-02 -3.442044e-02 2.661431e+02 3.405276e-02 -1.723026e-02 9.992715e-01 5.592717e+00
-2.215219e-02 -9.996090e-01 -1.706301e-02 8.922987e+01 9.991921e-01 -2.156395e-02 -3.391418e-02 2.672365e+02 3.353297e-02 -1.780049e-02 9.992791e-01 5.624498e+00
-2.231169e-02 -9.996035e-01 -1.718184e-02 8.922176e+01 9.991835e-01 -2.171648e-02 -3.407251e-02 2.683449e+02 3.368587e-02 -1.792802e-02 9.992716e-01 5.640275e+00
-2.227736e-02 -9.996227e-01 -1.606411e-02 8.921257e+01 9.991624e-01 -2.170974e-02 -3.468507e-02 2.694480e+02 3.432324e-02 -1.682334e-02 9.992692e-01 5.664295e+00
-2.237928e-02 -9.996289e-01 -1.553403e-02 8.920273e+01 9.991683e-01 -2.183378e-02 -3.443956e-02 2.705727e+02 3.408761e-02 -1.629185e-02 9.992861e-01 5.702761e+00
-2.245986e-02 -9.996474e-01 -1.416005e-02 8.918613e+01 9.991817e-01 -2.196831e-02 -3.396107e-02 2.717004e+02 3.363802e-02 -1.491122e-02 9.993228e-01 5.703648e+00
-2.280176e-02 -9.996421e-01 -1.399068e-02 8.917548e+01 9.991723e-01 -2.231503e-02 -3.401222e-02 2.728329e+02 3.368784e-02 -1.475464e-02 9.993235e-01 5.745030e+00
-2.283931e-02 -9.996559e-01 -1.289978e-02 8.915904e+01 9.991749e-01 -2.239108e-02 -3.388458e-02 2.739735e+02 3.358408e-02 -1.366304e-02 9.993425e-01 5.757923e+00
-2.296233e-02 -9.996436e-01 -1.362249e-02 8.914443e+01 9.991716e-01 -2.248937e-02 -3.391609e-02 2.751196e+02 3.359763e-02 -1.439000e-02 9.993318e-01 5.773592e+00
-2.300441e-02 -9.996216e-01 -1.508261e-02 8.912872e+01 9.991873e-01 -2.248973e-02 -3.345048e-02 2.762692e+02 3.309862e-02 -1.583986e-02 9.993266e-01 5.805557e+00
-2.338803e-02 -9.995912e-01 -1.644372e-02 8.910883e+01 9.992052e-01 -2.284163e-02 -3.266709e-02 2.774238e+02 3.227813e-02 -1.719467e-02 9.993310e-01 5.816224e+00
-2.336705e-02 -9.995990e-01 -1.599995e-02 8.910249e+01 9.991381e-01 -2.280092e-02 -3.468701e-02 2.785807e+02 3.430828e-02 -1.679669e-02 9.992701e-01 5.849705e+00
-2.337396e-02 -9.996033e-01 -1.571722e-02 8.908500e+01 9.990798e-01 -2.279019e-02 -3.633558e-02 2.797597e+02 3.596297e-02 -1.655206e-02 9.992160e-01 5.882021e+00
-2.378571e-02 -9.996086e-01 -1.473036e-02 8.906025e+01 9.990802e-01 -2.324218e-02 -3.603354e-02 2.809340e+02 3.567707e-02 -1.557389e-02 9.992420e-01 5.896222e+00
-2.394509e-02 -9.996036e-01 -1.481326e-02 8.905106e+01 9.991691e-01 -2.344054e-02 -3.334289e-02 2.821051e+02 3.298244e-02 -1.559935e-02 9.993342e-01 5.926934e+00
-2.370298e-02 -9.996265e-01 -1.360537e-02 8.904920e+01 9.992076e-01 -2.325344e-02 -3.230438e-02 2.832918e+02 3.197594e-02 -1.436030e-02 9.993855e-01 5.945293e+00
-2.309954e-02 -9.996290e-01 -1.442786e-02 8.903416e+01 9.991794e-01 -2.260417e-02 -3.361002e-02 2.844856e+02 3.327143e-02 -1.519240e-02 9.993309e-01 5.971777e+00
-2.374995e-02 -9.996001e-01 -1.535360e-02 8.900574e+01 9.991492e-01 -2.321565e-02 -3.408637e-02 2.856813e+02 3.371629e-02 -1.615009e-02 9.993010e-01 5.987579e+00
-2.423012e-02 -9.995839e-01 -1.565018e-02 8.898812e+01 9.991503e-01 -2.369148e-02 -3.372550e-02 2.868902e+02 3.334069e-02 -1.645405e-02 9.993086e-01 6.021877e+00
-2.505589e-02 -9.995050e-01 -1.902531e-02 8.896290e+01 9.991958e-01 -2.444309e-02 -3.178455e-02 2.880826e+02 3.130377e-02 -1.980640e-02 9.993137e-01 6.023691e+00
-2.487743e-02 -9.994632e-01 -2.131740e-02 8.894438e+01 9.992541e-01 -2.423084e-02 -3.007013e-02 2.892961e+02 2.953745e-02 -2.204957e-02 9.993204e-01 6.062081e+00
-2.494240e-02 -9.993914e-01 -2.438572e-02 8.892613e+01 9.992462e-01 -2.419817e-02 -3.035496e-02 2.905141e+02 2.974640e-02 -2.512446e-02 9.992417e-01 6.075836e+00
-2.512217e-02 -9.993810e-01 -2.462560e-02 8.891190e+01 9.991419e-01 -2.428961e-02 -3.354706e-02 2.917430e+02 3.292815e-02 -2.544724e-02 9.991337e-01 6.103282e+00
-2.504027e-02 -9.994028e-01 -2.380913e-02 8.889721e+01 9.990883e-01 -2.419466e-02 -3.517143e-02 2.929733e+02 3.457438e-02 -2.466813e-02 9.990976e-01 6.131779e+00
-2.548742e-02 -9.994258e-01 -2.232850e-02 8.887772e+01 9.990821e-01 -2.469665e-02 -3.500030e-02 2.942080e+02 3.442876e-02 -2.320007e-02 9.991378e-01 6.155909e+00
-2.553022e-02 -9.994326e-01 -2.197103e-02 8.886219e+01 9.991180e-01 -2.477700e-02 -3.390387e-02 2.954548e+02 3.334026e-02 -2.281723e-02 9.991836e-01 6.179105e+00
-2.562284e-02 -9.994048e-01 -2.309566e-02 8.883849e+01 9.990976e-01 -2.481848e-02 -3.446762e-02 2.966977e+02 3.387391e-02 -2.395798e-02 9.991389e-01 6.200093e+00
-2.581477e-02 -9.993975e-01 -2.320160e-02 8.881545e+01 9.990668e-01 -2.498829e-02 -3.522955e-02 2.979429e+02 3.462855e-02 -2.408939e-02 9.991099e-01 6.227300e+00
-2.605414e-02 -9.993358e-01 -2.547811e-02 8.879147e+01 9.990754e-01 -2.515858e-02 -3.486148e-02 2.992085e+02 3.419733e-02 -2.636284e-02 9.990674e-01 6.257939e+00
-2.584732e-02 -9.993466e-01 -2.526588e-02 8.878135e+01 9.990687e-01 -2.494997e-02 -3.520280e-02 3.004759e+02 3.454942e-02 -2.615224e-02 9.990608e-01 6.282938e+00
-2.646112e-02 -9.993377e-01 -2.497633e-02 8.875288e+01 9.990247e-01 -2.555317e-02 -3.600647e-02 3.017490e+02 3.534440e-02 -2.590475e-02 9.990394e-01 6.312588e+00
-2.614641e-02 -9.993758e-01 -2.375437e-02 8.874168e+01 9.990159e-01 -2.527070e-02 -3.644878e-02 3.030333e+02 3.582574e-02 -2.468400e-02 9.990532e-01 6.348092e+00
-2.663696e-02 -9.993520e-01 -2.420849e-02 8.871651e+01 9.990592e-01 -2.578449e-02 -3.486799e-02 3.043124e+02 3.422119e-02 -2.511449e-02 9.990987e-01 6.371332e+00
-2.658463e-02 -9.993729e-01 -2.338824e-02 8.869810e+01 9.990869e-01 -2.577966e-02 -3.407051e-02 3.055890e+02 3.344621e-02 -2.427264e-02 9.991457e-01 6.390406e+00
-2.617383e-02 -9.993348e-01 -2.539804e-02 8.867262e+01 9.991341e-01 -2.532959e-02 -3.300722e-02 3.068959e+02 3.234194e-02 -2.623997e-02 9.991323e-01 6.421467e+00
-2.623367e-02 -9.993176e-01 -2.600071e-02 8.865612e+01 9.990830e-01 -2.532941e-02 -3.451948e-02 3.081992e+02 3.383734e-02 -2.688245e-02 9.990658e-01 6.448842e+00
-2.604508e-02 -9.993174e-01 -2.619934e-02 8.863194e+01 9.991294e-01 -2.516788e-02 -3.327209e-02 3.095066e+02 3.258999e-02 -2.704310e-02 9.991029e-01 6.464300e+00
-2.589905e-02 -9.993034e-01 -2.686878e-02 8.860836e+01 9.991208e-01 -2.498937e-02 -3.366292e-02 3.108146e+02 3.296803e-02 -2.771700e-02 9.990720e-01 6.507110e+00
-2.598536e-02 -9.993200e-01 -2.615834e-02 8.858814e+01 9.991478e-01 -2.512354e-02 -3.275072e-02 3.121240e+02 3.207126e-02 -2.698708e-02 9.991212e-01 6.523267e+00
-2.579153e-02 -9.993085e-01 -2.678172e-02 8.856139e+01 9.991018e-01 -2.486676e-02 -3.430872e-02 3.134516e+02 3.361903e-02 -2.764254e-02 9.990524e-01 6.560495e+00
-2.518892e-02 -9.993343e-01 -2.639037e-02 8.855502e+01 9.990991e-01 -2.426356e-02 -3.481798e-02 3.147752e+02 3.415448e-02 -2.724362e-02 9.990452e-01 6.571856e+00
-2.464485e-02 -9.993412e-01 -2.664026e-02 8.853292e+01 9.990500e-01 -2.366209e-02 -3.659483e-02 3.161221e+02 3.594036e-02 -2.751682e-02 9.989750e-01 6.614571e+00
-2.421010e-02 -9.993994e-01 -2.479121e-02 8.851361e+01 9.990803e-01 -2.330965e-02 -3.598774e-02 3.174578e+02 3.538825e-02 -2.563968e-02 9.990447e-01 6.637625e+00
-2.371848e-02 -9.993927e-01 -2.552964e-02 8.850262e+01 9.990907e-01 -2.279079e-02 -3.603304e-02 3.188032e+02 3.542931e-02 -2.636107e-02 9.990245e-01 6.672287e+00
-2.363789e-02 -9.994317e-01 -2.403594e-02 8.848648e+01 9.991340e-01 -2.279353e-02 -3.481032e-02 3.201430e+02 3.424267e-02 -2.483796e-02 9.991049e-01 6.698427e+00
-2.348423e-02 -9.994099e-01 -2.506744e-02 8.846513e+01 9.991648e-01 -2.262515e-02 -3.402629e-02 3.215015e+02 3.343906e-02 -2.584559e-02 9.991065e-01 6.724702e+00
-2.312350e-02 -9.994509e-01 -2.373709e-02 8.844806e+01 9.991550e-01 -2.229655e-02 -3.452982e-02 3.228599e+02 3.398160e-02 -2.451548e-02 9.991217e-01 6.745210e+00
-2.300274e-02 -9.994433e-01 -2.416676e-02 8.843019e+01 9.991964e-01 -2.218986e-02 -3.337945e-02 3.242208e+02 3.282462e-02 -2.491515e-02 9.991505e-01 6.772641e+00
-2.271926e-02 -9.994588e-01 -2.378581e-02 8.840321e+01 9.991745e-01 -2.189869e-02 -3.421436e-02 3.255999e+02 3.367497e-02 -2.454350e-02 9.991314e-01 6.814155e+00
-2.218080e-02 -9.994617e-01 -2.417192e-02 8.839927e+01 9.992334e-01 -2.138257e-02 -3.279302e-02 3.269620e+02 3.225851e-02 -2.488077e-02 9.991698e-01 6.816737e+00
-2.235079e-02 -9.994665e-01 -2.381422e-02 8.837026e+01 9.991951e-01 -2.153832e-02 -3.384254e-02 3.283500e+02 3.331157e-02 -2.455146e-02 9.991434e-01 6.867106e+00
-2.190781e-02 -9.994864e-01 -2.338558e-02 8.836056e+01 9.992202e-01 -2.112156e-02 -3.335974e-02 3.297249e+02 3.284866e-02 -2.409818e-02 9.991698e-01 6.876191e+00
-2.187228e-02 -9.994876e-01 -2.337269e-02 8.834786e+01 9.992298e-01 -2.109259e-02 -3.309107e-02 3.311060e+02 3.258111e-02 -2.407846e-02 9.991790e-01 6.916345e+00
-2.154577e-02 -9.995205e-01 -2.224043e-02 8.832970e+01 9.992411e-01 -2.080715e-02 -3.292917e-02 3.325007e+02 3.245062e-02 -2.293303e-02 9.992102e-01 6.924872e+00
-2.086437e-02 -9.995593e-01 -2.111194e-02 8.832554e+01 9.992453e-01 -2.015662e-02 -3.320089e-02 3.339007e+02 3.276072e-02 -2.178872e-02 9.992257e-01 6.978848e+00
-2.022004e-02 -9.996029e-01 -1.962922e-02 8.831306e+01 9.992293e-01 -1.954389e-02 -3.404483e-02 3.353081e+02 3.364768e-02 -2.030247e-02 9.992275e-01 7.007478e+00
-1.977372e-02 -9.996346e-01 -1.843451e-02 8.831028e+01 9.992507e-01 -1.914585e-02 -3.363725e-02 3.367093e+02 3.327201e-02 -1.908583e-02 9.992641e-01 7.012275e+00
-1.927400e-02 -9.996750e-01 -1.668848e-02 8.828825e+01 9.993121e-01 -1.873267e-02 -3.200676e-02 3.381227e+02 3.168373e-02 -1.729390e-02 9.993483e-01 7.054873e+00
-1.903117e-02 -9.996561e-01 -1.804055e-02 8.827511e+01 9.993207e-01 -1.844883e-02 -3.190416e-02 3.395464e+02 3.156036e-02 -1.863546e-02 9.993281e-01 7.066189e+00
-1.839900e-02 -9.996877e-01 -1.691021e-02 8.827080e+01 9.993533e-01 -1.786494e-02 -3.120641e-02 3.409619e+02 3.089456e-02 -1.747344e-02 9.993699e-01 7.110209e+00
-1.809502e-02 -9.996654e-01 -1.848746e-02 8.825790e+01 9.993244e-01 -1.749104e-02 -3.232332e-02 3.423863e+02 3.198914e-02 -1.905986e-02 9.993064e-01 7.125760e+00
-1.695454e-02 -9.997306e-01 -1.585489e-02 8.825656e+01 9.993870e-01 -1.645857e-02 -3.090065e-02 3.438177e+02 3.063138e-02 -1.636907e-02 9.993967e-01 7.123926e+00
-1.679420e-02 -9.997288e-01 -1.613007e-02 8.824514e+01 9.993491e-01 -1.626855e-02 -3.219731e-02 3.452378e+02 3.192617e-02 -1.666030e-02 9.993514e-01 7.201033e+00
-1.647902e-02 -9.997266e-01 -1.658990e-02 8.823293e+01 9.993940e-01 -1.596022e-02 -3.093471e-02 3.466810e+02 3.066147e-02 -1.708962e-02 9.993837e-01 7.176486e+00
-1.569879e-02 -9.997329e-01 -1.696280e-02 8.822610e+01 9.993567e-01 -1.514131e-02 -3.251072e-02 3.481342e+02 3.224519e-02 -1.746227e-02 9.993274e-01 7.240249e+00
-1.508188e-02 -9.997681e-01 -1.536551e-02 8.822524e+01 9.994246e-01 -1.460636e-02 -3.061277e-02 3.495714e+02 3.038124e-02 -1.581837e-02 9.994132e-01 7.228832e+00
-1.440513e-02 -9.997613e-01 -1.642449e-02 8.820755e+01 9.993719e-01 -1.386368e-02 -3.261499e-02 3.510373e+02 3.237950e-02 -1.688400e-02 9.993330e-01 7.271737e+00
-1.386487e-02 -9.998150e-01 -1.332748e-02 8.820570e+01 9.994510e-01 -1.345640e-02 -3.027514e-02 3.524798e+02 3.009020e-02 -1.373993e-02 9.994528e-01 7.302226e+00
-1.347697e-02 -9.997752e-01 -1.637205e-02 8.820430e+01 9.993582e-01 -1.292437e-02 -3.340875e-02 3.539410e+02 3.318964e-02 -1.681179e-02 9.993077e-01 7.324963e+00
-1.231349e-02 -9.998490e-01 -1.227048e-02 8.820290e+01 9.994345e-01 -1.192236e-02 -3.144436e-02 3.553932e+02 3.129331e-02 -1.265073e-02 9.994302e-01 7.351874e+00
-1.222420e-02 -9.997962e-01 -1.606181e-02 8.820014e+01 9.993648e-01 -1.167810e-02 -3.366865e-02 3.568840e+02 3.347423e-02 -1.646318e-02 9.993040e-01 7.397338e+00
-1.148593e-02 -9.998322e-01 -1.427115e-02 8.819654e+01 9.994649e-01 -1.104236e-02 -3.078841e-02 3.583576e+02 3.062566e-02 -1.461715e-02 9.994240e-01 7.391664e+00
-1.128542e-02 -9.998001e-01 -1.650168e-02 8.819292e+01 9.994041e-01 -1.073962e-02 -3.280401e-02 3.598273e+02 3.262024e-02 -1.686206e-02 9.993256e-01 7.439949e+00
-1.066470e-02 -9.998171e-01 -1.588063e-02 8.818694e+01 9.994648e-01 -1.016694e-02 -3.109466e-02 3.613096e+02 3.092751e-02 -1.620374e-02 9.993903e-01 7.445086e+00
-1.059628e-02 -9.997959e-01 -1.720287e-02 8.818757e+01 9.994490e-01 -1.004821e-02 -3.163628e-02 3.628036e+02 3.145696e-02 -1.752862e-02 9.993514e-01 7.492565e+00
-1.095438e-02 -9.998016e-01 -1.664287e-02 8.819282e+01 9.994803e-01 -1.044315e-02 -3.049793e-02 3.642875e+02 3.031807e-02 -1.696830e-02 9.993963e-01 7.507768e+00
-1.204097e-02 -9.997579e-01 -1.841831e-02 8.818767e+01 9.994187e-01 -1.144511e-02 -3.211455e-02 3.657932e+02 3.189598e-02 -1.879429e-02 9.993145e-01 7.537074e+00
-1.273942e-02 -9.997767e-01 -1.685611e-02 8.817916e+01 9.994540e-01 -1.221782e-02 -3.069845e-02 3.672879e+02 3.048565e-02 -1.723799e-02 9.993865e-01 7.558701e+00
-1.379871e-02 -9.997191e-01 -1.927157e-02 8.816916e+01 9.994580e-01 -1.321387e-02 -3.015052e-02 3.687888e+02 2.988739e-02 -1.967716e-02 9.993595e-01 7.594042e+00
-1.430833e-02 -9.997326e-01 -1.816787e-02 8.816647e+01 9.994873e-01 -1.377964e-02 -2.889945e-02 3.702985e+02 2.864138e-02 -1.857205e-02 9.994172e-01 7.615085e+00
-1.525009e-02 -9.996682e-01 -2.076170e-02 8.816110e+01 9.994317e-01 -1.461542e-02 -3.037764e-02 3.718163e+02 3.006412e-02 -2.121316e-02 9.993228e-01 7.626873e+00
-1.573253e-02 -9.997244e-01 -1.742486e-02 8.815354e+01 9.993997e-01 -1.518458e-02 -3.113967e-02 3.733424e+02 3.086650e-02 -1.790431e-02 9.993631e-01 7.655783e+00
-1.672506e-02 -9.996560e-01 -2.020034e-02 8.814340e+01 9.993958e-01 -1.609838e-02 -3.080283e-02 3.748479e+02 3.046704e-02 -2.070332e-02 9.993213e-01 7.695052e+00
-1.801634e-02 -9.996753e-01 -1.801667e-02 8.812493e+01 9.993585e-01 -1.744699e-02 -3.127575e-02 3.763861e+02 3.095126e-02 -1.856858e-02 9.993484e-01 7.715318e+00
-1.878631e-02 -9.996472e-01 -1.877820e-02 8.811615e+01 9.993567e-01 -1.820028e-02 -3.090184e-02 3.779166e+02 3.054917e-02 -1.934665e-02 9.993460e-01 7.728770e+00
-1.929390e-02 -9.996516e-01 -1.801122e-02 8.810107e+01 9.993225e-01 -1.871657e-02 -3.169143e-02 3.794551e+02 3.134328e-02 -1.861047e-02 9.993354e-01 7.774334e+00
-1.991653e-02 -9.995983e-01 -2.016621e-02 8.808897e+01 9.993348e-01 -1.928675e-02 -3.095385e-02 3.809843e+02 3.055247e-02 -2.076929e-02 9.993173e-01 7.783801e+00
-2.059686e-02 -9.995875e-01 -2.001119e-02 8.806143e+01 9.993199e-01 -1.997077e-02 -3.099841e-02 3.825271e+02 3.058599e-02 -2.063606e-02 9.993191e-01 7.811994e+00
-2.107739e-02 -9.995273e-01 -2.237954e-02 8.804826e+01 9.993724e-01 -2.042615e-02 -2.894113e-02 3.840767e+02 2.847032e-02 -2.297550e-02 9.993306e-01 7.843537e+00
-2.127028e-02 -9.994925e-01 -2.371435e-02 8.803614e+01 9.993753e-01 -2.058631e-02 -2.872590e-02 3.856227e+02 2.822313e-02 -2.431054e-02 9.993060e-01 7.854701e+00
-2.155495e-02 -9.994731e-01 -2.427088e-02 8.802145e+01 9.993784e-01 -2.086264e-02 -2.841901e-02 3.871860e+02 2.789768e-02 -2.486836e-02 9.993014e-01 7.884595e+00
-2.207220e-02 -9.994517e-01 -2.467938e-02 8.800218e+01 9.993600e-01 -2.136159e-02 -2.869187e-02 3.887524e+02 2.814894e-02 -2.529688e-02 9.992836e-01 7.904287e+00
-2.223849e-02 -9.994574e-01 -2.429545e-02 8.797713e+01 9.993448e-01 -2.152872e-02 -2.909518e-02 3.903159e+02 2.855635e-02 -2.492657e-02 9.992813e-01 7.934854e+00
-2.258360e-02 -9.994431e-01 -2.456702e-02 8.795948e+01 9.992949e-01 -2.182937e-02 -3.054748e-02 3.918819e+02 2.999418e-02 -2.523957e-02 9.992313e-01 7.957247e+00
-2.251828e-02 -9.994763e-01 -2.323516e-02 8.794688e+01 9.992748e-01 -2.178788e-02 -3.122546e-02 3.934622e+02 3.070287e-02 -2.392146e-02 9.992422e-01 7.979110e+00
-2.246153e-02 -9.994759e-01 -2.330974e-02 8.792845e+01 9.992951e-01 -2.174383e-02 -3.060117e-02 3.950484e+02 3.007829e-02 -2.398066e-02 9.992598e-01 8.006489e+00
-2.258444e-02 -9.995019e-01 -2.203982e-02 8.790389e+01 9.993078e-01 -2.191722e-02 -3.006187e-02 3.966118e+02 2.956384e-02 -2.270349e-02 9.993050e-01 8.029924e+00
-2.254331e-02 -9.994875e-01 -2.272853e-02 8.788355e+01 9.992991e-01 -2.184784e-02 -3.039570e-02 3.981982e+02 2.988355e-02 -2.339782e-02 9.992795e-01 8.064434e+00
-2.209818e-02 -9.995173e-01 -2.184114e-02 8.786780e+01 9.993423e-01 -2.145529e-02 -2.923788e-02 3.997933e+02 2.875516e-02 -2.247288e-02 9.993339e-01 8.093212e+00
-2.183425e-02 -9.995273e-01 -2.164661e-02 8.785197e+01 9.993910e-01 -2.123147e-02 -2.769502e-02 4.013892e+02 2.722234e-02 -2.223812e-02 9.993820e-01 8.104236e+00
-2.162361e-02 -9.995354e-01 -2.147945e-02 8.784034e+01 9.993874e-01 -2.101910e-02 -2.798269e-02 4.029909e+02 2.751821e-02 -2.207138e-02 9.993776e-01 8.130443e+00
-2.114964e-02 -9.995822e-01 -1.970060e-02 8.782505e+01 9.993618e-01 -2.056944e-02 -2.920544e-02 4.046034e+02 2.878801e-02 -2.030572e-02 9.993793e-01 8.154500e+00
-2.062833e-02 -9.995872e-01 -1.999862e-02 8.782188e+01 9.993789e-01 -2.004385e-02 -2.898887e-02 4.062139e+02 2.857605e-02 -2.058418e-02 9.993796e-01 8.180832e+00
-2.052319e-02 -9.996250e-01 -1.813076e-02 8.779607e+01 9.993279e-01 -1.995951e-02 -3.074680e-02 4.078256e+02 3.037339e-02 -1.874960e-02 9.993628e-01 8.185508e+00
-4.902375e-02 -9.987699e-01 -7.436763e-03 8.715939e+01 9.984125e-01 -4.879683e-02 -2.812942e-02 4.104195e+02 2.773193e-02 -8.803968e-03 9.995766e-01 8.425944e+00