1.000000e+00 0.000000e+00 0.000000e+00 0.000000e+00 0.000000e+00 1.000000e+00 0.000000e+00 0.000000e+00 0.000000e+00 0.000000e+00 1.000000e+00 0.000000e+00
9.999999e-01 2.079662e-04 -2.891341e-04 4.494046e-03 -2.079006e-04 1.000000e+00 2.267509e-04 -2.303917e-03 2.891813e-04 -2.266908e-04 9.999999e-01 -9.045029e-03
9.999999e-01 2.444237e-04 9.128945e-05 1.527678e-03 -2.444172e-04 1.000000e+00 -7.226373e-05 -2.445981e-03 -9.130712e-05 7.224142e-05 1.000000e+00 -3.926818e-03
9.999999e-01 2.338506e-04 -1.104259e-04 1.971777e-03 -2.338659e-04 1.000000e+00 -1.378611e-04 -2.125701e-04 1.103937e-04 1.378869e-04 1.000000e+00 -8.048721e-03
1.000000e+00 1.931122e-04 -5.060807e-05 4.749162e-03 -1.931101e-04 1.000000e+00 4.143563e-05 1.149132e-03 5.061607e-05 -4.142586e-05 1.000000e+00 -4.326210e-03
9.999999e-01 3.350992e-04 -1.909435e-04 1.561103e-03 -3.350834e-04 1.000000e+00 8.304774e-05 -1.385474e-03 1.909714e-04 -8.298375e-05 1.000000e+00 -9.924394e-03
9.999999e-01 4.069117e-04 -3.149378e-04 5.070576e-03 -4.068322e-04 9.999998e-01 2.524024e-04 5.614657e-04 3.150404e-04 -2.522742e-04 9.999999e-01 -8.237895e-03
9.999999e-01 1.341840e-04 -3.029325e-04 3.421936e-03 -1.341780e-04 1.000000e+00 1.991809e-05 1.245490e-05 3.029352e-04 -1.987744e-05 9.999999e-01 -5.930895e-03
9.999999e-01 1.464705e-04 -3.115603e-04 3.379189e-03 -1.464711e-04 1.000000e+00 -1.803941e-06 2.022905e-03 3.115600e-04 1.849575e-06 9.999999e-01 -5.068481e-03
9.999999e-01 2.953848e-04 -7.223758e-05 4.136038e-03 -2.954154e-04 9.999998e-01 -4.242059e-04 -1.586627e-03 7.211228e-05 4.242272e-04 9.999999e-01 -3.092150e-03
9.999999e-01 2.892117e-04 -1.139768e-04 7.325955e-03 -2.892022e-04 1.000000e+00 8.316110e-05 4.666215e-04 1.140008e-04 -8.312814e-05 1.000000e+00 -6.579987e-03
9.999999e-01 3.635844e-04 -1.217361e-04 3.353165e-03 -3.635933e-04 1.000000e+00 -7.282244e-05 -1.576275e-03 1.217097e-04 7.286669e-05 1.000000e+00 -5.077398e-03
9.999999e-01 2.605703e-04 -3.234905e-04 5.369727e-03 -2.605462e-04 1.000000e+00 7.465124e-05 -2.187857e-03 3.235099e-04 -7.456695e-05 9.999999e-01 -1.840830e-03
9.999999e-01 2.034674e-04 -3.790205e-04 2.820189e-03 -2.033794e-04 9.999999e-01 2.320700e-04 -1.170687e-04 3.790677e-04 -2.319929e-04 9.999999e-01 -1.155052e-02
9.999999e-01 3.608596e-04 1.261433e-04 2.491843e-03 -3.608842e-04 1.000000e+00 1.946926e-04 2.587137e-03 -1.260730e-04 -1.947381e-04 1.000000e+00 -5.439224e-03
1.000000e+00 1.946115e-04 1.293122e-04 4.278133e-03 -1.946543e-04 1.000000e+00 3.310027e-04 7.764582e-04 -1.292478e-04 -3.310279e-04 9.999999e-01 -6.346195e-03
1.000000e+00 4.486910e-05 -1.130657e-04 1.087459e-02 -4.481090e-05 9.999998e-01 5.146752e-04 -1.178943e-03 1.130888e-04 -5.146701e-04 9.999999e-01 -7.237615e-03
1.000000e+00 -1.604527e-05 1.537938e-04 1.401130e-02 1.591395e-05 9.999995e-01 8.538518e-04 -1.663857e-03 -1.538075e-04 -8.538493e-04 9.999996e-01 -5.248856e-03
9.999997e-01 -8.032423e-04 8.454205e-06 2.143756e-02 8.032323e-04 9.999990e-01 1.124921e-03 -1.761210e-03 -9.357781e-06 -1.124913e-03 9.999993e-01 -5.360827e-03
9.999992e-01 -1.264894e-03 1.022541e-04 3.694823e-02 1.264691e-03 9.999974e-01 1.965445e-03 3.747207e-03 -1.047399e-04 -1.965314e-03 9.999981e-01 -1.294457e-02
9.999975e-01 -2.246465e-03 7.220979e-05 5.319079e-02 2.246274e-03 9.999943e-01 2.544332e-03 3.031553e-03 -7.792513e-05 -2.544163e-03 9.999968e-01 -1.045060e-02
9.999949e-01 -3.170746e-03 -1.849569e-04 7.365276e-02 3.171236e-03 9.999912e-01 2.714498e-03 4.961941e-03 1.763483e-04 -2.715070e-03 9.999963e-01 -1.182252e-02
9.999907e-01 -4.283723e-03 -4.422208e-04 1.053946e-01 4.285109e-03 9.999858e-01 3.182492e-03 8.081662e-03 4.285816e-04 -3.184357e-03 9.999948e-01 -8.214312e-03
9.999860e-01 -5.274077e-03 -4.398363e-04 1.386769e-01 5.275291e-03 9.999822e-01 2.806307e-03 6.527534e-03 4.250277e-04 -2.808588e-03 9.999959e-01 -3.279611e-03
9.999774e-01 -6.711975e-03 -2.715585e-04 1.738007e-01 6.712920e-03 9.999709e-01 3.640415e-03 1.320933e-02 2.471162e-04 -3.642156e-03 9.999933e-01 -7.257078e-03
9.999613e-01 -8.768339e-03 -6.742050e-04 2.150696e-01 8.771390e-03 9.999506e-01 4.663655e-03 1.883786e-02 6.332792e-04 -4.669388e-03 9.999889e-01 -1.631334e-02
9.999391e-01 -1.102317e-02 -5.695206e-04 2.622925e-01 1.102550e-02 9.999300e-01 4.266265e-03 2.031679e-02 5.224531e-04 -4.272284e-03 9.999908e-01 -1.311652e-02
9.999126e-01 -1.320164e-02 -7.947898e-04 3.105440e-01 1.320547e-02 9.999001e-01 5.026776e-03 2.170132e-02 7.283487e-04 -5.036831e-03 9.999871e-01 -1.484730e-02
9.998697e-01 -1.613066e-02 -5.804862e-04 3.622105e-01 1.613378e-02 9.998525e-01 5.860700e-03 2.332967e-02 4.858637e-04 -5.869302e-03 9.999827e-01 -1.944402e-02
9.998123e-01 -1.924226e-02 -2.258692e-03 4.239918e-01 1.925576e-02 9.997959e-01 6.113644e-03 3.550168e-02 2.140591e-03 -6.155989e-03 9.999788e-01 -2.905823e-02
9.997230e-01 -2.342825e-02 -2.231169e-03 4.941375e-01 2.344201e-02 9.997051e-01 6.353479e-03 4.062085e-02 2.081660e-03 -6.404023e-03 9.999774e-01 -1.671322e-02
9.995917e-01 -2.839928e-02 -3.146543e-03 5.768660e-01 2.842273e-02 9.995664e-01 7.679571e-03 5.268002e-02 2.927085e-03 -7.765869e-03 9.999655e-01 -2.513060e-02
9.994149e-01 -3.412249e-02 -2.332145e-03 6.629125e-01 3.414150e-02 9.993794e-01 8.664705e-03 5.583242e-02 2.035036e-03 -8.739259e-03 9.999598e-01 -1.457317e-02
9.992107e-01 -3.970815e-02 -1.170673e-03 7.647201e-01 3.971788e-02 9.991611e-01 9.974767e-03 5.610921e-02 7.736112e-04 -1.001339e-02 9.999496e-01 -9.025762e-03
9.989198e-01 -4.644500e-02 1.406477e-03 8.697575e-01 4.642592e-02 9.988562e-01 1.144672e-02 7.028331e-02 -1.936511e-03 -1.136906e-02 9.999335e-01 -1.840622e-02
9.985955e-01 -5.297503e-02 8.300936e-04 9.817678e-01 5.296277e-02 9.985362e-01 1.096339e-02 8.114457e-02 -1.409665e-03 -1.090403e-02 9.999396e-01 -4.086133e-02
9.982442e-01 -5.914064e-02 -3.299381e-03 1.109173e+00 5.916757e-02 9.982095e-01 8.771093e-03 9.800872e-02 2.774745e-03 -8.950909e-03 9.999561e-01 -6.006452e-02
9.978291e-01 -6.543621e-02 -7.420445e-03 1.231202e+00 6.547660e-02 9.978398e-01 5.338278e-03 1.250561e-01 7.055100e-03 -5.812555e-03 9.999582e-01 -6.243662e-02
9.974340e-01 -7.078619e-02 -1.070847e-02 1.362092e+00 7.085225e-02 9.974693e-01 5.919685e-03 1.432838e-01 1.026234e-02 -6.663214e-03 9.999251e-01 -5.491711e-02
9.970351e-01 -7.590011e-02 -1.265416e-02 1.489225e+00 7.599430e-02 9.970826e-01 7.136048e-03 1.619656e-01 1.207562e-02 -8.076535e-03 9.998944e-01 -3.020696e-02
9.968320e-01 -7.893648e-02 -9.746444e-03 1.621857e+00 7.903676e-02 9.968178e-01 1.037250e-02 1.638683e-01 8.896659e-03 -1.110997e-02 9.998987e-01 -3.990543e-02
9.967234e-01 -8.021509e-02 -1.039611e-02 1.758738e+00 8.031992e-02 9.967182e-01 1.009143e-02 1.718782e-01 9.552502e-03 -1.089338e-02 9.998950e-01 -4.831747e-02
9.966738e-01 -8.086023e-02 -1.014374e-02 1.903167e+00 8.095846e-02 9.966705e-01 9.678055e-03 1.781530e-01 9.327395e-03 -1.046709e-02 9.999017e-01 -5.157914e-02
9.967134e-01 -8.031739e-02 -1.056121e-02 2.051948e+00 8.041863e-02 9.967155e-01 9.538251e-03 1.820260e-01 9.760430e-03 -1.035622e-02 9.998987e-01 -6.347144e-02
9.969039e-01 -7.747462e-02 -1.343000e-02 2.191009e+00 7.761147e-02 9.969335e-01 9.986484e-03 1.930368e-01 1.261512e-02 -1.099789e-02 9.998599e-01 -7.590477e-02
9.973175e-01 -7.165227e-02 -1.495944e-02 2.333229e+00 7.182872e-02 9.973495e-01 1.161059e-02 1.906560e-01 1.408786e-02 -1.265396e-02 9.998207e-01 -6.537072e-02
9.978530e-01 -6.306412e-02 -1.767007e-02 2.483506e+00 6.326967e-02 9.979323e-01 1.132468e-02 1.919365e-01 1.691934e-02 -1.241835e-02 9.997798e-01 -7.892706e-02
9.984829e-01 -5.282237e-02 -1.554803e-02 2.628932e+00 5.299094e-02 9.985385e-01 1.063769e-02 1.753986e-01 1.496340e-02 -1.144546e-02 9.998226e-01 -7.399378e-02
9.990850e-01 -3.996992e-02 -1.521616e-02 2.780472e+00 4.010087e-02 9.991603e-01 8.400224e-03 1.608838e-01 1.486763e-02 -9.002719e-03 9.998490e-01 -6.420287e-02
9.996003e-01 -2.462106e-02 -1.389473e-02 2.935525e+00 2.473334e-02 9.996622e-01 7.967490e-03 1.426282e-01 1.369387e-02 -8.307968e-03 9.998717e-01 -1.012204e-01
9.998264e-01 -8.217380e-03 -1.671925e-02 3.090641e+00 8.358822e-03 9.999297e-01 8.407644e-03 1.212677e-01 1.664899e-02 -8.545938e-03 9.998249e-01 -8.885721e-02
9.997495e-01 9.496046e-03 -2.026561e-02 3.245046e+00 -9.312341e-03 9.999149e-01 9.140069e-03 1.106789e-01 2.035069e-02 -8.949058e-03 9.997529e-01 -1.141582e-01
9.992588e-01 2.861934e-02 -2.574298e-02 3.390377e+00 -2.837481e-02 9.995493e-01 9.814626e-03 9.278760e-02 2.601226e-02 -9.076899e-03 9.996204e-01 -1.051335e-01
9.983436e-01 5.012258e-02 -2.824520e-02 3.538978e+00 -4.987049e-02 9.987100e-01 9.560486e-03 6.453580e-02 2.868796e-02 -8.136049e-03 9.995553e-01 -1.132286e-01
9.969044e-01 7.256810e-02 -3.025885e-02 3.687636e+00 -7.228376e-02 9.973300e-01 1.038894e-02 3.178977e-02 3.093196e-02 -8.169551e-03 9.994881e-01 -1.129082e-01
9.948185e-01 9.650479e-02 -3.198372e-02 3.841442e+00 -9.618179e-02 9.952976e-01 1.149163e-02 -9.162260e-04 3.294231e-02 -8.355837e-03 9.994223e-01 -1.000441e-01
9.920417e-01 1.216909e-01 -3.231914e-02 3.999429e+00 -1.214265e-01 9.925497e-01 1.002759e-02 -4.959318e-02 3.329863e-02 -6.023387e-03 9.994273e-01 -1.240654e-01
9.886367e-01 1.468335e-01 -3.220921e-02 4.147097e+00 -1.466092e-01 9.891515e-01 9.231629e-03 -9.586272e-02 3.321530e-02 -4.404563e-03 9.994385e-01 -1.315456e-01
9.844288e-01 1.726113e-01 -3.324553e-02 4.302502e+00 -1.724723e-01 9.849893e-01 7.025984e-03 -1.487813e-01 3.395925e-02 -1.182647e-03 9.994225e-01 -1.237229e-01
9.797237e-01 1.981193e-01 -2.983637e-02 4.452276e+00 -1.979513e-01 9.801750e-01 8.512729e-03 -2.084533e-01 3.093140e-02 -2.433974e-03 9.995186e-01 -9.879037e-02
9.743071e-01 2.239646e-01 -2.377976e-02 4.587232e+00 -2.237453e-01 9.745793e-01 1.154630e-02 -2.754715e-01 2.576123e-02 -5.929032e-03 9.996505e-01 -1.169601e-01
9.673838e-01 2.525958e-01 -1.907838e-02 4.708531e+00 -2.523041e-01 9.675083e-01 1.644062e-02 -3.485279e-01 2.261132e-02 -1.109084e-02 9.996828e-01 -1.150514e-01
9.592180e-01 2.821611e-01 -1.690844e-02 4.843526e+00 -2.818525e-01 9.592791e-01 1.852114e-02 -4.179909e-01 2.144585e-02 -1.300012e-02 9.996855e-01 -1.385952e-01
9.501562e-01 3.113737e-01 -1.579659e-02 4.984802e+00 -3.110785e-01 9.502015e-01 1.864315e-02 -4.909072e-01 2.081492e-02 -1.279993e-02 9.997014e-01 -1.490611e-01
9.399291e-01 3.409409e-01 -1.710804e-02 5.119197e+00 -3.406413e-01 9.400170e-01 1.821260e-02 -5.587850e-01 2.229127e-02 -1.129084e-02 9.996877e-01 -1.609683e-01
9.281278e-01 3.717156e-01 -2.015706e-02 5.239012e+00 -3.714131e-01 9.283074e-01 1.724455e-02 -6.423551e-01 2.512202e-02 -8.518549e-03 9.996481e-01 -1.723289e-01
9.157346e-01 4.012661e-01 -2.038848e-02 5.364928e+00 -4.009845e-01 9.159348e-01 1.658476e-02 -7.185752e-01 2.532942e-02 -7.011779e-03 9.996546e-01 -1.436411e-01
9.031363e-01 4.288218e-01 -2.137224e-02 5.484998e+00 -4.284765e-01 9.033538e-01 1.896004e-02 -8.056992e-01 2.743718e-02 -7.965999e-03 9.995918e-01 -1.793091e-01
8.897514e-01 4.560068e-01 -2.000812e-02 5.604099e+00 -4.556941e-01 8.899469e-01 1.836351e-02 -8.971164e-01 2.618005e-02 -7.221379e-03 9.996312e-01 -1.663436e-01
8.759326e-01 4.820551e-01 -1.910439e-02 5.728179e+00 -4.817266e-01 8.761059e-01 1.943911e-02 -9.956120e-01 2.610819e-02 -7.824264e-03 9.996285e-01 -1.762058e-01
8.611884e-01 5.079750e-01 -1.777351e-02 5.849043e+00 -5.076004e-01 8.613166e-01 2.181317e-02 -1.086438e+00 2.638916e-02 -9.763405e-03 9.996040e-01 -1.684161e-01
8.460224e-01 5.327869e-01 -1.960452e-02 5.972371e+00 -5.323264e-01 8.461881e-01 2.437623e-02 -1.189938e+00 2.957645e-02 -1.018683e-02 9.995106e-01 -1.796255e-01
8.311188e-01 5.558237e-01 -1.736619e-02 6.087224e+00 -5.553990e-01 8.312358e-01 2.406687e-02 -1.305269e+00 2.781233e-02 -1.035726e-02 9.995595e-01 -1.729156e-01
8.166156e-01 5.770609e-01 -1.182230e-02 6.210104e+00 -5.767670e-01 8.166338e-01 2.118760e-02 -1.427796e+00 2.188103e-02 -1.048341e-02 9.997056e-01 -1.761121e-01
8.026907e-01 5.963743e-01 -5.027372e-03 6.329340e+00 -5.962211e-01 8.026313e-01 1.741604e-02 -1.546894e+00 1.442161e-02 -1.098227e-02 9.998357e-01 -2.003072e-01
7.881700e-01 6.154534e-01 -2.286560e-03 6.448258e+00 -6.153235e-01 7.880704e-01 1.794566e-02 -1.677754e+00 1.284669e-02 -1.273726e-02 9.998363e-01 -2.210737e-01
7.741954e-01 6.329465e-01 -4.690569e-04 6.569267e+00 -6.328360e-01 7.740737e-01 1.812403e-02 -1.806086e+00 1.183463e-02 -1.373470e-02 9.998356e-01 -2.228003e-01
7.606267e-01 6.491889e-01 9.395480e-04 6.697080e+00 -6.490974e-01 7.604936e-01 1.794889e-02 -1.934442e+00 1.093770e-02 -1.426226e-02 9.998385e-01 -2.186094e-01
7.469794e-01 6.648368e-01 3.720429e-03 6.822894e+00 -6.647848e-01 7.468210e-01 1.787217e-02 -2.077038e+00 9.103579e-03 -1.582343e-02 9.998333e-01 -2.301067e-01
7.339945e-01 6.791131e-01 7.574932e-03 6.952312e+00 -6.791297e-01 7.338240e-01 1.688417e-02 -2.228028e+00 5.907595e-03 -1.753725e-02 9.998288e-01 -2.291577e-01
7.227440e-01 6.910962e-01 5.223662e-03 7.106277e+00 -6.910735e-01 7.225953e-01 1.653728e-02 -2.377543e+00 7.654260e-03 -1.556216e-02 9.998496e-01 -2.625443e-01
7.125044e-01 7.016603e-01 3.212760e-03 7.257015e+00 -7.016313e-01 7.124134e-01 1.343969e-02 -2.538297e+00 7.141280e-03 -1.183001e-02 9.999045e-01 -2.563612e-01
7.041498e-01 7.100503e-01 1.236016e-03 7.403975e+00 -7.100073e-01 7.040856e-01 1.237276e-02 -2.693167e+00 7.915025e-03 -9.589860e-03 9.999227e-01 -2.760500e-01
6.972883e-01 7.167906e-01 5.151525e-04 7.547982e+00 -7.167548e-01 6.972460e-01 1.052088e-02 -2.858735e+00 7.182078e-03 -7.705324e-03 9.999445e-01 -2.604286e-01
6.922312e-01 7.216681e-01 3.332079e-03 7.698130e+00 -7.216598e-01 6.921780e-01 9.832657e-03 -3.028254e+00 4.789522e-03 -9.211100e-03 9.999461e-01 -2.686442e-01
6.894950e-01 7.242730e-01 5.025910e-03 7.854804e+00 -7.242820e-01 6.894367e-01 9.627591e-03 -3.185274e+00 3.507958e-03 -1.027835e-02 9.999411e-01 -2.822820e-01
6.882968e-01 7.253993e-01 6.580107e-03 8.012558e+00 -7.254260e-01 6.882389e-01 9.174317e-03 -3.356642e+00 2.126358e-03 -1.108803e-02 9.999363e-01 -2.933781e-01
6.906828e-01 7.231317e-01 6.163043e-03 8.185120e+00 -7.231550e-01 6.906310e-01 8.691822e-03 -3.512049e+00 2.028943e-03 -1.046013e-02 9.999433e-01 -3.072740e-01
6.954206e-01 7.185880e-01 4.622057e-03 8.342176e+00 -7.186005e-01 6.953874e-01 7.056105e-03 -3.675884e+00 1.856313e-03 -8.228374e-03 9.999644e-01 -3.174140e-01
7.022741e-01 7.118775e-01 6.434433e-03 8.503272e+00 -7.119066e-01 7.022426e-01 6.651826e-03 -3.825086e+00 2.167525e-04 -9.252121e-03 9.999572e-01 -3.092254e-01
7.121056e-01 7.019759e-01 1.163926e-02 8.663153e+00 -7.020563e-01 7.121036e-01 5.048441e-03 -3.980390e+00 -4.744476e-03 -1.176644e-02 9.999195e-01 -3.050555e-01
7.238597e-01 6.897450e-01 1.670561e-02 8.833438e+00 -6.898974e-01 7.238865e-01 5.500080e-03 -4.125745e+00 -8.299313e-03 -1.550644e-02 9.998453e-01 -3.223587e-01
7.373812e-01 6.751739e-01 2.022664e-02 8.996838e+00 -6.753731e-01 7.374620e-01 4.564016e-03 -4.265133e+00 -1.183487e-02 -1.702594e-02 9.997850e-01 -3.325989e-01
7.525475e-01 6.582135e-01 2.067109e-02 9.176560e+00 -6.584222e-01 7.526330e-01 4.879144e-03 -4.388543e+00 -1.234623e-02 -1.728209e-02 9.997744e-01 -3.657745e-01
7.706288e-01 6.369908e-01 1.933895e-02 9.360686e+00 -6.371524e-01 7.707319e-01 3.037719e-03 -4.510157e+00 -1.297014e-02 -1.466281e-02 9.998084e-01 -3.575622e-01
7.896942e-01 6.132276e-01 1.830382e-02 9.556413e+00 -6.133643e-01 7.897962e-01 2.477368e-03 -4.615266e+00 -1.293710e-02 -1.318327e-02 9.998294e-01 -3.736933e-01
8.093987e-01 5.870906e-01 1.408763e-02 9.735383e+00 -5.871586e-01 8.094715e-01 8.690637e-04 -4.690393e+00 -1.089332e-02 -8.975091e-03 9.999004e-01 -3.755133e-01
8.299184e-01 5.577253e-01 1.333543e-02 9.934404e+00 -5.577731e-01 8.299935e-01 -1.659752e-04 -4.781363e+00 -1.116089e-02 -7.300397e-03 9.999111e-01 -3.773570e-01
8.511494e-01 5.247602e-01 1.308909e-02 1.012720e+01 -5.247871e-01 8.512319e-01 -1.556504e-03 -4.855027e+00 -1.195864e-02 -5.544170e-03 9.999131e-01 -3.682712e-01
8.717167e-01 4.897766e-01 1.512955e-02 1.031458e+01 -4.898016e-01 8.718311e-01 -2.260580e-03 -4.915746e+00 -1.429759e-02 -5.439892e-03 9.998830e-01 -3.830249e-01
8.922632e-01 4.513269e-01 1.305594e-02 1.050824e+01 -4.513334e-01 8.923515e-01 -2.615569e-03 -4.971145e+00 -1.283096e-02 -3.558805e-03 9.999114e-01 -3.844828e-01
9.118026e-01 4.104204e-01 1.307997e-02 1.070624e+01 -4.104147e-01 9.118932e-01 -3.247559e-03 -5.003239e+00 -1.326040e-02 -2.407077e-03 9.999092e-01 -3.942901e-01
9.299775e-01 3.674643e-01 1.057845e-02 1.089270e+01 -3.674608e-01 9.300359e-01 -2.345824e-03 -5.033850e+00 -1.070035e-02 -1.705604e-03 9.999413e-01 -3.917734e-01
9.456618e-01 3.249885e-01 1.030751e-02 1.108356e+01 -3.249843e-01 9.457170e-01 -2.130233e-03 -5.050146e+00 -1.044029e-02 -1.335298e-03 9.999446e-01 -3.927802e-01
9.594802e-01 2.816428e-01 8.665081e-03 1.127046e+01 -2.816469e-01 9.595176e-01 -7.669685e-04 -5.068953e+00 -8.530311e-03 -1.704603e-03 9.999622e-01 -3.971992e-01
9.711108e-01 2.384493e-01 9.262986e-03 1.146140e+01 -2.384471e-01 9.711546e-01 -1.360984e-03 -5.075054e+00 -9.320316e-03 -8.870661e-04 9.999562e-01 -4.020418e-01
9.806720e-01 1.954807e-01 8.349144e-03 1.164825e+01 -1.954798e-01 9.807074e-01 -9.335394e-04 -5.077774e+00 -8.370555e-03 -7.165927e-04 9.999647e-01 -4.035000e-01
9.884737e-01 1.510720e-01 9.851633e-03 1.183312e+01 -1.510741e-01 9.885223e-01 -5.329041e-04 -5.066738e+00 -9.819066e-03 -9.615647e-04 9.999513e-01 -4.113008e-01
9.941456e-01 1.075408e-01 1.046437e-02 1.201579e+01 -1.075308e-01 9.942006e-01 -1.515833e-03 -5.048324e+00 -1.056670e-02 3.817163e-04 9.999441e-01 -4.157350e-01
9.978252e-01 6.502397e-02 1.080636e-02 1.220025e+01 -6.500432e-02 9.978827e-01 -2.160910e-03 -5.015581e+00 -1.092399e-02 1.453751e-03 9.999393e-01 -4.267393e-01
9.996940e-01 2.279994e-02 9.599349e-03 1.236515e+01 -2.277668e-02 9.997374e-01 -2.525469e-03 -4.995453e+00 -9.654408e-03 2.306055e-03 9.999507e-01 -4.209794e-01
9.997947e-01 -1.776909e-02 9.736718e-03 1.253689e+01 1.779928e-02 9.998370e-01 -3.022958e-03 -4.961803e+00 -9.681416e-03 3.195643e-03 9.999480e-01 -4.217981e-01
9.982977e-01 -5.747527e-02 9.913789e-03 1.270526e+01 5.750630e-02 9.983411e-01 -2.873061e-03 -4.919606e+00 -9.732213e-03 3.438276e-03 9.999467e-01 -4.210098e-01
9.954800e-01 -9.444144e-02 1.002060e-02 1.287092e+01 9.447190e-02 9.955240e-01 -2.610367e-03 -4.866082e+00 -9.729227e-03 3.545234e-03 9.999464e-01 -4.339537e-01
9.916824e-01 -1.283710e-01 9.322905e-03 1.302840e+01 1.283947e-01 9.917212e-01 -1.989534e-03 -4.818457e+00 -8.990324e-03 3.169998e-03 9.999546e-01 -4.349600e-01
9.872627e-01 -1.588680e-01 8.569565e-03 1.318855e+01 1.588915e-01 9.872938e-01 -2.124287e-03 -4.772495e+00 -8.123197e-03 3.458860e-03 9.999610e-01 -4.323725e-01
9.823853e-01 -1.867081e-01 7.685785e-03 1.334970e+01 1.867272e-01 9.824102e-01 -1.827443e-03 -4.711915e+00 -7.209395e-03 3.230398e-03 9.999688e-01 -4.424430e-01
9.773856e-01 -2.113024e-01 8.286844e-03 1.350499e+01 2.113224e-01 9.774151e-01 -1.604587e-03 -4.649817e+00 -7.760634e-03 3.319496e-03 9.999644e-01 -4.363609e-01
9.724601e-01 -2.329516e-01 7.406110e-03 1.366614e+01 2.329644e-01 9.724847e-01 -8.933950e-04 -4.600851e+00 -6.994212e-03 2.594151e-03 9.999722e-01 -4.539692e-01
9.679912e-01 -2.508857e-01 7.033971e-03 1.381891e+01 2.508974e-01 9.680134e-01 -8.133819e-04 -4.531861e+00 -6.604911e-03 2.552151e-03 9.999749e-01 -4.391603e-01
9.641985e-01 -2.651218e-01 5.623723e-03 1.397442e+01 2.651294e-01 9.642127e-01 -6.340195e-04 -4.467062e+00 -5.254372e-03 2.102335e-03 9.999840e-01 -4.512837e-01
9.619120e-01 -2.733024e-01 5.573933e-03 1.415176e+01 2.733094e-01 9.619261e-01 -5.237859e-04 -4.409801e+00 -5.218559e-03 2.027245e-03 9.999843e-01 -4.459164e-01
9.594042e-01 -2.819676e-01 6.152126e-03 1.432340e+01 2.819718e-01 9.594227e-01 2.050846e-04 -4.358504e+00 -5.960317e-03 1.537967e-03 9.999810e-01 -4.662656e-01
9.568734e-01 -2.904274e-01 6.721089e-03 1.448467e+01 2.904302e-01 9.568961e-01 5.740866e-04 -4.296868e+00 -6.598113e-03 1.402679e-03 9.999772e-01 -4.628025e-01
9.551419e-01 -2.960677e-01 6.919759e-03 1.464178e+01 2.960720e-01 9.551656e-01 4.135810e-04 -4.248293e+00 -6.731964e-03 1.653718e-03 9.999760e-01 -4.713382e-01
9.544342e-01 -2.983496e-01 6.548939e-03 1.481436e+01 2.983513e-01 9.544559e-01 7.376738e-04 -4.196536e+00 -6.470758e-03 1.249823e-03 9.999783e-01 -4.718757e-01
9.538186e-01 -3.003086e-01 6.694437e-03 1.498343e+01 3.003064e-01 9.538419e-01 1.347706e-03 -4.138873e+00 -6.790162e-03 7.249155e-04 9.999767e-01 -4.771984e-01
9.545763e-01 -2.978998e-01 6.313300e-03 1.515879e+01 2.978922e-01 9.545972e-01 2.132818e-03 -4.092765e+00 -6.662025e-03 -1.552547e-04 9.999778e-01 -4.841202e-01
9.555427e-01 -2.948039e-01 5.356437e-03 1.533279e+01 2.947965e-01 9.555576e-01 2.138693e-03 -4.038744e+00 -5.748880e-03 -4.645539e-04 9.999834e-01 -4.858802e-01
9.570553e-01 -2.898787e-01 3.925219e-03 1.550520e+01 2.898716e-01 9.570630e-01 2.286354e-03 -3.991652e+00 -4.419447e-03 -1.050358e-03 9.999897e-01 -4.887432e-01
9.592513e-01 -2.825384e-01 2.997919e-03 1.569158e+01 2.825316e-01 9.592546e-01 2.496911e-03 -3.944715e+00 -3.581241e-03 -1.548158e-03 9.999924e-01 -4.893075e-01
9.616387e-01 -2.743166e-01 1.140256e-03 1.587687e+01 2.743126e-01 9.616365e-01 2.803955e-03 -3.905034e+00 -1.865683e-03 -2.383605e-03 9.999954e-01 -4.889150e-01
9.639296e-01 -2.661518e-01 1.735806e-03 1.607624e+01 2.661448e-01 9.639269e-01 3.459705e-03 -3.862731e+00 -2.593997e-03 -2.872936e-03 9.999925e-01 -4.847380e-01
9.658509e-01 -2.590759e-01 3.424125e-03 1.628152e+01 2.590560e-01 9.658475e-01 5.340352e-03 -3.808810e+00 -4.690739e-03 -4.270944e-03 9.999799e-01 -4.971303e-01
9.676386e-01 -2.523029e-01 4.334074e-03 1.649299e+01 2.522717e-01 9.676334e-01 6.663013e-03 -3.766032e+00 -5.874892e-03 -5.354024e-03 9.999684e-01 -4.973000e-01
9.694866e-01 -2.451158e-01 3.735792e-03 1.672040e+01 2.450785e-01 9.694669e-01 8.396769e-03 -3.710380e+00 -5.679907e-03 -7.224992e-03 9.999577e-01 -5.097452e-01
9.710525e-01 -2.388601e-01 1.669774e-03 1.695768e+01 2.388346e-01 9.710146e-01 9.425944e-03 -3.656085e+00 -3.872857e-03 -8.754287e-03 9.999542e-01 -5.234649e-01
9.724770e-01 -2.329705e-01 3.650364e-03 1.720171e+01 2.329192e-01 9.724343e-01 1.095359e-02 -3.601260e+00 -6.101603e-03 -9.801870e-03 9.999334e-01 -5.286304e-01
9.737955e-01 -2.273639e-01 5.298505e-03 1.745996e+01 2.272934e-01 9.737595e-01 1.140678e-02 -3.551243e+00 -7.752960e-03 -9.903559e-03 9.999209e-01 -5.196224e-01
9.749441e-01 -2.223340e-01 7.189320e-03 1.773988e+01 2.222354e-01 9.749138e-01 1.243774e-02 -3.499499e+00 -9.774300e-03 -1.052838e-02 9.998968e-01 -5.280609e-01
9.757055e-01 -2.189921e-01 6.422296e-03 1.801387e+01 2.188873e-01 9.756495e-01 1.401447e-02 -3.435077e+00 -9.334968e-03 -1.226824e-02 9.998811e-01 -5.391994e-01
9.764650e-01 -2.156536e-01 3.108140e-03 1.830792e+01 2.155856e-01 9.763713e-01 1.489225e-02 -3.369507e+00 -6.246266e-03 -1.387169e-02 9.998842e-01 -5.520949e-01
9.771277e-01 -2.126452e-01 -1.841369e-03 1.862071e+01 2.126449e-01 9.769765e-01 1.728673e-02 -3.303200e+00 -1.876964e-03 -1.728290e-02 9.998489e-01 -5.606581e-01
9.777746e-01 -2.095762e-01 -5.888531e-03 1.894679e+01 2.096492e-01 9.776138e-01 1.784259e-02 -3.236197e+00 2.017327e-03 -1.868055e-02 9.998235e-01 -5.513181e-01
9.783594e-01 -2.068888e-01 -3.150370e-03 1.926506e+01 2.069124e-01 9.782169e-01 1.670380e-02 -3.169202e+00 -3.740841e-04 -1.699418e-02 9.998555e-01 -5.562531e-01
9.789830e-01 -2.039163e-01 -3.233036e-03 1.961188e+01 2.039417e-01 9.788336e-01 1.710340e-02 -3.107411e+00 -3.230569e-04 -1.740329e-02 9.998485e-01 -5.672086e-01
9.796433e-01 -2.006987e-01 -4.364716e-03 1.996528e+01 2.007432e-01 9.795153e-01 1.587374e-02 -3.044948e+00 1.089468e-03 -1.642679e-02 9.998645e-01 -5.739402e-01
9.801055e-01 -1.983615e-01 -6.781428e-03 2.032292e+01 1.984347e-01 9.800314e-01 1.274097e-02 -2.967237e+00 4.118693e-03 -1.383316e-02 9.998958e-01 -5.672677e-01
9.807394e-01 -1.952935e-01 -3.256668e-03 2.069626e+01 1.953173e-01 9.806840e-01 1.049298e-02 -2.900263e+00 1.144551e-03 -1.092696e-02 9.999396e-01 -5.987429e-01
9.815140e-01 -1.913539e-01 -3.722493e-03 2.107822e+01 1.913804e-01 9.814746e-01 9.009610e-03 -2.837627e+00 1.929508e-03 -9.555471e-03 9.999525e-01 -6.184085e-01
9.821901e-01 -1.878747e-01 -2.366887e-03 2.146270e+01 1.878890e-01 9.821409e-01 9.859383e-03 -2.773687e+00 4.722875e-04 -1.012850e-02 9.999486e-01 -6.242200e-01
9.828252e-01 -1.845369e-01 -8.290661e-04 2.185100e+01 1.845339e-01 9.827572e-01 1.163839e-02 -2.711014e+00 -1.332942e-03 -1.159150e-02 9.999319e-01 -6.410839e-01
9.833314e-01 -1.818193e-01 -1.002650e-03 2.224830e+01 1.818148e-01 9.832277e-01 1.436905e-02 -2.641585e+00 -1.626737e-03 -1.431183e-02 9.998962e-01 -6.720673e-01
9.837922e-01 -1.793098e-01 9.508365e-04 2.264464e+01 1.792752e-01 9.836829e-01 1.510812e-02 -2.582249e+00 -3.644355e-03 -1.469279e-02 9.998854e-01 -6.779863e-01
9.839631e-01 -1.783713e-01 5.751214e-04 2.305224e+01 1.783298e-01 9.837942e-01 1.863844e-02 -2.514782e+00 -3.890364e-03 -1.823698e-02 9.998261e-01 -6.974257e-01
9.842798e-01 -1.766069e-01 -1.833650e-03 2.348145e+01 1.766053e-01 9.840488e-01 2.141009e-02 -2.439617e+00 -1.976768e-03 -2.139735e-02 9.997691e-01 -7.044870e-01
9.847096e-01 -1.741082e-01 -5.777867e-03 2.390410e+01 1.741948e-01 9.844577e-01 2.234790e-02 -2.372366e+00 1.797113e-03 -2.301266e-02 9.997336e-01 -7.465448e-01
9.852046e-01 -1.712034e-01 -7.830235e-03 2.434392e+01 1.713292e-01 9.850087e-01 2.010273e-02 -2.301128e+00 4.271193e-03 -2.114685e-02 9.997672e-01 -7.527211e-01
9.859729e-01 -1.666883e-01 -8.505702e-03 2.479835e+01 1.668258e-01 9.857953e-01 1.941570e-02 -2.231827e+00 5.148510e-03 -2.056233e-02 9.997753e-01 -7.717269e-01
9.868055e-01 -1.617006e-01 -8.234730e-03 2.525991e+01 1.618415e-01 9.865917e-01 2.107690e-02 -2.164073e+00 4.716167e-03 -2.213153e-02 9.997439e-01 -7.716019e-01
9.878657e-01 -1.550975e-01 -8.128553e-03 2.573799e+01 1.552434e-01 9.876232e-01 2.236489e-02 -2.102886e+00 4.559208e-03 -2.335541e-02 9.997168e-01 -7.888604e-01
9.888063e-01 -1.488011e-01 -1.096867e-02 2.623808e+01 1.490213e-01 9.885629e-01 2.315584e-02 -2.041531e+00 7.397609e-03 -2.453121e-02 9.996717e-01 -8.312507e-01
9.896443e-01 -1.429832e-01 -1.264366e-02 2.675873e+01 1.432360e-01 9.894425e-01 2.206954e-02 -1.970531e+00 9.354604e-03 -2.365202e-02 9.996765e-01 -8.370193e-01
9.904612e-01 -1.372151e-01 -1.259871e-02 2.728380e+01 1.374545e-01 9.902924e-01 2.066003e-02 -1.900430e+00 9.641540e-03 -2.219471e-02 9.997072e-01 -8.525289e-01
9.912500e-01 -1.314836e-01 -1.163697e-02 2.781930e+01 1.317097e-01 9.910561e-01 2.145237e-02 -1.844029e+00 8.712252e-03 -2.279737e-02 9.997022e-01 -8.716577e-01
9.920577e-01 -1.250653e-01 -1.342245e-02 2.836450e+01 1.253275e-01 9.918953e-01 2.089472e-02 -1.790651e+00 1.070046e-02 -2.241097e-02 9.996916e-01 -9.038029e-01
9.928618e-01 -1.185161e-01 -1.339076e-02 2.892216e+01 1.187542e-01 9.927483e-01 1.865947e-02 -1.729945e+00 1.108220e-02 -2.011648e-02 9.997362e-01 -9.299850e-01
9.935446e-01 -1.126358e-01 -1.350277e-02 2.947231e+01 1.128586e-01 9.934646e-01 1.705999e-02 -1.685075e+00 1.149296e-02 -1.847376e-02 9.997633e-01 -9.248137e-01
9.941843e-01 -1.073078e-01 -9.088125e-03 3.005251e+01 1.074472e-01 9.940727e-01 1.656597e-02 -1.645705e+00 7.256601e-03 -1.744612e-02 9.998215e-01 -9.280255e-01
9.946097e-01 -1.034305e-01 -7.328026e-03 3.061152e+01 1.035408e-01 9.944845e-01 1.672500e-02 -1.603312e+00 5.557732e-03 -1.739360e-02 9.998333e-01 -9.633803e-01
9.949830e-01 -9.984851e-02 -6.264246e-03 3.117527e+01 9.993863e-02 9.948606e-01 1.626398e-02 -1.553811e+00 4.608118e-03 -1.680842e-02 9.998481e-01 -9.780228e-01
9.953669e-01 -9.582237e-02 -7.926316e-03 3.173738e+01 9.593584e-02 9.952676e-01 1.544897e-02 -1.504521e+00 6.408449e-03 -1.613781e-02 9.998493e-01 -1.006207e+00
9.957242e-01 -9.204140e-02 -7.854578e-03 3.227731e+01 9.215517e-02 9.956220e-01 1.561951e-02 -1.455762e+00 6.382551e-03 -1.627656e-02 9.998472e-01 -1.019709e+00
9.961638e-01 -8.727026e-02 -6.439948e-03 3.281886e+01 8.736469e-02 9.960442e-01 1.622844e-02 -1.426399e+00 4.998213e-03 -1.672881e-02 9.998476e-01 -1.044324e+00
9.966093e-01 -8.215203e-02 -4.564427e-03 3.332658e+01 8.221234e-02 9.964998e-01 1.513664e-02 -1.402080e+00 3.304946e-03 -1.546057e-02 9.998750e-01 -1.054821e+00
9.971694e-01 -7.489094e-02 -6.678033e-03 3.382592e+01 7.498604e-02 9.970664e-01 1.535571e-02 -1.375951e+00 5.508438e-03 -1.581301e-02 9.998598e-01 -1.068261e+00
9.977069e-01 -6.724806e-02 -7.661726e-03 3.431133e+01 6.736198e-02 9.976045e-01 1.573301e-02 -1.348815e+00 6.585359e-03 -1.621304e-02 9.998469e-01 -1.089562e+00
9.982176e-01 -5.938249e-02 -5.940430e-03 3.477273e+01 5.947283e-02 9.980952e-01 1.640634e-02 -1.347966e+00 4.954865e-03 -1.673039e-02 9.998478e-01 -1.102228e+00
9.985848e-01 -5.277083e-02 -6.601735e-03 3.521978e+01 5.287168e-02 9.984704e-01 1.617003e-02 -1.331420e+00 5.738331e-03 -1.649619e-02 9.998475e-01 -1.139542e+00
9.989205e-01 -4.624933e-02 -4.339164e-03 3.564151e+01 4.631026e-02 9.988118e-01 1.518615e-02 -1.328917e+00 3.631659e-03 -1.537071e-02 9.998752e-01 -1.141033e+00
9.992149e-01 -3.895834e-02 -7.196237e-03 3.605591e+01 3.906147e-02 9.991273e-01 1.479498e-02 -1.314143e+00 6.613569e-03 -1.506446e-02 9.998646e-01 -1.171385e+00
9.994618e-01 -3.127899e-02 -9.888529e-03 3.644445e+01 3.141896e-02 9.994035e-01 1.433175e-02 -1.308004e+00 9.434349e-03 -1.463473e-02 9.998484e-01 -1.167887e+00
9.996314e-01 -2.397256e-02 -1.274266e-02 3.682033e+01 2.416009e-02 9.995990e-01 1.477273e-02 -1.323020e+00 1.238341e-02 -1.507515e-02 9.998097e-01 -1.191291e+00
9.997837e-01 -1.788375e-02 -1.061654e-02 3.717366e+01 1.802150e-02 9.997528e-01 1.302421e-02 -1.322957e+00 1.038099e-02 -1.321272e-02 9.998588e-01 -1.191070e+00
9.999127e-01 -1.176448e-02 -6.018017e-03 3.751353e+01 1.182894e-02 9.998719e-01 1.079080e-02 -1.334726e+00 5.890298e-03 -1.086104e-02 9.999236e-01 -1.200433e+00
9.999508e-01 -6.950467e-03 -7.078856e-03 3.782397e+01 7.031963e-03 9.999084e-01 1.155354e-02 -1.335930e+00 6.997907e-03 -1.160275e-02 9.999082e-01 -1.213742e+00
9.999445e-01 -4.018295e-04 -1.052424e-02 3.812916e+01 5.268626e-04 9.999292e-01 1.188041e-02 -1.343995e+00 1.051873e-02 -1.188529e-02 9.998741e-01 -1.229357e+00
9.998944e-01 7.207845e-03 -1.261861e-02 3.841151e+01 -7.055532e-03 9.999022e-01 1.207372e-02 -1.354422e+00 1.270440e-02 -1.198341e-02 9.998475e-01 -1.231739e+00
9.997504e-01 1.783259e-02 -1.346118e-02 3.870126e+01 -1.769130e-02 9.997879e-01 1.054308e-02 -1.387496e+00 1.364634e-02 -1.030230e-02 9.998538e-01 -1.237521e+00
9.994853e-01 2.980493e-02 -1.186555e-02 3.896748e+01 -2.968909e-02 9.995109e-01 9.821799e-03 -1.421429e+00 1.215249e-02 -9.464467e-03 9.998814e-01 -1.253015e+00
9.989938e-01 4.373474e-02 -9.938398e-03 3.922816e+01 -4.365413e-02 9.990132e-01 8.188705e-03 -1.448802e+00 1.028672e-02 -7.746613e-03 9.999171e-01 -1.262904e+00
9.983028e-01 5.756395e-02 -8.828198e-03 3.947984e+01 -5.748860e-02 9.983094e-01 8.563396e-03 -1.487461e+00 9.306216e-03 -8.041341e-03 9.999244e-01 -1.268008e+00
9.973028e-01 7.269978e-02 -1.008924e-02 3.971844e+01 -7.260571e-02 9.973166e-01 9.397423e-03 -1.521928e+00 1.074535e-02 -8.639541e-03 9.999049e-01 -1.270698e+00
9.959646e-01 8.928517e-02 -9.084727e-03 3.992742e+01 -8.919317e-02 9.959633e-01 1.007314e-02 -1.554245e+00 9.947437e-03 -9.222195e-03 9.999080e-01 -1.277747e+00
9.943886e-01 1.054094e-01 -8.955584e-03 4.015049e+01 -1.053200e-01 9.943888e-01 9.933806e-03 -1.603880e+00 9.952449e-03 -8.934862e-03 9.999105e-01 -1.284870e+00
9.924490e-01 1.224516e-01 -7.112041e-03 4.034074e+01 -1.223837e-01 9.924393e-01 9.305525e-03 -1.652454e+00 8.197745e-03 -8.364861e-03 9.999314e-01 -1.286878e+00
9.900876e-01 1.402555e-01 -7.407267e-03 4.053845e+01 -1.401846e-01 9.900813e-01 9.353344e-03 -1.689299e+00 8.645654e-03 -8.222246e-03 9.999288e-01 -1.293698e+00
9.876257e-01 1.567175e-01 -5.930989e-03 4.071699e+01 -1.566617e-01 9.876119e-01 8.926322e-03 -1.748817e+00 7.256427e-03 -7.886705e-03 9.999425e-01 -1.298225e+00
9.849994e-01 1.725052e-01 -4.274133e-03 4.087910e+01 -1.724629e-01 9.849765e-01 8.835561e-03 -1.797195e+00 5.734100e-03 -7.965892e-03 9.999518e-01 -1.316524e+00
9.821261e-01 1.881964e-01 -3.226302e-03 4.104696e+01 -1.881615e-01 9.820973e-01 8.948765e-03 -1.846435e+00 4.852667e-03 -8.181750e-03 9.999548e-01 -1.321141e+00
9.793107e-01 2.023609e-01 -7.981642e-04 4.118457e+01 -2.023437e-01 9.792662e-01 9.730922e-03 -1.884592e+00 2.750773e-03 -9.368092e-03 9.999523e-01 -1.315778e+00
9.766221e-01 2.149594e-01 1.305794e-03 4.133739e+01 -2.149614e-01 9.765693e-01 1.019737e-02 -1.933350e+00 9.168228e-04 -1.023967e-02 9.999471e-01 -1.315393e+00
9.742671e-01 2.253738e-01 3.196198e-03 4.147887e+01 -2.253953e-01 9.742093e-01 1.063118e-02 -1.987685e+00 -7.177772e-04 -1.107802e-02 9.999384e-01 -1.315263e+00
9.724036e-01 2.332775e-01 3.580540e-03 4.162390e+01 -2.333037e-01 9.723341e-01 1.164973e-02 -2.029102e+00 -7.638624e-04 -1.216359e-02 9.999257e-01 -1.327769e+00
9.708723e-01 2.395719e-01 3.492548e-03 4.177457e+01 -2.395965e-01 9.708052e-01 1.143470e-02 -2.067618e+00 -6.511509e-04 -1.193844e-02 9.999285e-01 -1.333076e+00
9.695988e-01 2.446737e-01 3.586188e-03 4.192849e+01 -2.446986e-01 9.695389e-01 1.082610e-02 -2.097202e+00 -8.280873e-04 -1.137451e-02 9.999350e-01 -1.329630e+00
9.687071e-01 2.481912e-01 2.763290e-03 4.208044e+01 -2.482066e-01 9.686478e-01 1.071080e-02 -2.140433e+00 -1.832913e-05 -1.106149e-02 9.999388e-01 -1.352368e+00
9.681526e-01 2.503454e-01 2.778819e-03 4.222574e+01 -2.503608e-01 9.680946e-01 1.058931e-02 -2.179221e+00 -3.917364e-05 -1.094778e-02 9.999401e-01 -1.346458e+00
9.675456e-01 2.526872e-01 2.151902e-03 4.238669e+01 -2.526954e-01 9.674847e-01 1.086830e-02 -2.227095e+00 6.643470e-04 -1.105935e-02 9.999386e-01 -1.360070e+00
9.674697e-01 2.529804e-01 1.837646e-03 4.254324e+01 -2.529859e-01 9.674174e-01 1.008521e-02 -2.255605e+00 7.735893e-04 -1.022203e-02 9.999474e-01 -1.365274e+00
9.678626e-01 2.514724e-01 1.904092e-03 4.269613e+01 -2.514788e-01 9.678119e-01 9.924499e-03 -2.287473e+00 6.529353e-04 -1.008439e-02 9.999489e-01 -1.362947e+00
9.685668e-01 2.487402e-01 2.601549e-03 4.285995e+01 -2.487538e-01 9.685150e-01 1.000234e-02 -2.336361e+00 -3.165542e-05 -1.033508e-02 9.999466e-01 -1.365494e+00
9.695210e-01 2.449921e-01 2.820407e-03 4.303548e+01 -2.450083e-01 9.694533e-01 1.144634e-02 -2.366647e+00 7.000985e-05 -1.178849e-02 9.999305e-01 -1.380052e+00
9.708826e-01 2.395377e-01 2.942456e-03 4.318494e+01 -2.395558e-01 9.708074e-01 1.207376e-02 -2.409305e+00 3.556372e-05 -1.242709e-02 9.999228e-01 -1.385972e+00
9.728585e-01 2.313591e-01 4.381019e-03 4.337196e+01 -2.313977e-01 9.727674e-01 1.337068e-02 -2.440479e+00 -1.168283e-03 -1.402154e-02 9.999010e-01 -1.386753e+00
9.750235e-01 2.220405e-01 5.207678e-03 4.355166e+01 -2.220918e-01 9.749323e-01 1.349562e-02 -2.461832e+00 -2.080559e-03 -1.431513e-02 9.998954e-01 -1.397066e+00
9.775531e-01 2.106139e-01 5.636473e-03 4.374817e+01 -2.106755e-01 9.774454e-01 1.470927e-02 -2.489661e+00 -2.411367e-03 -1.556656e-02 9.998759e-01 -1.396667e+00
9.800889e-01 1.984711e-01 5.906967e-03 4.395291e+01 -1.985398e-01 9.799739e-01 1.527219e-02 -2.519233e+00 -2.757585e-03 -1.614087e-02 9.998659e-01 -1.397295e+00
9.827188e-01 1.850498e-01 4.504406e-03 4.416841e+01 -1.850997e-01 9.825790e-01 1.663760e-02 -2.548838e+00 -1.347150e-03 -1.718384e-02 9.998515e-01 -1.413678e+00
9.851078e-01 1.719265e-01 1.974008e-03 4.438321e+01 -1.719360e-01 9.849801e-01 1.587595e-02 -2.560780e+00 7.851385e-04 -1.597893e-02 9.998720e-01 -1.419079e+00
9.875302e-01 1.574288e-01 4.581134e-04 4.462253e+01 -1.574202e-01 9.874363e-01 1.372681e-02 -2.583777e+00 1.708639e-03 -1.362776e-02 9.999057e-01 -1.406821e+00
9.899489e-01 1.414170e-01 -1.525002e-03 4.486546e+01 -1.413897e-01 9.898843e-01 1.174381e-02 -2.601449e+00 3.170349e-03 -1.141015e-02 9.999299e-01 -1.417588e+00
9.923625e-01 1.233524e-01 -9.240724e-04 4.512103e+01 -1.233370e-01 9.923143e-01 1.001197e-02 -2.622006e+00 2.151971e-03 -9.821533e-03 9.999495e-01 -1.423632e+00
9.945467e-01 1.042918e-01 -4.249759e-04 4.537980e+01 -1.042836e-01 9.945058e-01 9.130552e-03 -2.625407e+00 1.374882e-03 -9.036442e-03 9.999582e-01 -1.448559e+00
9.964518e-01 8.414415e-02 1.891764e-03 4.564740e+01 -8.415797e-02 9.964108e-01 9.111773e-03 -2.634600e+00 -1.118271e-03 -9.238649e-03 9.999567e-01 -1.429940e+00
9.981402e-01 6.089745e-02 2.775208e-03 4.591824e+01 -6.092247e-02 9.980919e-01 1.005952e-02 -2.629725e+00 -2.157314e-03 -1.020989e-02 9.999455e-01 -1.429901e+00
9.992885e-01 3.771492e-02 3.093937e-04 4.619608e+01 -3.771613e-02 9.992391e-01 9.947533e-03 -2.619572e+00 6.601217e-05 -9.952124e-03 9.999505e-01 -1.459402e+00
9.998806e-01 1.545091e-02 -1.133844e-04 4.647535e+01 -1.544878e-02 9.998224e-01 1.078817e-02 -2.605659e+00 2.800513e-04 -1.078513e-02 9.999418e-01 -1.470585e+00
9.999623e-01 -8.554587e-03 -1.468185e-03 4.677618e+01 8.569017e-03 9.999121e-01 1.012093e-02 -2.590150e+00 1.381475e-03 -1.013314e-02 9.999477e-01 -1.478851e+00
9.994704e-01 -3.244926e-02 -2.428203e-03 4.707299e+01 3.247306e-02 9.994174e-01 1.050358e-02 -2.543619e+00 2.085955e-03 -1.057687e-02 9.999419e-01 -1.500791e+00
9.983933e-01 -5.639634e-02 -5.497450e-03 4.738687e+01 5.645515e-02 9.983423e-01 1.120593e-02 -2.508073e+00 4.856363e-03 -1.149829e-02 9.999221e-01 -1.521353e+00
9.967395e-01 -8.047323e-02 -5.864688e-03 4.770166e+01 8.054675e-02 9.966578e-01 1.361636e-02 -2.466577e+00 4.749335e-03 -1.404434e-02 9.998901e-01 -1.504017e+00
9.944327e-01 -1.051616e-01 -6.687069e-03 4.801752e+01 1.052591e-01 9.943087e-01 1.645449e-02 -2.415864e+00 4.918631e-03 -1.706675e-02 9.998422e-01 -1.504023e+00
9.914241e-01 -1.305130e-01 -6.684620e-03 4.835411e+01 1.306138e-01 9.912711e-01 1.793584e-02 -2.355783e+00 4.285411e-03 -1.865512e-02 9.998168e-01 -1.532929e+00
9.879816e-01 -1.543808e-01 -7.683123e-03 4.870175e+01 1.544911e-01 9.878514e-01 1.680386e-02 -2.297033e+00 4.995588e-03 -1.778888e-02 9.998293e-01 -1.533196e+00
9.839596e-01 -1.781496e-01 -9.286396e-03 4.904528e+01 1.782799e-01 9.838518e-01 1.588161e-02 -2.198893e+00 6.307133e-03 -1.728245e-02 9.998308e-01 -1.547459e+00
9.796757e-01 -2.001608e-01 -1.308967e-02 4.941520e+01 2.003508e-01 9.796045e-01 1.530884e-02 -2.114858e+00 9.758472e-03 -1.762022e-02 9.997971e-01 -1.557628e+00
9.750661e-01 -2.215337e-01 -1.299318e-02 4.975643e+01 2.217384e-01 9.749528e-01 1.729430e-02 -2.014635e+00 8.836463e-03 -1.974417e-02 9.997660e-01 -1.557309e+00
9.700565e-01 -2.425745e-01 -1.216284e-02 5.012518e+01 2.427582e-01 9.699374e-01 1.702883e-02 -1.920321e+00 7.666428e-03 -1.947156e-02 9.997810e-01 -1.565051e+00
9.646055e-01 -2.635086e-01 -9.970013e-03 5.051875e+01 2.636455e-01 9.644753e-01 1.667837e-02 -1.801599e+00 5.220938e-03 -1.871660e-02 9.998112e-01 -1.591609e+00
9.585440e-01 -2.847099e-01 -1.156349e-02 5.089384e+01 2.848733e-01 9.584227e-01 1.653058e-02 -1.671025e+00 6.376293e-03 -1.913942e-02 9.997965e-01 -1.614745e+00
9.514637e-01 -3.074726e-01 -1.332079e-02 5.128973e+01 3.076611e-01 9.513662e-01 1.572381e-02 -1.524385e+00 7.838307e-03 -1.905893e-02 9.997876e-01 -1.620505e+00
9.440069e-01 -3.295465e-01 -1.581449e-02 5.167481e+01 3.297780e-01 9.439338e-01 1.534623e-02 -1.380290e+00 9.870533e-03 -1.970221e-02 9.997572e-01 -1.644269e+00
9.357851e-01 -3.522515e-01 -1.500242e-02 5.208226e+01 3.524437e-01 9.357431e-01 1.298154e-02 -1.203526e+00 9.465639e-03 -1.743544e-02 9.998032e-01 -1.633875e+00
9.274006e-01 -3.737289e-01 -1.596329e-02 5.248172e+01 3.739321e-01 9.273725e-01 1.246636e-02 -1.024168e+00 1.014488e-02 -1.753050e-02 9.997948e-01 -1.660782e+00
9.186644e-01 -3.947739e-01 -1.446746e-02 5.289052e+01 3.949384e-01 9.186405e-01 1.109583e-02 -8.414166e-01 8.910054e-03 -1.590710e-02 9.998338e-01 -1.669488e+00
9.104786e-01 -4.132186e-01 -1.670754e-02 5.329205e+01 4.134340e-01 9.104487e-01 1.247841e-02 -6.373603e-01 1.005504e-02 -1.826879e-02 9.997826e-01 -1.675633e+00
9.025508e-01 -4.301461e-01 -1.940343e-02 5.372447e+01 4.303867e-01 9.025842e-01 1.045115e-02 -4.185660e-01 1.301770e-02 -1.778367e-02 9.997571e-01 -1.689560e+00
8.941634e-01 -4.472380e-01 -2.121000e-02 5.416228e+01 4.475243e-01 8.942006e-01 1.128695e-02 -1.848446e-01 1.391804e-02 -1.958437e-02 9.997113e-01 -1.692046e+00
8.860116e-01 -4.632679e-01 -1.913990e-02 5.461551e+01 4.635168e-01 8.860140e-01 1.146573e-02 5.215867e-02 1.164652e-02 -1.903044e-02 9.997511e-01 -1.708024e+00
8.782396e-01 -4.778676e-01 -1.838006e-02 5.506976e+01 4.781017e-01 8.782300e-01 1.143681e-02 2.891717e-01 1.067664e-02 -1.883180e-02 9.997656e-01 -1.709227e+00
8.703169e-01 -4.920662e-01 -2.047926e-02 5.549430e+01 4.922845e-01 8.704047e-01 7.164977e-03 5.554723e-01 1.429960e-02 -1.631742e-02 9.997646e-01 -1.755914e+00
8.622433e-01 -5.060503e-01 -2.120397e-02 5.593115e+01 5.062845e-01 8.623353e-01 7.325469e-03 8.256593e-01 1.457787e-02 -1.705158e-02 9.997483e-01 -1.759017e+00
8.540637e-01 -5.195951e-01 -2.441256e-02 5.638108e+01 5.198855e-01 8.542062e-01 7.128948e-03 1.114311e+00 1.714920e-02 -1.878031e-02 9.996765e-01 -1.767318e+00
8.473616e-01 -5.303619e-01 -2.635528e-02 5.684776e+01 5.306967e-01 8.475298e-01 7.385430e-03 1.395054e+00 1.841993e-02 -2.024479e-02 9.996254e-01 -1.793082e+00
8.420154e-01 -5.386322e-01 -2.975373e-02 5.728808e+01 5.390587e-01 8.422279e-01 8.221151e-03 1.686793e+00 2.063125e-02 -2.296135e-02 9.995235e-01 -1.806462e+00
8.381897e-01 -5.446516e-01 -2.815327e-02 5.773786e+01 5.450747e-01 8.383291e-01 9.900856e-03 1.970210e+00 1.820919e-02 -2.364443e-02 9.995546e-01 -1.819416e+00
8.347631e-01 -5.499039e-01 -2.786050e-02 5.819607e+01 5.502970e-01 8.349248e-01 8.582585e-03 2.256565e+00 1.854183e-02 -2.249597e-02 9.995750e-01 -1.847969e+00
8.313172e-01 -5.552227e-01 -2.528379e-02 5.865437e+01 5.555410e-01 8.314559e-01 7.418224e-03 2.544842e+00 1.690360e-02 -2.021308e-02 9.996528e-01 -1.840134e+00
8.294680e-01 -5.579608e-01 -2.574203e-02 5.910737e+01 5.582923e-01 8.296094e-01 7.614812e-03 2.850662e+00 1.710706e-02 -2.068782e-02 9.996396e-01 -1.884586e+00
8.289546e-01 -5.585513e-01 -2.923718e-02 5.956660e+01 5.589774e-01 8.291386e-01 8.565385e-03 3.149937e+00 1.945747e-02 -2.344324e-02 9.995358e-01 -1.888563e+00
8.293693e-01 -5.578337e-01 -3.111455e-02 6.002273e+01 5.583711e-01 8.295064e-01 1.186816e-02 3.451392e+00 1.918926e-02 -2.721656e-02 9.994454e-01 -1.894847e+00
8.305748e-01 -5.561444e-01 -2.913800e-02 6.050485e+01 5.566439e-01 8.306538e-01 1.273049e-02 3.764488e+00 1.712359e-02 -2.679311e-02 9.994943e-01 -1.894807e+00
8.330204e-01 -5.525617e-01 -2.743158e-02 6.098422e+01 5.530413e-01 8.330297e-01 1.437805e-02 4.052867e+00 1.490657e-02 -2.714801e-02 9.995203e-01 -1.917085e+00
8.360477e-01 -5.481183e-01 -2.430074e-02 6.145743e+01 5.485123e-01 8.360238e-01 1.409792e-02 4.358353e+00 1.258867e-02 -2.511578e-02 9.996053e-01 -1.937708e+00
8.400230e-01 -5.420380e-01 -2.358263e-02 6.195612e+01 5.423958e-01 8.400283e-01 1.262642e-02 4.660671e+00 1.296608e-02 -2.339760e-02 9.996421e-01 -1.964331e+00
8.443441e-01 -5.352492e-01 -2.431475e-02 6.245359e+01 5.355985e-01 8.444033e-01 1.082884e-02 4.972558e+00 1.473533e-02 -2.216621e-02 9.996457e-01 -1.994103e+00
8.492085e-01 -5.274528e-01 -2.526731e-02 6.296571e+01 5.278223e-01 8.492860e-01 1.080076e-02 5.261649e+00 1.576228e-02 -2.250875e-02 9.996224e-01 -2.006747e+00
8.548577e-01 -5.182249e-01 -2.571506e-02 6.346506e+01 5.186045e-01 8.549454e-01 1.084700e-02 5.547277e+00 1.636379e-02 -2.260858e-02 9.996105e-01 -2.011314e+00
8.607382e-01 -5.084185e-01 -2.530815e-02 6.397147e+01 5.088115e-01 8.607895e-01 1.233627e-02 5.836992e+00 1.551300e-02 -2.349537e-02 9.996036e-01 -2.057326e+00
8.669987e-01 -4.976545e-01 -2.555967e-02 6.449708e+01 4.980342e-01 8.670851e-01 1.119565e-02 6.115540e+00 1.659084e-02 -2.243620e-02 9.996106e-01 -2.051520e+00
8.729573e-01 -4.871481e-01 -2.514364e-02 6.500963e+01 4.875299e-01 8.730245e-01 1.195719e-02 6.381800e+00 1.612609e-02 -2.269639e-02 9.996123e-01 -2.077157e+00
8.787371e-01 -4.766988e-01 -2.406963e-02 6.552049e+01 4.770784e-01 8.787577e-01 1.344858e-02 6.643776e+00 1.474045e-02 -2.330087e-02 9.996198e-01 -2.100707e+00
8.845196e-01 -4.658339e-01 -2.497684e-02 6.603783e+01 4.662318e-01 8.845630e-01 1.328167e-02 6.901697e+00 1.590653e-02 -2.339289e-02 9.995998e-01 -2.109548e+00
8.906899e-01 -4.538825e-01 -2.573127e-02 6.655099e+01 4.542885e-01 8.907630e-01 1.276426e-02 7.145796e+00 1.712700e-02 -2.305842e-02 9.995874e-01 -2.153524e+00
8.963857e-01 -4.426178e-01 -2.413010e-02 6.707817e+01 4.429929e-01 8.964288e-01 1.314318e-02 7.375371e+00 1.581351e-02 -2.247082e-02 9.996224e-01 -2.140037e+00
9.019896e-01 -4.310782e-01 -2.421598e-02 6.760258e+01 4.314506e-01 9.020444e-01 1.289658e-02 7.614240e+00 1.628445e-02 -2.208058e-02 9.996235e-01 -2.160957e+00
9.075251e-01 -4.193946e-01 -2.250089e-02 6.811841e+01 4.196906e-01 9.076076e-01 1.040028e-02 7.839196e+00 1.606016e-02 -1.888193e-02 9.996927e-01 -2.188473e+00
9.126472e-01 -4.080501e-01 -2.387885e-02 6.863060e+01 4.083683e-01 9.127598e-01 1.023846e-02 8.055861e+00 1.761785e-02 -1.909547e-02 9.996625e-01 -2.205577e+00
9.173821e-01 -3.973425e-01 -2.300041e-02 6.915668e+01 3.976279e-01 9.174991e-01 9.360039e-03 8.255533e+00 1.738371e-02 -1.773233e-02 9.996917e-01 -2.212180e+00
9.219081e-01 -3.868740e-01 -2.034487e-02 6.966874e+01 3.871074e-01 9.219906e-01 9.009208e-03 8.459944e+00 1.527235e-02 -1.618131e-02 9.997524e-01 -2.231349e+00
9.264487e-01 -3.759262e-01 -1.929478e-02 7.018376e+01 3.761306e-01 9.265301e-01 8.225637e-03 8.652035e+00 1.478497e-02 -1.487799e-02 9.997800e-01 -2.259625e+00
9.307122e-01 -3.653494e-01 -1.716821e-02 7.070625e+01 3.655380e-01 9.307486e-01 9.454668e-03 8.841398e+00 1.252502e-02 -1.507520e-02 9.998079e-01 -2.275708e+00
9.345955e-01 -3.551618e-01 -1.978176e-02 7.122456e+01 3.554018e-01 9.346578e-01 1.021565e-02 9.024232e+00 1.486097e-02 -1.657797e-02 9.997521e-01 -2.279871e+00
9.382968e-01 -3.451951e-01 -2.096231e-02 7.173969e+01 3.454739e-01 9.383582e-01 1.146726e-02 9.210079e+00 1.571171e-02 -1.800162e-02 9.997145e-01 -2.304963e+00
9.417265e-01 -3.357645e-01 -2.033204e-02 7.227309e+01 3.360372e-01 9.417744e-01 1.184253e-02 9.380852e+00 1.517189e-02 -1.798474e-02 9.997231e-01 -2.313815e+00
9.443604e-01 -3.284545e-01 -1.734914e-02 7.279682e+01 3.286765e-01 9.443668e-01 1.196465e-02 9.550058e+00 1.245411e-02 -1.700120e-02 9.997779e-01 -2.332322e+00
9.463884e-01 -3.226707e-01 -1.525315e-02 7.331770e+01 3.228660e-01 9.463590e-01 1.274222e-02 9.716743e+00 1.032342e-02 -1.698381e-02 9.998025e-01 -2.361543e+00
9.480350e-01 -3.177442e-01 -1.637985e-02 7.384206e+01 3.179825e-01 9.479804e-01 1.485275e-02 9.887841e+00 1.080840e-02 -1.928943e-02 9.997555e-01 -2.382668e+00
9.495052e-01 -3.132164e-01 -1.831747e-02 7.437077e+01 3.135041e-01 9.494561e-01 1.575081e-02 1.005832e+01 1.245822e-02 -2.069807e-02 9.997082e-01 -2.395434e+00
9.506048e-01 -3.098738e-01 -1.813088e-02 7.489764e+01 3.101820e-01 9.505113e-01 1.775665e-02 1.021416e+01 1.173128e-02 -2.250343e-02 9.996780e-01 -2.395676e+00
9.509600e-01 -3.088575e-01 -1.680019e-02 7.542390e+01 3.091475e-01 9.508271e-01 1.886289e-02 1.037203e+01 1.014813e-02 -2.313159e-02 9.996809e-01 -2.429590e+00
9.506457e-01 -3.099148e-01 -1.501640e-02 7.595320e+01 3.101679e-01 9.504850e-01 1.934140e-02 1.054945e+01 8.278683e-03 -2.304442e-02 9.997002e-01 -2.454985e+00
9.495958e-01 -3.130729e-01 -1.590954e-02 7.646693e+01 3.133288e-01 9.494838e-01 1.747574e-02 1.071045e+01 9.634674e-03 -2.157980e-02 9.997207e-01 -2.467522e+00
9.485885e-01 -3.159170e-01 -1.939795e-02 7.697656e+01 3.162516e-01 9.485120e-01 1.760827e-02 1.089271e+01 1.283643e-02 -2.283764e-02 9.996568e-01 -2.511672e+00
9.479411e-01 -3.177226e-01 -2.144778e-02 7.749074e+01 3.180924e-01 9.479110e-01 1.678946e-02 1.106304e+01 1.499620e-02 -2.273780e-02 9.996290e-01 -2.530324e+00
9.471771e-01 -3.200161e-01 -2.110162e-02 7.801378e+01 3.203685e-01 9.471555e-01 1.614458e-02 1.123043e+01 1.481999e-02 -2.205208e-02 9.996470e-01 -2.527770e+00
9.461800e-01 -3.230054e-01 -2.027090e-02 7.851122e+01 3.233367e-01 9.461496e-01 1.594977e-02 1.139750e+01 1.402744e-02 -2.164568e-02 9.996673e-01 -2.562990e+00
9.452885e-01 -3.258204e-01 -1.644908e-02 7.900139e+01 3.260560e-01 9.452389e-01 1.452093e-02 1.155679e+01 1.081709e-02 -1.908979e-02 9.997593e-01 -2.579238e+00
9.443647e-01 -3.283426e-01 -1.914442e-02 7.946819e+01 3.286404e-01 9.443322e-01 1.524251e-02 1.171891e+01 1.307392e-02 -2.068611e-02 9.997005e-01 -2.605662e+00
9.435588e-01 -3.305550e-01 -2.073901e-02 7.992580e+01 3.308714e-01 9.435683e-01 1.424386e-02 1.188076e+01 1.486030e-02 -2.030187e-02 9.996834e-01 -2.616240e+00
9.423439e-01 -3.338851e-01 -2.255514e-02 8.035875e+01 3.342452e-01 9.423727e-01 1.461663e-02 1.202899e+01 1.637507e-02 -2.131284e-02 9.996387e-01 -2.624321e+00
9.417120e-01 -3.357343e-01 -2.146919e-02 8.077016e+01 3.360454e-01 9.417567e-01 1.294419e-02 1.216796e+01 1.587295e-02 -1.940432e-02 9.996857e-01 -2.656515e+00
9.412425e-01 -3.371961e-01 -1.900928e-02 8.116930e+01 3.374508e-01 9.412637e-01 1.223611e-02 1.230712e+01 1.376678e-02 -1.793185e-02 9.997444e-01 -2.660530e+00
9.402539e-01 -3.399492e-01 -1.890072e-02 8.154061e+01 3.401912e-01 9.402866e-01 1.144554e-02 1.243582e+01 1.388119e-02 -1.719157e-02 9.997559e-01 -2.688986e+00
9.398549e-01 -3.409898e-01 -1.996667e-02 8.188524e+01 3.412266e-01 9.399291e-01 9.878272e-03 1.256645e+01 1.539887e-02 -1.609730e-02 9.997519e-01 -2.693806e+00
9.396414e-01 -3.414151e-01 -2.257844e-02 8.222061e+01 3.416809e-01 9.397722e-01 9.078857e-03 1.268701e+01 1.811893e-02 -1.624549e-02 9.997038e-01 -2.706588e+00
9.398432e-01 -3.407402e-01 -2.430851e-02 8.252205e+01 3.410419e-01 9.400005e-01 9.457510e-03 1.278766e+01 1.962746e-02 -1.717880e-02 9.996598e-01 -2.718084e+00
9.400196e-01 -3.402235e-01 -2.472144e-02 8.280556e+01 3.405475e-01 9.401717e-01 1.022717e-02 1.289037e+01 1.976288e-02 -1.803257e-02 9.996421e-01 -2.724621e+00
9.407270e-01 -3.383714e-01 -2.318625e-02 8.308056e+01 3.386686e-01 9.408498e-01 1.026754e-02 1.297938e+01 1.834053e-02 -1.751141e-02 9.996784e-01 -2.739176e+00
9.415907e-01 -3.360860e-01 -2.128746e-02 8.333156e+01 3.363306e-01 9.417002e-01 9.088895e-03 1.305454e+01 1.699175e-02 -1.571764e-02 9.997321e-01 -2.745141e+00
9.425230e-01 -3.335231e-01 -2.031519e-02 8.355934e+01 3.337585e-01 9.426110e-01 9.476861e-03 1.312883e+01 1.598856e-02 -1.571253e-02 9.997487e-01 -2.749762e+00
9.432216e-01 -3.315620e-01 -1.999230e-02 8.376261e+01 3.317884e-01 9.433087e-01 9.233698e-03 1.319486e+01 1.579737e-02 -1.534264e-02 9.997575e-01 -2.748323e+00
9.439408e-01 -3.295278e-01 -1.967817e-02 8.394852e+01 3.297525e-01 9.440200e-01 9.450639e-03 1.325449e+01 1.546234e-02 -1.540977e-02 9.997617e-01 -2.762135e+00
9.443941e-01 -3.282947e-01 -1.850270e-02 8.411179e+01 3.284973e-01 9.444605e-01 9.164251e-03 1.330608e+01 1.446649e-02 -1.473275e-02 9.997868e-01 -2.755937e+00
9.449556e-01 -3.266675e-01 -1.863192e-02 8.424547e+01 3.268849e-01 9.450105e-01 1.006436e-02 1.334893e+01 1.431966e-02 -1.560087e-02 9.997758e-01 -2.763052e+00
9.454415e-01 -3.252199e-01 -1.929683e-02 8.436893e+01 3.254519e-01 9.455018e-01 1.035129e-02 1.339110e+01 1.487874e-02 -1.606673e-02 9.997602e-01 -2.775241e+00
9.458598e-01 -3.240757e-01 -1.800239e-02 8.446998e+01 3.242874e-01 9.459018e-01 1.037059e-02 1.341875e+01 1.366764e-02 -1.564708e-02 9.997842e-01 -2.766354e+00
9.462048e-01 -3.230881e-01 -1.762075e-02 8.453639e+01 3.232812e-01 9.462560e-01 9.428833e-03 1.344458e+01 1.362740e-02 -1.461807e-02 9.998003e-01 -2.776959e+00
9.462916e-01 -3.228665e-01 -1.701137e-02 8.458865e+01 3.230594e-01 9.463247e-01 1.009474e-02 1.345927e+01 1.283903e-02 -1.504825e-02 9.998043e-01 -2.769579e+00
9.465230e-01 -3.221362e-01 -1.795650e-02 8.462212e+01 3.223381e-01 9.465746e-01 9.716886e-03 1.347111e+01 1.386701e-02 -1.498532e-02 9.997916e-01 -2.785542e+00
9.464486e-01 -3.223879e-01 -1.735236e-02 8.463184e+01 3.225925e-01 9.464785e-01 1.060329e-02 1.346706e+01 1.300527e-02 -1.563321e-02 9.997932e-01 -2.773322e+00
9.467089e-01 -3.215997e-01 -1.777520e-02 8.464208e+01 3.218299e-01 9.467208e-01 1.204469e-02 1.347442e+01 1.295459e-02 -1.712341e-02 9.997694e-01 -2.772514e+00
9.468112e-01 -3.212618e-01 -1.842399e-02 8.464497e+01 3.215217e-01 9.468070e-01 1.343079e-02 1.347123e+01 1.312916e-02 -1.864014e-02 9.997401e-01 -2.780079e+00
9.466569e-01 -3.216955e-01 -1.878367e-02 8.463857e+01 3.219863e-01 9.466212e-01 1.527246e-02 1.347116e+01 1.286794e-02 -2.050586e-02 9.997069e-01 -2.774097e+00
9.464940e-01 -3.221516e-01 -1.916822e-02 8.462412e+01 3.224481e-01 9.464666e-01 1.510051e-02 1.346844e+01 1.327743e-02 -2.047329e-02 9.997022e-01 -2.778644e+00
9.465080e-01 -3.221152e-01 -1.908823e-02 8.460993e+01 3.224043e-01 9.464884e-01 1.466463e-02 1.346710e+01 1.334309e-02 -2.003432e-02 9.997103e-01 -2.767726e+00
9.464889e-01 -3.221459e-01 -1.951443e-02 8.461366e+01 3.224393e-01 9.464812e-01 1.435901e-02 1.346359e+01 1.384434e-02 -1.988286e-02 9.997064e-01 -2.778236e+00
9.464759e-01 -3.221809e-01 -1.956736e-02 8.458500e+01 3.224699e-01 9.464766e-01 1.396757e-02 1.345949e+01 1.401996e-02 -1.952985e-02 9.997110e-01 -2.775816e+00
9.462619e-01 -3.228105e-01 -1.953752e-02 8.457681e+01 3.231018e-01 9.462581e-01 1.417134e-02 1.345202e+01 1.391288e-02 -1.972241e-02 9.997087e-01 -2.768251e+00
9.457995e-01 -3.241615e-01 -1.956253e-02 8.453901e+01 3.244604e-01 9.457850e-01 1.468922e-02 1.344406e+01 1.374027e-02 -2.024033e-02 9.997007e-01 -2.768931e+00
9.448324e-01 -3.269551e-01 -1.979868e-02 8.450243e+01 3.272442e-01 9.448413e-01 1.365509e-02 1.342229e+01 1.424201e-02 -1.938077e-02 9.997107e-01 -2.770914e+00
9.439797e-01 -3.294297e-01 -1.945406e-02 8.447047e+01 3.297013e-01 9.439975e-01 1.287899e-02 1.341685e+01 1.412186e-02 -1.857153e-02 9.997278e-01 -2.769701e+00
9.417942e-01 -3.355844e-01 -2.017191e-02 8.442174e+01 3.358781e-01 9.418094e-01 1.345888e-02 1.342143e+01 1.448151e-02 -1.945079e-02 9.997059e-01 -2.770592e+00
9.393852e-01 -3.422336e-01 -2.077625e-02 8.437646e+01 3.425333e-01 9.394150e-01 1.306442e-02 1.341403e+01 1.504643e-02 -1.938908e-02 9.996988e-01 -2.773191e+00
9.360914e-01 -3.510845e-01 -2.173980e-02 8.431377e+01 3.514042e-01 9.361323e-01 1.310587e-02 1.341196e+01 1.575006e-02 -1.990774e-02 9.996778e-01 -2.780963e+00
9.321479e-01 -3.613978e-01 -2.218236e-02 8.425247e+01 3.617300e-01 9.321879e-01 1.330759e-02 1.338370e+01 1.586880e-02 -2.042867e-02 9.996654e-01 -2.758270e+00
9.271451e-01 -3.740076e-01 -2.281243e-02 8.417407e+01 3.743569e-01 9.271861e-01 1.352536e-02 1.337890e+01 1.609278e-02 -2.107997e-02 9.996483e-01 -2.759522e+00
9.214445e-01 -3.878394e-01 -2.281803e-02 8.408591e+01 3.881873e-01 9.214830e-01 1.339306e-02 1.337317e+01 1.583207e-02 -2.119863e-02 9.996499e-01 -2.758215e+00
9.153556e-01 -4.019353e-01 -2.392089e-02 8.400938e+01 4.023124e-01 9.154001e-01 1.368142e-02 1.335949e+01 1.639814e-02 -2.214704e-02 9.996203e-01 -2.755225e+00
9.077805e-01 -4.187197e-01 -2.466611e-02 8.392059e+01 4.191148e-01 9.078299e-01 1.370328e-02 1.335124e+01 1.665480e-02 -2.277751e-02 9.996018e-01 -2.752092e+00
8.993223e-01 -4.364982e-01 -2.624433e-02 8.384171e+01 4.369311e-01 8.993907e-01 1.369712e-02 1.332827e+01 1.762513e-02 -2.378509e-02 9.995617e-01 -2.748162e+00
8.905028e-01 -4.541605e-01 -2.725661e-02 8.373895e+01 4.546214e-01 8.905778e-01 1.380903e-02 1.332249e+01 1.800261e-02 -2.468842e-02 9.995331e-01 -2.745811e+00
8.801190e-01 -4.738795e-01 -2.878968e-02 8.364986e+01 4.743655e-01 8.802322e-01 1.299317e-02 1.330531e+01 1.918440e-02 -2.509237e-02 9.995010e-01 -2.753553e+00
8.690849e-01 -4.938799e-01 -2.782221e-02 8.356741e+01 4.943371e-01 8.691788e-01 1.261501e-02 1.328827e+01 1.795218e-02 -2.471706e-02 9.995333e-01 -2.734715e+00
8.568814e-01 -5.146676e-01 -2.952222e-02 8.345441e+01 5.151442e-01 8.570299e-01 1.124448e-02 1.327705e+01 1.951425e-02 -2.484339e-02 9.995009e-01 -2.731698e+00
8.443699e-01 -5.349373e-01 -2.968952e-02 8.336507e+01 5.354145e-01 8.445193e-01 1.087723e-02 1.324681e+01 1.925474e-02 -2.508060e-02 9.995000e-01 -2.720474e+00
8.310084e-01 -5.554138e-01 -3.066703e-02 8.326672e+01 5.559066e-01 8.311820e-01 1.021138e-02 1.321428e+01 1.981834e-02 -2.553375e-02 9.994775e-01 -2.722433e+00
8.173072e-01 -5.753762e-01 -3.084200e-02 8.318774e+01 5.758640e-01 8.174902e-01 9.512613e-03 1.318926e+01 1.973970e-02 -2.553552e-02 9.994790e-01 -2.710750e+00
8.024707e-01 -5.958478e-01 -3.172015e-02 8.306622e+01 5.963510e-01 8.026744e-01 8.905695e-03 1.314925e+01 2.015452e-02 -2.606291e-02 9.994571e-01 -2.710758e+00
7.865277e-01 -6.166699e-01 -3.305127e-02 8.295618e+01 6.172074e-01 7.867538e-01 8.574682e-03 1.312183e+01 2.071546e-02 -2.714372e-02 9.994169e-01 -2.703152e+00
7.702956e-01 -6.367682e-01 -3.422001e-02 8.286512e+01 6.373240e-01 7.705582e-01 7.625632e-03 1.307903e+01 2.151275e-02 -2.768322e-02 9.993852e-01 -2.692546e+00
7.525606e-01 -6.575184e-01 -3.636011e-02 8.274158e+01 6.581047e-01 7.529031e-01 5.941882e-03 1.304088e+01 2.346874e-02 -2.840038e-02 9.993211e-01 -2.707061e+00
7.349698e-01 -6.771284e-01 -3.628320e-02 8.264946e+01 6.777216e-01 7.352943e-01 5.959604e-03 1.300193e+01 2.264342e-02 -2.897004e-02 9.993238e-01 -2.694088e+00
7.173374e-01 -6.957275e-01 -3.728528e-02 8.255308e+01 6.963167e-01 7.177227e-01 4.146031e-03 1.295185e+01 2.387599e-02 -2.893647e-02 9.992961e-01 -2.699147e+00
6.981670e-01 -7.149664e-01 -3.722782e-02 8.246237e+01 7.155527e-01 6.985490e-01 3.658595e-03 1.291358e+01 2.338969e-02 -2.919278e-02 9.993001e-01 -2.692789e+00
6.786517e-01 -7.334788e-01 -3.795609e-02 8.237213e+01 7.340809e-01 6.790557e-01 2.956633e-03 1.286240e+01 2.360567e-02 -2.986936e-02 9.992750e-01 -2.690367e+00
6.583743e-01 -7.517303e-01 -3.801015e-02 8.226630e+01 7.523229e-01 6.587915e-01 2.015646e-03 1.280061e+01 2.352554e-02 -2.992296e-02 9.992753e-01 -2.685632e+00
6.374670e-01 -7.695475e-01 -3.784754e-02 8.216949e+01 7.701222e-01 6.378956e-01 9.649564e-04 1.272551e+01 2.340020e-02 -2.976236e-02 9.992831e-01 -2.678883e+00
6.162568e-01 -7.865848e-01 -3.888356e-02 8.207196e+01 7.872080e-01 6.166865e-01 1.188092e-03 1.266926e+01 2.304442e-02 -3.134162e-02 9.992430e-01 -2.674040e+00
5.943684e-01 -8.032894e-01 -3.811109e-02 8.197070e+01 8.038788e-01 5.947930e-01 2.439599e-04 1.259738e+01 2.247224e-02 -3.078170e-02 9.992735e-01 -2.667183e+00
5.728610e-01 -8.186920e-01 -3.966976e-02 8.188377e+01 8.193001e-01 5.733627e-01 -1.572919e-03 1.253560e+01 2.403290e-02 -3.160038e-02 9.992116e-01 -2.683153e+00
5.504191e-01 -8.339365e-01 -3.985884e-02 8.180327e+01 8.345463e-01 5.509330e-01 -2.332417e-03 1.245777e+01 2.390464e-02 -3.198024e-02 9.992026e-01 -2.675371e+00
5.289929e-01 -8.477218e-01 -3.917028e-02 8.172742e+01 8.483251e-01 5.294712e-01 -2.203891e-03 1.239697e+01 2.260782e-02 -3.206328e-02 9.992301e-01 -2.655171e+00
5.066302e-01 -8.611653e-01 -4.147530e-02 8.163972e+01 8.618214e-01 5.071979e-01 -3.770727e-03 1.230489e+01 2.428340e-02 -3.383393e-02 9.991324e-01 -2.654928e+00
4.846864e-01 -8.737132e-01 -4.128322e-02 8.156571e+01 8.743567e-01 4.852618e-01 -4.623085e-03 1.223425e+01 2.407242e-02 -3.385551e-02 9.991368e-01 -2.667643e+00
4.630463e-01 -8.854377e-01 -3.985247e-02 8.149447e+01 8.860397e-01 4.635832e-01 -4.932611e-03 1.216239e+01 2.284246e-02 -3.302684e-02 9.991934e-01 -2.654280e+00
4.420011e-01 -8.960158e-01 -4.231888e-02 8.142437e+01 8.966923e-01 4.426148e-01 -5.927942e-03 1.208118e+01 2.404249e-02 -3.532685e-02 9.990866e-01 -2.657002e+00
4.194313e-01 -9.067255e-01 -4.389039e-02 8.135885e+01 9.074679e-01 4.200755e-01 -6.214284e-03 1.201460e+01 2.407192e-02 -3.722265e-02 9.990170e-01 -2.648615e+00
3.975765e-01 -9.165261e-01 -4.373449e-02 8.128288e+01 9.172844e-01 3.981882e-01 -5.933259e-03 1.193541e+01 2.285255e-02 -3.775804e-02 9.990256e-01 -2.628827e+00
3.758119e-01 -9.256469e-01 -4.408364e-02 8.121751e+01 9.264098e-01 3.764526e-01 -6.949620e-03 1.185139e+01 2.302830e-02 -3.822777e-02 9.990036e-01 -2.639457e+00
3.545124e-01 -9.340050e-01 -4.422407e-02 8.116454e+01 9.347692e-01 3.551706e-01 -7.774557e-03 1.178219e+01 2.296856e-02 -3.858312e-02 9.989914e-01 -2.631176e+00
3.330116e-01 -9.418762e-01 -4.441418e-02 8.109965e+01 9.426273e-01 3.337169e-01 -9.322415e-03 1.170373e+01 2.360232e-02 -3.876154e-02 9.989697e-01 -2.626196e+00
3.102590e-01 -9.495668e-01 -4.541171e-02 8.105487e+01 9.503725e-01 3.109720e-01 -9.404044e-03 1.162626e+01 2.305154e-02 -4.024035e-02 9.989241e-01 -2.628314e+00
2.878990e-01 -9.566127e-01 -4.479126e-02 8.098653e+01 9.574037e-01 2.885904e-01 -9.685550e-03 1.154006e+01 2.219165e-02 -4.009486e-02 9.989494e-01 -2.621291e+00
2.657737e-01 -9.629735e-01 -4.523731e-02 8.094189e+01 9.637732e-01 2.665032e-01 -1.083004e-02 1.146274e+01 2.248493e-02 -4.072016e-02 9.989176e-01 -2.636611e+00
2.455846e-01 -9.683368e-01 -4.485459e-02 8.090067e+01 9.691225e-01 2.463137e-01 -1.144167e-02 1.138861e+01 2.212770e-02 -4.065970e-02 9.989280e-01 -2.636318e+00
2.245946e-01 -9.734011e-01 -4.525068e-02 8.085247e+01 9.741938e-01 2.253625e-01 -1.258374e-02 1.129376e+01 2.244683e-02 -4.125669e-02 9.988964e-01 -2.636035e+00
2.039028e-01 -9.779429e-01 -4.529226e-02 8.080565e+01 9.787561e-01 2.046494e-01 -1.245855e-02 1.122168e+01 2.145279e-02 -4.178974e-02 9.988961e-01 -2.624782e+00
1.843475e-01 -9.818190e-01 -4.524792e-02 8.078197e+01 9.826283e-01 1.851101e-01 -1.325250e-02 1.115351e+01 2.138740e-02 -4.201883e-02 9.988879e-01 -2.626402e+00
1.643942e-01 -9.854240e-01 -4.374985e-02 8.073583e+01 9.861675e-01 1.651465e-01 -1.415257e-02 1.107308e+01 2.117142e-02 -4.081809e-02 9.989423e-01 -2.639109e+00
1.454311e-01 -9.883727e-01 -4.437534e-02 8.070315e+01 9.891489e-01 1.461973e-01 -1.452021e-02 1.099774e+01 2.083893e-02 -4.178213e-02 9.989094e-01 -2.629620e+00
1.259506e-01 -9.910245e-01 -4.479857e-02 8.067545e+01 9.918116e-01 1.267551e-01 -1.558530e-02 1.092955e+01 2.112386e-02 -4.246876e-02 9.988745e-01 -2.627097e+00
1.054789e-01 -9.934368e-01 -4.424569e-02 8.063587e+01 9.942016e-01 1.062870e-01 -1.631756e-02 1.084728e+01 2.091321e-02 -4.226797e-02 9.988874e-01 -2.629225e+00
8.582658e-02 -9.953477e-01 -4.378176e-02 8.060299e+01 9.961067e-01 8.661425e-02 -1.641610e-02 1.077266e+01 2.013184e-02 -4.220236e-02 9.989063e-01 -2.641497e+00
6.675267e-02 -9.967475e-01 -4.515004e-02 8.058432e+01 9.975805e-01 6.755245e-02 -1.642445e-02 1.068912e+01 1.942102e-02 -4.394442e-02 9.988452e-01 -2.622755e+00
4.786408e-02 -9.978618e-01 -4.450745e-02 8.055413e+01 9.986816e-01 4.863596e-02 -1.642125e-02 1.061034e+01 1.855080e-02 -4.366278e-02 9.988741e-01 -2.615985e+00
3.015435e-02 -9.985713e-01 -4.411634e-02 8.054215e+01 9.993693e-01 3.094792e-02 -1.741640e-02 1.054362e+01 1.875683e-02 -4.356333e-02 9.988746e-01 -2.627528e+00
1.334119e-02 -9.989116e-01 -4.469511e-02 8.051900e+01 9.997489e-01 1.413071e-02 -1.739345e-02 1.048010e+01 1.800609e-02 -4.445184e-02 9.988493e-01 -2.621719e+00
-3.597617e-03 -9.989868e-01 -4.485954e-02 8.050089e+01 9.998233e-01 -2.765775e-03 -1.858993e-02 1.041294e+01 1.844702e-02 -4.491850e-02 9.988203e-01 -2.623923e+00
-2.043021e-02 -9.988285e-01 -4.386631e-02 8.048671e+01 9.996191e-01 -1.959264e-02 -1.943887e-02 1.033941e+01 1.855664e-02 -4.424674e-02 9.988483e-01 -2.637097e+00
-3.751254e-02 -9.983436e-01 -4.361984e-02 8.046294e+01 9.991094e-01 -3.662604e-02 -2.094793e-02 1.027153e+01 1.931561e-02 -4.436681e-02 9.988286e-01 -2.642609e+00
-5.478013e-02 -9.975234e-01 -4.411539e-02 8.044307e+01 9.983309e-01 -5.390823e-02 -2.071915e-02 1.020320e+01 1.828966e-02 -4.517676e-02 9.988115e-01 -2.625139e+00
-7.158625e-02 -9.964663e-01 -4.393569e-02 8.044299e+01 9.972594e-01 -7.067919e-02 -2.186478e-02 1.013389e+01 1.868218e-02 -4.538050e-02 9.987951e-01 -2.629223e+00
-9.013295e-02 -9.950229e-01 -4.249161e-02 8.041718e+01 9.957815e-01 -8.930135e-02 -2.108180e-02 1.006806e+01 1.718232e-02 -4.421252e-02 9.988744e-01 -2.617389e+00
-1.085639e-01 -9.932413e-01 -4.105680e-02 8.040816e+01 9.939467e-01 -1.077560e-01 -2.141232e-02 9.988395e+00 1.684349e-02 -4.313288e-02 9.989274e-01 -2.607220e+00
-1.271057e-01 -9.910952e-01 -3.968056e-02 8.039155e+01 9.917428e-01 -1.262981e-01 -2.224639e-02 9.913655e+00 1.703672e-02 -4.218056e-02 9.989647e-01 -2.615178e+00
-1.458951e-01 -9.885472e-01 -3.858778e-02 8.038724e+01 9.891517e-01 -1.450867e-01 -2.299352e-02 9.833825e+00 1.713161e-02 -4.152381e-02 9.989907e-01 -2.613151e+00
-1.649348e-01 -9.855344e-01 -3.896876e-02 8.037389e+01 9.861487e-01 -1.640774e-01 -2.428086e-02 9.752336e+00 1.753573e-02 -4.243374e-02 9.989454e-01 -2.618931e+00
-1.831516e-01 -9.823337e-01 -3.841925e-02 8.036768e+01 9.829497e-01 -1.823391e-01 -2.371122e-02 9.685260e+00 1.628700e-02 -4.210695e-02 9.989803e-01 -2.613512e+00
-2.017899e-01 -9.786854e-01 -3.815451e-02 8.035262e+01 9.792804e-01 -2.009276e-01 -2.526139e-02 9.592945e+00 1.705666e-02 -4.246145e-02 9.989525e-01 -2.614762e+00
-2.199848e-01 -9.748043e-01 -3.692331e-02 8.034560e+01 9.753423e-01 -2.191033e-01 -2.647993e-02 9.517916e+00 1.772273e-02 -4.183805e-02 9.989672e-01 -2.625826e+00
-2.371410e-01 -9.707849e-01 -3.661731e-02 8.034312e+01 9.713302e-01 -2.362857e-01 -2.620646e-02 9.449398e+00 1.678869e-02 -4.178212e-02 9.989857e-01 -2.609601e+00
-2.526823e-01 -9.668717e-01 -3.620545e-02 8.035277e+01 9.673882e-01 -2.517805e-01 -2.768835e-02 9.375225e+00 1.765526e-02 -4.202108e-02 9.989607e-01 -2.619150e+00
-2.674992e-01 -9.628809e-01 -3.611748e-02 8.035525e+01 9.633839e-01 -2.665502e-01 -2.902665e-02 9.309983e+00 1.832208e-02 -4.255961e-02 9.989259e-01 -2.627584e+00
-2.828915e-01 -9.584928e-01 -3.555424e-02 8.035818e+01 9.589850e-01 -2.819563e-01 -2.912913e-02 9.252290e+00 1.789532e-02 -4.233637e-02 9.989432e-01 -2.617603e+00
-2.962205e-01 -9.544705e-01 -3.520723e-02 8.035624e+01 9.549412e-01 -2.952513e-01 -3.023308e-02 9.193847e+00 1.846160e-02 -4.257649e-02 9.989226e-01 -2.628995e+00
-3.081788e-01 -9.507169e-01 -3.410682e-02 8.035603e+01 9.511455e-01 -3.072185e-01 -3.064103e-02 9.130993e+00 1.865270e-02 -4.188346e-02 9.989484e-01 -2.632267e+00
-3.189068e-01 -9.471988e-01 -3.336217e-02 8.037491e+01 9.476095e-01 -3.179699e-01 -3.052086e-02 9.081838e+00 1.830115e-02 -4.134762e-02 9.989772e-01 -2.640317e+00
-3.297347e-01 -9.434909e-01 -3.316787e-02 8.037388e+01 9.438910e-01 -3.287763e-01 -3.123934e-02 9.032879e+00 1.856922e-02 -4.160755e-02 9.989614e-01 -2.629601e+00
-3.381478e-01 -9.405338e-01 -3.243725e-02 8.038451e+01 9.409018e-01 -3.371834e-01 -3.179703e-02 8.992264e+00 1.896888e-02 -4.127236e-02 9.989678e-01 -2.634328e+00
-3.464016e-01 -9.375123e-01 -3.281176e-02 8.038812e+01 9.378977e-01 -3.454186e-01 -3.215298e-02 8.957426e+00 1.881003e-02 -4.191192e-02 9.989442e-01 -2.634049e+00
-3.534412e-01 -9.348951e-01 -3.241174e-02 8.039132e+01 9.352857e-01 -3.525017e-01 -3.135457e-02 8.932452e+00 1.788804e-02 -4.139623e-02 9.989827e-01 -2.617469e+00
-3.589771e-01 -9.328074e-01 -3.171615e-02 8.038837e+01 9.331525e-01 -3.580024e-01 -3.256951e-02 8.899165e+00 1.902663e-02 -4.128771e-02 9.989661e-01 -2.631597e+00
-3.632001e-01 -9.311743e-01 -3.162403e-02 8.038940e+01 9.315359e-01 -3.622642e-01 -3.171169e-02 8.880540e+00 1.807285e-02 -4.097661e-02 9.989966e-01 -2.611617e+00
-3.676597e-01 -9.294543e-01 -3.067624e-02 8.039392e+01 9.297756e-01 -3.667289e-01 -3.205098e-02 8.851203e+00 1.854006e-02 -4.030588e-02 9.990154e-01 -2.625539e+00
-3.708659e-01 -9.281781e-01 -3.071939e-02 8.040350e+01 9.284992e-01 -3.699242e-01 -3.233145e-02 8.831577e+00 1.864550e-02 -4.051357e-02 9.990050e-01 -2.618189e+00
-3.729926e-01 -9.273348e-01 -3.044433e-02 8.041265e+01 9.276606e-01 -3.720868e-01 -3.157913e-02 8.824024e+00 1.795649e-02 -4.002078e-02 9.990375e-01 -2.607337e+00
-3.741361e-01 -9.269155e-01 -2.914892e-02 8.040891e+01 9.271728e-01 -3.732159e-01 -3.256495e-02 8.810017e+00 1.930612e-02 -3.920981e-02 9.990445e-01 -2.618922e+00
-3.746487e-01 -9.267271e-01 -2.855647e-02 8.040887e+01 9.269593e-01 -3.737352e-01 -3.268752e-02 8.812022e+00 1.961985e-02 -3.871702e-02 9.990576e-01 -2.621150e+00
-3.758060e-01 -9.262909e-01 -2.747483e-02 8.041119e+01 9.264787e-01 -3.749062e-01 -3.290261e-02 8.807421e+00 2.017691e-02 -3.781984e-02 9.990808e-01 -2.629177e+00
-3.764440e-01 -9.260041e-01 -2.839901e-02 8.041284e+01 9.262345e-01 -3.755390e-01 -3.255891e-02 8.812874e+00 1.948475e-02 -3.856074e-02 9.990663e-01 -2.616635e+00
-3.755325e-01 -9.264230e-01 -2.675819e-02 8.041286e+01 9.266000e-01 -3.746777e-01 -3.208021e-02 8.816838e+00 1.969414e-02 -3.684130e-02 9.991270e-01 -2.627679e+00
-3.763816e-01 -9.260753e-01 -2.685854e-02 8.041483e+01 9.262608e-01 -3.755324e-01 -3.188050e-02 8.815284e+00 1.943749e-02 -3.687724e-02 9.991307e-01 -2.618959e+00
-3.765098e-01 -9.260369e-01 -2.637969e-02 8.041683e+01 9.262055e-01 -3.756711e-01 -3.185284e-02 8.845271e+00 1.958682e-02 -3.642593e-02 9.991444e-01 -2.620243e+00
-3.766358e-01 -9.259821e-01 -2.650780e-02 8.040776e+01 9.261370e-01 -3.757606e-01 -3.277685e-02 8.849284e+00 2.039020e-02 -3.689479e-02 9.991111e-01 -2.621633e+00
-3.766433e-01 -9.259822e-01 -2.639809e-02 8.039699e+01 9.261456e-01 -3.757930e-01 -3.215688e-02 8.856113e+00 1.985648e-02 -3.656014e-02 9.991342e-01 -2.613226e+00
-3.774724e-01 -9.256559e-01 -2.599156e-02 8.038763e+01 9.257918e-01 -3.766065e-01 -3.282005e-02 8.880287e+00 2.059149e-02 -3.645144e-02 9.991233e-01 -2.618939e+00
-3.801656e-01 -9.245649e-01 -2.557300e-02 8.037101e+01 9.246849e-01 -3.793030e-01 -3.296939e-02 8.896872e+00 2.078241e-02 -3.618079e-02 9.991291e-01 -2.621285e+00
-3.806161e-01 -9.244059e-01 -2.460108e-02 8.037231e+01 9.245182e-01 -3.798190e-01 -3.168091e-02 8.918836e+00 1.994206e-02 -3.480240e-02 9.991952e-01 -2.605784e+00
-3.834171e-01 -9.232664e-01 -2.388733e-02 8.036790e+01 9.233417e-01 -3.826102e-01 -3.239783e-02 8.937365e+00 2.077229e-02 -3.447805e-02 9.991896e-01 -2.623908e+00
-3.864532e-01 -9.219975e-01 -2.396735e-02 8.035174e+01 9.220827e-01 -3.856525e-01 -3.217942e-02 8.952968e+00 2.042627e-02 -3.453572e-02 9.991947e-01 -2.613409e+00
-3.914917e-01 -9.198705e-01 -2.393171e-02 8.033710e+01 9.199617e-01 -3.906968e-01 -3.204058e-02 8.980789e+00 2.012314e-02 -3.455988e-02 9.992000e-01 -2.607155e+00
-3.969021e-01 -9.175498e-01 -2.390003e-02 8.032494e+01 9.176372e-01 -3.960955e-01 -3.241044e-02 9.006746e+00 2.027149e-02 -3.479533e-02 9.991888e-01 -2.614041e+00
-4.031792e-01 -9.148279e-01 -2.316083e-02 8.030573e+01 9.148912e-01 -4.023817e-01 -3.260386e-02 9.032087e+00 2.050743e-02 -3.433484e-02 9.992000e-01 -2.618872e+00
-4.104544e-01 -9.115891e-01 -2.307429e-02 8.029169e+01 9.116659e-01 -4.096766e-01 -3.209872e-02 9.069485e+00 1.980784e-02 -3.421111e-02 9.992183e-01 -2.611971e+00
-4.182928e-01 -9.080312e-01 -2.259241e-02 8.024726e+01 9.080949e-01 -4.175193e-01 -3.227020e-02 9.105986e+00 1.986959e-02 -3.401444e-02 9.992238e-01 -2.610471e+00
-4.274620e-01 -9.037570e-01 -2.235266e-02 8.023193e+01 9.038150e-01 -4.266847e-01 -3.253645e-02 9.131612e+00 1.986750e-02 -3.411076e-02 9.992206e-01 -2.612395e+00
-4.372667e-01 -8.990588e-01 -2.215960e-02 8.019928e+01 8.991212e-01 -4.364983e-01 -3.240868e-02 9.166652e+00 1.946468e-02 -3.409540e-02 9.992290e-01 -2.609426e+00
-4.496967e-01 -8.929275e-01 -2.129195e-02 8.015961e+01 8.929557e-01 -4.489198e-01 -3.318331e-02 9.204707e+00 2.007192e-02 -3.393519e-02 9.992225e-01 -2.618209e+00
-4.613103e-01 -8.870063e-01 -2.031109e-02 8.011996e+01 8.870340e-01 -4.605910e-01 -3.204060e-02 9.255404e+00 1.906511e-02 -3.279729e-02 9.992802e-01 -2.607421e+00
-4.758290e-01 -8.793176e-01 -1.967469e-02 8.006858e+01 8.793254e-01 -4.751037e-01 -3.260874e-02 9.306568e+00 1.932593e-02 -3.281664e-02 9.992746e-01 -2.601968e+00
-4.928608e-01 -8.698778e-01 -2.002113e-02 8.001440e+01 8.698887e-01 -4.920895e-01 -3.378528e-02 9.359348e+00 1.953687e-02 -3.406760e-02 9.992285e-01 -2.616429e+00
-5.106897e-01 -8.595293e-01 -2.013388e-02 7.994949e+01 8.595439e-01 -5.098870e-01 -3.463547e-02 9.427179e+00 1.950420e-02 -3.499393e-02 9.991972e-01 -2.617465e+00
-5.306052e-01 -8.473848e-01 -1.992505e-02 7.987801e+01 8.474036e-01 -5.297937e-01 -3.500885e-02 9.497862e+00 1.910980e-02 -3.546043e-02 9.991884e-01 -2.613232e+00
-5.533752e-01 -8.326962e-01 -1.982145e-02 7.980006e+01 8.327091e-01 -5.525198e-01 -3.629670e-02 9.566940e+00 1.927238e-02 -3.659120e-02 9.991444e-01 -2.619581e+00
-5.781337e-01 -8.157162e-01 -1.919385e-02 7.970023e+01 8.157411e-01 -5.773095e-01 -3.578006e-02 9.650513e+00 1.810558e-02 -3.634287e-02 9.991754e-01 -2.600052e+00
-6.069821e-01 -7.945207e-01 -1.758490e-02 7.958695e+01 7.944938e-01 -6.061422e-01 -3.702975e-02 9.752902e+00 1.876196e-02 -3.644750e-02 9.991595e-01 -2.593673e+00
-6.356251e-01 -7.718366e-01 -1.578464e-02 7.947163e+01 7.717384e-01 -6.347482e-01 -3.891635e-02 9.844073e+00 2.001780e-02 -3.691782e-02 9.991178e-01 -2.603928e+00
-6.663935e-01 -7.454689e-01 -1.399006e-02 7.934176e+01 7.453153e-01 -6.655030e-01 -4.013451e-02 9.954620e+00 2.060860e-02 -3.717238e-02 9.990963e-01 -2.585168e+00
-6.991463e-01 -7.148765e-01 -1.208043e-02 7.918671e+01 7.146558e-01 -6.982232e-01 -4.185147e-02 1.005556e+01 2.148380e-02 -3.789366e-02 9.990508e-01 -2.575107e+00
-7.326516e-01 -6.805122e-01 -1.116744e-02 7.901310e+01 6.802652e-01 -7.316711e-01 -4.355076e-02 1.014982e+01 2.146593e-02 -3.950436e-02 9.989888e-01 -2.578274e+00
-7.646593e-01 -6.443563e-01 -1.006745e-02 7.883002e+01 6.440698e-01 -7.636071e-01 -4.558878e-02 1.024865e+01 2.168784e-02 -4.134402e-02 9.989095e-01 -2.563687e+00
-7.962328e-01 -6.049095e-01 -9.887964e-03 7.863606e+01 6.045914e-01 -7.950078e-01 -4.931333e-02 1.033604e+01 2.196910e-02 -4.524307e-02 9.987344e-01 -2.553503e+00
-8.269386e-01 -5.622520e-01 -6.717827e-03 7.843584e+01 5.617779e-01 -8.256125e-01 -5.262640e-02 1.041530e+01 2.404298e-02 -4.729274e-02 9.985917e-01 -2.553357e+00
-8.554430e-01 -5.178742e-01 -4.869862e-03 7.822594e+01 5.173797e-01 -8.541305e-01 -5.271945e-02 1.047952e+01 2.314254e-02 -4.761805e-02 9.985975e-01 -2.539639e+00
-8.812013e-01 -4.727283e-01 -3.486577e-03 7.800252e+01 4.721817e-01 -8.797757e-01 -5.512877e-02 1.054312e+01 2.299352e-02 -5.022584e-02 9.984732e-01 -2.531089e+00
-9.044260e-01 -4.266235e-01 -2.435837e-03 7.780075e+01 4.260756e-01 -9.029440e-01 -5.614082e-02 1.057512e+01 2.175157e-02 -5.181307e-02 9.984199e-01 -2.538105e+00
-9.242433e-01 -3.817925e-01 -2.955058e-03 7.756874e+01 3.813291e-01 -9.226803e-01 -5.700266e-02 1.061978e+01 1.903662e-02 -5.381118e-02 9.983696e-01 -2.515765e+00
-9.405628e-01 -3.396147e-01 -1.801242e-03 7.734226e+01 3.391724e-01 -9.390397e-01 -5.627203e-02 1.065377e+01 1.741937e-02 -5.353831e-02 9.984139e-01 -2.503031e+00
-9.547598e-01 -2.973774e-01 4.851464e-04 7.711514e+01 2.968672e-01 -9.532145e-01 -5.702554e-02 1.067820e+01 1.742056e-02 -5.430168e-02 9.983726e-01 -2.493989e+00
-9.664917e-01 -2.566783e-01 3.151914e-03 7.687313e+01 2.560867e-01 -9.649655e-01 -5.710671e-02 1.071004e+01 1.769954e-02 -5.438601e-02 9.983631e-01 -2.481020e+00
-9.765571e-01 -2.151765e-01 5.945889e-03 7.662520e+01 2.144979e-01 -9.750549e-01 -5.708496e-02 1.071633e+01 1.808091e-02 -5.447134e-02 9.983516e-01 -2.466425e+00
-9.845793e-01 -1.747938e-01 7.105497e-03 7.639294e+01 1.740927e-01 -9.830007e-01 -5.832162e-02 1.072232e+01 1.717897e-02 -5.618525e-02 9.982725e-01 -2.460835e+00
-9.905665e-01 -1.367737e-01 8.427513e-03 7.613905e+01 1.360725e-01 -9.890301e-01 -5.747872e-02 1.072132e+01 1.619664e-02 -5.578974e-02 9.983112e-01 -2.454948e+00
-9.950527e-01 -9.896492e-02 8.724351e-03 7.590408e+01 9.832241e-02 -9.935588e-01 -5.633536e-02 1.071929e+01 1.424338e-02 -5.519884e-02 9.983738e-01 -2.442398e+00
-9.981512e-01 -5.979448e-02 1.091819e-02 7.563515e+01 5.907439e-02 -9.966043e-01 -5.736009e-02 1.070142e+01 1.431093e-02 -5.660905e-02 9.982939e-01 -2.433427e+00
-9.996845e-01 -2.211477e-02 1.190374e-02 7.538951e+01 2.140071e-02 -9.981393e-01 -5.709641e-02 1.066283e+01 1.314426e-02 -5.682365e-02 9.982977e-01 -2.416531e+00
-9.998128e-01 1.410664e-02 1.323133e-02 7.515003e+01 -1.481820e-02 -9.983588e-01 -5.531828e-02 1.062592e+01 1.242926e-02 -5.550401e-02 9.983811e-01 -2.408566e+00
-9.986151e-01 5.063265e-02 1.428120e-02 7.489385e+01 -5.133490e-02 -9.972171e-01 -5.406219e-02 1.057732e+01 1.150415e-02 -5.472045e-02 9.984354e-01 -2.406410e+00
-9.960457e-01 8.740489e-02 1.592088e-02 7.464100e+01 -8.813314e-02 -9.947007e-01 -5.294485e-02 1.051323e+01 1.120887e-02 -5.413864e-02 9.984705e-01 -2.393529e+00
-9.924922e-01 1.210295e-01 1.763749e-02 7.438844e+01 -1.217957e-01 -9.911891e-01 -5.205744e-02 1.045546e+01 1.118160e-02 -5.381477e-02 9.984883e-01 -2.376649e+00
-9.878277e-01 1.543134e-01 1.959049e-02 7.411882e+01 -1.551290e-01 -9.865786e-01 -5.096626e-02 1.038834e+01 1.146279e-02 -5.338493e-02 9.985082e-01 -2.372756e+00
-9.821823e-01 1.868958e-01 1.970111e-02 7.386116e+01 -1.876733e-01 -9.809207e-01 -5.072776e-02 1.031950e+01 9.844424e-03 -5.352127e-02 9.985182e-01 -2.357549e+00
-9.758154e-01 2.175617e-01 2.123607e-02 7.359573e+01 -2.183774e-01 -9.745706e-01 -5.023500e-02 1.023310e+01 9.766830e-03 -5.365756e-02 9.985116e-01 -2.353317e+00
-9.689804e-01 2.463496e-01 1.971666e-02 7.334017e+01 -2.470304e-01 -9.678205e-01 -4.795186e-02 1.014743e+01 7.269269e-03 -5.133503e-02 9.986550e-01 -2.337613e+00
-9.617020e-01 2.734384e-01 1.899530e-02 7.307918e+01 -2.740400e-01 -9.606072e-01 -4.621603e-02 1.003936e+01 5.609785e-03 -4.965152e-02 9.987509e-01 -2.345428e+00
-9.541975e-01 2.986396e-01 1.793502e-02 7.282411e+01 -2.991561e-01 -9.531326e-01 -4.521041e-02 9.943090e+00 3.592828e-03 -4.850503e-02 9.988165e-01 -2.329328e+00
-9.466852e-01 3.215880e-01 1.919048e-02 7.254968e+01 -3.221350e-01 -9.456742e-01 -4.392574e-02 9.820127e+00 4.021947e-03 -4.776577e-02 9.988505e-01 -2.322774e+00
-9.394060e-01 3.422514e-01 1.949506e-02 7.227440e+01 -3.427890e-01 -9.384090e-01 -4.340848e-02 9.700271e+00 3.437722e-03 -4.746088e-02 9.988672e-01 -2.305998e+00
-9.322335e-01 3.612833e-01 2.037497e-02 7.198779e+01 -3.618402e-01 -9.312593e-01 -4.275284e-02 9.566349e+00 3.528489e-03 -4.722812e-02 9.988779e-01 -2.291750e+00
-9.253047e-01 3.786643e-01 2.060794e-02 7.169968e+01 -3.792121e-01 -9.243494e-01 -4.214650e-02 9.435315e+00 3.089564e-03 -4.681312e-02 9.988989e-01 -2.296198e+00
-9.188871e-01 3.940073e-01 2.011408e-02 7.140201e+01 -3.945137e-01 -9.179736e-01 -4.102924e-02 9.294995e+00 2.298374e-03 -4.563652e-02 9.989555e-01 -2.285633e+00
-9.126772e-01 4.082017e-01 1.979418e-02 7.110048e+01 -4.086794e-01 -9.117513e-01 -4.111703e-02 9.145555e+00 1.263332e-03 -4.561605e-02 9.989582e-01 -2.267246e+00
-9.075550e-01 4.195728e-01 1.739858e-02 7.079504e+01 -4.199315e-01 -9.066466e-01 -4.061361e-02 8.988149e+00 -1.266008e-03 -4.416530e-02 9.990234e-01 -2.268359e+00
-9.028391e-01 4.297141e-01 1.507935e-02 7.048438e+01 -4.299616e-01 -9.019368e-01 -4.053574e-02 8.831424e+00 -3.818156e-03 -4.308080e-02 9.990643e-01 -2.258132e+00
-8.980423e-01 4.396123e-01 1.614523e-02 7.014904e+01 -4.398977e-01 -8.971559e-01 -4.001588e-02 8.665393e+00 -3.106690e-03 -4.303821e-02 9.990686e-01 -2.247759e+00
-8.932492e-01 4.492560e-01 1.658152e-02 6.982199e+01 -4.495505e-01 -8.923563e-01 -4.005852e-02 8.494648e+00 -3.199903e-03 -4.323646e-02 9.990597e-01 -2.240972e+00
-8.882446e-01 4.589452e-01 1.976827e-02 6.949703e+01 -4.593684e-01 -8.872801e-01 -4.140795e-02 8.321867e+00 -1.463993e-03 -4.586130e-02 9.989467e-01 -2.211294e+00
-8.829186e-01 4.691567e-01 1.862116e-02 6.913538e+01 -4.695140e-01 -8.819172e-01 -4.217278e-02 8.131824e+00 -3.363320e-03 -4.597803e-02 9.989368e-01 -2.183365e+00
-8.775505e-01 4.790290e-01 2.088635e-02 6.877901e+01 -4.794774e-01 -8.764755e-01 -4.349906e-02 7.925656e+00 -2.530940e-03 -4.818716e-02 9.988351e-01 -2.163048e+00
-8.722992e-01 4.885890e-01 1.937156e-02 6.842418e+01 -4.889514e-01 -8.712051e-01 -4.391092e-02 7.718979e+00 -4.577789e-03 -4.777521e-02 9.988476e-01 -2.169409e+00
-8.662925e-01 4.992107e-01 1.805574e-02 6.805929e+01 -4.994884e-01 -8.651373e-01 -4.526320e-02 7.501960e+00 -6.975173e-03 -4.822981e-02 9.988119e-01 -2.144006e+00
-8.603476e-01 5.094828e-01 1.513954e-02 6.770184e+01 -5.096017e-01 -8.591831e-01 -4.594025e-02 7.288587e+00 -1.039813e-02 -4.723972e-02 9.988295e-01 -2.152932e+00
-8.540374e-01 5.199757e-01 1.566378e-02 6.733486e+01 -5.200844e-01 -8.527761e-01 -4.780439e-02 7.048831e+00 -1.149943e-02 -4.897323e-02 9.987339e-01 -2.131918e+00
-8.470929e-01 5.312550e-01 1.420532e-02 6.695661e+01 -5.312667e-01 -8.458142e-01 -4.851823e-02 6.807629e+00 -1.376049e-02 -4.864626e-02 9.987213e-01 -2.112742e+00
-8.407195e-01 5.412781e-01 1.445265e-02 6.657912e+01 -5.413133e-01 -8.395309e-01 -4.655820e-02 6.558200e+00 -1.306748e-02 -4.696580e-02 9.988110e-01 -2.111971e+00
-8.344805e-01 5.508865e-01 1.289878e-02 6.617908e+01 -5.508434e-01 -8.333366e-01 -4.606140e-02 6.299653e+00 -1.462558e-02 -4.554255e-02 9.988554e-01 -2.080094e+00
-8.287359e-01 5.595404e-01 1.054365e-02 6.578553e+01 -5.593843e-01 -8.276418e-01 -4.580583e-02 6.008747e+00 -1.690385e-02 -4.385889e-02 9.988947e-01 -2.061690e+00
-8.235989e-01 5.671278e-01 7.162091e-03 6.539001e+01 -5.668240e-01 -8.225836e-01 -4.546327e-02 5.740447e+00 -1.989206e-02 -4.150314e-02 9.989403e-01 -2.069992e+00
-8.196379e-01 5.728729e-01 3.212835e-03 6.500485e+01 -5.724365e-01 -8.187665e-01 -4.402115e-02 5.463652e+00 -2.258797e-02 -3.792055e-02 9.990254e-01 -2.054408e+00
-8.175253e-01 5.758920e-01 9.184787e-04 6.459866e+01 -5.753591e-01 -8.166982e-01 -4.433838e-02 5.174332e+00 -2.478400e-02 -3.677620e-02 9.990162e-01 -2.042155e+00
-8.172551e-01 5.762737e-01 -1.748397e-03 6.418531e+01 -5.756060e-01 -8.164469e-01 -4.574050e-02 4.874156e+00 -2.778652e-02 -3.637526e-02 9.989519e-01 -2.016430e+00
-8.182346e-01 5.748771e-01 -2.910294e-03 6.375591e+01 -5.741288e-01 -8.174081e-01 -4.711787e-02 4.581857e+00 -2.946588e-02 -3.688259e-02 9.988851e-01 -2.004731e+00
-8.200185e-01 5.723346e-01 -1.627679e-03 6.332655e+01 -5.715915e-01 -8.190922e-01 -4.869450e-02 4.295805e+00 -2.920277e-02 -3.900003e-02 9.988124e-01 -1.983694e+00
-8.236293e-01 5.671283e-01 6.679166e-04 6.286980e+01 -5.664989e-01 -8.226585e-01 -4.808344e-02 4.001344e+00 -2.672001e-02 -3.998129e-02 9.988431e-01 -1.958638e+00
-8.275466e-01 5.613953e-01 1.298273e-03 6.243814e+01 -5.608482e-01 -8.266335e-01 -4.611425e-02 3.722423e+00 -2.481513e-02 -3.888983e-02 9.989353e-01 -1.945911e+00
-8.321822e-01 5.544645e-01 6.481340e-03 6.199531e+01 -5.541791e-01 -8.312412e-01 -4.385863e-02 3.438422e+00 -1.893049e-02 -4.009019e-02 9.990167e-01 -1.941167e+00
-8.375514e-01 5.463229e-01 6.224835e-03 6.155674e+01 -5.460843e-01 -8.367161e-01 -4.120948e-02 3.171033e+00 -1.730527e-02 -3.791434e-02 9.991311e-01 -1.932265e+00
-8.443683e-01 5.356740e-01 9.760855e-03 6.109556e+01 -5.356278e-01 -8.436059e-01 -3.784258e-02 2.894709e+00 -1.203698e-02 -3.718127e-02 9.992360e-01 -1.906893e+00
-8.518089e-01 5.237644e-01 9.616082e-03 6.061886e+01 -5.237444e-01 -8.511162e-01 -3.595892e-02 2.619445e+00 -1.064960e-02 -3.566650e-02 9.993070e-01 -1.905310e+00
-8.602862e-01 5.096846e-01 1.136143e-02 6.016114e+01 -5.097215e-01 -8.595029e-01 -3.793256e-02 2.363369e+00 -9.568464e-03 -3.842403e-02 9.992157e-01 -1.896701e+00
-8.684485e-01 4.955233e-01 1.593789e-02 5.967881e+01 -4.957330e-01 -8.674775e-01 -4.161310e-02 2.097832e+00 -6.794496e-03 -4.403977e-02 9.990067e-01 -1.886750e+00
-8.756796e-01 4.825417e-01 1.840413e-02 5.919581e+01 -4.828595e-01 -8.745372e-01 -4.507116e-02 1.857057e+00 -5.653616e-03 -4.835451e-02 9.988142e-01 -1.864442e+00
-8.829737e-01 4.689643e-01 2.073720e-02 5.869762e+01 -4.694032e-01 -8.816747e-01 -4.806609e-02 1.636915e+00 -4.257813e-03 -5.217520e-02 9.986289e-01 -1.857538e+00
-8.904253e-01 4.547211e-01 1.927257e-02 5.822007e+01 -4.550959e-01 -8.890485e-01 -4.980386e-02 1.396921e+00 -5.512621e-03 -5.311749e-02 9.985731e-01 -1.871317e+00
-8.981408e-01 4.394056e-01 1.630726e-02 5.773973e+01 -4.396433e-01 -8.967538e-01 -5.046137e-02 1.171793e+00 -7.549406e-03 -5.249079e-02 9.985929e-01 -1.852157e+00
-9.068055e-01 4.214239e-01 1.028130e-02 5.726173e+01 -4.213944e-01 -9.055412e-01 -4.921174e-02 9.549876e-01 -1.142887e-02 -4.895796e-02 9.987354e-01 -1.832354e+00
-9.159368e-01 4.012232e-01 8.917214e-03 5.676724e+01 -4.011772e-01 -9.147823e-01 -4.722486e-02 7.513999e-01 -1.079040e-02 -4.683238e-02 9.988445e-01 -1.801347e+00
-9.256451e-01 3.782879e-01 8.900619e-03 5.627971e+01 -3.782629e-01 -9.244558e-01 -4.794366e-02 5.797873e-01 -9.908278e-03 -4.774559e-02 9.988104e-01 -1.788808e+00
-9.347835e-01 3.550928e-01 9.429518e-03 5.577960e+01 -3.551198e-01 -9.335713e-01 -4.831823e-02 4.148850e-01 -8.354330e-03 -4.851569e-02 9.987875e-01 -1.762615e+00
-9.434841e-01 3.312895e-01 9.231297e-03 5.526558e+01 -3.313465e-01 -9.423345e-01 -4.706541e-02 2.641582e-01 -6.893307e-03 -4.746422e-02 9.988492e-01 -1.751069e+00
-9.515834e-01 3.072805e-01 8.249326e-03 5.476933e+01 -3.073198e-01 -9.504408e-01 -4.708226e-02 1.466951e-01 -6.626963e-03 -4.733786e-02 9.988570e-01 -1.737867e+00
-9.587259e-01 2.841773e-01 9.357782e-03 5.425843e+01 -2.842941e-01 -9.575481e-01 -4.773438e-02 3.603884e-03 -4.604504e-03 -4.842456e-02 9.988163e-01 -1.699760e+00
-9.651242e-01 2.615809e-01 1.051490e-02 5.374099e+01 -2.617811e-01 -9.639363e-01 -4.793145e-02 -8.738475e-02 -2.402256e-03 -4.901241e-02 9.987953e-01 -1.696341e+00
-9.709480e-01 2.390507e-01 1.070723e-02 5.322964e+01 -2.392885e-01 -9.697897e-01 -4.742393e-02 -1.978592e-01 -9.529609e-04 -4.860829e-02 9.988174e-01 -1.663995e+00
-9.752821e-01 2.207181e-01 1.041257e-02 5.270039e+01 -2.209629e-01 -9.740742e-01 -4.852580e-02 -2.986738e-01 -5.679051e-04 -4.962714e-02 9.987677e-01 -1.648004e+00
-9.784682e-01 2.060083e-01 1.266876e-02 5.218694e+01 -2.063864e-01 -9.772060e-01 -4.973052e-02 -3.841379e-01 2.135091e-03 -5.127439e-02 9.986823e-01 -1.630877e+00
-9.813083e-01 1.919657e-01 1.354336e-02 5.166367e+01 -1.924081e-01 -9.800360e-01 -5.008509e-02 -4.672748e-01 3.658366e-03 -5.175475e-02 9.986531e-01 -1.621222e+00
-9.832720e-01 1.816313e-01 1.364912e-02 5.117548e+01 -1.820998e-01 -9.819121e-01 -5.184883e-02 -5.514463e-01 3.984870e-03 -5.346701e-02 9.985617e-01 -1.605575e+00
-9.850572e-01 1.717691e-01 1.255589e-02 5.064597e+01 -1.721894e-01 -9.837505e-01 -5.085025e-02 -6.310591e-01 3.617367e-03 -5.225239e-02 9.986274e-01 -1.594412e+00
-9.864720e-01 1.636371e-01 9.780422e-03 5.015266e+01 -1.639234e-01 -9.851787e-01 -5.051816e-02 -7.142470e-01 1.368818e-03 -5.143799e-02 9.986752e-01 -1.561373e+00
-9.879977e-01 1.541442e-01 1.002208e-02 4.966026e+01 -1.544509e-01 -9.868060e-01 -4.856868e-02 -7.926289e-01 2.403274e-03 -4.953365e-02 9.987696e-01 -1.548961e+00
-9.895446e-01 1.440025e-01 8.046692e-03 4.914899e+01 -1.442235e-01 -9.883770e-01 -4.806859e-02 -8.692851e-01 1.031165e-03 -4.872654e-02 9.988116e-01 -1.543559e+00
-9.912173e-01 1.321817e-01 4.029925e-03 4.863745e+01 -1.322240e-01 -9.900960e-01 -4.718895e-02 -9.348726e-01 -2.247504e-03 -4.730736e-02 9.988778e-01 -1.531665e+00
-9.931247e-01 1.170195e-01 -3.116118e-03 4.814647e+01 -1.167490e-01 -9.920686e-01 -4.657757e-02 -9.825566e-01 -8.541889e-03 -4.589353e-02 9.989098e-01 -1.503272e+00
-9.949880e-01 9.992716e-02 -3.679844e-03 4.766300e+01 -9.965997e-02 -9.939930e-01 -4.522963e-02 -1.021609e+00 -8.177408e-03 -4.463621e-02 9.989699e-01 -1.487679e+00
-9.965760e-01 8.266976e-02 1.441223e-03 4.715453e+01 -8.265693e-02 -9.956867e-01 -4.214222e-02 -1.028678e+00 -2.048881e-03 -4.211705e-02 9.991106e-01 -1.451355e+00
-9.978557e-01 6.531926e-02 4.178356e-03 4.667426e+01 -6.543534e-02 -9.970280e-01 -4.066224e-02 -1.033368e+00 1.509911e-03 -4.084846e-02 9.991642e-01 -1.455177e+00
-9.988221e-01 4.822600e-02 5.363261e-03 4.616583e+01 -4.840782e-02 -9.979607e-01 -4.160522e-02 -1.041907e+00 3.345871e-03 -4.181583e-02 9.991198e-01 -1.463364e+00
-9.994028e-01 3.455141e-02 -6.838953e-04 4.568511e+01 -3.448709e-02 -9.984204e-01 -4.435630e-02 -1.044287e+00 -2.215388e-03 -4.430622e-02 9.990156e-01 -1.429710e+00
-9.997507e-01 2.223559e-02 -2.009721e-03 4.518513e+01 -2.212647e-02 -9.987979e-01 -4.373958e-02 -1.066699e+00 -2.979880e-03 -4.368421e-02 9.990410e-01 -1.415797e+00
-9.999377e-01 1.114169e-02 -6.011840e-04 4.469883e+01 -1.110362e-02 -9.989360e-01 -4.476129e-02 -1.039556e+00 -1.099261e-03 -4.475183e-02 9.989975e-01 -1.383589e+00
-9.999696e-01 3.419925e-03 6.994938e-03 4.421148e+01 -3.740483e-03 -9.989187e-01 -4.633967e-02 -1.023078e+00 6.828896e-03 -4.636443e-02 9.989012e-01 -1.373999e+00
-9.999405e-01 4.778670e-04 1.089064e-02 4.373420e+01 -9.839917e-04 -9.989171e-01 -4.651550e-02 -1.012587e+00 1.085662e-02 -4.652345e-02 9.988582e-01 -1.362041e+00
-9.999307e-01 2.426429e-03 1.151817e-02 4.324419e+01 -2.944468e-03 -9.989748e-01 -4.517405e-02 -9.987421e-01 1.139675e-02 -4.520483e-02 9.989128e-01 -1.367707e+00
-9.999244e-01 7.145707e-03 9.996910e-03 4.276271e+01 -7.581045e-03 -9.989935e-01 -4.420939e-02 -1.009618e+00 9.670941e-03 -4.428184e-02 9.989723e-01 -1.357946e+00
-9.998583e-01 1.470776e-02 8.187240e-03 4.226523e+01 -1.505926e-02 -9.988883e-01 -4.466950e-02 -1.009983e+00 7.521150e-03 -4.478646e-02 9.989682e-01 -1.329345e+00
-9.996287e-01 2.542848e-02 9.802961e-03 4.178920e+01 -2.585375e-02 -9.986059e-01 -4.601940e-02 -1.012341e+00 8.619091e-03 -4.625574e-02 9.988924e-01 -1.315923e+00
-9.992065e-01 3.750623e-02 1.339675e-02 4.129111e+01 -3.809471e-02 -9.981791e-01 -4.676919e-02 -1.046964e+00 1.161822e-02 -4.724243e-02 9.988159e-01 -1.294035e+00
-9.985241e-01 5.176115e-02 1.645700e-02 4.075848e+01 -5.246441e-02 -9.975792e-01 -4.564147e-02 -1.081802e+00 1.405471e-02 -4.643750e-02 9.988223e-01 -1.264996e+00
-9.974645e-01 6.830493e-02 1.997199e-02 4.026369e+01 -6.926780e-02 -9.962247e-01 -5.232937e-02 -1.163031e+00 1.632223e-02 -5.358011e-02 9.984301e-01 -1.228415e+00
-9.962457e-01 8.403341e-02 2.079762e-02 3.973211e+01 -8.500151e-02 -9.950679e-01 -5.113337e-02 -1.230446e+00 1.639813e-02 -5.270924e-02 9.984753e-01 -1.209109e+00
-9.948834e-01 9.924049e-02 1.892981e-02 3.920759e+01 -1.000829e-01 -9.936972e-01 -5.048988e-02 -1.285325e+00 1.379986e-02 -5.212609e-02 9.985452e-01 -1.199135e+00
-9.933062e-01 1.140273e-01 1.845261e-02 3.866122e+01 -1.148361e-01 -9.920631e-01 -5.121936e-02 -1.352500e+00 1.246575e-02 -5.299553e-02 9.985169e-01 -1.158363e+00
-9.915236e-01 1.286772e-01 1.797475e-02 3.809661e+01 -1.294665e-01 -9.901438e-01 -5.342004e-02 -1.418641e+00 1.092364e-02 -5.529436e-02 9.984103e-01 -1.121674e+00
-9.894365e-01 1.437097e-01 1.905589e-02 3.753578e+01 -1.445686e-01 -9.878978e-01 -5.619442e-02 -1.507620e+00 1.074959e-02 -5.835569e-02 9.982380e-01 -1.097870e+00
-9.873831e-01 1.567557e-01 2.241402e-02 3.695787e+01 -1.578213e-01 -9.857352e-01 -5.846902e-02 -1.608101e+00 1.292894e-02 -6.126873e-02 9.980376e-01 -1.119792e+00
-9.853203e-01 1.696085e-01 1.941936e-02 3.635795e+01 -1.704680e-01 -9.836358e-01 -5.832005e-02 -1.701162e+00 9.209998e-03 -6.077430e-02 9.981090e-01 -1.124965e+00
-9.834682e-01 1.804687e-01 1.487872e-02 3.573950e+01 -1.810110e-01 -9.820483e-01 -5.306720e-02 -1.799042e+00 5.034652e-03 -5.488311e-02 9.984801e-01 -1.121833e+00
-9.817064e-01 1.900927e-01 1.082294e-02 3.513533e+01 -1.903985e-01 -9.803701e-01 -5.121406e-02 -1.933755e+00 8.750702e-04 -5.233785e-02 9.986290e-01 -1.093438e+00
-9.804525e-01 1.964160e-01 1.156626e-02 3.449023e+01 -1.967538e-01 -9.790406e-01 -5.260584e-02 -2.037551e+00 9.912136e-04 -5.385323e-02 9.985484e-01 -1.079092e+00
-9.794415e-01 2.015143e-01 9.287840e-03 3.383399e+01 -2.017241e-01 -9.780903e-01 -5.144540e-02 -2.163352e+00 -1.282635e-03 -5.226135e-02 9.986326e-01 -1.025275e+00
-9.784373e-01 2.062622e-01 1.077846e-02 3.318050e+01 -2.065430e-01 -9.769693e-01 -5.358114e-02 -2.304546e+00 -5.215374e-04 -5.465200e-02 9.985054e-01 -1.042446e+00
-9.773185e-01 2.115804e-01 9.059589e-03 3.252486e+01 -2.117624e-01 -9.759160e-01 -5.239014e-02 -2.442854e+00 -2.243328e-03 -5.312034e-02 9.985856e-01 -9.943724e-01
-9.765373e-01 2.151869e-01 8.335665e-03 3.184978e+01 -2.153279e-01 -9.751794e-01 -5.156515e-02 -2.579678e+00 -2.967376e-03 -5.215019e-02 9.986348e-01 -9.951496e-01
-9.762980e-01 2.163846e-01 4.480978e-03 3.118702e+01 -2.163437e-01 -9.751068e-01 -4.860188e-02 -2.702987e+00 -6.147265e-03 -4.841935e-02 9.988082e-01 -9.513493e-01
-9.761087e-01 2.172598e-01 3.162887e-03 3.051168e+01 -2.171501e-01 -9.749005e-01 -4.914159e-02 -2.850933e+00 -7.592994e-03 -4.865435e-02 9.987868e-01 -9.488347e-01
-9.755682e-01 2.196805e-01 2.727835e-03 2.983064e+01 -2.195497e-01 -9.743820e-01 -4.876127e-02 -2.989219e+00 -8.053945e-03 -4.816883e-02 9.988067e-01 -8.925720e-01
-9.753243e-01 2.207335e-01 4.369939e-03 2.914754e+01 -2.206772e-01 -9.740990e-01 -4.932304e-02 -3.149682e+00 -6.630494e-03 -4.907031e-02 9.987733e-01 -8.736542e-01
-9.750382e-01 2.218936e-01 7.988468e-03 2.847236e+01 -2.220072e-01 -9.736806e-01 -5.156545e-02 -3.278810e+00 -3.663829e-03 -5.205178e-02 9.986377e-01 -8.385280e-01
-9.749167e-01 2.225017e-01 5.506983e-03 2.777986e+01 -2.224838e-01 -9.735540e-01 -5.189884e-02 -3.436895e+00 -6.186234e-03 -5.182227e-02 9.986371e-01 -8.329120e-01
-9.752080e-01 2.212289e-01 5.226040e-03 2.709047e+01 -2.211969e-01 -9.738362e-01 -5.210602e-02 -3.590456e+00 -6.438050e-03 -5.197019e-02 9.986279e-01 -8.124555e-01
-9.755476e-01 2.197721e-01 2.706096e-03 2.641186e+01 -2.196067e-01 -9.741645e-01 -5.269196e-02 -3.735935e+00 -8.944039e-03 -5.199779e-02 9.986072e-01 -7.944381e-01
-9.759114e-01 2.180152e-01 8.139058e-03 2.571607e+01 -2.181268e-01 -9.743363e-01 -5.558196e-02 -3.868669e+00 -4.187530e-03 -5.601842e-02 9.984210e-01 -7.545743e-01
-9.762685e-01 2.162260e-01 1.207136e-02 2.502582e+01 -2.165625e-01 -9.746811e-01 -5.565379e-02 -4.016078e+00 -2.680738e-04 -5.694726e-02 9.983771e-01 -7.534540e-01
-9.769536e-01 2.129604e-01 1.447459e-02 2.431005e+01 -2.134366e-01 -9.754429e-01 -5.436733e-02 -4.150689e+00 2.541053e-03 -5.620377e-02 9.984161e-01 -7.411330e-01
-9.777638e-01 2.094928e-01 9.529952e-03 2.363262e+01 -2.097002e-01 -9.762843e-01 -5.380331e-02 -4.278103e+00 -1.967464e-03 -5.460535e-02 9.985061e-01 -7.012972e-01
-9.785365e-01 2.060395e-01 3.789951e-03 2.292941e+01 -2.059675e-01 -9.772714e-01 -5.017946e-02 -4.436890e+00 -6.635139e-03 -4.988303e-02 9.987330e-01 -7.019046e-01
-9.795617e-01 2.011384e-01 -1.480924e-03 2.225809e+01 -2.008024e-01 -9.783010e-01 -5.104463e-02 -4.575154e+00 -1.171583e-02 -4.970400e-02 9.986953e-01 -6.619874e-01
-9.802223e-01 1.978313e-01 -5.209459e-03 2.155249e+01 -1.972552e-01 -9.788135e-01 -5.490569e-02 -4.704284e+00 -1.596115e-02 -5.279218e-02 9.984779e-01 -6.700827e-01
-9.812605e-01 1.924577e-01 -9.359638e-03 2.084859e+01 -1.915583e-01 -9.796161e-01 -6.047884e-02 -4.834712e+00 -2.080847e-02 -5.755259e-02 9.981256e-01 -6.519920e-01
-9.823910e-01 1.862456e-01 -1.485363e-02 2.017411e+01 -1.849310e-01 -9.806184e-01 -6.471515e-02 -4.961430e+00 -2.661865e-02 -6.082868e-02 9.977932e-01 -6.137654e-01
-9.836960e-01 1.787764e-01 -1.952764e-02 1.950682e+01 -1.772279e-01 -9.821163e-01 -6.354313e-02 -5.062739e+00 -3.053842e-02 -5.904628e-02 9.977880e-01 -5.672390e-01
-9.851830e-01 1.697958e-01 -2.416609e-02 1.886121e+01 -1.681742e-01 -9.840435e-01 -5.810224e-02 -5.170178e+00 -3.364600e-02 -5.317722e-02 9.980181e-01 -5.640650e-01
-9.870720e-01 1.586142e-01 -2.302672e-02 1.821134e+01 -1.572907e-01 -9.862358e-01 -5.097611e-02 -5.269936e+00 -3.079531e-02 -4.669520e-02 9.984344e-01 -5.007593e-01
-9.887497e-01 1.472528e-01 -2.627976e-02 1.758604e+01 -1.459451e-01 -9.882135e-01 -4.619548e-02 -5.356753e+00 -3.277243e-02 -4.184036e-02 9.985867e-01 -5.157855e-01
-9.907846e-01 1.335776e-01 -2.241559e-02 1.696312e+01 -1.325732e-01 -9.903030e-01 -4.152410e-02 -5.427717e+00 -2.774492e-02 -3.816973e-02 9.988860e-01 -4.967286e-01
-9.926269e-01 1.193098e-01 -2.137574e-02 1.634338e+01 -1.184600e-01 -9.922548e-01 -3.738568e-02 -5.477121e+00 -2.567066e-02 -3.457786e-02 9.990723e-01 -4.656444e-01
-9.944506e-01 1.039361e-01 -1.628791e-02 1.573006e+01 -1.033229e-01 -9.940385e-01 -3.481072e-02 -5.529969e+00 -1.980891e-02 -3.293463e-02 9.992612e-01 -4.708655e-01
-9.960047e-01 8.764344e-02 -1.711509e-02 1.512494e+01 -8.705902e-02 -9.956782e-01 -3.233726e-02 -5.576281e+00 -1.987527e-02 -3.071805e-02 9.993305e-01 -4.623154e-01
-9.973301e-01 7.098132e-02 -1.716626e-02 1.453906e+01 -7.039134e-02 -9.969792e-01 -3.282677e-02 -5.597908e+00 -1.944449e-02 -3.153076e-02 9.993137e-01 -4.553393e-01
-9.984797e-01 5.302139e-02 -1.507679e-02 1.395899e+01 -5.248446e-02 -9.980420e-01 -3.402075e-02 -5.609850e+00 -1.685110e-02 -3.317772e-02 9.993074e-01 -4.430280e-01
-9.993397e-01 3.365892e-02 -1.369654e-02 1.336692e+01 -3.315274e-02 -9.988146e-01 -3.564228e-02 -5.615703e+00 -1.487998e-02 -3.516466e-02 9.992707e-01 -4.518058e-01
-9.998306e-01 1.201390e-02 -1.394648e-02 1.279413e+01 -1.148310e-02 -9.992293e-01 -3.753581e-02 -5.608618e+00 -1.438668e-02 -3.736931e-02 9.991980e-01 -4.545560e-01
-9.997977e-01 -1.144012e-02 -1.654042e-02 1.222532e+01 1.208287e-02 -9.991546e-01 -3.929627e-02 -5.577730e+00 -1.607688e-02 -3.948817e-02 9.990907e-01 -4.389972e-01
-9.997846e-01 -1.160654e-02 -1.720536e-02 1.228107e+01 1.227141e-02 -9.991617e-01 -3.905505e-02 -5.581415e+00 -1.673764e-02 -3.925777e-02 9.990889e-01 -4.228527e-01