1.000000e+00 0.000000e+00 0.000000e+00 0.000000e+00 0.000000e+00 1.000000e+00 0.000000e+00 0.000000e+00 0.000000e+00 0.000000e+00 1.000000e+00 0.000000e+00
9.999700e-01 -6.855994e-03 -3.600563e-03 1.708954e+00 6.853362e-03 9.999762e-01 -7.426942e-04 2.509451e-02 3.605569e-03 7.179960e-04 9.999933e-01 -2.557707e-02
9.999034e-01 -1.048720e-02 -9.115604e-03 3.250656e+00 1.049039e-02 9.999449e-01 3.015393e-04 3.577482e-02 9.111940e-03 -3.971364e-04 9.999584e-01 -6.243723e-02
9.997915e-01 -1.440661e-02 -1.447045e-02 4.811094e+00 1.444460e-02 9.998925e-01 2.524680e-03 6.009900e-02 1.443252e-02 -2.733174e-03 9.998921e-01 -7.589199e-02
9.996619e-01 -1.855429e-02 -1.821900e-02 6.364299e+00 1.860499e-02 9.998235e-01 2.617590e-03 7.333298e-02 1.816721e-02 -2.955669e-03 9.998306e-01 -1.092851e-01
9.995331e-01 -2.577246e-02 -1.641611e-02 7.922481e+00 2.584034e-02 9.996582e-01 3.936161e-03 1.077350e-01 1.630905e-02 -4.358520e-03 9.998575e-01 -1.280886e-01
9.993291e-01 -3.290268e-02 -1.608268e-02 9.489751e+00 3.294606e-02 9.994541e-01 2.439565e-03 1.413741e-01 1.599363e-02 -2.967790e-03 9.998677e-01 -1.556372e-01
9.991512e-01 -3.898704e-02 -1.330255e-02 1.105232e+01 3.903029e-02 9.992335e-01 3.006977e-03 1.723925e-01 1.317512e-02 -3.523626e-03 9.999070e-01 -1.986915e-01
9.988763e-01 -4.522829e-02 -1.415834e-02 1.258947e+01 4.528575e-02 9.989668e-01 3.764582e-03 2.271467e-01 1.397344e-02 -4.401523e-03 9.998927e-01 -2.176108e-01
9.986633e-01 -5.048588e-02 -1.107915e-02 1.414672e+01 5.053791e-02 9.987121e-01 4.467293e-03 2.848700e-01 1.083935e-02 -5.021239e-03 9.999287e-01 -2.653699e-01
9.983559e-01 -5.588189e-02 -1.275974e-02 1.568254e+01 5.595511e-02 9.984185e-01 5.455113e-03 3.493372e-01 1.243472e-02 -6.160117e-03 9.999037e-01 -2.878560e-01
9.979387e-01 -6.271010e-02 -1.363332e-02 1.724662e+01 6.275193e-02 9.980255e-01 2.661390e-03 4.462306e-01 1.343951e-02 -3.511422e-03 9.999035e-01 -3.259590e-01
9.975283e-01 -6.885182e-02 -1.402440e-02 1.881090e+01 6.892928e-02 9.976083e-01 5.115891e-03 5.328140e-01 1.363862e-02 -6.069938e-03 9.998885e-01 -3.634512e-01
9.970435e-01 -7.484934e-02 -1.737241e-02 2.035472e+01 7.498696e-02 9.971570e-01 7.410056e-03 6.428470e-01 1.676838e-02 -8.690853e-03 9.998216e-01 -4.069225e-01
9.964791e-01 -8.091227e-02 -2.196833e-02 2.193028e+01 8.110099e-02 9.966750e-01 7.839015e-03 7.498816e-01 2.126102e-02 -9.593068e-03 9.997279e-01 -4.299437e-01
9.958158e-01 -8.812401e-02 -2.418806e-02 2.351827e+01 8.827486e-02 9.960825e-01 5.239001e-03 8.905742e-01 2.363162e-02 -7.352278e-03 9.996937e-01 -4.721681e-01
9.952217e-01 -9.496289e-02 -2.271089e-02 2.510009e+01 9.507519e-02 9.954623e-01 3.914759e-03 1.019133e+00 2.223608e-02 -6.055296e-03 9.997344e-01 -4.892640e-01
9.946105e-01 -1.016053e-01 -2.064451e-02 2.669910e+01 1.017029e-01 9.948078e-01 3.731426e-03 1.168885e+00 2.015819e-02 -5.810923e-03 9.997799e-01 -5.214065e-01
9.937701e-01 -1.095552e-01 -2.046327e-02 2.829654e+01 1.096822e-01 9.939532e-01 5.188032e-03 1.318045e+00 1.977116e-02 -7.400169e-03 9.997771e-01 -5.499547e-01
9.929358e-01 -1.167406e-01 -2.121619e-02 2.989057e+01 1.168591e-01 9.931387e-01 4.430403e-03 1.494273e+00 2.055341e-02 -6.878412e-03 9.997651e-01 -5.804371e-01
9.920313e-01 -1.239746e-01 -2.245606e-02 3.149084e+01 1.241247e-01 9.922518e-01 5.415834e-03 1.669209e+00 2.161065e-02 -8.160030e-03 9.997332e-01 -6.211622e-01
9.910681e-01 -1.312498e-01 -2.361100e-02 3.309541e+01 1.314028e-01 9.913162e-01 5.044844e-03 1.879346e+00 2.274383e-02 -8.102336e-03 9.997085e-01 -6.625990e-01
9.899240e-01 -1.395130e-01 -2.421895e-02 3.470725e+01 1.397029e-01 9.901732e-01 6.325558e-03 2.093883e+00 2.309845e-02 -9.645279e-03 9.996867e-01 -6.883818e-01
9.890000e-01 -1.459551e-01 -2.400471e-02 3.631385e+01 1.461830e-01 9.892249e-01 8.022678e-03 2.305363e+00 2.257512e-02 -1.144351e-02 9.996796e-01 -7.321462e-01
9.878778e-01 -1.532653e-01 -2.464043e-02 3.792417e+01 1.535034e-01 9.881153e-01 8.069275e-03 2.537607e+00 2.311084e-02 -1.175385e-02 9.996638e-01 -7.631809e-01
9.866661e-01 -1.607680e-01 -2.537033e-02 3.953567e+01 1.610086e-01 9.869227e-01 7.731837e-03 2.791210e+00 2.379553e-02 -1.171358e-02 9.996482e-01 -8.080231e-01
9.855783e-01 -1.672146e-01 -2.597584e-02 4.117522e+01 1.673989e-01 9.858762e-01 5.076758e-03 3.043586e+00 2.476005e-02 -9.351870e-03 9.996497e-01 -8.349090e-01
9.844367e-01 -1.738343e-01 -2.580813e-02 4.279019e+01 1.740280e-01 9.847256e-01 5.442518e-03 3.311122e+00 2.446783e-02 -9.849151e-03 9.996521e-01 -8.861038e-01
9.831787e-01 -1.806491e-01 -2.693696e-02 4.439011e+01 1.809009e-01 9.834749e-01 7.207521e-03 3.595277e+00 2.518979e-02 -1.195920e-02 9.996111e-01 -9.199423e-01
9.819860e-01 -1.865877e-01 -2.980617e-02 4.602473e+01 1.869065e-01 9.823430e-01 8.272391e-03 3.876706e+00 2.773635e-02 -1.369434e-02 9.995215e-01 -9.453822e-01
9.805263e-01 -1.940223e-01 -3.038942e-02 4.764207e+01 1.943846e-01 9.808800e-01 9.434046e-03 4.195732e+00 2.797796e-02 -1.515757e-02 9.994936e-01 -1.002286e+00
9.790584e-01 -2.009231e-01 -3.278031e-02 4.928630e+01 2.013691e-01 9.794549e-01 1.089137e-02 4.508784e+00 2.991851e-02 -1.726423e-02 9.994032e-01 -1.042761e+00
9.775609e-01 -2.082634e-01 -3.163977e-02 5.093143e+01 2.086601e-01 9.779395e-01 9.764422e-03 4.850421e+00 2.890821e-02 -1.614727e-02 9.994516e-01 -1.090766e+00
9.760979e-01 -2.151842e-01 -3.047543e-02 5.257944e+01 2.155572e-01 9.764451e-01 9.497217e-03 5.191819e+00 2.771393e-02 -1.583941e-02 9.994904e-01 -1.123319e+00
9.746355e-01 -2.215993e-01 -3.129368e-02 5.421265e+01 2.219982e-01 9.749972e-01 9.863126e-03 5.552568e+00 2.832558e-02 -1.656009e-02 9.994616e-01 -1.163004e+00
9.731017e-01 -2.282472e-01 -3.124582e-02 5.585388e+01 2.287042e-01 9.734236e-01 1.188286e-02 5.908611e+00 2.770318e-02 -1.870928e-02 9.994411e-01 -1.210020e+00
9.716999e-01 -2.341357e-01 -3.130208e-02 5.753090e+01 2.345765e-01 9.720333e-01 1.118748e-02 6.302412e+00 2.780728e-02 -1.821361e-02 9.994473e-01 -1.266130e+00
9.700931e-01 -2.405408e-01 -3.254836e-02 5.915625e+01 2.409764e-01 9.704779e-01 1.013608e-02 6.694921e+00 2.914933e-02 -1.767633e-02 9.994187e-01 -1.304980e+00
9.688641e-01 -2.454013e-01 -3.287185e-02 6.083711e+01 2.458060e-01 9.692788e-01 8.830831e-03 7.095607e+00 2.969489e-02 -1.663597e-02 9.994206e-01 -1.339462e+00
9.675403e-01 -2.504137e-01 -3.403993e-02 6.249884e+01 2.508708e-01 9.679708e-01 9.824168e-03 7.507171e+00 3.048955e-02 -1.804490e-02 9.993722e-01 -1.387992e+00
9.661334e-01 -2.558931e-01 -3.324343e-02 6.416702e+01 2.564040e-01 9.664943e-01 1.207009e-02 7.938896e+00 2.904093e-02 -2.018506e-02 9.993744e-01 -1.425056e+00
9.647181e-01 -2.611251e-01 -3.365541e-02 6.582516e+01 2.617039e-01 9.650460e-01 1.404844e-02 8.367320e+00 2.881061e-02 -2.236053e-02 9.993348e-01 -1.475578e+00
9.631089e-01 -2.671955e-01 -3.205897e-02 6.750452e+01 2.677587e-01 9.633735e-01 1.471298e-02 8.807209e+00 2.695353e-02 -2.275428e-02 9.993777e-01 -1.529243e+00
9.609763e-01 -2.746429e-01 -3.310265e-02 6.918181e+01 2.752396e-01 9.612590e-01 1.497658e-02 9.278517e+00 2.770701e-02 -2.350330e-02 9.993398e-01 -1.572937e+00
9.591862e-01 -2.811474e-01 -3.029765e-02 7.087525e+01 2.817060e-01 9.593670e-01 1.600627e-02 9.751326e+00 2.456645e-02 -2.388803e-02 9.994128e-01 -1.632282e+00
9.572079e-01 -2.877544e-01 -3.082965e-02 7.255358e+01 2.883551e-01 9.573704e-01 1.713259e-02 1.022886e+01 2.458541e-02 -2.528933e-02 9.993778e-01 -1.690508e+00
9.552067e-01 -2.946971e-01 -2.708861e-02 7.424124e+01 2.952135e-01 9.552710e-01 1.751053e-02 1.073722e+01 2.071666e-02 -2.472310e-02 9.994797e-01 -1.744170e+00
9.528387e-01 -3.022155e-01 -2.764411e-02 7.594449e+01 3.027089e-01 9.529526e-01 1.576220e-02 1.124375e+01 2.157995e-02 -2.338696e-02 9.994935e-01 -1.807007e+00
9.503984e-01 -3.100376e-01 -2.489186e-02 7.764996e+01 3.104365e-01 9.504895e-01 1.409987e-02 1.176585e+01 1.928796e-02 -2.112784e-02 9.995907e-01 -1.855431e+00
9.480149e-01 -3.171994e-01 -2.554030e-02 7.933422e+01 3.176101e-01 9.481188e-01 1.395563e-02 1.231452e+01 1.978852e-02 -2.134200e-02 9.995764e-01 -1.913916e+00
9.453882e-01 -3.249942e-01 -2.489800e-02 8.102715e+01 3.253888e-01 9.454796e-01 1.379117e-02 1.287761e+01 1.905851e-02 -2.113954e-02 9.995949e-01 -1.966692e+00
9.428257e-01 -3.323296e-01 -2.523341e-02 8.272073e+01 3.327456e-01 9.429053e-01 1.449788e-02 1.344834e+01 1.897464e-02 -2.206527e-02 9.995764e-01 -2.027792e+00
9.404200e-01 -3.389161e-01 -2.731559e-02 8.441757e+01 3.393942e-01 9.405214e-01 1.519942e-02 1.403891e+01 2.053957e-02 -2.356459e-02 9.995113e-01 -2.078145e+00
9.377352e-01 -3.463034e-01 -2.695555e-02 8.612608e+01 3.468070e-01 9.377846e-01 1.688391e-02 1.465209e+01 1.943155e-02 -2.518101e-02 9.994940e-01 -2.135668e+00
9.348099e-01 -3.540962e-01 -2.731864e-02 8.783199e+01 3.546053e-01 9.348674e-01 1.667580e-02 1.527540e+01 1.963447e-02 -2.527604e-02 9.994877e-01 -2.201095e+00
9.320793e-01 -3.613329e-01 -2.582017e-02 8.951995e+01 3.617965e-01 9.321159e-01 1.622197e-02 1.590793e+01 1.820586e-02 -2.446181e-02 9.995350e-01 -2.241521e+00
9.289201e-01 -3.694344e-01 -2.501330e-02 9.123121e+01 3.698883e-01 9.289244e-01 1.679058e-02 1.656584e+01 1.703245e-02 -2.484924e-02 9.995461e-01 -2.314154e+00
9.255884e-01 -3.777721e-01 -2.396501e-02 9.291668e+01 3.781428e-01 9.256514e-01 1.332832e-02 1.723300e+01 1.714818e-02 -2.139874e-02 9.996240e-01 -2.368064e+00
9.223492e-01 -3.855715e-01 -2.462929e-02 9.460663e+01 3.859512e-01 9.224279e-01 1.298478e-02 1.791492e+01 1.771218e-02 -2.148221e-02 9.996123e-01 -2.413675e+00
9.193771e-01 -3.923798e-01 -2.799652e-02 9.630777e+01 3.928626e-01 9.194853e-01 1.433651e-02 1.862556e+01 2.011704e-02 -2.417945e-02 9.995052e-01 -2.484424e+00
9.161894e-01 -3.996693e-01 -2.935186e-02 9.798544e+01 4.002470e-01 9.162443e-01 1.728746e-02 1.933573e+01 1.998421e-02 -2.758659e-02 9.994196e-01 -2.540318e+00
9.133120e-01 -4.060678e-01 -3.114694e-02 9.969045e+01 4.067057e-01 9.133874e-01 1.772231e-02 2.006159e+01 2.125276e-02 -2.885364e-02 9.993577e-01 -2.588097e+00
9.097143e-01 -4.141040e-01 -3.062196e-02 1.013629e+02 4.147636e-01 9.097199e-01 1.951895e-02 2.080198e+01 1.977453e-02 -3.045754e-02 9.993404e-01 -2.644409e+00
9.064347e-01 -4.215135e-01 -2.650382e-02 1.030660e+02 4.221095e-01 9.062411e-01 2.346535e-02 2.156819e+01 1.412788e-02 -3.245732e-02 9.993733e-01 -2.710162e+00
9.031945e-01 -4.284166e-01 -2.643459e-02 1.047794e+02 4.289949e-01 9.030277e-01 2.246282e-02 2.234562e+01 1.424772e-02 -3.162860e-02 9.993981e-01 -2.807901e+00
8.990211e-01 -4.368893e-01 -2.981306e-02 1.064785e+02 4.374286e-01 8.991345e-01 1.460212e-02 2.315546e+01 2.042645e-02 -2.616870e-02 9.994488e-01 -2.862454e+00
8.954900e-01 -4.440951e-01 -2.961681e-02 1.081769e+02 4.446375e-01 8.955857e-01 1.496733e-02 2.397392e+01 1.987747e-02 -2.657183e-02 9.994493e-01 -2.928891e+00
8.910855e-01 -4.526243e-01 -3.313404e-02 1.098672e+02 4.532916e-01 8.912156e-01 1.616845e-02 2.481625e+01 2.221134e-02 -2.942686e-02 9.993201e-01 -2.972008e+00
8.871850e-01 -4.602500e-01 -3.275162e-02 1.115642e+02 4.609240e-01 8.872776e-01 1.695799e-02 2.566029e+01 2.125486e-02 -3.014088e-02 9.993197e-01 -3.036960e+00
8.822027e-01 -4.696319e-01 -3.412118e-02 1.132300e+02 4.703009e-01 8.823814e-01 1.484102e-02 2.652667e+01 2.313807e-02 -2.914001e-02 9.993075e-01 -3.085674e+00
8.775380e-01 -4.784337e-01 -3.206829e-02 1.148965e+02 4.790251e-01 8.776911e-01 1.389627e-02 2.740811e+01 2.149762e-02 -2.755602e-02 9.993891e-01 -3.156814e+00
8.724885e-01 -4.875479e-01 -3.257005e-02 1.165569e+02 4.881666e-01 8.726308e-01 1.444365e-02 2.829665e+01 2.137966e-02 -2.850153e-02 9.993651e-01 -3.219303e+00
8.679914e-01 -4.956152e-01 -3.092780e-02 1.182103e+02 4.962294e-01 8.680335e-01 1.656188e-02 2.922318e+01 1.863805e-02 -2.972285e-02 9.993844e-01 -3.280543e+00
8.622822e-01 -5.053903e-01 -3.240329e-02 1.198479e+02 5.061232e-01 8.622169e-01 2.051890e-02 3.015843e+01 1.756862e-02 -3.409314e-02 9.992642e-01 -3.343688e+00
8.571808e-01 -5.141512e-01 -2.982755e-02 1.214786e+02 5.148142e-01 8.570271e-01 2.170747e-02 3.109562e+01 1.440209e-02 -3.396287e-02 9.993193e-01 -3.419074e+00
8.522924e-01 -5.223482e-01 -2.738710e-02 1.231181e+02 5.228928e-01 8.521880e-01 1.893351e-02 3.207579e+01 1.344908e-02 -3.045740e-02 9.994456e-01 -3.502107e+00
8.470775e-01 -5.306958e-01 -2.866559e-02 1.247420e+02 5.311610e-01 8.471909e-01 1.164772e-02 3.306015e+01 1.810383e-02 -2.509257e-02 9.995212e-01 -3.562629e+00
8.427729e-01 -5.374381e-01 -2.990163e-02 1.263416e+02 5.379161e-01 8.429314e-01 1.062682e-02 3.406408e+01 1.949376e-02 -2.504057e-02 9.994963e-01 -3.636602e+00
8.378432e-01 -5.447903e-01 -3.496200e-02 1.279254e+02 5.453993e-01 8.381116e-01 1.041368e-02 3.507508e+01 2.362878e-02 -2.779328e-02 9.993344e-01 -3.690241e+00
8.337201e-01 -5.510024e-01 -3.615537e-02 1.295208e+02 5.517704e-01 8.338467e-01 1.577882e-02 3.611858e+01 2.145387e-02 -3.310458e-02 9.992216e-01 -3.751740e+00
8.289006e-01 -5.579315e-01 -4.045138e-02 1.311054e+02 5.588483e-01 8.291203e-01 1.575885e-02 3.715918e+01 2.474669e-02 -3.566871e-02 9.990572e-01 -3.812389e+00
8.250360e-01 -5.637640e-01 -3.854617e-02 1.326820e+02 5.645515e-01 8.252943e-01 1.307835e-02 3.820973e+01 2.443883e-02 -3.255141e-02 9.991713e-01 -3.876558e+00
8.203599e-01 -5.705104e-01 -3.908239e-02 1.342422e+02 5.712315e-01 8.207315e-01 9.711614e-03 3.926663e+01 2.653557e-02 -3.029211e-02 9.991888e-01 -3.918340e+00
8.159318e-01 -5.769147e-01 -3.774499e-02 1.357951e+02 5.776713e-01 8.161705e-01 1.270583e-02 4.035088e+01 2.347617e-02 -3.217129e-02 9.992066e-01 -3.991518e+00
8.115928e-01 -5.827351e-01 -4.167699e-02 1.373389e+02 5.836605e-01 8.118761e-01 1.406081e-02 4.143588e+01 2.564283e-02 -3.573687e-02 9.990322e-01 -4.033731e+00
8.076557e-01 -5.880529e-01 -4.342868e-02 1.388857e+02 5.890551e-01 8.079633e-01 1.447395e-02 4.253854e+01 2.657733e-02 -3.727185e-02 9.989517e-01 -4.102496e+00
8.031535e-01 -5.942528e-01 -4.252245e-02 1.404313e+02 5.952857e-01 8.033348e-01 1.697703e-02 4.364795e+01 2.407111e-02 -3.894817e-02 9.989513e-01 -4.142935e+00
7.990091e-01 -6.000266e-01 -3.940229e-02 1.419587e+02 6.009839e-01 7.990351e-01 1.901724e-02 4.475379e+01 2.007296e-02 -3.887509e-02 9.990425e-01 -4.204522e+00
7.948275e-01 -6.059549e-01 -3.267797e-02 1.434973e+02 6.066458e-01 7.947726e-01 1.782327e-02 4.588531e+01 1.517145e-02 -3.399038e-02 9.993070e-01 -4.276548e+00
7.912524e-01 -6.106498e-01 -3.203850e-02 1.450128e+02 6.112643e-01 7.912968e-01 1.432917e-02 4.703131e+01 1.660186e-02 -3.092199e-02 9.993839e-01 -4.352956e+00
7.871701e-01 -6.159425e-01 -3.127280e-02 1.465180e+02 6.165189e-01 7.872260e-01 1.340639e-02 4.818366e+01 1.636120e-02 -2.983338e-02 9.994210e-01 -4.405875e+00
7.843245e-01 -6.194568e-01 -3.329168e-02 1.480229e+02 6.201631e-01 7.842770e-01 1.752230e-02 4.935351e+01 1.525560e-02 -3.438944e-02 9.992921e-01 -4.486451e+00
7.814822e-01 -6.230472e-01 -3.313269e-02 1.495118e+02 6.237944e-01 7.813101e-01 2.086505e-02 5.051209e+01 1.288699e-02 -3.697365e-02 9.992331e-01 -4.538314e+00
7.786283e-01 -6.266365e-01 -3.262989e-02 1.510103e+02 6.273527e-01 7.784797e-01 1.994253e-02 5.169198e+01 1.290499e-02 -3.599827e-02 9.992685e-01 -4.605884e+00
7.763439e-01 -6.296880e-01 -2.798220e-02 1.524907e+02 6.302125e-01 7.762380e-01 1.693702e-02 5.283944e+01 1.105580e-02 -3.078369e-02 9.994649e-01 -4.677600e+00
7.743213e-01 -6.322799e-01 -2.547062e-02 1.539607e+02 6.327382e-01 7.741555e-01 1.804941e-02 5.401944e+01 8.305939e-03 -3.009227e-02 9.995126e-01 -4.758719e+00
7.726087e-01 -6.344294e-01 -2.398249e-02 1.554288e+02 6.348361e-01 7.724576e-01 1.710274e-02 5.518756e+01 7.674973e-03 -2.843867e-02 9.995661e-01 -4.826064e+00
7.711733e-01 -6.362121e-01 -2.293172e-02 1.568904e+02 6.365762e-01 7.710607e-01 1.536590e-02 5.636672e+01 7.905778e-03 -2.644756e-02 9.996189e-01 -4.908374e+00
7.692230e-01 -6.385090e-01 -2.454008e-02 1.583308e+02 6.388762e-01 7.692237e-01 1.148723e-02 5.753419e+01 1.154211e-02 -2.451431e-02 9.996328e-01 -4.954646e+00
7.674339e-01 -6.407086e-01 -2.318661e-02 1.597599e+02 6.410493e-01 7.674043e-01 1.209445e-02 5.871577e+01 1.004449e-02 -2.414546e-02 9.996580e-01 -5.025081e+00
7.659587e-01 -6.425897e-01 -1.964132e-02 1.612045e+02 6.428727e-01 7.658033e-01 1.611953e-02 5.988708e+01 4.683144e-03 -2.497377e-02 9.996771e-01 -5.050745e+00
7.641473e-01 -6.447451e-01 -1.956272e-02 1.626145e+02 6.450418e-01 7.637889e-01 2.339447e-02 6.105563e+01 -1.416830e-04 -3.049559e-02 9.995349e-01 -5.158925e+00
7.629829e-01 -6.461887e-01 -1.724353e-02 1.640471e+02 6.464185e-01 7.626899e-01 2.114829e-02 6.222672e+01 -5.143210e-04 -2.728231e-02 9.996276e-01 -5.200816e+00
7.614510e-01 -6.480689e-01 -1.410693e-02 1.654158e+02 6.482214e-01 7.612302e-01 1.836796e-02 6.337828e+01 -1.165079e-03 -2.313071e-02 9.997318e-01 -5.290406e+00
7.600325e-01 -6.497254e-01 -1.440299e-02 1.668239e+02 6.498780e-01 7.599406e-01 1.220528e-02 6.454430e+01 3.015332e-03 -1.863660e-02 9.998218e-01 -5.343710e+00
7.610247e-01 -6.486671e-01 -8.505455e-03 1.681811e+02 6.487156e-01 7.608885e-01 1.471718e-02 6.568723e+01 -3.074850e-03 -1.671776e-02 9.998555e-01 -5.416002e+00
7.621792e-01 -6.471745e-01 -1.574694e-02 1.695479e+02 6.473460e-01 7.621218e-01 1.065221e-02 6.682862e+01 5.107249e-03 -1.831261e-02 9.998193e-01 -5.484670e+00
7.649366e-01 -6.440075e-01 -1.124014e-02 1.709121e+02 6.441049e-01 7.648447e-01 1.190098e-02 6.797718e+01 9.326381e-04 -1.634332e-02 9.998660e-01 -5.517615e+00
7.669357e-01 -6.415508e-01 -1.490809e-02 1.722771e+02 6.417202e-01 7.668042e-01 1.437482e-02 6.908707e+01 2.209413e-03 -2.059139e-02 9.997855e-01 -5.571048e+00
7.695100e-01 -6.385983e-01 -6.821921e-03 1.736409e+02 6.386044e-01 7.693255e-01 1.796123e-02 7.021260e+01 -6.221736e-03 -1.817786e-02 9.998154e-01 -5.634604e+00
7.714879e-01 -6.361031e-01 -1.338750e-02 1.750005e+02 6.362427e-01 7.713575e-01 1.423391e-02 7.129656e+01 1.272317e-03 -1.949899e-02 9.998091e-01 -5.715402e+00
7.734637e-01 -6.338006e-01 -7.129531e-03 1.763514e+02 6.338393e-01 7.733898e-01 1.075993e-02 7.239106e+01 -1.305740e-03 -1.284139e-02 9.999167e-01 -5.770354e+00
7.742894e-01 -6.327999e-01 -6.334367e-03 1.777005e+02 6.328291e-01 7.742195e-01 1.055327e-02 7.347098e+01 -1.773918e-03 -1.217986e-02 9.999242e-01 -5.808910e+00
7.759422e-01 -6.307946e-01 -3.448091e-03 1.790194e+02 6.307678e-01 7.758274e-01 1.496043e-02 7.452246e+01 -6.761836e-03 -1.378338e-02 9.998822e-01 -5.867188e+00
7.764891e-01 -6.301302e-01 -8.651107e-04 1.803556e+02 6.300317e-01 7.763420e-01 1.879437e-02 7.558243e+01 -1.117127e-02 -1.513867e-02 9.998230e-01 -5.920138e+00
7.768790e-01 -6.296499e-01 2.560443e-04 1.816914e+02 6.295443e-01 7.767558e-01 1.800103e-02 7.663672e+01 -1.153323e-02 -1.382343e-02 9.998379e-01 -6.014781e+00
7.765644e-01 -6.300277e-01 3.584562e-03 1.829997e+02 6.298903e-01 7.764931e-01 1.722475e-02 7.767593e+01 -1.363545e-02 -1.111824e-02 9.998452e-01 -6.060884e+00
7.762443e-01 -6.304152e-01 4.637590e-03 1.842996e+02 6.302993e-01 7.762107e-01 1.482497e-02 7.871523e+01 -1.294564e-02 -8.584729e-03 9.998794e-01 -6.131048e+00
7.759872e-01 -6.307032e-01 7.575113e-03 1.856290e+02 6.305612e-01 7.759935e-01 1.505804e-02 7.976790e+01 -1.537539e-02 -6.908271e-03 9.998579e-01 -6.181194e+00
7.762285e-01 -6.304305e-01 5.162907e-03 1.869392e+02 6.303186e-01 7.762067e-01 1.418714e-02 8.081225e+01 -1.295149e-02 -7.758189e-03 9.998860e-01 -6.245439e+00
7.755139e-01 -6.312518e-01 9.965612e-03 1.882492e+02 6.310648e-01 7.755489e-01 1.676499e-02 8.185632e+01 -1.831175e-02 -6.712537e-03 9.998098e-01 -6.298429e+00
7.754546e-01 -6.313521e-01 8.040754e-03 1.895471e+02 6.311609e-01 7.754468e-01 1.783146e-02 8.288337e+01 -1.749311e-02 -8.752478e-03 9.998087e-01 -6.353046e+00
7.751287e-01 -6.317221e-01 1.013364e-02 1.908391e+02 6.314982e-01 7.751533e-01 1.864726e-02 8.392307e+01 -1.963500e-02 -8.054657e-03 9.997748e-01 -6.422870e+00
7.750046e-01 -6.318640e-01 1.076575e-02 1.921491e+02 6.316196e-01 7.750354e-01 1.940919e-02 8.496471e+01 -2.060780e-02 -8.242348e-03 9.997537e-01 -6.475182e+00
7.751634e-01 -6.316860e-01 9.716139e-03 1.934362e+02 6.314418e-01 7.751690e-01 1.985213e-02 8.598655e+01 -2.007196e-02 -9.253468e-03 9.997557e-01 -6.559906e+00
7.744750e-01 -6.325284e-01 9.813696e-03 1.947364e+02 6.322799e-01 7.744812e-01 2.002258e-02 8.703191e+01 -2.026538e-02 -9.301987e-03 9.997514e-01 -6.606541e+00
7.745946e-01 -6.323428e-01 1.207224e-02 1.960130e+02 6.320622e-01 7.746439e-01 2.059274e-02 8.804550e+01 -2.237336e-02 -8.320622e-03 9.997150e-01 -6.685299e+00
7.738904e-01 -6.331616e-01 1.414053e-02 1.972957e+02 6.328722e-01 7.739902e-01 2.030446e-02 8.907442e+01 -2.380063e-02 -6.764278e-03 9.996938e-01 -6.739131e+00
7.737565e-01 -6.333283e-01 1.400867e-02 1.985869e+02 6.330650e-01 7.738601e-01 1.922118e-02 9.010130e+01 -2.301406e-02 -6.004120e-03 9.997171e-01 -6.804566e+00
7.737160e-01 -6.332901e-01 1.752765e-02 1.998612e+02 6.329586e-01 7.738966e-01 2.115906e-02 9.112328e+01 -2.696441e-02 -5.276827e-03 9.996225e-01 -6.866485e+00
7.733107e-01 -6.337939e-01 1.720425e-02 2.011274e+02 6.334754e-01 7.734849e-01 2.073758e-02 9.214145e+01 -2.645058e-02 -5.138127e-03 9.996369e-01 -6.923020e+00
7.729002e-01 -6.342294e-01 1.945493e-02 2.024175e+02 6.338962e-01 7.731354e-01 2.090726e-02 9.317383e+01 -2.830130e-02 -3.826813e-03 9.995921e-01 -7.002100e+00
7.724323e-01 -6.348484e-01 1.777381e-02 2.036800e+02 6.345475e-01 7.726256e-01 1.998098e-02 9.418983e+01 -2.641739e-02 -4.155622e-03 9.996424e-01 -7.060472e+00
7.720423e-01 -6.353422e-01 1.705771e-02 2.049458e+02 6.350384e-01 7.722160e-01 2.021750e-02 9.520700e+01 -2.601726e-02 -4.776464e-03 9.996501e-01 -7.131186e+00
7.712954e-01 -6.362894e-01 1.546699e-02 2.062046e+02 6.359816e-01 7.714260e-01 2.072063e-02 9.622653e+01 -2.511596e-02 -6.145007e-03 9.996657e-01 -7.188051e+00
7.707782e-01 -6.369341e-01 1.469340e-02 2.074673e+02 6.365977e-01 7.708802e-01 2.206750e-02 9.724215e+01 -2.538239e-02 -7.655367e-03 9.996485e-01 -7.264524e+00
7.700112e-01 -6.379015e-01 1.281878e-02 2.087183e+02 6.375760e-01 7.700658e-01 2.226547e-02 9.827003e+01 -2.407448e-02 -8.971715e-03 9.996699e-01 -7.318556e+00
7.700309e-01 -6.378720e-01 1.309966e-02 2.099592e+02 6.375833e-01 7.701055e-01 2.061194e-02 9.926994e+01 -2.323591e-02 -7.519708e-03 9.997017e-01 -7.399806e+00
7.694132e-01 -6.386482e-01 1.148299e-02 2.112110e+02 6.383771e-01 7.694534e-01 2.040167e-02 1.002869e+02 -2.186512e-02 -8.366832e-03 9.997259e-01 -7.472674e+00
7.686790e-01 -6.395222e-01 1.199825e-02 2.124537e+02 6.392974e-01 7.687473e-01 1.805950e-02 1.013098e+02 -2.077307e-02 -6.211506e-03 9.997649e-01 -7.526814e+00
7.687621e-01 -6.394301e-01 1.157211e-02 2.136799e+02 6.392356e-01 7.688301e-01 1.667967e-02 1.023079e+02 -1.956247e-02 -5.425390e-03 9.997939e-01 -7.576133e+00
7.683402e-01 -6.399548e-01 1.054710e-02 2.149027e+02 6.397651e-01 7.683880e-01 1.673597e-02 1.033025e+02 -1.881453e-02 -6.111246e-03 9.998043e-01 -7.645710e+00
7.681042e-01 -6.402149e-01 1.186643e-02 2.161201e+02 6.399725e-01 7.681643e-01 1.893722e-02 1.042978e+02 -2.123926e-02 -6.951571e-03 9.997503e-01 -7.694446e+00
7.679235e-01 -6.404145e-01 1.275925e-02 2.173325e+02 6.401608e-01 7.680014e-01 1.918283e-02 1.052955e+02 -2.208409e-02 -6.562979e-03 9.997346e-01 -7.760932e+00
7.677369e-01 -6.406863e-01 1.005884e-02 2.185407e+02 6.404492e-01 7.677567e-01 1.935723e-02 1.062820e+02 -2.012465e-02 -8.419085e-03 9.997621e-01 -7.830678e+00
7.674025e-01 -6.410909e-01 9.796487e-03 2.197398e+02 6.409091e-01 7.674382e-01 1.656701e-02 1.072601e+02 -1.813915e-02 -6.434908e-03 9.998147e-01 -7.882532e+00
7.669127e-01 -6.416537e-01 1.119546e-02 2.209259e+02 6.414526e-01 7.669711e-01 1.713271e-02 1.082409e+02 -1.957987e-02 -5.957935e-03 9.997905e-01 -7.940372e+00
7.668148e-01 -6.418115e-01 8.551272e-03 2.221102e+02 6.416515e-01 7.668340e-01 1.577912e-02 1.092045e+02 -1.668462e-02 -6.612726e-03 9.998389e-01 -8.009548e+00
7.667297e-01 -6.418949e-01 9.820442e-03 2.232926e+02 6.417191e-01 7.667679e-01 1.623332e-02 1.101739e+02 -1.795008e-02 -6.144601e-03 9.998200e-01 -8.054153e+00
7.662730e-01 -6.424249e-01 1.077014e-02 2.244531e+02 6.422456e-01 7.663293e-01 1.612085e-02 1.111345e+02 -1.860991e-02 -5.435897e-03 9.998121e-01 -8.110667e+00
7.659462e-01 -6.428413e-01 9.021293e-03 2.256211e+02 6.426673e-01 7.659692e-01 1.642541e-02 1.120905e+02 -1.746896e-02 -6.783288e-03 9.998244e-01 -8.162691e+00
7.656736e-01 -6.431601e-01 9.433564e-03 2.267714e+02 6.429687e-01 7.656984e-01 1.723809e-02 1.130381e+02 -1.831011e-02 -7.133263e-03 9.998069e-01 -8.227700e+00
7.657200e-01 -6.431149e-01 8.719198e-03 2.279220e+02 6.429605e-01 7.657448e-01 1.538582e-02 1.139868e+02 -1.657153e-02 -6.175132e-03 9.998436e-01 -8.275115e+00
7.654252e-01 -6.434721e-01 8.241689e-03 2.290731e+02 6.433558e-01 7.654549e-01 1.311479e-02 1.149345e+02 -1.474764e-02 -4.736052e-03 9.998800e-01 -8.339500e+00
7.656375e-01 -6.432351e-01 6.905244e-03 2.302092e+02 6.431144e-01 7.656435e-01 1.393457e-02 1.158764e+02 -1.425016e-02 -6.227965e-03 9.998791e-01 -8.377328e+00
7.658058e-01 -6.430384e-01 6.558480e-03 2.313566e+02 6.429390e-01 7.658151e-01 1.251514e-02 1.168137e+02 -1.307030e-02 -5.367466e-03 9.999002e-01 -8.428414e+00
7.660320e-01 -6.427509e-01 8.147372e-03 2.324931e+02 6.426233e-01 7.660563e-01 1.389938e-02 1.177533e+02 -1.517518e-02 -5.411680e-03 9.998702e-01 -8.474273e+00
7.667447e-01 -6.419260e-01 5.793757e-03 2.336345e+02 6.418090e-01 7.667331e-01 1.419152e-02 1.186823e+02 -1.355217e-02 -7.162789e-03 9.998825e-01 -8.528373e+00
7.676433e-01 -6.408189e-01 8.650979e-03 2.347662e+02 6.406648e-01 7.676665e-01 1.539224e-02 1.196121e+02 -1.650471e-02 -6.273376e-03 9.998441e-01 -8.586119e+00
7.684655e-01 -6.398613e-01 6.185945e-03 2.359167e+02 6.397156e-01 7.684451e-01 1.599550e-02 1.205461e+02 -1.498846e-02 -8.334739e-03 9.998530e-01 -8.627480e+00
7.689917e-01 -6.392151e-01 7.474768e-03 2.370473e+02 6.390916e-01 7.690054e-01 1.387609e-02 1.214833e+02 -1.461794e-02 -5.893536e-03 9.998758e-01 -8.661851e+00
7.696561e-01 -6.384489e-01 3.541327e-03 2.381916e+02 6.383590e-01 7.696222e-01 1.339969e-02 1.224148e+02 -1.128050e-02 -8.052513e-03 9.999040e-01 -8.725616e+00
7.700226e-01 -6.380100e-01 2.877739e-03 2.393326e+02 6.379386e-01 7.699914e-01 1.215878e-02 1.233540e+02 -9.973261e-03 -7.526719e-03 9.999219e-01 -8.758531e+00
7.707071e-01 -6.371889e-01 -8.321572e-04 2.404750e+02 6.371548e-01 7.706509e-01 1.144194e-02 1.242780e+02 -6.649374e-03 -9.348596e-03 9.999342e-01 -8.815101e+00
7.710953e-01 -6.367197e-01 -6.680028e-05 2.416078e+02 6.366868e-01 7.710544e-01 1.024489e-02 1.251946e+02 -6.471619e-03 -7.942319e-03 9.999475e-01 -8.844163e+00
7.710397e-01 -6.367796e-01 -3.095133e-03 2.427468e+02 6.367738e-01 7.709830e-01 1.022770e-02 1.261117e+02 -4.126493e-03 -9.856857e-03 9.999429e-01 -8.911911e+00
7.711941e-01 -6.365988e-01 -1.310308e-03 2.438860e+02 6.365654e-01 7.711289e-01 1.203544e-02 1.270431e+02 -6.651327e-03 -1.011575e-02 9.999267e-01 -8.933960e+00
7.713600e-01 -6.363708e-01 -5.989664e-03 2.450058e+02 6.363906e-01 7.712673e-01 1.240680e-02 1.279658e+02 -3.275696e-03 -1.338188e-02 9.999051e-01 -8.983557e+00
7.712666e-01 -6.364907e-01 -5.233704e-03 2.461439e+02 6.365103e-01 7.712176e-01 8.848076e-03 1.288846e+02 -1.595394e-03 -1.015553e-02 9.999471e-01 -9.035479e+00
7.711922e-01 -6.365791e-01 -5.445460e-03 2.472742e+02 6.366016e-01 7.711499e-01 8.141104e-03 1.298094e+02 -9.831917e-04 -9.744944e-03 9.999520e-01 -9.055723e+00
7.712090e-01 -6.365547e-01 -5.903419e-03 2.484052e+02 6.365809e-01 7.711918e-01 5.285703e-03 1.307203e+02 1.188030e-03 -7.834386e-03 9.999686e-01 -9.103426e+00
7.708930e-01 -6.369522e-01 -3.994457e-03 2.495362e+02 6.369635e-01 7.708642e-01 6.774883e-03 1.316381e+02 -1.236092e-03 -7.767033e-03 9.999691e-01 -9.146462e+00
7.708718e-01 -6.369625e-01 -5.959429e-03 2.506605e+02 6.369900e-01 7.708485e-01 6.047015e-03 1.325504e+02 7.420948e-04 -8.457569e-03 9.999639e-01 -9.175679e+00
7.707760e-01 -6.370879e-01 -4.825010e-03 2.517829e+02 6.371062e-01 7.707523e-01 6.024204e-03 1.334557e+02 -1.190596e-04 -7.717356e-03 9.999702e-01 -9.214269e+00
7.708223e-01 -6.370344e-01 -4.501410e-03 2.529061e+02 6.370500e-01 7.707956e-01 6.454836e-03 1.343653e+02 -6.422856e-04 -7.843154e-03 9.999691e-01 -9.249999e+00
7.705599e-01 -6.373658e-01 -1.492841e-03 2.540283e+02 6.373547e-01 7.705275e-01 8.160342e-03 1.352836e+02 -4.050848e-03 -7.239501e-03 9.999656e-01 -9.293299e+00
7.704107e-01 -6.375164e-01 -6.343609e-03 2.551400e+02 6.375456e-01 7.703966e-01 4.980242e-03 1.361987e+02 1.712108e-03 -7.881172e-03 9.999675e-01 -9.327262e+00
7.700466e-01 -6.379683e-01 -4.961357e-03 2.562686e+02 6.379712e-01 7.700593e-01 -1.197902e-03 1.371254e+02 4.584763e-03 -2.242763e-03 9.999869e-01 -9.362311e+00
7.697910e-01 -6.382175e-01 -1.001050e-02 2.573857e+02 6.382480e-01 7.698308e-01 -1.835569e-04 1.380264e+02 7.823542e-03 -6.247883e-03 9.999499e-01 -9.379541e+00
7.694175e-01 -6.386670e-01 -1.006054e-02 2.584935e+02 6.387295e-01 7.694159e-01 4.877413e-03 1.389321e+02 4.625696e-03 -1.017873e-02 9.999375e-01 -9.414885e+00
7.692837e-01 -6.387882e-01 -1.234029e-02 2.596067e+02 6.389014e-01 7.692169e-01 1.050215e-02 1.398302e+02 2.783710e-03 -1.596336e-02 9.998687e-01 -9.439506e+00
7.689396e-01 -6.392189e-01 -1.145380e-02 2.607225e+02 6.393164e-01 7.688817e-01 9.775214e-03 1.407456e+02 2.558116e-03 -1.483915e-02 9.998866e-01 -9.494238e+00
7.688254e-01 -6.393588e-01 -1.131117e-02 2.618297e+02 6.394501e-01 7.687871e-01 8.374527e-03 1.416465e+02 3.341552e-03 -1.367148e-02 9.999009e-01 -9.539586e+00
7.682062e-01 -6.400782e-01 -1.261233e-02 2.629502e+02 6.401332e-01 7.682638e-01 4.168916e-04 1.425627e+02 9.422754e-03 -8.393830e-03 9.999204e-01 -9.568438e+00
7.682995e-01 -6.399597e-01 -1.294413e-02 2.640632e+02 6.399933e-01 7.683783e-01 -1.890701e-03 1.434753e+02 1.115596e-02 -6.831530e-03 9.999144e-01 -9.606513e+00
7.685711e-01 -6.395370e-01 -1.705750e-02 2.651691e+02 6.396103e-01 7.686980e-01 -1.454570e-03 1.443684e+02 1.404232e-02 -9.792212e-03 9.998534e-01 -9.626575e+00
7.691631e-01 -6.389018e-01 -1.387993e-02 2.662838e+02 6.389657e-01 7.692353e-01 2.241903e-04 1.452828e+02 1.053370e-02 -9.041240e-03 9.999036e-01 -9.646012e+00
7.694687e-01 -6.385058e-01 -1.511353e-02 2.674162e+02 6.385379e-01 7.695837e-01 -3.221905e-03 1.461937e+02 1.368833e-02 -7.171409e-03 9.998806e-01 -9.676682e+00
7.691191e-01 -6.389779e-01 -1.276877e-02 2.685368e+02 6.389513e-01 7.692189e-01 -6.593875e-03 1.471052e+02 1.403532e-02 -3.087146e-03 9.998967e-01 -9.690613e+00
7.689421e-01 -6.390822e-01 -1.737648e-02 2.696448e+02 6.391045e-01 7.691038e-01 -4.963327e-03 1.480091e+02 1.653629e-02 -7.288877e-03 9.998367e-01 -9.732806e+00
7.687082e-01 -6.392909e-01 -1.987111e-02 2.707560e+02 6.393657e-01 7.688962e-01 -3.157431e-03 1.489137e+02 1.729734e-02 -1.027776e-02 9.997976e-01 -9.738521e+00
7.688735e-01 -6.389596e-01 -2.375283e-02 2.718718e+02 6.391308e-01 7.690978e-01 -4.961551e-04 1.498388e+02 1.858527e-02 -1.479968e-02 9.997177e-01 -9.757976e+00
7.683198e-01 -6.396201e-01 -2.389019e-02 2.729827e+02 6.397679e-01 7.685661e-01 -1.837163e-03 1.507545e+02 1.953627e-02 -1.387265e-02 9.997129e-01 -9.779937e+00
7.680445e-01 -6.399378e-01 -2.423462e-02 2.741107e+02 6.400904e-01 7.682974e-01 -1.842177e-03 1.516653e+02 1.979828e-02 -1.409747e-02 9.997046e-01 -9.821277e+00
7.672405e-01 -6.409549e-01 -2.277723e-02 2.752376e+02 6.410380e-01 7.674966e-01 -4.402910e-03 1.525813e+02 2.030351e-02 -1.122298e-02 9.997309e-01 -9.825587e+00
7.669306e-01 -6.412554e-01 -2.467607e-02 2.763539e+02 6.413799e-01 7.672154e-01 -3.532575e-03 1.535205e+02 2.119714e-02 -1.311750e-02 9.996893e-01 -9.863914e+00
7.662876e-01 -6.420140e-01 -2.492713e-02 2.774675e+02 6.421281e-01 7.665859e-01 -4.180484e-03 1.544468e+02 2.179272e-02 -1.280296e-02 9.996805e-01 -9.881797e+00
7.654047e-01 -6.429455e-01 -2.786854e-02 2.785906e+02 6.431286e-01 7.657523e-01 -2.987821e-03 1.553672e+02 2.326140e-02 -1.563617e-02 9.996071e-01 -9.911759e+00
7.645502e-01 -6.439654e-01 -2.777751e-02 2.797182e+02 6.441197e-01 7.649133e-01 -4.170671e-03 1.563028e+02 2.393316e-02 -1.470336e-02 9.996054e-01 -9.908902e+00
7.628148e-01 -6.457560e-01 -3.335962e-02 2.808362e+02 6.459863e-01 7.633342e-01 -4.786370e-03 1.572504e+02 2.855536e-02 -1.789874e-02 9.994320e-01 -9.952375e+00
7.610024e-01 -6.479129e-01 -3.292920e-02 2.819820e+02 6.480893e-01 7.615373e-01 -6.444036e-03 1.581878e+02 2.925198e-02 -1.643713e-02 9.994369e-01 -9.976930e+00
7.591027e-01 -6.498011e-01 -3.900792e-02 2.831003e+02 6.502212e-01 7.597411e-01 -2.455833e-03 1.591493e+02 3.123172e-02 -2.349954e-02 9.992359e-01 -9.972732e+00
7.568055e-01 -6.521401e-01 -4.425681e-02 2.842266e+02 6.526133e-01 7.576762e-01 -4.741668e-03 1.601271e+02 3.662457e-02 -2.529407e-02 9.990090e-01 -1.000202e+01
7.545975e-01 -6.547309e-01 -4.370402e-02 2.853776e+02 6.553277e-01 7.553442e-01 -8.819867e-04 1.610780e+02 3.358904e-02 -2.797491e-02 9.990441e-01 -1.002950e+01
7.524330e-01 -6.570991e-01 -4.544606e-02 2.865074e+02 6.578765e-01 7.531202e-01 2.935181e-03 1.620725e+02 3.229764e-02 -3.210642e-02 9.989625e-01 -1.001388e+01
7.502050e-01 -6.598260e-01 -4.268394e-02 2.876648e+02 6.605747e-01 7.507449e-01 4.810896e-03 1.630559e+02 2.887040e-02 -3.180509e-02 9.990770e-01 -1.007542e+01
7.480536e-01 -6.622583e-01 -4.277655e-02 2.888300e+02 6.629754e-01 7.486327e-01 3.575047e-03 1.640701e+02 2.965632e-02 -3.103413e-02 9.990783e-01 -1.007952e+01
7.459759e-01 -6.647363e-01 -4.056786e-02 2.899879e+02 6.653258e-01 7.465519e-01 1.400596e-03 1.650737e+02 2.935499e-02 -2.803566e-02 9.991758e-01 -1.012951e+01
7.442272e-01 -6.666546e-01 -4.120158e-02 2.911452e+02 6.671555e-01 7.449155e-01 -2.089206e-03 1.660861e+02 3.208447e-02 -2.593302e-02 9.991487e-01 -1.013052e+01
7.421916e-01 -6.689671e-01 -4.042974e-02 2.923274e+02 6.691831e-01 7.430313e-01 -9.927558e-03 1.671345e+02 3.668177e-02 -1.968675e-02 9.991331e-01 -1.016492e+01
7.404342e-01 -6.708196e-01 -4.193153e-02 2.934998e+02 6.709119e-01 7.414064e-01 -1.392417e-02 1.681720e+02 4.042891e-02 -1.782243e-02 9.990234e-01 -1.015762e+01
7.377504e-01 -6.734404e-01 -4.693045e-02 2.946614e+02 6.735848e-01 7.389569e-01 -1.504277e-02 1.692340e+02 4.480998e-02 -2.051383e-02 9.987849e-01 -1.020555e+01
7.354264e-01 -6.755143e-01 -5.318355e-02 2.958399e+02 6.758237e-01 7.369176e-01 -1.466242e-02 1.702996e+02 4.909656e-02 -2.515957e-02 9.984771e-01 -1.019535e+01
7.331678e-01 -6.770946e-01 -6.330908e-02 2.970038e+02 6.771473e-01 7.354594e-01 -2.389795e-02 1.713781e+02 6.274243e-02 -2.534836e-02 9.977078e-01 -1.018938e+01
7.298219e-01 -6.806656e-01 -6.367374e-02 2.981911e+02 6.806285e-01 7.321801e-01 -2.563464e-02 1.724564e+02 6.406926e-02 -2.462943e-02 9.976415e-01 -1.016575e+01
7.276183e-01 -6.832263e-01 -6.142705e-02 2.993654e+02 6.835713e-01 7.296492e-01 -1.850201e-02 1.735327e+02 5.746125e-02 -2.852737e-02 9.979401e-01 -1.016883e+01
7.250420e-01 -6.866838e-01 -5.272009e-02 3.005540e+02 6.872984e-01 7.263278e-01 -8.295801e-03 1.746216e+02 4.398866e-02 -3.021963e-02 9.985749e-01 -1.018508e+01
7.217170e-01 -6.901342e-01 -5.328500e-02 3.017415e+02 6.909152e-01 7.229185e-01 -4.986743e-03 1.757230e+02 4.196224e-02 -3.321639e-02 9.985669e-01 -1.014490e+01
7.182271e-01 -6.942755e-01 -4.616711e-02 3.029335e+02 6.946479e-01 7.192799e-01 -1.003804e-02 1.768663e+02 4.017624e-02 -2.486029e-02 9.988833e-01 -1.018481e+01
7.146671e-01 -6.980914e-01 -4.380967e-02 3.041383e+02 6.983736e-01 7.156483e-01 -1.103295e-02 1.779934e+02 3.905433e-02 -2.271063e-02 9.989790e-01 -1.016509e+01
7.115841e-01 -7.013960e-01 -4.112983e-02 3.053251e+02 7.015495e-01 7.125021e-01 -1.300038e-02 1.791496e+02 3.842351e-02 -1.960374e-02 9.990692e-01 -1.019808e+01
7.080901e-01 -7.050406e-01 -3.906540e-02 3.065273e+02 7.051981e-01 7.089097e-01 -1.193839e-02 1.803221e+02 3.611090e-02 -1.909539e-02 9.991654e-01 -1.020497e+01
7.051219e-01 -7.079708e-01 -3.975530e-02 3.077224e+02 7.080171e-01 7.060289e-01 -1.533234e-02 1.815002e+02 3.892324e-02 -1.733625e-02 9.990918e-01 -1.017456e+01
7.016743e-01 -7.114715e-01 -3.822912e-02 3.089276e+02 7.113753e-01 7.025704e-01 -1.844067e-02 1.826952e+02 3.997866e-02 -1.425591e-02 9.990988e-01 -1.020532e+01
6.995659e-01 -7.135603e-01 -3.793825e-02 3.101401e+02 7.134606e-01 7.004513e-01 -1.849010e-02 1.838919e+02 3.976770e-02 -1.413240e-02 9.991090e-01 -1.017394e+01
6.968225e-01 -7.163118e-01 -3.654764e-02 3.113470e+02 7.160507e-01 6.976974e-01 -2.212582e-02 1.851212e+02 4.134819e-02 -1.075219e-02 9.990869e-01 -1.019749e+01
6.940503e-01 -7.188383e-01 -3.956848e-02 3.125478e+02 7.186075e-01 6.950570e-01 -2.233721e-02 1.863447e+02 4.355920e-02 -1.293106e-02 9.989672e-01 -1.016701e+01
6.918380e-01 -7.208760e-01 -4.120588e-02 3.137525e+02 7.205816e-01 6.929444e-01 -2.429686e-02 1.875876e+02 4.606841e-02 -1.288271e-02 9.988552e-01 -1.017528e+01
6.891463e-01 -7.233839e-01 -4.234396e-02 3.149610e+02 7.231754e-01 6.902858e-01 -2.286145e-02 1.888255e+02 4.576705e-02 -1.486723e-02 9.988415e-01 -1.014573e+01
6.872815e-01 -7.250314e-01 -4.442340e-02 3.161640e+02 7.249785e-01 6.884732e-01 -2.026862e-02 1.900804e+02 4.527971e-02 -1.827576e-02 9.988071e-01 -1.015578e+01
6.847638e-01 -7.274048e-01 -4.450615e-02 3.173797e+02 7.273957e-01 6.859434e-01 -1.941889e-02 1.913283e+02 4.465410e-02 -1.907623e-02 9.988204e-01 -1.013220e+01
6.824180e-01 -7.295523e-01 -4.537715e-02 3.185894e+02 7.294258e-01 6.836931e-01 -2.239993e-02 1.926006e+02 4.736596e-02 -1.781315e-02 9.987187e-01 -1.012718e+01
6.801629e-01 -7.318295e-01 -4.247442e-02 3.197946e+02 7.316257e-01 6.813147e-01 -2.310768e-02 1.938643e+02 4.584933e-02 -1.535839e-02 9.988303e-01 -1.012546e+01
6.778365e-01 -7.338905e-01 -4.407222e-02 3.210014e+02 7.337333e-01 6.790569e-01 -2.274108e-02 1.951571e+02 4.661701e-02 -1.692252e-02 9.987695e-01 -1.010919e+01
6.764868e-01 -7.352402e-01 -4.227811e-02 3.222080e+02 7.350657e-01 6.776216e-01 -2.252543e-02 1.964324e+02 4.521016e-02 -1.583903e-02 9.988519e-01 -1.011303e+01
6.743832e-01 -7.370992e-01 -4.349884e-02 3.234043e+02 7.369791e-01 6.755626e-01 -2.184289e-02 1.977124e+02 4.548656e-02 -1.732726e-02 9.988146e-01 -1.009732e+01
6.726856e-01 -7.386515e-01 -4.345102e-02 3.246137e+02 7.384760e-01 6.738842e-01 -2.309130e-02 1.989973e+02 4.633738e-02 -1.655435e-02 9.987887e-01 -1.008964e+01
6.705004e-01 -7.408158e-01 -4.026516e-02 3.258035e+02 7.406200e-01 6.715467e-01 -2.251181e-02 2.003021e+02 4.371704e-02 -1.472701e-02 9.989354e-01 -1.007617e+01
6.686396e-01 -7.425045e-01 -4.010079e-02 3.270127e+02 7.423914e-01 6.696500e-01 -2.059290e-02 2.016030e+02 4.214381e-02 -1.600125e-02 9.989834e-01 -1.007334e+01
6.669061e-01 -7.442558e-01 -3.632633e-02 3.282102e+02 7.442744e-01 6.676892e-01 -1.570385e-02 2.029166e+02 3.594238e-02 -1.656377e-02 9.992166e-01 -1.005437e+01
6.656536e-01 -7.452549e-01 -3.873278e-02 3.294243e+02 7.453300e-01 6.665188e-01 -1.535676e-02 2.042359e+02 3.726083e-02 -1.864642e-02 9.991316e-01 -1.005567e+01
6.648250e-01 -7.463111e-01 -3.205186e-02 3.306561e+02 7.460551e-01 6.655297e-01 -2.172244e-02 2.055706e+02 3.754317e-02 -9.470832e-03 9.992501e-01 -1.006172e+01
6.636895e-01 -7.470618e-01 -3.761594e-02 3.318982e+02 7.465904e-01 6.646882e-01 -2.815147e-02 2.069159e+02 4.603375e-02 -9.399865e-03 9.988956e-01 -1.007670e+01
6.626803e-01 -7.487035e-01 -1.725982e-02 3.331041e+02 7.482178e-01 6.628838e-01 -2.748097e-02 2.082684e+02 3.201636e-02 5.296988e-03 9.994733e-01 -9.986487e+00
6.615773e-01 -7.496200e-01 -1.962599e-02 3.343386e+02 7.493327e-01 6.618677e-01 -2.077370e-02 2.096237e+02 2.856219e-02 -9.629894e-04 9.995915e-01 -9.998900e+00
6.608576e-01 -7.504110e-01 -1.227241e-02 3.355569e+02 7.502061e-01 6.609669e-01 -1.771441e-02 2.109879e+02 2.140475e-02 2.499862e-03 9.997678e-01 -9.983276e+00
6.604797e-01 -7.505794e-01 -1.993114e-02 3.368257e+02 7.503301e-01 6.607770e-01 -1.945834e-02 2.124012e+02 2.777507e-02 -2.103089e-03 9.996120e-01 -1.000633e+01
6.589841e-01 -7.519820e-01 -1.621723e-02 3.380415e+02 7.518430e-01 6.591789e-01 -1.467575e-02 2.137879e+02 2.172596e-02 -2.521722e-03 9.997608e-01 -9.983780e+00
6.584044e-01 -7.522321e-01 -2.550447e-02 3.392965e+02 7.521351e-01 6.588342e-01 -1.517888e-02 2.151805e+02 2.822125e-02 -9.188965e-03 9.995595e-01 -9.996479e+00
6.572210e-01 -7.533723e-01 -2.215761e-02 3.405644e+02 7.530327e-01 6.575921e-01 -2.268602e-02 2.165847e+02 3.166168e-02 -1.775675e-03 9.994971e-01 -1.000162e+01
6.558625e-01 -7.546213e-01 -1.977559e-02 3.418170e+02 7.541558e-01 6.561555e-01 -2.662510e-02 2.180022e+02 3.306773e-02 2.548531e-03 9.994498e-01 -9.977442e+00
6.545625e-01 -7.558263e-01 -1.656847e-02 3.430677e+02 7.553657e-01 6.547524e-01 -2.686721e-02 2.194128e+02 3.115519e-02 5.071009e-03 9.995017e-01 -9.950109e+00
6.539731e-01 -7.563807e-01 -1.440013e-02 3.443190e+02 7.560943e-01 6.541253e-01 -2.100796e-02 2.208376e+02 2.530951e-02 2.850786e-03 9.996756e-01 -9.928994e+00
6.535208e-01 -7.567770e-01 -1.410965e-02 3.455712e+02 7.564875e-01 6.536655e-01 -2.117237e-02 2.222663e+02 2.524575e-02 3.162812e-03 9.996763e-01 -9.920087e+00
6.531625e-01 -7.571341e-01 -1.125830e-02 3.468404e+02 7.568623e-01 6.532391e-01 -2.093033e-02 2.236896e+02 2.320143e-02 5.149920e-03 9.997175e-01 -9.926597e+00
6.524723e-01 -7.577120e-01 -1.234953e-02 3.481025e+02 7.573518e-01 6.525570e-01 -2.424026e-02 2.251214e+02 2.642591e-02 6.463159e-03 9.996299e-01 -9.919573e+00
6.524678e-01 -7.577738e-01 -8.046714e-03 3.493766e+02 7.574637e-01 6.524513e-01 -2.358195e-02 2.265724e+02 2.311987e-02 9.291369e-03 9.996895e-01 -9.925277e+00
6.526304e-01 -7.575921e-01 -1.129676e-02 3.506384e+02 7.572352e-01 6.526866e-01 -2.439093e-02 2.279988e+02 2.585162e-02 7.363960e-03 9.996387e-01 -9.897441e+00
6.535662e-01 -7.568425e-01 -6.370805e-03 3.519037e+02 7.565992e-01 6.535348e-01 -2.121640e-02 2.294392e+02 2.022101e-02 9.046175e-03 9.997546e-01 -9.892795e+00
6.551139e-01 -7.554964e-01 -7.142170e-03 3.531962e+02 7.552562e-01 6.551015e-01 -2.073415e-02 2.308794e+02 2.034342e-02 8.189060e-03 9.997595e-01 -9.887094e+00
6.559517e-01 -7.547916e-01 -4.118568e-03 3.544680e+02 7.544969e-01 6.558315e-01 -2.489209e-02 2.323225e+02 2.148942e-02 1.322056e-02 9.996817e-01 -9.878543e+00
6.565297e-01 -7.543000e-01 -4.317444e-04 3.557515e+02 7.540747e-01 6.563474e-01 -2.407053e-02 2.337760e+02 1.843978e-02 1.547745e-02 9.997101e-01 -9.870997e+00
6.573041e-01 -7.536154e-01 3.890848e-03 3.570439e+02 7.534726e-01 6.570580e-01 -2.353407e-02 2.352223e+02 1.517912e-02 1.840069e-02 9.997154e-01 -9.856981e+00
6.584615e-01 -7.526055e-01 3.671664e-03 3.583187e+02 7.524870e-01 6.582522e-01 -2.161516e-02 2.366600e+02 1.385081e-02 1.699563e-02 9.997596e-01 -9.867071e+00
6.593479e-01 -7.518203e-01 5.149204e-03 3.596194e+02 7.516968e-01 6.590760e-01 -2.389253e-02 2.381091e+02 1.456917e-02 1.962413e-02 9.997013e-01 -9.840975e+00
6.593149e-01 -7.518460e-01 5.601478e-03 3.609025e+02 7.517719e-01 6.590949e-01 -2.080335e-02 2.395554e+02 1.194901e-02 1.792699e-02 9.997679e-01 -9.853768e+00
6.594971e-01 -7.516556e-01 8.791641e-03 3.621954e+02 7.516381e-01 6.592331e-01 -2.125581e-02 2.410109e+02 1.018131e-02 2.062628e-02 9.997354e-01 -9.819279e+00
6.596575e-01 -7.515202e-01 8.331745e-03 3.634869e+02 7.515255e-01 6.594654e-01 -1.773586e-02 2.424460e+02 7.834359e-03 1.796111e-02 9.998080e-01 -9.849574e+00
6.592224e-01 -7.518883e-01 9.467244e-03 3.647690e+02 7.518834e-01 6.589487e-01 -2.139558e-02 2.438849e+02 9.848658e-03 2.122271e-02 9.997262e-01 -9.829329e+00
6.589404e-01 -7.521533e-01 7.938879e-03 3.660627e+02 7.521279e-01 6.587038e-01 -2.032867e-02 2.453346e+02 1.006090e-02 1.936643e-02 9.997618e-01 -9.850353e+00
6.586989e-01 -7.523710e-01 7.319436e-03 3.673495e+02 7.523362e-01 6.584729e-01 -2.009147e-02 2.467654e+02 1.029659e-02 1.874090e-02 9.997714e-01 -9.840104e+00
6.593510e-01 -7.517912e-01 8.135801e-03 3.686336e+02 7.517970e-01 6.591697e-01 -1.721494e-02 2.482035e+02 7.579168e-03 1.746716e-02 9.998187e-01 -9.849016e+00
6.599216e-01 -7.513089e-01 6.199890e-03 3.699191e+02 7.512674e-01 6.597301e-01 -1.880926e-02 2.496353e+02 1.004131e-02 1.707041e-02 9.998038e-01 -9.852660e+00
6.604325e-01 -7.508584e-01 6.370237e-03 3.711987e+02 7.508148e-01 6.602302e-01 -1.932218e-02 2.510783e+02 1.030240e-02 1.754386e-02 9.997930e-01 -9.854826e+00
6.614000e-01 -7.500222e-01 4.091267e-03 3.724781e+02 7.499404e-01 6.612222e-01 -1.935287e-02 2.525018e+02 1.180984e-02 1.586819e-02 9.998043e-01 -9.863376e+00
6.618172e-01 -7.496483e-01 5.041813e-03 3.737580e+02 7.495486e-01 6.615804e-01 -2.209758e-02 2.539174e+02 1.322985e-02 1.840364e-02 9.997431e-01 -9.846555e+00
6.629112e-01 -7.486644e-01 7.093684e-03 3.750294e+02 7.486076e-01 6.626543e-01 -2.181769e-02 2.553382e+02 1.163347e-02 1.977358e-02 9.997368e-01 -9.858896e+00
6.633062e-01 -7.482805e-01 1.006094e-02 3.763073e+02 7.482597e-01 6.629614e-01 -2.428562e-02 2.567470e+02 1.150244e-02 2.363699e-02 9.996544e-01 -9.834298e+00
6.640073e-01 -7.476208e-01 1.254287e-02 3.775743e+02 7.476730e-01 6.636671e-01 -2.304384e-02 2.581409e+02 8.903768e-03 2.467925e-02 9.996558e-01 -9.837815e+00
6.646624e-01 -7.469735e-01 1.595827e-02 3.788420e+02 7.471041e-01 6.642550e-01 -2.451030e-02 2.595295e+02 7.708179e-03 2.821356e-02 9.995722e-01 -9.829927e+00
6.655484e-01 -7.461742e-01 1.640974e-02 3.800971e+02 7.463301e-01 6.651877e-01 -2.273224e-02 2.609101e+02 6.046651e-03 2.737649e-02 9.996069e-01 -9.823174e+00
6.672682e-01 -7.446017e-01 1.793226e-02 3.813487e+02 7.447975e-01 6.668800e-01 -2.340300e-02 2.622829e+02 5.467247e-03 2.897197e-02 9.995652e-01 -9.824059e+00
6.678329e-01 -7.441291e-01 1.646949e-02 3.825941e+02 7.442874e-01 6.674703e-01 -2.279896e-02 2.636599e+02 5.972471e-03 2.748393e-02 9.996044e-01 -9.837953e+00
6.686997e-01 -7.434337e-01 1.212989e-02 3.838441e+02 7.434400e-01 6.682701e-01 -2.668698e-02 2.650276e+02 1.173396e-02 2.686342e-02 9.995703e-01 -9.812653e+00
6.702558e-01 -7.420338e-01 1.195423e-02 3.850891e+02 7.420700e-01 6.699096e-01 -2.352181e-02 2.663790e+02 9.445723e-03 2.463651e-02 9.996518e-01 -9.812507e+00
6.725306e-01 -7.400035e-01 9.867387e-03 3.863316e+02 7.399996e-01 6.722244e-01 -2.269410e-02 2.677171e+02 1.016061e-02 2.256434e-02 9.996938e-01 -9.811728e+00
6.748691e-01 -7.377748e-01 1.549128e-02 3.875710e+02 7.379165e-01 6.745431e-01 -2.170011e-02 2.690437e+02 5.560262e-03 2.607601e-02 9.996445e-01 -9.827304e+00
6.769353e-01 -7.359506e-01 1.163191e-02 3.887879e+02 7.359735e-01 6.765707e-01 -2.439323e-02 2.703456e+02 1.008241e-02 2.507341e-02 9.996347e-01 -9.819333e+00
6.799091e-01 -7.331604e-01 1.411934e-02 3.900173e+02 7.332266e-01 6.794528e-01 -2.688132e-02 2.716537e+02 1.011490e-02 2.862953e-02 9.995389e-01 -9.805387e+00
6.843643e-01 -7.290648e-01 1.049311e-02 3.912374e+02 7.290156e-01 6.839103e-01 -2.833459e-02 2.729528e+02 1.348140e-02 2.704082e-02 9.995434e-01 -9.801064e+00
6.898371e-01 -7.238959e-01 9.979708e-03 3.924656e+02 7.238274e-01 6.893722e-01 -2.898414e-02 2.742304e+02 1.410177e-02 2.721792e-02 9.995301e-01 -9.765632e+00
6.963376e-01 -7.176737e-01 7.638524e-03 3.936853e+02 7.175527e-01 6.959157e-01 -2.862701e-02 2.754647e+02 1.522908e-02 2.541511e-02 9.995610e-01 -9.758768e+00
7.014154e-01 -7.126580e-01 1.161621e-02 3.949161e+02 7.126249e-01 7.008878e-01 -3.036570e-02 2.766985e+02 1.349870e-02 2.957697e-02 9.994714e-01 -9.725962e+00
7.069452e-01 -7.070951e-01 1.564849e-02 3.961461e+02 7.071973e-01 7.063878e-01 -2.980354e-02 2.779001e+02 1.002004e-02 3.213604e-02 9.994333e-01 -9.711769e+00
7.119765e-01 -7.018953e-01 2.079314e-02 3.973776e+02 7.021827e-01 7.114168e-01 -2.872946e-02 2.790911e+02 5.372477e-03 3.505529e-02 9.993709e-01 -9.686166e+00
7.176244e-01 -6.958685e-01 2.796808e-02 3.986055e+02 6.964302e-01 7.170696e-01 -2.821534e-02 2.802448e+02 -4.208982e-04 3.972583e-02 9.992105e-01 -9.676278e+00
7.229609e-01 -6.901889e-01 3.109314e-02 3.998142e+02 6.908824e-01 7.224162e-01 -2.821872e-02 2.813732e+02 -2.985940e-03 4.188273e-02 9.991181e-01 -9.672945e+00
7.283018e-01 -6.843213e-01 3.579030e-02 4.010340e+02 6.852275e-01 7.277588e-01 -2.882185e-02 2.825137e+02 -6.323299e-03 4.551550e-02 9.989436e-01 -9.654088e+00
7.344432e-01 -6.777277e-01 3.575454e-02 4.022667e+02 6.786121e-01 7.340499e-01 -2.562207e-02 2.836237e+02 -8.880830e-03 4.308141e-02 9.990321e-01 -9.642447e+00
7.403065e-01 -6.711702e-01 3.842981e-02 4.034936e+02 6.721634e-01 7.399948e-01 -2.457726e-02 2.847104e+02 -1.194233e-02 4.402582e-02 9.989590e-01 -9.647711e+00
7.464749e-01 -6.641227e-01 4.142778e-02 4.047110e+02 6.652327e-01 7.462759e-01 -2.318855e-02 2.857808e+02 -1.551652e-02 4.486878e-02 9.988724e-01 -9.642309e+00
7.516583e-01 -6.579346e-01 4.617107e-02 4.059185e+02 6.592450e-01 7.516029e-01 -2.212350e-02 2.868223e+02 -2.014649e-02 4.706735e-02 9.986885e-01 -9.624699e+00
7.567353e-01 -6.517892e-01 5.022528e-02 4.071378e+02 6.532093e-01 7.569479e-01 -1.863795e-02 2.878604e+02 -2.586991e-02 4.691162e-02 9.985640e-01 -9.630581e+00
7.620880e-01 -6.452183e-01 5.399375e-02 4.083470e+02 6.468606e-01 7.623422e-01 -2.014341e-02 2.888593e+02 -2.816482e-02 5.027748e-02 9.983381e-01 -9.628559e+00
7.679825e-01 -6.380197e-01 5.597886e-02 4.095662e+02 6.398018e-01 7.682382e-01 -2.153325e-02 2.898511e+02 -2.926646e-02 5.235253e-02 9.981997e-01 -9.621419e+00
7.740493e-01 -6.306623e-01 5.579238e-02 4.107886e+02 6.324349e-01 7.743113e-01 -2.162954e-02 2.908275e+02 -2.955974e-02 5.202738e-02 9.982081e-01 -9.647099e+00
7.818333e-01 -6.211107e-01 5.438960e-02 4.120135e+02 6.228850e-01 7.819344e-01 -2.435224e-02 2.917815e+02 -2.740366e-02 5.291785e-02 9.982228e-01 -9.635443e+00
7.894904e-01 -6.116033e-01 5.144303e-02 4.132362e+02 6.132255e-01 7.895303e-01 -2.442114e-02 2.927234e+02 -2.567978e-02 5.082643e-02 9.983773e-01 -9.632074e+00
7.967958e-01 -6.022549e-01 4.904614e-02 4.144684e+02 6.038322e-01 7.966323e-01 -2.763172e-02 2.936455e+02 -2.243041e-02 5.163249e-02 9.984142e-01 -9.617729e+00
8.045018e-01 -5.919482e-01 4.872537e-02 4.157256e+02 5.935437e-01 8.042761e-01 -2.908479e-02 2.945582e+02 -2.197196e-02 5.231940e-02 9.983886e-01 -9.605802e+00
8.110796e-01 -5.830606e-01 4.679982e-02 4.170081e+02 5.845956e-01 8.107376e-01 -3.086454e-02 2.954639e+02 -1.994648e-02 5.239257e-02 9.984273e-01 -9.595704e+00
8.175955e-01 -5.737706e-01 4.821674e-02 4.182933e+02 5.753888e-01 8.172889e-01 -3.108759e-02 2.963557e+02 -2.156986e-02 5.316045e-02 9.983530e-01 -9.575356e+00
8.233082e-01 -5.653501e-01 5.042643e-02 4.195749e+02 5.670841e-01 8.230821e-01 -3.084772e-02 2.972216e+02 -2.406533e-02 5.399321e-02 9.982513e-01 -9.537189e+00
8.291043e-01 -5.566292e-01 5.244004e-02 4.208779e+02 5.585012e-01 8.288919e-01 -3.185339e-02 2.980805e+02 -2.573660e-02 5.569761e-02 9.981159e-01 -9.516479e+00
8.344434e-01 -5.483325e-01 5.509786e-02 4.221848e+02 5.503961e-01 8.342402e-01 -3.327458e-02 2.989304e+02 -2.771932e-02 5.809140e-02 9.979264e-01 -9.491488e+00
8.398340e-01 -5.400932e-01 5.457286e-02 4.235176e+02 5.421161e-01 8.396620e-01 -3.283214e-02 2.997674e+02 -2.809033e-02 5.715837e-02 9.979699e-01 -9.471030e+00
8.451446e-01 -5.317619e-01 5.440580e-02 4.248501e+02 5.337332e-01 8.450724e-01 -3.133013e-02 3.006043e+02 -2.931667e-02 5.551668e-02 9.980273e-01 -9.450517e+00
8.502997e-01 -5.235056e-01 5.415134e-02 4.261928e+02 5.254227e-01 8.503131e-01 -2.997311e-02 3.014227e+02 -3.035451e-02 5.393847e-02 9.980828e-01 -9.421371e+00
8.554065e-01 -5.151094e-01 5.423948e-02 4.275504e+02 5.169225e-01 8.556198e-01 -2.656833e-02 3.022295e+02 -3.272279e-02 5.076433e-02 9.981744e-01 -9.411758e+00
8.602786e-01 -5.070267e-01 5.333500e-02 4.289149e+02 5.087817e-01 8.604954e-01 -2.624795e-02 3.030149e+02 -3.258611e-02 4.971642e-02 9.982316e-01 -9.379878e+00
8.653313e-01 -4.978851e-01 5.755098e-02 4.303028e+02 4.998076e-01 8.657731e-01 -2.508418e-02 3.037883e+02 -3.733705e-02 5.047055e-02 9.980274e-01 -9.378829e+00
8.701103e-01 -4.894165e-01 5.813433e-02 4.316950e+02 4.913618e-01 8.705957e-01 -2.502973e-02 3.045560e+02 -3.836154e-02 5.034362e-02 9.979950e-01 -9.366833e+00
8.753558e-01 -4.796468e-01 6.075400e-02 4.331084e+02 4.817906e-01 8.758774e-01 -2.676943e-02 3.053206e+02 -4.037318e-02 5.270348e-02 9.977937e-01 -9.347903e+00
8.796099e-01 -4.718283e-01 6.053486e-02 4.345244e+02 4.740280e-01 8.800464e-01 -2.856085e-02 3.060764e+02 -3.979767e-02 5.381763e-02 9.977574e-01 -9.321126e+00
8.846521e-01 -4.621918e-01 6.139590e-02 4.359384e+02 4.645398e-01 8.850026e-01 -3.119341e-02 3.068092e+02 -3.991820e-02 5.611616e-02 9.976259e-01 -9.300926e+00
8.892554e-01 -4.531800e-01 6.206964e-02 4.373773e+02 4.556271e-01 8.895669e-01 -3.278331e-02 3.075226e+02 -4.035835e-02 5.743334e-02 9.975333e-01 -9.284567e+00
8.940537e-01 -4.437632e-01 6.117326e-02 4.388132e+02 4.462581e-01 8.942052e-01 -3.536497e-02 3.082348e+02 -3.900778e-02 5.891725e-02 9.975005e-01 -9.249537e+00
8.984878e-01 -4.344977e-01 6.270081e-02 4.402553e+02 4.371063e-01 8.986897e-01 -3.598098e-02 3.089283e+02 -4.071492e-02 5.973539e-02 9.973836e-01 -9.223271e+00
9.028532e-01 -4.255080e-01 6.163614e-02 4.417155e+02 4.279976e-01 9.031150e-01 -3.466120e-02 3.096024e+02 -4.091590e-02 5.767410e-02 9.974967e-01 -9.195056e+00
9.069765e-01 -4.166817e-01 6.140050e-02 4.431924e+02 4.191573e-01 9.072499e-01 -3.471414e-02 3.102702e+02 -4.124084e-02 5.722138e-02 9.975094e-01 -9.168450e+00
9.108520e-01 -4.081472e-01 6.135660e-02 4.446570e+02 4.105504e-01 9.112363e-01 -3.311944e-02 3.109142e+02 -4.239275e-02 5.535688e-02 9.975663e-01 -9.133789e+00
9.144246e-01 -4.002357e-01 6.032433e-02 4.461493e+02 4.025212e-01 9.148597e-01 -3.175630e-02 3.115602e+02 -4.247829e-02 5.332056e-02 9.976736e-01 -9.101299e+00
9.174122e-01 -3.928340e-01 6.353188e-02 4.476386e+02 3.952177e-01 9.180899e-01 -3.022920e-02 3.121975e+02 -4.645292e-02 5.284156e-02 9.975219e-01 -9.078111e+00
9.209485e-01 -3.844540e-01 6.363130e-02 4.491404e+02 3.867028e-01 9.217967e-01 -2.742291e-02 3.127980e+02 -4.811227e-02 4.986150e-02 9.975966e-01 -9.063997e+00
9.245471e-01 -3.757199e-01 6.361706e-02 4.506545e+02 3.779245e-01 9.254514e-01 -2.670024e-02 3.133948e+02 -4.884268e-02 4.872808e-02 9.976171e-01 -9.051014e+00
9.274942e-01 -3.683232e-01 6.397355e-02 4.521549e+02 3.706321e-01 9.283392e-01 -2.860944e-02 3.139780e+02 -4.885162e-02 5.024574e-02 9.975414e-01 -9.041744e+00
9.308622e-01 -3.599506e-01 6.269854e-02 4.536719e+02 3.622396e-01 9.316124e-01 -2.967647e-02 3.145579e+02 -4.772868e-02 5.033660e-02 9.975912e-01 -8.998718e+00
9.340852e-01 -3.514949e-01 6.273849e-02 4.552001e+02 3.537752e-01 9.348620e-01 -2.959859e-02 3.151292e+02 -4.824807e-02 4.984293e-02 9.975910e-01 -8.983814e+00
9.373165e-01 -3.426303e-01 6.357822e-02 4.567506e+02 3.449199e-01 9.381809e-01 -2.909582e-02 3.156754e+02 -4.967877e-02 4.920139e-02 9.975526e-01 -8.955790e+00
9.404193e-01 -3.336323e-01 6.558303e-02 4.582948e+02 3.359322e-01 9.414827e-01 -2.756983e-02 3.162095e+02 -5.254710e-02 4.795865e-02 9.974661e-01 -8.940824e+00
9.430579e-01 -3.247070e-01 7.216068e-02 4.598393e+02 3.274066e-01 9.444358e-01 -2.908142e-02 3.167229e+02 -5.870820e-02 5.105135e-02 9.969690e-01 -8.898396e+00
9.463774e-01 -3.152393e-01 7.066843e-02 4.613979e+02 3.179663e-01 9.475917e-01 -3.110428e-02 3.172290e+02 -5.715952e-02 5.190657e-02 9.970148e-01 -8.889139e+00
9.488224e-01 -3.063871e-01 7.657024e-02 4.629602e+02 3.095921e-01 9.502634e-01 -3.394873e-02 3.177085e+02 -6.236044e-02 5.591686e-02 9.964861e-01 -8.874581e+00
9.523040e-01 -2.960973e-01 7.377969e-02 4.645413e+02 2.991855e-01 9.535594e-01 -3.482227e-02 3.181974e+02 -6.004253e-02 5.523520e-02 9.966664e-01 -8.834809e+00
9.550051e-01 -2.867812e-01 7.564271e-02 4.661265e+02 2.900402e-01 9.563329e-01 -3.611146e-02 3.186517e+02 -6.198353e-02 5.642605e-02 9.964809e-01 -8.824236e+00
9.575292e-01 -2.776799e-01 7.766367e-02 4.677073e+02 2.810170e-01 9.590365e-01 -3.575458e-02 3.191045e+02 -6.455398e-02 5.606088e-02 9.963382e-01 -8.769075e+00
9.600351e-01 -2.685263e-01 7.890566e-02 4.693194e+02 2.718756e-01 9.616917e-01 -3.511270e-02 3.195250e+02 -6.645424e-02 5.516195e-02 9.962635e-01 -8.737682e+00
9.623451e-01 -2.586684e-01 8.356144e-02 4.709325e+02 2.624406e-01 9.642130e-01 -3.766087e-02 3.199351e+02 -7.082935e-02 5.817267e-02 9.957907e-01 -8.700654e+00
9.647081e-01 -2.486066e-01 8.679298e-02 4.725264e+02 2.527930e-01 9.666529e-01 -4.096080e-02 3.203335e+02 -7.371556e-02 6.145587e-02 9.953839e-01 -8.681351e+00
9.677084e-01 -2.378127e-01 8.357980e-02 4.741651e+02 2.419127e-01 9.693542e-01 -4.278785e-02 3.207285e+02 -7.084293e-02 6.162517e-02 9.955820e-01 -8.640248e+00
9.709595e-01 -2.261591e-01 7.803644e-02 4.757819e+02 2.299347e-01 9.722444e-01 -4.325332e-02 3.211092e+02 -6.608836e-02 5.994051e-02 9.960118e-01 -8.594634e+00
9.739475e-01 -2.144153e-01 7.383998e-02 4.774242e+02 2.179171e-01 9.750159e-01 -4.308610e-02 3.214595e+02 -6.275682e-02 5.805459e-02 9.963389e-01 -8.544358e+00
9.760635e-01 -2.039594e-01 7.550289e-02 4.790565e+02 2.075720e-01 9.772524e-01 -4.348968e-02 3.218036e+02 -6.491526e-02 5.812097e-02 9.961967e-01 -8.500710e+00
9.781302e-01 -1.939480e-01 7.513567e-02 4.807193e+02 1.975410e-01 9.793199e-01 -4.370347e-02 3.221132e+02 -6.510565e-02 5.759006e-02 9.962152e-01 -8.448270e+00
9.801745e-01 -1.835002e-01 7.473650e-02 4.823795e+02 1.870653e-01 9.813696e-01 -4.382296e-02 3.224118e+02 -6.530260e-02 5.693476e-02 9.962400e-01 -8.394756e+00
9.818877e-01 -1.737065e-01 7.564796e-02 4.840316e+02 1.773289e-01 9.831636e-01 -4.408722e-02 3.226974e+02 -6.671608e-02 5.670326e-02 9.961595e-01 -8.362464e+00
9.835647e-01 -1.634485e-01 7.671353e-02 4.856904e+02 1.671556e-01 9.849193e-01 -4.464317e-02 3.229563e+02 -6.825978e-02 5.673254e-02 9.960532e-01 -8.306899e+00
9.852597e-01 -1.531885e-01 7.613596e-02 4.873660e+02 1.567529e-01 9.866906e-01 -4.324721e-02 3.231925e+02 -6.849765e-02 5.454426e-02 9.961591e-01 -8.278793e+00
9.867001e-01 -1.428168e-01 7.762893e-02 4.890387e+02 1.464199e-01 9.882933e-01 -4.286527e-02 3.234277e+02 -7.059828e-02 5.366158e-02 9.960604e-01 -8.219421e+00
9.879253e-01 -1.325111e-01 8.027691e-02 4.907253e+02 1.362677e-01 9.897273e-01 -4.325498e-02 3.236406e+02 -7.372048e-02 5.367184e-02 9.958336e-01 -8.177918e+00
9.888704e-01 -1.227390e-01 8.408555e-02 4.924264e+02 1.265936e-01 9.910592e-01 -4.213714e-02 3.238474e+02 -7.816189e-02 5.231287e-02 9.955672e-01 -8.116614e+00
9.900849e-01 -1.127467e-01 8.378536e-02 4.941199e+02 1.164897e-01 9.923371e-01 -4.119994e-02 3.240336e+02 -7.849815e-02 5.055157e-02 9.956318e-01 -8.079216e+00
9.909377e-01 -1.032430e-01 8.592646e-02 4.958195e+02 1.070039e-01 9.934390e-01 -4.036647e-02 3.242096e+02 -8.119513e-02 4.919512e-02 9.954834e-01 -8.033839e+00
9.923204e-01 -9.357904e-02 8.089031e-02 4.975189e+02 9.721497e-02 9.943668e-01 -4.223616e-02 3.243772e+02 -7.648222e-02 4.977556e-02 9.958277e-01 -8.001620e+00
9.932759e-01 -8.227480e-02 8.144760e-02 4.992345e+02 8.580302e-02 9.954760e-01 -4.080515e-02 3.245035e+02 -7.772191e-02 4.751922e-02 9.958420e-01 -7.952342e+00
9.945951e-01 -7.077244e-02 7.597247e-02 5.009408e+02 7.403179e-02 9.964138e-01 -4.097559e-02 3.246262e+02 -7.280007e-02 4.637850e-02 9.962676e-01 -7.910985e+00
9.951540e-01 -6.044383e-02 7.755716e-02 5.026565e+02 6.378940e-02 9.971039e-01 -4.140813e-02 3.247226e+02 -7.482968e-02 4.615479e-02 9.961276e-01 -7.884637e+00
9.962285e-01 -4.773842e-02 7.245637e-02 5.043728e+02 5.102729e-02 9.977171e-01 -4.423901e-02 3.247867e+02 -7.017905e-02 4.776942e-02 9.963900e-01 -7.834067e+00
9.964302e-01 -3.767946e-02 7.554632e-02 5.061086e+02 4.122211e-02 9.980953e-01 -4.589580e-02 3.248583e+02 -7.367310e-02 4.884614e-02 9.960855e-01 -7.813360e+00
9.969213e-01 -2.563490e-02 7.409983e-02 5.078417e+02 2.899908e-02 9.985802e-01 -4.468696e-02 3.248951e+02 -7.284907e-02 4.669821e-02 9.962491e-01 -7.740066e+00
9.972510e-01 -1.408748e-02 7.274637e-02 5.095559e+02 1.742059e-02 9.988176e-01 -4.538899e-02 3.249081e+02 -7.202094e-02 4.653150e-02 9.963171e-01 -7.713972e+00
9.973629e-01 -2.187503e-03 7.254363e-02 5.112837e+02 5.535295e-03 9.989270e-01 -4.597981e-02 3.249096e+02 -7.236522e-02 4.626010e-02 9.963048e-01 -7.645164e+00
9.972297e-01 8.914729e-03 7.384729e-02 5.130007e+02 -5.433760e-03 9.988705e-01 -4.720487e-02 3.249042e+02 -7.418469e-02 4.667284e-02 9.961517e-01 -7.607084e+00
9.970617e-01 2.049542e-02 7.380977e-02 5.147243e+02 -1.706576e-02 9.987584e-01 -4.680085e-02 3.248489e+02 -7.467733e-02 4.540372e-02 9.961736e-01 -7.546922e+00
9.968255e-01 3.118988e-02 7.325368e-02 5.164401e+02 -2.781947e-02 9.985268e-01 -4.658840e-02 3.247925e+02 -7.459883e-02 4.440262e-02 9.962246e-01 -7.493778e+00
9.962652e-01 3.985162e-02 7.659926e-02 5.181725e+02 -3.625400e-02 9.981989e-01 -4.779732e-02 3.247071e+02 -7.836610e-02 4.484178e-02 9.959157e-01 -7.444536e+00
9.960633e-01 4.796382e-02 7.454825e-02 5.199019e+02 -4.444796e-02 9.978516e-01 -4.812717e-02 3.246201e+02 -7.669646e-02 4.462419e-02 9.960554e-01 -7.376309e+00
9.952953e-01 5.587328e-02 7.915381e-02 5.216302e+02 -5.201182e-02 9.973923e-01 -5.003482e-02 3.245164e+02 -8.174300e-02 4.568249e-02 9.956059e-01 -7.333525e+00
9.950569e-01 6.247078e-02 7.719539e-02 5.233537e+02 -5.876456e-02 9.970495e-01 -4.938604e-02 3.243970e+02 -8.005281e-02 4.460556e-02 9.957921e-01 -7.269190e+00
9.946505e-01 6.859710e-02 7.723168e-02 5.251099e+02 -6.471420e-02 9.965633e-01 -5.170597e-02 3.242693e+02 -8.051314e-02 4.643138e-02 9.956715e-01 -7.214187e+00
9.942274e-01 7.528637e-02 7.644521e-02 5.268284e+02 -7.143512e-02 9.960927e-01 -5.192546e-02 3.241306e+02 -8.005581e-02 4.616484e-02 9.957208e-01 -7.148779e+00
9.937143e-01 8.185731e-02 7.636259e-02 5.285682e+02 -7.785308e-02 9.955001e-01 -5.402169e-02 3.239743e+02 -8.044104e-02 4.773706e-02 9.956156e-01 -7.105916e+00
9.933070e-01 8.842971e-02 7.430582e-02 5.302862e+02 -8.460020e-02 9.949937e-01 -5.319956e-02 3.238172e+02 -7.863825e-02 4.655721e-02 9.958155e-01 -7.035409e+00
9.928992e-01 9.398219e-02 7.292763e-02 5.320447e+02 -9.033522e-02 9.945636e-01 -5.179772e-02 3.236387e+02 -7.739922e-02 4.484199e-02 9.959912e-01 -6.975709e+00
9.922294e-01 9.965922e-02 7.449026e-02 5.337968e+02 -9.627777e-02 9.942111e-01 -4.769312e-02 3.234482e+02 -7.881211e-02 4.015077e-02 9.960806e-01 -6.927220e+00
9.917325e-01 1.057135e-01 7.274141e-02 5.355137e+02 -1.024775e-01 9.936301e-01 -4.687756e-02 3.232531e+02 -7.723365e-02 3.903564e-02 9.962485e-01 -6.856225e+00
9.912282e-01 1.093490e-01 7.422642e-02 5.372448e+02 -1.057738e-01 9.931066e-01 -5.051082e-02 3.230421e+02 -7.923805e-02 4.221653e-02 9.959614e-01 -6.810928e+00
9.911014e-01 1.110449e-01 7.339613e-02 5.390818e+02 -1.073002e-01 9.928051e-01 -5.314519e-02 3.228349e+02 -7.876956e-02 4.479686e-02 9.958858e-01 -6.732627e+00
9.908479e-01 1.129795e-01 7.386573e-02 5.408128e+02 -1.092178e-01 9.925967e-01 -5.313437e-02 3.226227e+02 -7.932197e-02 4.458062e-02 9.958517e-01 -6.686568e+00
9.908442e-01 1.141353e-01 7.211629e-02 5.425765e+02 -1.105783e-01 9.925301e-01 -5.153967e-02 3.224124e+02 -7.746009e-02 4.309329e-02 9.960637e-01 -6.625041e+00
9.908804e-01 1.155762e-01 6.926968e-02 5.443514e+02 -1.122677e-01 9.924241e-01 -4.990371e-02 3.221888e+02 -7.451258e-02 4.167186e-02 9.963490e-01 -6.559044e+00
9.905245e-01 1.161484e-01 7.328608e-02 5.461141e+02 -1.128144e-01 9.924506e-01 -4.811453e-02 3.219769e+02 -7.832123e-02 3.939089e-02 9.961497e-01 -6.510691e+00
9.907594e-01 1.181191e-01 6.666086e-02 5.478885e+02 -1.149570e-01 9.921392e-01 -4.944342e-02 3.217493e+02 -7.197707e-02 4.132340e-02 9.965499e-01 -6.462162e+00
9.907348e-01 1.195966e-01 6.435311e-02 5.496182e+02 -1.163161e-01 9.918224e-01 -5.252582e-02 3.215121e+02 -7.010876e-02 4.455386e-02 9.965439e-01 -6.396377e+00
9.909617e-01 1.200779e-01 5.980221e-02 5.513915e+02 -1.170444e-01 9.917700e-01 -5.189047e-02 3.212977e+02 -6.554095e-02 4.442195e-02 9.968606e-01 -6.331516e+00
9.906513e-01 1.208577e-01 6.327275e-02 5.531405e+02 -1.178306e-01 9.917952e-01 -4.957989e-02 3.210680e+02 -6.874572e-02 4.166092e-02 9.967639e-01 -6.285509e+00
9.905369e-01 1.227235e-01 6.144656e-02 5.549036e+02 -1.199576e-01 9.916728e-01 -4.685499e-02 3.208363e+02 -6.668508e-02 3.904061e-02 9.970100e-01 -6.215160e+00
9.903774e-01 1.237341e-01 6.198747e-02 5.566579e+02 -1.208049e-01 9.914675e-01 -4.897543e-02 3.206049e+02 -6.751848e-02 4.101577e-02 9.968746e-01 -6.172948e+00
9.902028e-01 1.244985e-01 6.323325e-02 5.584246e+02 -1.214933e-01 9.913648e-01 -4.934789e-02 3.203615e+02 -6.883096e-02 4.118201e-02 9.967780e-01 -6.101472e+00
9.904998e-01 1.243216e-01 5.877359e-02 5.601921e+02 -1.213507e-01 9.912633e-01 -5.168263e-02 3.201259e+02 -6.468537e-02 4.405941e-02 9.969326e-01 -6.073828e+00
9.903871e-01 1.237570e-01 6.178589e-02 5.619547e+02 -1.205697e-01 9.912939e-01 -5.290723e-02 3.198861e+02 -6.779562e-02 4.494914e-02 9.966862e-01 -6.011535e+00
9.906502e-01 1.238411e-01 5.723299e-02 5.636664e+02 -1.208789e-01 9.912716e-01 -5.261849e-02 3.196714e+02 -6.324977e-02 4.520826e-02 9.969733e-01 -5.945304e+00
9.907002e-01 1.227797e-01 5.863582e-02 5.654092e+02 -1.198353e-01 9.914649e-01 -5.135093e-02 3.194446e+02 -6.444021e-02 4.384675e-02 9.969578e-01 -5.873133e+00
9.906743e-01 1.230417e-01 5.852624e-02 5.671202e+02 -1.202525e-01 9.915327e-01 -4.901610e-02 3.192111e+02 -6.406169e-02 4.152106e-02 9.970818e-01 -5.822984e+00
9.906186e-01 1.232966e-01 5.893017e-02 5.688700e+02 -1.204458e-01 9.914745e-01 -4.971198e-02 3.189868e+02 -6.455708e-02 4.214772e-02 9.970235e-01 -5.766436e+00
9.907320e-01 1.215885e-01 6.055096e-02 5.706157e+02 -1.185313e-01 9.916002e-01 -5.176448e-02 3.187628e+02 -6.633630e-02 4.410754e-02 9.968219e-01 -5.709829e+00
9.907120e-01 1.211552e-01 6.173454e-02 5.723297e+02 -1.180574e-01 9.916658e-01 -5.158419e-02 3.185418e+02 -6.746974e-02 4.381685e-02 9.967587e-01 -5.655059e+00
9.909300e-01 1.201509e-01 6.017921e-02 5.740917e+02 -1.171368e-01 9.917878e-01 -5.134324e-02 3.183268e+02 -6.585394e-02 4.382835e-02 9.968663e-01 -5.585118e+00
9.912734e-01 1.198453e-01 5.490090e-02 5.758390e+02 -1.171129e-01 9.918311e-01 -5.055383e-02 3.180930e+02 -6.051106e-02 4.368307e-02 9.972112e-01 -5.540527e+00
9.916084e-01 1.181089e-01 5.256559e-02 5.775448e+02 -1.155237e-01 9.920566e-01 -4.977594e-02 3.178881e+02 -5.802703e-02 4.328567e-02 9.973761e-01 -5.476490e+00
9.916371e-01 1.181183e-01 5.199873e-02 5.792614e+02 -1.156269e-01 9.921043e-01 -4.857175e-02 3.176685e+02 -5.732538e-02 4.215310e-02 9.974653e-01 -5.429986e+00
9.918871e-01 1.161488e-01 5.166711e-02 5.809890e+02 -1.135466e-01 9.922361e-01 -5.074181e-02 3.174617e+02 -5.715958e-02 4.446352e-02 9.973744e-01 -5.364596e+00
9.918052e-01 1.157637e-01 5.404881e-02 5.827126e+02 -1.130515e-01 9.922892e-01 -5.080661e-02 3.172452e+02 -5.951362e-02 4.427996e-02 9.972449e-01 -5.306958e+00
9.921497e-01 1.133210e-01 5.288970e-02 5.844509e+02 -1.105460e-01 9.924704e-01 -5.274397e-02 3.170375e+02 -5.846847e-02 4.648317e-02 9.972064e-01 -5.248299e+00
9.922545e-01 1.125578e-01 5.255280e-02 5.861743e+02 -1.098316e-01 9.925801e-01 -5.217133e-02 3.168239e+02 -5.803516e-02 4.599528e-02 9.972544e-01 -5.189371e+00
9.923234e-01 1.117812e-01 5.290796e-02 5.878680e+02 -1.090740e-01 9.926953e-01 -5.156062e-02 3.166227e+02 -5.828500e-02 4.539393e-02 9.972674e-01 -5.122796e+00
9.924880e-01 1.116752e-01 4.996237e-02 5.895792e+02 -1.090852e-01 9.926778e-01 -5.187489e-02 3.164073e+02 -5.538968e-02 4.603505e-02 9.974030e-01 -5.074254e+00
9.923646e-01 1.124802e-01 5.060242e-02 5.912927e+02 -1.098362e-01 9.925721e-01 -5.231340e-02 3.161946e+02 -5.611077e-02 4.635599e-02 9.973478e-01 -5.013151e+00
9.925686e-01 1.113952e-01 4.897576e-02 5.930096e+02 -1.088233e-01 9.926802e-01 -5.237836e-02 3.160104e+02 -5.445197e-02 4.665941e-02 9.974256e-01 -4.951804e+00
9.926279e-01 1.111047e-01 4.843219e-02 5.947158e+02 -1.086796e-01 9.928122e-01 -5.012630e-02 3.157977e+02 -5.365334e-02 4.449317e-02 9.975679e-01 -4.895298e+00
9.924811e-01 1.125708e-01 4.805266e-02 5.964208e+02 -1.101454e-01 9.926341e-01 -5.045348e-02 3.155964e+02 -5.337830e-02 4.478135e-02 9.975697e-01 -4.855979e+00
9.924355e-01 1.135483e-01 4.667642e-02 5.981134e+02 -1.110854e-01 9.924309e-01 -5.235409e-02 3.153859e+02 -5.226784e-02 4.677299e-02 9.975371e-01 -4.803910e+00
9.925343e-01 1.127023e-01 4.662408e-02 5.998196e+02 -1.101937e-01 9.924812e-01 -5.327495e-02 3.151887e+02 -5.227774e-02 4.773954e-02 9.974908e-01 -4.733288e+00
9.922829e-01 1.142189e-01 4.825653e-02 6.014885e+02 -1.117695e-01 9.924382e-01 -5.073532e-02 3.149716e+02 -5.368656e-02 4.495018e-02 9.975456e-01 -4.698187e+00
9.923412e-01 1.159012e-01 4.273114e-02 6.032070e+02 -1.135248e-01 9.920455e-01 -5.438551e-02 3.147599e+02 -4.869459e-02 4.911793e-02 9.976053e-01 -4.616852e+00
9.922934e-01 1.165849e-01 4.197243e-02 6.048976e+02 -1.140473e-01 9.917521e-01 -5.848780e-02 3.145578e+02 -4.844504e-02 5.325022e-02 9.974054e-01 -4.567012e+00
9.923478e-01 1.165540e-01 4.075510e-02 6.065669e+02 -1.140901e-01 9.917580e-01 -5.830593e-02 3.143510e+02 -4.721499e-02 5.321001e-02 9.974665e-01 -4.485517e+00
9.921534e-01 1.171733e-01 4.361193e-02 6.082763e+02 -1.148774e-01 9.920239e-01 -5.188234e-02 3.141357e+02 -4.934330e-02 4.646522e-02 9.977005e-01 -4.440814e+00
9.921485e-01 1.171179e-01 4.387231e-02 6.099523e+02 -1.150793e-01 9.922708e-01 -4.642801e-02 3.139244e+02 -4.897076e-02 4.101468e-02 9.979578e-01 -4.359275e+00
9.920543e-01 1.181963e-01 4.310430e-02 6.116178e+02 -1.162176e-01 9.921652e-01 -4.584541e-02 3.137084e+02 -4.818534e-02 4.047165e-02 9.980181e-01 -4.327731e+00
9.920389e-01 1.182559e-01 4.329349e-02 6.133178e+02 -1.160004e-01 9.919205e-01 -5.136004e-02 3.135041e+02 -4.901733e-02 4.592910e-02 9.977413e-01 -4.256286e+00
9.920185e-01 1.183045e-01 4.362836e-02 6.150355e+02 -1.158854e-01 9.917749e-01 -5.434416e-02 3.132851e+02 -4.969867e-02 4.885452e-02 9.975687e-01 -4.224052e+00
9.921756e-01 1.172721e-01 4.283551e-02 6.167300e+02 -1.147997e-01 9.917960e-01 -5.622815e-02 3.130656e+02 -4.907808e-02 5.087069e-02 9.974986e-01 -4.149005e+00
9.921480e-01 1.175126e-01 4.281395e-02 6.184399e+02 -1.151030e-01 9.918314e-01 -5.496902e-02 3.128612e+02 -4.892377e-02 4.960939e-02 9.975697e-01 -4.085589e+00
9.922196e-01 1.160345e-01 4.512469e-02 6.201672e+02 -1.137114e-01 9.922022e-01 -5.103596e-02 3.126444e+02 -5.069474e-02 4.550768e-02 9.976768e-01 -4.026114e+00
9.922198e-01 1.158246e-01 4.565655e-02 6.218784e+02 -1.135478e-01 9.922907e-01 -4.965933e-02 3.124218e+02 -5.105634e-02 4.408877e-02 9.977221e-01 -3.964180e+00
9.923179e-01 1.148620e-01 4.595516e-02 6.236035e+02 -1.124540e-01 9.922981e-01 -5.194643e-02 3.122072e+02 -5.156789e-02 4.637953e-02 9.975920e-01 -3.919379e+00
9.923190e-01 1.134258e-01 4.937040e-02 6.253134e+02 -1.108052e-01 9.924316e-01 -5.293143e-02 3.119823e+02 -5.500054e-02 4.705437e-02 9.973770e-01 -3.841993e+00
9.925323e-01 1.108022e-01 5.101486e-02 6.270622e+02 -1.080847e-01 9.927137e-01 -5.326464e-02 3.117760e+02 -5.654499e-02 4.735295e-02 9.972765e-01 -3.788388e+00
9.925837e-01 1.096294e-01 5.252562e-02 6.287943e+02 -1.069540e-01 9.929396e-01 -5.130078e-02 3.115692e+02 -5.777885e-02 4.530250e-02 9.973010e-01 -3.736065e+00
9.931468e-01 1.067203e-01 4.764538e-02 6.305132e+02 -1.043320e-01 9.932808e-01 -5.008297e-02 3.113822e+02 -5.267010e-02 4.476880e-02 9.976079e-01 -3.677768e+00
9.932450e-01 1.053871e-01 4.855868e-02 6.322489e+02 -1.029738e-01 9.934376e-01 -4.978091e-02 3.111867e+02 -5.348629e-02 4.444437e-02 9.975790e-01 -3.616293e+00
9.936931e-01 1.034814e-01 4.319327e-02 6.339777e+02 -1.012670e-01 9.935694e-01 -5.064682e-02 3.109935e+02 -4.815651e-02 4.595334e-02 9.977822e-01 -3.545819e+00
9.937850e-01 1.015367e-01 4.562476e-02 6.357221e+02 -9.914044e-02 9.937122e-01 -5.203300e-02 3.108024e+02 -5.062113e-02 4.718636e-02 9.976026e-01 -3.505621e+00
9.939785e-01 9.994980e-02 4.490880e-02 6.374744e+02 -9.756035e-02 9.938399e-01 -5.257771e-02 3.106190e+02 -4.988728e-02 4.787979e-02 9.976065e-01 -3.427774e+00
9.941274e-01 9.851109e-02 4.479210e-02 6.392137e+02 -9.595134e-02 9.938039e-01 -5.610030e-02 3.104281e+02 -5.004106e-02 5.147298e-02 9.974199e-01 -3.392921e+00
9.942434e-01 9.777424e-02 4.382167e-02 6.409471e+02 -9.536419e-02 9.939724e-01 -5.407605e-02 3.102435e+02 -4.884478e-02 4.958573e-02 9.975748e-01 -3.317723e+00
9.942145e-01 9.865694e-02 4.247655e-02 6.427000e+02 -9.639191e-02 9.939617e-01 -5.242859e-02 3.100675e+02 -4.739251e-02 4.803087e-02 9.977209e-01 -3.255856e+00
9.940773e-01 1.012354e-01 3.951862e-02 6.444282e+02 -9.917878e-02 9.937652e-01 -5.093380e-02 3.098735e+02 -4.442853e-02 4.671273e-02 9.979199e-01 -3.193789e+00
9.936867e-01 1.060587e-01 3.658130e-02 6.461738e+02 -1.040721e-01 9.931831e-01 -5.250207e-02 3.096840e+02 -4.190022e-02 4.836352e-02 9.979506e-01 -3.136871e+00
9.932483e-01 1.099562e-01 3.697891e-02 6.479227e+02 -1.078657e-01 9.926736e-01 -5.444277e-02 3.094890e+02 -4.269431e-02 5.008643e-02 9.978319e-01 -3.072086e+00
9.929699e-01 1.139434e-01 3.205794e-02 6.496806e+02 -1.120028e-01 9.920758e-01 -5.693103e-02 3.092771e+02 -3.829082e-02 5.294022e-02 9.978633e-01 -3.009457e+00
9.924483e-01 1.188422e-01 3.038106e-02 6.514133e+02 -1.167622e-01 9.911646e-01 -6.292536e-02 3.090589e+02 -3.759082e-02 5.890281e-02 9.975557e-01 -2.935370e+00
9.919878e-01 1.223414e-01 3.150664e-02 6.531497e+02 -1.202040e-01 9.907746e-01 -6.258494e-02 3.088322e+02 -3.887271e-02 5.829628e-02 9.975422e-01 -2.849817e+00
9.912416e-01 1.266214e-01 3.751224e-02 6.548713e+02 -1.243588e-01 9.905689e-01 -5.751709e-02 3.085987e+02 -4.444135e-02 5.234835e-02 9.976395e-01 -2.789573e+00
9.906864e-01 1.299209e-01 4.075505e-02 6.566002e+02 -1.277209e-01 9.904139e-01 -5.260800e-02 3.083598e+02 -4.719925e-02 4.691276e-02 9.977832e-01 -2.699914e+00
9.900560e-01 1.335177e-01 4.429507e-02 6.583362e+02 -1.311430e-01 9.899573e-01 -5.277964e-02 3.081107e+02 -5.089725e-02 4.644581e-02 9.976233e-01 -2.630423e+00
9.894842e-01 1.364612e-01 4.795202e-02 6.600882e+02 -1.338288e-01 9.895107e-01 -5.439397e-02 3.078564e+02 -5.487169e-02 4.740461e-02 9.973675e-01 -2.577679e+00
9.889944e-01 1.393956e-01 4.958752e-02 6.618094e+02 -1.364892e-01 9.889513e-01 -5.784469e-02 3.075919e+02 -5.710293e-02 5.043992e-02 9.970933e-01 -2.498189e+00
9.884866e-01 1.426024e-01 5.058415e-02 6.635430e+02 -1.396337e-01 9.885001e-01 -5.805086e-02 3.073360e+02 -5.828063e-02 5.031924e-02 9.970313e-01 -2.446820e+00
9.878768e-01 1.459321e-01 5.294594e-02 6.652599e+02 -1.429183e-01 9.881005e-01 -5.684914e-02 3.070807e+02 -6.061202e-02 4.859300e-02 9.969779e-01 -2.364586e+00
9.871008e-01 1.495767e-01 5.708539e-02 6.669930e+02 -1.466123e-01 9.877721e-01 -5.301857e-02 3.068038e+02 -6.431770e-02 4.396526e-02 9.969605e-01 -2.300961e+00
9.862462e-01 1.553184e-01 5.652020e-02 6.686887e+02 -1.523501e-01 9.868760e-01 -5.352514e-02 3.065186e+02 -6.409188e-02 4.417811e-02 9.969656e-01 -2.220686e+00
9.852663e-01 1.613343e-01 5.675808e-02 6.704206e+02 -1.580600e-01 9.857175e-01 -5.812090e-02 3.062297e+02 -6.532433e-02 4.829338e-02 9.966948e-01 -2.160414e+00
9.836174e-01 1.707896e-01 5.768648e-02 6.721107e+02 -1.672786e-01 9.840175e-01 -6.105064e-02 3.059220e+02 -6.719133e-02 5.040076e-02 9.964663e-01 -2.087931e+00
9.817671e-01 1.808961e-01 5.839527e-02 6.738292e+02 -1.772315e-01 9.821614e-01 -6.283191e-02 3.055890e+02 -6.871963e-02 5.133682e-02 9.963143e-01 -2.018570e+00
9.795522e-01 1.924098e-01 5.878688e-02 6.755165e+02 -1.885740e-01 9.799017e-01 -6.505878e-02 3.052502e+02 -7.012331e-02 5.264279e-02 9.961483e-01 -1.903968e+00
9.768019e-01 2.040115e-01 6.509554e-02 6.772499e+02 -1.997614e-01 9.776003e-01 -6.627793e-02 3.048748e+02 -7.715890e-02 5.173683e-02 9.956756e-01 -1.832253e+00
9.738913e-01 2.154323e-01 7.158694e-02 6.789611e+02 -2.109328e-01 9.753057e-01 -6.546864e-02 3.044850e+02 -8.392321e-02 4.865930e-02 9.952835e-01 -1.743837e+00
9.711903e-01 2.255953e-01 7.678568e-02 6.806641e+02 -2.207922e-01 9.730672e-01 -6.626393e-02 3.040900e+02 -8.966647e-02 4.740121e-02 9.948432e-01 -1.657676e+00
9.679865e-01 2.377603e-01 8.045051e-02 6.823618e+02 -2.326575e-01 9.701859e-01 -6.789698e-02 3.036618e+02 -9.419514e-02 4.700594e-02 9.944434e-01 -1.561515e+00
9.647025e-01 2.494782e-01 8.431914e-02 6.840789e+02 -2.439969e-01 9.672321e-01 -7.019632e-02 3.032032e+02 -9.906864e-02 4.714495e-02 9.939632e-01 -1.477376e+00
9.616975e-01 2.604925e-01 8.533193e-02 6.857744e+02 -2.547846e-01 9.642944e-01 -7.225697e-02 3.027382e+02 -1.011075e-01 4.774809e-02 9.937291e-01 -1.378098e+00
9.584954e-01 2.714703e-01 8.712351e-02 6.874709e+02 -2.657185e-01 9.613463e-01 -7.216166e-02 3.022593e+02 -1.033456e-01 4.601629e-02 9.935805e-01 -1.289911e+00
9.550976e-01 2.835265e-01 8.603088e-02 6.891674e+02 -2.780634e-01 9.579946e-01 -7.019599e-02 3.017608e+02 -1.023195e-01 4.312197e-02 9.938165e-01 -1.186188e+00
9.516042e-01 2.952630e-01 8.525917e-02 6.908636e+02 -2.898236e-01 9.544699e-01 -7.063565e-02 3.012303e+02 -1.022334e-01 4.250706e-02 9.938518e-01 -1.103673e+00
9.488808e-01 3.045786e-01 8.280755e-02 6.925355e+02 -2.992952e-01 9.515601e-01 -7.039707e-02 3.006910e+02 -1.002378e-01 4.201453e-02 9.940760e-01 -1.001349e+00
9.452280e-01 3.162458e-01 8.082432e-02 6.942006e+02 -3.107380e-01 9.476265e-01 -7.379722e-02 3.001298e+02 -9.992933e-02 4.464001e-02 9.939926e-01 -9.113290e-01
9.420500e-01 3.255502e-01 8.098634e-02 6.958630e+02 -3.194965e-01 9.442625e-01 -7.931122e-02 2.995512e+02 -1.022921e-01 4.884030e-02 9.935547e-01 -8.032132e-01
9.379990e-01 3.364026e-01 8.361354e-02 6.975204e+02 -3.298573e-01 9.403759e-01 -8.299014e-02 2.989613e+02 -1.065463e-01 5.026413e-02 9.930364e-01 -6.796878e-01
9.337683e-01 3.470958e-01 8.718493e-02 6.991882e+02 -3.402091e-01 9.365245e-01 -8.473197e-02 2.983372e+02 -1.110609e-01 4.945893e-02 9.925821e-01 -5.544972e-01
9.295850e-01 3.576148e-01 8.934995e-02 7.008184e+02 -3.505451e-01 9.326175e-01 -8.568953e-02 2.976983e+02 -1.139732e-01 4.833451e-02 9.923074e-01 -4.480361e-01
9.251716e-01 3.680341e-01 9.278212e-02 7.024554e+02 -3.607756e-01 9.286594e-01 -8.621285e-02 2.970451e+02 -1.178923e-01 4.628816e-02 9.919470e-01 -3.127173e-01
9.202849e-01 3.795078e-01 9.512968e-02 7.040801e+02 -3.720127e-01 9.240801e-01 -8.764884e-02 2.963737e+02 -1.211709e-01 4.527245e-02 9.915987e-01 -1.992960e-01
9.154219e-01 3.909745e-01 9.561202e-02 7.057061e+02 -3.830156e-01 9.191887e-01 -9.160369e-02 2.956861e+02 -1.237002e-01 4.723512e-02 9.911948e-01 -5.789146e-02
9.096178e-01 4.045377e-01 9.457600e-02 7.073214e+02 -3.966013e-01 9.133427e-01 -9.226399e-02 2.949618e+02 -1.237046e-01 4.641601e-02 9.912329e-01 6.706309e-02
9.039700e-01 4.160943e-01 9.850781e-02 7.089161e+02 -4.085116e-01 9.084512e-01 -8.851305e-02 2.942360e+02 -1.263193e-01 3.977156e-02 9.911920e-01 1.957870e-01
8.986056e-01 4.286677e-01 9.355222e-02 7.104888e+02 -4.216318e-01 9.026630e-01 -8.617450e-02 2.934903e+02 -1.213863e-01 3.799230e-02 9.918780e-01 3.271676e-01
8.919871e-01 4.411938e-01 9.852401e-02 7.120646e+02 -4.341069e-01 8.967823e-01 -8.563299e-02 2.926989e+02 -1.261353e-01 3.361358e-02 9.914434e-01 4.347494e-01
8.862489e-01 4.524472e-01 9.926867e-02 7.136307e+02 -4.455197e-01 8.912584e-01 -8.467913e-02 2.919126e+02 -1.267869e-01 3.082064e-02 9.914510e-01 5.680549e-01
8.797879e-01 4.646782e-01 1.002373e-01 7.151959e+02 -4.575441e-01 8.849604e-01 -8.659519e-02 2.910900e+02 -1.289449e-01 3.032243e-02 9.911880e-01 6.819683e-01
8.734537e-01 4.766589e-01 9.937207e-02 7.167148e+02 -4.695154e-01 8.785866e-01 -8.741096e-02 2.902523e+02 -1.289722e-01 2.969272e-02 9.912035e-01 8.059283e-01
8.666368e-01 4.887917e-01 1.001162e-01 7.182321e+02 -4.815425e-01 8.719323e-01 -8.860554e-02 2.894013e+02 -1.306042e-01 2.857860e-02 9.910226e-01 9.118423e-01
8.594584e-01 5.016335e-01 9.846331e-02 7.197415e+02 -4.941581e-01 8.645670e-01 -9.127652e-02 2.885187e+02 -1.309155e-01 2.979193e-02 9.909458e-01 1.046951e+00
8.521747e-01 5.138133e-01 9.896581e-02 7.212430e+02 -5.059391e-01 8.573551e-01 -9.469903e-02 2.876393e+02 -1.335065e-01 3.062944e-02 9.905745e-01 1.191975e+00
8.448978e-01 5.260764e-01 9.690850e-02 7.227415e+02 -5.180163e-01 8.498408e-01 -9.710576e-02 2.867137e+02 -1.334419e-01 3.184425e-02 9.905449e-01 1.322771e+00
8.369598e-01 5.386011e-01 9.699009e-02 7.242261e+02 -5.305571e-01 8.420209e-01 -9.751951e-02 2.857716e+02 -1.341918e-01 3.016113e-02 9.904963e-01 1.454807e+00
8.292658e-01 5.505111e-01 9.620678e-02 7.256810e+02 -5.424162e-01 8.343035e-01 -9.860159e-02 2.848191e+02 -1.345469e-01 2.958281e-02 9.904655e-01 1.597540e+00
8.214125e-01 5.623111e-01 9.532955e-02 7.271245e+02 -5.544483e-01 8.264743e-01 -9.760778e-02 2.838467e+02 -1.336734e-01 2.732094e-02 9.906487e-01 1.758202e+00
8.133982e-01 5.738474e-01 9.530223e-02 7.285453e+02 -5.658331e-01 8.185233e-01 -9.926082e-02 2.828492e+02 -1.349677e-01 2.681343e-02 9.904872e-01 1.889774e+00
8.054150e-01 5.852703e-01 9.362265e-02 7.299655e+02 -5.772746e-01 8.104057e-01 -9.998326e-02 2.818172e+02 -1.343896e-01 2.648205e-02 9.905747e-01 2.047389e+00
7.965455e-01 5.970750e-01 9.495623e-02 7.313631e+02 -5.891966e-01 8.018482e-01 -9.943151e-02 2.807666e+02 -1.355086e-01 2.325382e-02 9.905033e-01 2.178236e+00
7.881597e-01 6.082270e-01 9.414995e-02 7.327567e+02 -6.002185e-01 7.934258e-01 -1.010611e-01 2.796985e+02 -1.361691e-01 2.314173e-02 9.904153e-01 2.339076e+00
7.790931e-01 6.192845e-01 9.747129e-02 7.341428e+02 -6.110877e-01 7.849053e-01 -1.024462e-01 2.786094e+02 -1.399491e-01 2.025165e-02 9.899516e-01 2.493058e+00
7.702878e-01 6.300584e-01 9.840340e-02 7.355000e+02 -6.218303e-01 7.763336e-01 -1.031176e-01 2.774996e+02 -1.413640e-01 1.824003e-02 9.897897e-01 2.644682e+00
7.609303e-01 6.408587e-01 1.014160e-01 7.368602e+02 -6.323367e-01 7.674906e-01 -1.053967e-01 2.763506e+02 -1.453802e-01 1.607050e-02 9.892454e-01 2.802591e+00
7.521577e-01 6.506875e-01 1.042334e-01 7.382214e+02 -6.418892e-01 7.592168e-01 -1.075553e-01 2.751983e+02 -1.491206e-01 1.399223e-02 9.887200e-01 2.963402e+00
7.432700e-01 6.608047e-01 1.043397e-01 7.395527e+02 -6.518352e-01 7.504412e-01 -1.093110e-01 2.740171e+02 -1.505340e-01 1.323526e-02 9.885162e-01 3.116311e+00
7.346789e-01 6.703331e-01 1.044050e-01 7.408768e+02 -6.616796e-01 7.419910e-01 -1.078405e-01 2.728242e+02 -1.497567e-01 1.014548e-02 9.886708e-01 3.290385e+00
7.270792e-01 6.783607e-01 1.057482e-01 7.421876e+02 -6.702592e-01 7.347106e-01 -1.046562e-01 2.716181e+02 -1.486890e-01 5.214632e-03 9.888703e-01 3.443471e+00
7.199699e-01 6.862335e-01 1.035711e-01 7.434775e+02 -6.784185e-01 7.273694e-01 -1.033538e-01 2.703955e+02 -1.462593e-01 4.147056e-03 9.892376e-01 3.602858e+00
7.139881e-01 6.929960e-01 9.988774e-02 7.447808e+02 -6.851919e-01 7.209187e-01 -1.038670e-01 2.691498e+02 -1.439904e-01 5.717542e-03 9.895626e-01 3.752951e+00
7.084395e-01 6.992702e-01 9.557623e-02 7.460615e+02 -6.910506e-01 7.147874e-01 -1.073694e-01 2.679115e+02 -1.433969e-01 1.001668e-02 9.896145e-01 3.918944e+00
7.026051e-01 7.053555e-01 9.391202e-02 7.473325e+02 -6.972834e-01 7.087888e-01 -1.068371e-01 2.666428e+02 -1.419219e-01 9.581000e-03 9.898315e-01 4.069262e+00
6.976251e-01 7.105771e-01 9.164788e-02 7.485867e+02 -7.025455e-01 7.035443e-01 -1.070297e-01 2.653703e+02 -1.405312e-01 1.027981e-02 9.900229e-01 4.240310e+00
6.950819e-01 7.132168e-01 9.045959e-02 7.498685e+02 -7.051443e-01 7.008576e-01 -1.075651e-01 2.640871e+02 -1.401165e-01 1.097951e-02 9.900742e-01 4.406758e+00
6.924214e-01 7.156830e-01 9.138067e-02 7.511223e+02 -7.075877e-01 6.983539e-01 -1.078031e-01 2.627934e+02 -1.409689e-01 9.985331e-03 9.899637e-01 4.572001e+00
6.897421e-01 7.185574e-01 8.905716e-02 7.523488e+02 -7.107935e-01 6.954006e-01 -1.057862e-01 2.615071e+02 -1.379438e-01 9.663939e-03 9.903929e-01 4.729240e+00
6.879977e-01 7.207789e-01 8.448050e-02 7.535933e+02 -7.135254e-01 6.930894e-01 -1.025125e-01 2.602125e+02 -1.324414e-01 1.024941e-02 9.911379e-01 4.866422e+00
6.862240e-01 7.229807e-01 7.997190e-02 7.548301e+02 -7.157508e-01 6.907393e-01 -1.028592e-01 2.589204e+02 -1.296050e-01 1.334450e-02 9.914759e-01 5.030881e+00
6.837273e-01 7.254318e-01 7.915711e-02 7.560625e+02 -7.183514e-01 6.881747e-01 -1.019163e-01 2.576144e+02 -1.284072e-01 1.282034e-02 9.916387e-01 5.175382e+00
6.821744e-01 7.269279e-01 7.882817e-02 7.572803e+02 -7.196996e-01 6.865783e-01 -1.031635e-01 2.563042e+02 -1.291141e-01 1.364290e-02 9.915359e-01 5.349898e+00
6.821590e-01 7.269238e-01 7.899975e-02 7.585015e+02 -7.199013e-01 6.866062e-01 -1.015592e-01 2.550184e+02 -1.280675e-01 1.240751e-02 9.916878e-01 5.464680e+00
6.830565e-01 7.265733e-01 7.433083e-02 7.597230e+02 -7.195445e-01 6.868962e-01 -1.021238e-01 2.537404e+02 -1.252580e-01 1.627197e-02 9.919907e-01 5.654950e+00
6.839964e-01 7.260565e-01 7.064581e-02 7.609385e+02 -7.196802e-01 6.874558e-01 -9.728853e-02 2.524339e+02 -1.192028e-01 1.570262e-02 9.927458e-01 5.711246e+00
6.856151e-01 7.252433e-01 6.288254e-02 7.621564e+02 -7.184930e-01 6.880543e-01 -1.017300e-01 2.511562e+02 -1.170456e-01 2.456698e-02 9.928226e-01 5.932103e+00
6.880301e-01 7.235789e-01 5.521005e-02 7.633864e+02 -7.167083e-01 6.894802e-01 -1.046252e-01 2.498767e+02 -1.137709e-01 3.241582e-02 9.929780e-01 6.023976e+00
6.908541e-01 7.210512e-01 5.296868e-02 7.646084e+02 -7.134167e-01 6.917559e-01 -1.118503e-01 2.485948e+02 -1.172912e-01 3.948349e-02 9.923124e-01 6.222929e+00
6.942104e-01 7.181017e-01 4.900802e-02 7.658306e+02 -7.113675e-01 6.948868e-01 -1.053027e-01 2.473273e+02 -1.096731e-01 3.823954e-02 9.932319e-01 6.357270e+00
6.973694e-01 7.152308e-01 4.605227e-02 7.670433e+02 -7.081130e-01 6.975024e-01 -1.098489e-01 2.460774e+02 -1.106889e-01 4.399505e-02 9.928809e-01 6.520080e+00
7.029716e-01 7.099066e-01 4.316901e-02 7.682786e+02 -7.032099e-01 7.028575e-01 -1.071770e-01 2.448375e+02 -1.064273e-01 4.498550e-02 9.933023e-01 6.671129e+00
7.083746e-01 7.049602e-01 3.516257e-02 7.695105e+02 -6.986400e-01 7.073772e-01 -1.073297e-01 2.436078e+02 -1.005364e-01 5.146366e-02 9.936015e-01 6.834402e+00
7.136170e-01 6.997141e-01 3.392555e-02 7.707327e+02 -6.942548e-01 7.128594e-01 -9.920637e-02 2.423976e+02 -9.360023e-02 4.724238e-02 9.944884e-01 6.955075e+00
7.186618e-01 6.943714e-01 3.706165e-02 7.719805e+02 -6.887959e-01 7.181720e-01 -9.893953e-02 2.411744e+02 -9.531742e-02 4.557615e-02 9.944031e-01 7.157119e+00
7.245076e-01 6.881521e-01 3.918524e-02 7.732360e+02 -6.823077e-01 7.240909e-01 -1.007398e-01 2.399517e+02 -9.769799e-02 4.625037e-02 9.941409e-01 7.265155e+00
7.308761e-01 6.808551e-01 4.750279e-02 7.745132e+02 -6.742066e-01 7.310570e-01 -1.048863e-01 2.387343e+02 -1.061396e-01 4.463221e-02 9.933491e-01 7.440709e+00
7.381993e-01 6.730194e-01 4.589848e-02 7.757906e+02 -6.667503e-01 7.382756e-01 -1.019466e-01 2.375379e+02 -1.024978e-01 4.465411e-02 9.937304e-01 7.557476e+00
7.448002e-01 6.655135e-01 4.862626e-02 7.771087e+02 -6.594234e-01 7.452205e-01 -9.903147e-02 2.363481e+02 -1.021441e-01 4.169337e-02 9.938955e-01 7.723004e+00
7.507993e-01 6.588483e-01 4.711024e-02 7.784291e+02 -6.533262e-01 7.512243e-01 -9.395139e-02 2.351726e+02 -9.729008e-02 3.976028e-02 9.944615e-01 7.863012e+00
7.573267e-01 6.512820e-01 4.783339e-02 7.797728e+02 -6.455312e-01 7.576851e-01 -9.593086e-02 2.340086e+02 -9.872069e-02 4.177305e-02 9.942380e-01 7.993298e+00
7.632444e-01 6.442942e-01 4.840370e-02 7.811283e+02 -6.381584e-01 7.634500e-01 -9.948853e-02 2.328678e+02 -1.010537e-01 4.504485e-02 9.938607e-01 8.136557e+00
7.696236e-01 6.367950e-01 4.659992e-02 7.824879e+02 -6.306156e-01 7.695282e-01 -1.007504e-01 2.316980e+02 -1.000173e-01 4.815328e-02 9.938198e-01 8.265288e+00
7.761410e-01 6.288104e-01 4.693245e-02 7.838554e+02 -6.230233e-01 7.762109e-01 -9.663783e-02 2.305680e+02 -9.719634e-02 4.576458e-02 9.942125e-01 8.442928e+00
7.830377e-01 6.203423e-01 4.502867e-02 7.852521e+02 -6.152514e-01 7.831571e-01 -9.017132e-02 2.294502e+02 -9.120159e-02 4.290359e-02 9.949078e-01 8.557649e+00
7.900696e-01 6.113632e-01 4.500133e-02 7.866566e+02 -6.064994e-01 7.902367e-01 -8.766142e-02 2.283457e+02 -8.915466e-02 4.196534e-02 9.951333e-01 8.704937e+00
7.975466e-01 6.016552e-01 4.393633e-02 7.880883e+02 -5.968488e-01 7.975664e-01 -8.751780e-02 2.272554e+02 -8.769768e-02 4.357618e-02 9.951935e-01 8.820843e+00
8.048849e-01 5.917442e-01 4.471143e-02 7.895058e+02 -5.870577e-01 8.049901e-01 -8.575699e-02 2.261729e+02 -8.673846e-02 4.277632e-02 9.953123e-01 8.950493e+00
8.129119e-01 5.806326e-01 4.516698e-02 7.909760e+02 -5.760595e-01 8.130593e-01 -8.420133e-02 2.251086e+02 -8.561347e-02 4.242940e-02 9.954246e-01 9.070299e+00
8.206279e-01 5.696197e-01 4.586091e-02 7.924445e+02 -5.652566e-01 8.208929e-01 -8.136322e-02 2.240621e+02 -8.399298e-02 4.084576e-02 9.956288e-01 9.188650e+00
8.282292e-01 5.586751e-01 4.379893e-02 7.939492e+02 -5.544255e-01 8.282807e-01 -8.101512e-02 2.230265e+02 -8.153894e-02 4.281584e-02 9.957501e-01 9.317796e+00
8.357068e-01 5.473654e-01 4.455542e-02 7.954819e+02 -5.430861e-01 8.357639e-01 -8.096857e-02 2.220099e+02 -8.155721e-02 4.346856e-02 9.957203e-01 9.418717e+00
8.433382e-01 5.360015e-01 3.851095e-02 7.970144e+02 -5.319173e-01 8.428092e-01 -8.207646e-02 2.210209e+02 -7.645049e-02 4.873358e-02 9.958817e-01 9.544617e+00
8.507519e-01 5.245006e-01 3.347204e-02 7.985731e+02 -5.206697e-01 8.497871e-01 -8.225037e-02 2.200385e+02 -7.158448e-02 5.254678e-02 9.960495e-01 9.638745e+00
8.583969e-01 5.123389e-01 2.576005e-02 8.001436e+02 -5.088471e-01 8.567629e-01 -8.385689e-02 2.190759e+02 -6.503339e-02 5.887457e-02 9.961448e-01 9.784022e+00
8.654646e-01 5.004010e-01 2.387027e-02 8.017452e+02 -4.972454e-01 8.638538e-01 -8.064534e-02 2.181349e+02 -6.097543e-02 5.792630e-02 9.964570e-01 9.885592e+00
8.727283e-01 4.879281e-01 1.647748e-02 8.033474e+02 -4.851402e-01 8.705299e-01 -8.256242e-02 2.171996e+02 -5.462866e-02 6.406067e-02 9.964496e-01 1.003423e+01
8.796782e-01 4.753510e-01 1.441117e-02 8.049917e+02 -4.727123e-01 8.773085e-01 -8.290181e-02 2.162975e+02 -5.205050e-02 6.611457e-02 9.964535e-01 1.012190e+01
8.863039e-01 4.629741e-01 1.097173e-02 8.066234e+02 -4.606379e-01 8.837782e-01 -8.215135e-02 2.154094e+02 -4.773052e-02 6.775706e-02 9.965594e-01 1.027875e+01
8.929052e-01 4.501825e-01 7.475523e-03 8.082904e+02 -4.484141e-01 8.906482e-01 -7.530499e-02 2.145469e+02 -4.055905e-02 6.388810e-02 9.971325e-01 1.037598e+01
8.994944e-01 4.369195e-01 3.332835e-03 8.099691e+02 -4.355653e-01 8.972571e-01 -7.219651e-02 2.137113e+02 -3.453448e-02 6.348869e-02 9.973848e-01 1.049286e+01
9.059322e-01 4.234036e-01 4.018803e-03 8.116729e+02 -4.219956e-01 9.036168e-01 -7.346091e-02 2.128863e+02 -3.473507e-02 6.485469e-02 9.972900e-01 1.060977e+01
9.122783e-01 4.095563e-01 3.453901e-03 8.133817e+02 -4.082899e-01 9.100592e-01 -7.135411e-02 2.120831e+02 -3.236678e-02 6.368462e-02 9.974450e-01 1.071227e+01
9.187369e-01 3.948020e-01 7.341760e-03 8.150889e+02 -3.934095e-01 9.167778e-01 -6.890126e-02 2.113208e+02 -3.393312e-02 6.041382e-02 9.975964e-01 1.081711e+01
9.247526e-01 3.805538e-01 3.396338e-03 8.168302e+02 -3.796093e-01 9.230174e-01 -6.273615e-02 2.105513e+02 -2.700935e-02 5.672614e-02 9.980243e-01 1.089838e+01
9.307409e-01 3.656516e-01 4.504728e-03 8.185951e+02 -3.645928e-01 9.288538e-01 -6.559388e-02 2.098355e+02 -2.816874e-02 5.940851e-02 9.978362e-01 1.101834e+01
9.362129e-01 3.514195e-01 3.117213e-03 8.203741e+02 -3.505706e-01 9.344990e-01 -6.174229e-02 2.091242e+02 -2.461048e-02 5.671113e-02 9.980872e-01 1.107975e+01
9.416828e-01 3.363745e-01 9.264256e-03 8.221738e+02 -3.351862e-01 9.400773e-01 -6.248872e-02 2.084457e+02 -2.972873e-02 5.573930e-02 9.980026e-01 1.121053e+01
9.462074e-01 3.233750e-01 1.096320e-02 8.239786e+02 -3.222760e-01 9.449255e-01 -5.704141e-02 2.077874e+02 -2.880517e-02 5.043983e-02 9.983116e-01 1.124221e+01
9.506275e-01 3.100332e-01 1.366530e-02 8.258018e+02 -3.087769e-01 9.493456e-01 -5.830798e-02 2.071416e+02 -3.105049e-02 5.120964e-02 9.982051e-01 1.134678e+01
9.545929e-01 2.977937e-01 8.440457e-03 8.276280e+02 -2.968088e-01 9.531095e-01 -5.904893e-02 2.065323e+02 -2.562908e-02 5.386249e-02 9.982194e-01 1.139498e+01
9.577017e-01 2.875189e-01 1.184874e-02 8.294750e+02 -2.862512e-01 9.560775e-01 -6.305428e-02 2.059608e+02 -2.945761e-02 5.699547e-02 9.979398e-01 1.151442e+01
9.604289e-01 2.782932e-01 1.136571e-02 8.313381e+02 -2.771440e-01 9.589291e-01 -6.038386e-02 2.053982e+02 -2.770333e-02 5.484446e-02 9.981105e-01 1.157798e+01
9.629925e-01 2.691929e-01 1.343849e-02 8.331866e+02 -2.679356e-01 9.615238e-01 -6.068349e-02 2.048584e+02 -2.925699e-02 5.483710e-02 9.980666e-01 1.169365e+01
9.658666e-01 2.588864e-01 8.917927e-03 8.350748e+02 -2.580200e-01 9.645451e-01 -5.548285e-02 2.043307e+02 -2.296550e-02 5.128803e-02 9.984198e-01 1.175630e+01
9.685376e-01 2.487694e-01 6.975591e-03 8.369634e+02 -2.479775e-01 9.670639e-01 -5.739739e-02 2.038229e+02 -2.102456e-02 5.386174e-02 9.983270e-01 1.183509e+01
9.711388e-01 2.384924e-01 3.265288e-03 8.388687e+02 -2.379189e-01 9.695890e-01 -5.737380e-02 2.033407e+02 -1.684921e-02 5.494105e-02 9.983474e-01 1.189534e+01
9.738303e-01 2.272756e-01 -5.259896e-04 8.407783e+02 -2.269006e-01 9.720851e-01 -5.972263e-02 2.028736e+02 -1.306219e-02 5.827906e-02 9.982149e-01 1.200684e+01
9.758613e-01 2.183704e-01 3.032352e-03 8.426880e+02 -2.178658e-01 9.743814e-01 -5.581680e-02 2.024186e+02 -1.514340e-02 5.380881e-02 9.984365e-01 1.208689e+01
9.782795e-01 2.072611e-01 3.470434e-03 8.446089e+02 -2.068028e-01 9.769901e-01 -5.218117e-02 2.019884e+02 -1.420571e-02 5.033008e-02 9.986316e-01 1.217597e+01
9.804267e-01 1.968719e-01 2.215075e-03 8.465246e+02 -1.965535e-01 9.793693e-01 -4.693381e-02 2.015813e+02 -1.140933e-02 4.557978e-02 9.988955e-01 1.221398e+01
9.827164e-01 1.850702e-01 -4.170497e-03 8.484779e+02 -1.850535e-01 9.815379e-01 -4.835511e-02 2.011789e+02 -4.855590e-03 4.829113e-02 9.988215e-01 1.228251e+01
9.846959e-01 1.742683e-01 2.142591e-03 8.504335e+02 -1.739310e-01 9.834206e-01 -5.130268e-02 2.008108e+02 -1.104750e-02 5.014488e-02 9.986808e-01 1.234434e+01
9.865469e-01 1.633988e-01 5.095019e-03 8.523886e+02 -1.629454e-01 9.853683e-01 -4.998127e-02 2.004436e+02 -1.318735e-02 4.847866e-02 9.987372e-01 1.241310e+01
9.883408e-01 1.521956e-01 4.357672e-03 8.543367e+02 -1.518343e-01 9.873207e-01 -4.630299e-02 2.001305e+02 -1.134953e-02 4.510149e-02 9.989179e-01 1.246468e+01
9.898474e-01 1.421321e-01 -7.174569e-04 8.563015e+02 -1.420360e-01 9.889655e-01 -4.210826e-02 1.998256e+02 -5.275397e-03 4.178265e-02 9.991128e-01 1.253167e+01
9.912257e-01 1.321774e-01 8.189729e-04 8.582871e+02 -1.320072e-01 9.902273e-01 -4.498712e-02 1.995272e+02 -6.757252e-03 4.448428e-02 9.989873e-01 1.258952e+01
9.924284e-01 1.225882e-01 7.608796e-03 8.602635e+02 -1.221379e-01 9.915273e-01 -4.422488e-02 1.992433e+02 -1.296578e-02 4.296071e-02 9.989926e-01 1.264368e+01
9.935871e-01 1.125024e-01 1.131308e-02 8.622524e+02 -1.118688e-01 9.926448e-01 -4.627450e-02 1.989905e+02 -1.643587e-02 4.471217e-02 9.988647e-01 1.269733e+01
9.947160e-01 1.017488e-01 1.368649e-02 8.642493e+02 -1.009942e-01 9.937459e-01 -4.763382e-02 1.987585e+02 -1.844758e-02 4.599987e-02 9.987711e-01 1.274675e+01
9.956371e-01 9.248420e-02 1.238400e-02 8.662476e+02 -9.178937e-02 9.946113e-01 -4.819992e-02 1.985419e+02 -1.677500e-02 4.685291e-02 9.987609e-01 1.282177e+01
9.963589e-01 8.405249e-02 1.428868e-02 8.682476e+02 -8.332127e-02 9.954712e-01 -4.576695e-02 1.983511e+02 -1.807079e-02 4.440976e-02 9.988499e-01 1.288008e+01
9.970143e-01 7.563770e-02 1.553961e-02 8.702433e+02 -7.492106e-02 9.962863e-01 -4.243561e-02 1.981815e+02 -1.869163e-02 4.114466e-02 9.989784e-01 1.293908e+01
9.975970e-01 6.692226e-02 1.793278e-02 8.722541e+02 -6.609778e-02 9.968781e-01 -4.318359e-02 1.980084e+02 -2.076674e-02 4.189451e-02 9.989062e-01 1.298953e+01
9.980947e-01 5.835048e-02 2.005451e-02 8.742723e+02 -5.744322e-02 9.974147e-01 -4.317484e-02 1.978553e+02 -2.252194e-02 4.194058e-02 9.988663e-01 1.304250e+01
9.985221e-01 4.934699e-02 2.276984e-02 8.763149e+02 -4.832010e-02 9.978782e-01 -4.363689e-02 1.977231e+02 -2.487488e-02 4.247215e-02 9.987879e-01 1.309716e+01
9.988427e-01 4.102337e-02 2.510522e-02 8.783552e+02 -3.989732e-02 9.982425e-01 -4.382013e-02 1.976090e+02 -2.685874e-02 4.276779e-02 9.987239e-01 1.314291e+01
9.988932e-01 3.909726e-02 2.614984e-02 8.794493e+02 -3.808515e-02 9.985462e-01 -3.814308e-02 1.975941e+02 -2.760312e-02 3.710494e-02 9.989301e-01 1.315987e+01