1.000000e+00 0.000000e+00 0.000000e+00 0.000000e+00 0.000000e+00 1.000000e+00 0.000000e+00 0.000000e+00 0.000000e+00 0.000000e+00 1.000000e+00 0.000000e+00
9.994376e-01 -3.346577e-02 -2.123419e-03 6.027523e-01 3.346630e-02 9.994398e-01 2.193480e-04 7.580540e-02 2.114889e-03 -2.902876e-04 9.999977e-01 -2.193807e-02
9.985538e-01 -5.370483e-02 -2.494317e-03 9.484509e-01 5.370748e-02 9.985561e-01 1.006314e-03 1.069944e-01 2.436671e-03 -1.138822e-03 9.999964e-01 -2.026474e-02
9.972488e-01 -7.407929e-02 -2.658680e-03 1.300575e+00 7.408570e-02 9.972491e-01 2.398605e-03 1.577193e-01 2.473679e-03 -2.588977e-03 9.999936e-01 -3.606533e-02
9.955359e-01 -9.429444e-02 -4.119107e-03 1.653844e+00 9.430124e-02 9.955428e-01 1.486008e-03 2.091863e-01 3.960624e-03 -1.867811e-03 9.999904e-01 -5.047289e-02
9.935435e-01 -1.133923e-01 -3.674298e-03 2.002923e+00 1.133994e-01 9.935478e-01 1.779443e-03 2.603113e-01 3.448816e-03 -2.184617e-03 9.999917e-01 -4.567279e-02
9.912673e-01 -1.317728e-01 -5.008014e-03 2.344551e+00 1.317780e-01 9.912790e-01 7.160194e-04 3.123853e-01 4.869987e-03 -1.369712e-03 9.999872e-01 -6.368972e-02
9.888045e-01 -1.490833e-01 -6.304404e-03 2.686573e+00 1.490863e-01 9.888244e-01 9.461946e-07 3.715874e-01 6.233806e-03 -9.408355e-04 9.999802e-01 -7.549064e-02
9.863733e-01 -1.644127e-01 -6.018850e-03 3.022260e+00 1.644133e-01 9.863915e-01 -3.930285e-04 4.355878e-01 6.001561e-03 -6.019063e-04 9.999818e-01 -7.708069e-02
9.838049e-01 -1.790821e-01 -7.578771e-03 3.352177e+00 1.790753e-01 9.838340e-01 -1.583745e-03 5.025781e-01 7.739874e-03 2.009253e-04 9.999700e-01 -7.886950e-02
9.811875e-01 -1.928719e-01 -8.452172e-03 3.696325e+00 1.928601e-01 9.812237e-01 -2.194091e-03 5.684582e-01 8.716651e-03 5.227271e-04 9.999619e-01 -9.411823e-02
9.787447e-01 -2.049011e-01 -8.621826e-03 4.019472e+00 2.048935e-01 9.787827e-01 -1.772272e-03 6.339165e-01 8.802035e-03 -3.195362e-05 9.999613e-01 -1.004743e-01
9.765971e-01 -2.149006e-01 -8.702702e-03 4.347275e+00 2.149051e-01 9.766349e-01 -4.262530e-04 7.080118e-01 8.590964e-03 -1.453978e-03 9.999620e-01 -1.079397e-01
9.748747e-01 -2.225720e-01 -8.999566e-03 4.678412e+00 2.225877e-01 9.749123e-01 7.618768e-04 7.838367e-01 8.604215e-03 -2.745927e-03 9.999592e-01 -1.119936e-01
9.730538e-01 -2.302518e-01 -1.226236e-02 5.016984e+00 2.302614e-01 9.731287e-01 -6.428952e-04 8.597304e-01 1.208088e-02 -2.197977e-03 9.999246e-01 -1.226131e-01
9.717320e-01 -2.358091e-01 -1.144415e-02 5.333190e+00 2.358037e-01 9.717990e-01 -1.842897e-03 9.392551e-01 1.155599e-02 -9.077711e-04 9.999328e-01 -1.025810e-01
9.698572e-01 -2.434102e-01 -1.133181e-02 5.670521e+00 2.434068e-01 9.699228e-01 -1.704147e-03 1.020885e+00 1.140579e-02 -1.105459e-03 9.999343e-01 -1.116890e-01
9.678639e-01 -2.512518e-01 -1.058277e-02 5.982540e+00 2.512448e-01 9.679216e-01 -1.999517e-03 1.105285e+00 1.074568e-02 -7.236068e-04 9.999420e-01 -1.301722e-01
9.659385e-01 -2.584639e-01 -1.261821e-02 6.307908e+00 2.584611e-01 9.660199e-01 -1.886037e-03 1.193851e+00 1.267691e-02 -1.439520e-03 9.999186e-01 -1.504214e-01
9.645716e-01 -2.633801e-01 -1.524950e-02 6.629278e+00 2.633802e-01 9.646901e-01 -2.041308e-03 1.286353e+00 1.524868e-02 -2.047427e-03 9.998816e-01 -1.562961e-01
9.640698e-01 -2.650513e-01 -1.780932e-02 6.949495e+00 2.650552e-01 9.642308e-01 -2.180865e-03 1.368468e+00 1.775034e-02 -2.617948e-03 9.998390e-01 -1.628932e-01
9.641811e-01 -2.646902e-01 -1.714678e-02 7.269678e+00 2.646770e-01 9.643322e-01 -3.077762e-03 1.441099e+00 1.734985e-02 -1.570840e-03 9.998482e-01 -1.604549e-01
9.650895e-01 -2.613080e-01 -1.790123e-02 7.590895e+00 2.612990e-01 9.652537e-01 -2.882482e-03 1.507943e+00 1.803244e-02 -1.895721e-03 9.998356e-01 -1.744543e-01
9.659088e-01 -2.580316e-01 -2.097133e-02 7.912878e+00 2.580303e-01 9.661328e-01 -2.811864e-03 1.583211e+00 2.098664e-02 -2.695235e-03 9.997761e-01 -1.837422e-01
9.674061e-01 -2.521873e-01 -2.295632e-02 8.247127e+00 2.521864e-01 9.676741e-01 -2.980306e-03 1.668415e+00 2.296583e-02 -2.906105e-03 9.997320e-01 -1.764211e-01
9.694387e-01 -2.440507e-01 -2.505588e-02 8.567084e+00 2.440262e-01 9.697599e-01 -4.078206e-03 1.739107e+00 2.529348e-02 -2.160721e-03 9.996777e-01 -1.884296e-01
9.715274e-01 -2.355270e-01 -2.572005e-02 8.905399e+00 2.354430e-01 9.718678e-01 -6.290266e-03 1.808424e+00 2.647801e-02 5.555991e-05 9.996494e-01 -1.808925e-01
9.738058e-01 -2.256305e-01 -2.816165e-02 9.239909e+00 2.254462e-01 9.742084e-01 -9.596827e-03 1.878627e+00 2.960065e-02 2.996508e-03 9.995573e-01 -2.064126e-01
9.760228e-01 -2.155847e-01 -3.004346e-02 9.585481e+00 2.153131e-01 9.764708e-01 -1.204002e-02 1.941108e+00 3.193221e-02 5.282584e-03 9.994761e-01 -2.069483e-01
9.781642e-01 -2.049836e-01 -3.430110e-02 9.915575e+00 2.045929e-01 9.787385e-01 -1.457504e-02 1.998359e+00 3.655946e-02 7.239026e-03 9.993052e-01 -2.186871e-01
9.803049e-01 -1.935153e-01 -3.942246e-02 1.026438e+01 1.929777e-01 9.810549e-01 -1.705024e-02 2.060429e+00 4.197508e-02 9.106778e-03 9.990771e-01 -2.265047e-01
9.824119e-01 -1.819143e-01 -4.211890e-02 1.061501e+01 1.812700e-01 9.832562e-01 -1.867314e-02 2.117319e+00 4.481057e-02 1.070982e-02 9.989381e-01 -2.071994e-01
9.845170e-01 -1.702335e-01 -4.179523e-02 1.094241e+01 1.695455e-01 9.853290e-01 -1.951435e-02 2.161267e+00 4.450405e-02 1.212601e-02 9.989356e-01 -2.094535e-01
9.861856e-01 -1.601764e-01 -4.220671e-02 1.129552e+01 1.594780e-01 9.870100e-01 -1.944753e-02 2.205273e+00 4.477348e-02 1.244783e-02 9.989196e-01 -2.121776e-01
9.876718e-01 -1.506322e-01 -4.259491e-02 1.164903e+01 1.499508e-01 9.885150e-01 -1.878195e-02 2.255189e+00 4.493488e-02 1.216326e-02 9.989159e-01 -2.218210e-01
9.887457e-01 -1.423720e-01 -4.595742e-02 1.200313e+01 1.416762e-01 9.897482e-01 -1.807400e-02 2.304912e+00 4.805950e-02 1.135952e-02 9.987799e-01 -2.268543e-01
9.901178e-01 -1.337737e-01 -4.208742e-02 1.234349e+01 1.331517e-01 9.909453e-01 -1.726247e-02 2.341127e+00 4.401559e-02 1.148786e-02 9.989648e-01 -2.058077e-01
9.912997e-01 -1.251164e-01 -4.087354e-02 1.269063e+01 1.246507e-01 9.921052e-01 -1.376031e-02 2.371927e+00 4.227250e-02 8.545677e-03 9.990696e-01 -2.120758e-01
9.924424e-01 -1.163636e-01 -3.895541e-02 1.304843e+01 1.160402e-01 9.931895e-01 -1.046921e-02 2.397074e+00 3.990833e-02 5.869697e-03 9.991861e-01 -2.231071e-01
9.933372e-01 -1.083980e-01 -3.912890e-02 1.340180e+01 1.082226e-01 9.941049e-01 -6.581924e-03 2.437642e+00 3.961170e-02 2.303440e-03 9.992125e-01 -2.042171e-01
9.941485e-01 -1.014911e-01 -3.699172e-02 1.376575e+01 1.012877e-01 9.948303e-01 -7.337226e-03 2.457283e+00 3.754514e-02 3.547486e-03 9.992886e-01 -1.922939e-01
9.950774e-01 -9.443042e-02 -3.006314e-02 1.413945e+01 9.418982e-02 9.955107e-01 -9.324547e-03 2.477983e+00 3.080869e-02 6.447006e-03 9.995045e-01 -1.844386e-01
9.957892e-01 -8.827931e-02 -2.470889e-02 1.450387e+01 8.803986e-02 9.960603e-01 -1.061854e-02 2.494394e+00 2.554894e-02 8.398465e-03 9.996383e-01 -2.130460e-01
9.963214e-01 -8.300187e-02 -2.131332e-02 1.487711e+01 8.279248e-02 9.965112e-01 -1.052728e-02 2.519290e+00 2.211274e-02 8.723977e-03 9.997174e-01 -2.187526e-01
9.967301e-01 -7.804330e-02 -2.093737e-02 1.524541e+01 7.785889e-02 9.969193e-01 -9.484331e-03 2.537665e+00 2.161305e-02 7.823157e-03 9.997358e-01 -2.392099e-01
9.972953e-01 -7.096167e-02 -1.914611e-02 1.561749e+01 7.081909e-02 9.974570e-01 -8.025357e-03 2.556739e+00 1.966692e-02 6.647740e-03 9.997845e-01 -2.264344e-01
9.979340e-01 -6.283426e-02 -1.339604e-02 1.598485e+01 6.275914e-02 9.980109e-01 -5.955796e-03 2.555670e+00 1.374362e-02 5.102768e-03 9.998925e-01 -2.195736e-01
9.983062e-01 -5.794688e-02 -5.179317e-03 1.634789e+01 5.792528e-02 9.983119e-01 -4.227268e-03 2.564743e+00 5.415531e-03 3.920095e-03 9.999776e-01 -2.014299e-01
9.983814e-01 -5.659821e-02 5.580399e-03 1.670350e+01 5.660482e-02 9.983962e-01 -1.033868e-03 2.568125e+00 -5.512934e-03 1.348072e-03 9.999839e-01 -2.165900e-01
9.981642e-01 -5.953036e-02 1.115194e-02 1.704942e+01 5.951173e-02 9.982258e-01 1.995720e-03 2.584466e+00 -1.125096e-02 -1.328385e-03 9.999358e-01 -2.454583e-01
9.976341e-01 -6.740784e-02 1.350869e-02 1.740876e+01 6.735071e-02 9.977186e-01 4.641102e-03 2.614220e+00 -1.379072e-02 -3.720302e-03 9.998980e-01 -2.492056e-01
9.967641e-01 -7.935599e-02 1.280554e-02 1.774936e+01 7.928564e-02 9.968344e-01 5.911477e-03 2.668072e+00 -1.323411e-02 -4.877052e-03 9.999005e-01 -2.583132e-01
9.956399e-01 -9.236393e-02 1.304239e-02 1.809010e+01 9.232295e-02 9.957222e-01 3.711181e-03 2.708827e+00 -1.332938e-02 -2.490888e-03 9.999080e-01 -2.473311e-01
9.939201e-01 -1.090229e-01 1.538863e-02 1.840424e+01 1.090094e-01 9.940392e-01 1.719801e-03 2.773802e+00 -1.548440e-02 -3.183901e-05 9.998801e-01 -2.497644e-01
9.915713e-01 -1.283719e-01 1.752146e-02 1.874027e+01 1.283797e-01 9.917250e-01 6.855487e-04 2.830029e+00 -1.746447e-02 1.569628e-03 9.998463e-01 -2.524919e-01
9.883104e-01 -1.515681e-01 1.642082e-02 1.905040e+01 1.515780e-01 9.884452e-01 6.444688e-04 2.911345e+00 -1.632876e-02 1.852100e-03 9.998649e-01 -2.746364e-01
9.845414e-01 -1.746645e-01 1.306060e-02 1.937558e+01 1.747071e-01 9.846181e-01 -2.191191e-03 2.995092e+00 -1.247698e-02 4.439098e-03 9.999123e-01 -2.954288e-01
9.802883e-01 -1.974219e-01 7.711402e-03 1.966529e+01 1.974522e-01 9.803066e-01 -3.376083e-03 3.079681e+00 -6.893026e-03 4.832168e-03 9.999646e-01 -3.151647e-01
9.752960e-01 -2.208604e-01 4.292050e-03 1.995187e+01 2.208740e-01 9.752976e-01 -3.024775e-03 3.179125e+00 -3.517974e-03 3.898053e-03 9.999862e-01 -3.040764e-01
9.697998e-01 -2.438936e-01 2.055205e-03 2.024035e+01 2.438973e-01 9.697993e-01 -1.818174e-03 3.272866e+00 -1.549696e-03 2.264523e-03 9.999962e-01 -3.043006e-01
9.629503e-01 -2.696112e-01 6.046725e-03 2.054259e+01 2.696157e-01 9.629681e-01 9.319594e-05 3.389116e+00 -5.847930e-03 1.540549e-03 9.999817e-01 -2.457413e-01
9.548321e-01 -2.968939e-01 1.223703e-02 2.082204e+01 2.969242e-01 9.549009e-01 -6.967508e-04 3.497743e+00 -1.147829e-02 4.298750e-03 9.999249e-01 -2.825745e-01
9.455901e-01 -3.251408e-01 1.194912e-02 2.110088e+01 3.251911e-01 9.456450e-01 -2.482201e-03 3.595093e+00 -1.049256e-02 6.232891e-03 9.999256e-01 -3.137497e-01
9.351218e-01 -3.542342e-01 8.078009e-03 2.136982e+01 3.542811e-01 9.351238e-01 -5.335181e-03 3.748283e+00 -5.664034e-03 7.850930e-03 9.999532e-01 -3.334406e-01
9.237177e-01 -3.830611e-01 3.118497e-03 2.163665e+01 3.830730e-01 9.236685e-01 -9.567048e-03 3.888133e+00 7.843060e-04 1.003186e-02 9.999494e-01 -3.395951e-01
9.112396e-01 -4.118702e-01 -2.334876e-03 2.188303e+01 4.118102e-01 9.111798e-01 -1.280301e-02 4.041827e+00 7.400670e-03 1.070509e-02 9.999153e-01 -3.299207e-01
8.984348e-01 -4.390910e-01 -3.756035e-03 2.211874e+01 4.390005e-01 8.983722e-01 -1.434665e-02 4.187566e+00 9.673800e-03 1.124062e-02 9.998900e-01 -3.273057e-01
8.841133e-01 -4.672406e-01 -5.461027e-03 2.233978e+01 4.671125e-01 8.840560e-01 -1.583606e-02 4.340578e+00 1.222711e-02 1.144996e-02 9.998597e-01 -3.233786e-01
8.694340e-01 -4.940279e-01 -4.582962e-03 2.255742e+01 4.938814e-01 8.693433e-01 -1.798979e-02 4.485865e+00 1.287162e-02 1.337750e-02 9.998277e-01 -3.256713e-01
8.542209e-01 -5.198551e-01 -7.564745e-03 2.275675e+01 5.196331e-01 8.541502e-01 -2.021799e-02 4.628587e+00 1.697185e-02 1.333974e-02 9.997670e-01 -3.431818e-01
8.390727e-01 -5.439145e-01 -1.067409e-02 2.294397e+01 5.436235e-01 8.390492e-01 -2.167901e-02 4.787963e+00 2.074762e-02 1.238758e-02 9.997080e-01 -3.442238e-01
8.232188e-01 -5.676185e-01 -1.096020e-02 2.311357e+01 5.672832e-01 8.231868e-01 -2.352438e-02 4.928055e+00 2.237517e-02 1.314818e-02 9.996632e-01 -3.260494e-01
8.075085e-01 -5.898058e-01 -7.685902e-03 2.327375e+01 5.895166e-01 8.074175e-01 -2.339138e-02 5.062472e+00 2.000210e-02 1.435777e-02 9.996969e-01 -3.248346e-01
7.910758e-01 -6.116934e-01 -5.493563e-03 2.341637e+01 6.114706e-01 7.909793e-01 -2.133885e-02 5.201118e+00 1.739813e-02 1.352149e-02 9.997572e-01 -3.246739e-01
7.728288e-01 -6.345894e-01 -5.656507e-03 2.353949e+01 6.343743e-01 7.727506e-01 -2.062705e-02 5.345355e+00 1.746078e-02 1.235284e-02 9.997712e-01 -3.378415e-01
7.531583e-01 -6.577752e-01 -9.188806e-03 2.365921e+01 6.575197e-01 7.531544e-01 -2.065218e-02 5.493350e+00 2.050508e-02 9.512544e-03 9.997445e-01 -3.480369e-01
7.327349e-01 -6.803943e-01 -1.277673e-02 2.376669e+01 6.800644e-01 7.328039e-01 -2.259611e-02 5.637112e+00 2.473711e-02 7.867957e-03 9.996631e-01 -3.477446e-01
7.117478e-01 -7.022916e-01 -1.419674e-02 2.386937e+01 7.019515e-01 7.118624e-01 -2.271666e-02 5.769650e+00 2.605985e-02 6.203110e-03 9.996411e-01 -3.359886e-01
6.908329e-01 -7.228881e-01 -1.352092e-02 2.396573e+01 7.225165e-01 6.909304e-01 -2.419145e-02 5.921610e+00 2.682973e-02 6.943163e-03 9.996159e-01 -3.269873e-01
6.695030e-01 -7.426541e-01 -1.518539e-02 2.405215e+01 7.422602e-01 6.696540e-01 -2.476172e-02 6.052242e+00 2.855835e-02 5.306535e-03 9.995781e-01 -3.355535e-01
6.478127e-01 -7.616560e-01 -1.478941e-02 2.413258e+01 7.612403e-01 6.479589e-01 -2.573818e-02 6.189744e+00 2.918657e-02 5.415231e-03 9.995593e-01 -3.284425e-01
6.268923e-01 -7.789394e-01 -1.611322e-02 2.421417e+01 7.784721e-01 6.270825e-01 -2.736726e-02 6.313818e+00 3.142175e-02 4.612639e-03 9.994956e-01 -3.373685e-01
6.077905e-01 -7.938968e-01 -1.785151e-02 2.427673e+01 7.933433e-01 6.080394e-01 -2.991049e-02 6.447653e+00 3.460026e-02 4.016937e-03 9.993932e-01 -3.346483e-01
5.885762e-01 -8.081793e-01 -2.059679e-02 2.434643e+01 8.075503e-01 5.889324e-01 -3.195497e-02 6.569890e+00 3.795547e-02 2.174987e-03 9.992771e-01 -3.391134e-01
5.701964e-01 -8.211969e-01 -2.261950e-02 2.440806e+01 8.205216e-01 5.706447e-01 -3.330109e-02 6.690741e+00 4.025445e-02 4.283786e-04 9.991894e-01 -3.321492e-01
5.538960e-01 -8.321803e-01 -2.598362e-02 2.445456e+01 8.314710e-01 5.544993e-01 -3.444389e-02 6.813271e+00 4.307143e-02 -2.526300e-03 9.990688e-01 -3.314623e-01
5.388131e-01 -8.419901e-01 -2.707694e-02 2.450804e+01 8.412630e-01 5.394797e-01 -3.519007e-02 6.927561e+00 4.423714e-02 -3.817955e-03 9.990138e-01 -3.220963e-01
5.266960e-01 -8.495589e-01 -2.899776e-02 2.455978e+01 8.486989e-01 5.274757e-01 -3.846554e-02 7.031031e+00 4.797436e-02 -4.350718e-03 9.988391e-01 -3.176267e-01
5.168949e-01 -8.555105e-01 -3.035620e-02 2.461596e+01 8.545983e-01 5.177579e-01 -3.985539e-02 7.129377e+00 4.981387e-02 -5.341310e-03 9.987442e-01 -3.172843e-01
5.086351e-01 -8.604307e-01 -3.081298e-02 2.467238e+01 8.595675e-01 5.095249e-01 -3.909296e-02 7.244153e+00 4.933676e-02 -6.601783e-03 9.987604e-01 -3.024922e-01
5.031133e-01 -8.636567e-01 -3.121312e-02 2.472385e+01 8.628259e-01 5.040246e-01 -3.860846e-02 7.327252e+00 4.907664e-02 -7.507066e-03 9.987668e-01 -3.010567e-01
5.008548e-01 -8.650067e-01 -3.013159e-02 2.478123e+01 8.641938e-01 5.017123e-01 -3.813020e-02 7.405275e+00 4.810026e-02 -6.941833e-03 9.988184e-01 -2.972705e-01
4.998828e-01 -8.655959e-01 -2.934304e-02 2.482647e+01 8.647937e-01 5.007013e-01 -3.781360e-02 7.485953e+00 4.742339e-02 -6.473316e-03 9.988539e-01 -3.023824e-01
4.991378e-01 -8.660842e-01 -2.756113e-02 2.489833e+01 8.652822e-01 4.998723e-01 -3.760625e-02 7.578370e+00 4.634722e-02 -5.077451e-03 9.989125e-01 -2.915871e-01
4.996904e-01 -8.657984e-01 -2.650828e-02 2.494766e+01 8.649863e-01 5.003765e-01 -3.771205e-02 7.662352e+00 4.591514e-02 -4.084954e-03 9.989370e-01 -2.979868e-01
5.005320e-01 -8.653138e-01 -2.645170e-02 2.500847e+01 8.644850e-01 5.012161e-01 -3.805633e-02 7.745292e+00 4.618868e-02 -3.818687e-03 9.989254e-01 -2.878225e-01
5.010718e-01 -8.649203e-01 -2.898369e-02 2.504845e+01 8.640487e-01 5.018802e-01 -3.919292e-02 7.830847e+00 4.844509e-02 -5.404858e-03 9.988112e-01 -2.968108e-01
4.998918e-01 -8.655192e-01 -3.137938e-02 2.509380e+01 8.646999e-01 5.008132e-01 -3.847231e-02 7.922928e+00 4.901374e-02 -7.901753e-03 9.987668e-01 -2.871909e-01
5.002437e-01 -8.652667e-01 -3.270759e-02 2.513956e+01 8.644476e-01 5.012325e-01 -3.868230e-02 8.000068e+00 4.986461e-02 -8.923423e-03 9.987161e-01 -2.866182e-01
5.002738e-01 -8.652669e-01 -3.223923e-02 2.518543e+01 8.645133e-01 5.012265e-01 -3.726583e-02 8.063291e+00 4.840405e-02 -9.228121e-03 9.987852e-01 -2.750861e-01
5.011836e-01 -8.647297e-01 -3.251857e-02 2.521955e+01 8.639959e-01 5.021454e-01 -3.689040e-02 8.123881e+00 4.822928e-02 -9.607050e-03 9.987901e-01 -2.797910e-01
5.028200e-01 -8.637168e-01 -3.413486e-02 2.525055e+01 8.629962e-01 5.038595e-01 -3.691949e-02 8.187419e+00 4.908717e-02 -1.089440e-02 9.987351e-01 -2.861144e-01
5.049906e-01 -8.623498e-01 -3.656919e-02 2.529997e+01 8.616416e-01 5.061530e-01 -3.718949e-02 8.247871e+00 5.057995e-02 -1.272919e-02 9.986389e-01 -2.791027e-01
5.086627e-01 -8.600950e-01 -3.871558e-02 2.533511e+01 8.593763e-01 5.099413e-01 -3.784682e-02 8.316781e+00 5.229453e-02 -1.401998e-02 9.985333e-01 -2.808282e-01
5.139763e-01 -8.568677e-01 -4.007629e-02 2.537313e+01 8.561114e-01 5.153356e-01 -3.876148e-02 8.372743e+00 5.386620e-02 -1.438728e-02 9.984445e-01 -2.736272e-01
5.206323e-01 -8.527763e-01 -4.140649e-02 2.543121e+01 8.520384e-01 5.220551e-01 -3.858500e-02 8.436564e+00 5.452086e-02 -1.519133e-02 9.983971e-01 -2.694096e-01
5.284225e-01 -8.478850e-01 -4.313749e-02 2.549180e+01 8.472173e-01 5.299174e-01 -3.755824e-02 8.489574e+00 5.470436e-02 -1.670020e-02 9.983629e-01 -2.704734e-01
5.384130e-01 -8.414364e-01 -4.578336e-02 2.554040e+01 8.408124e-01 5.400418e-01 -3.727267e-02 8.565625e+00 5.608752e-02 -1.842713e-02 9.982558e-01 -2.671892e-01
5.488636e-01 -8.344247e-01 -4.984124e-02 2.560601e+01 8.338872e-01 5.507075e-01 -3.678934e-02 8.627762e+00 5.814587e-02 -2.136964e-02 9.980794e-01 -2.636338e-01
5.613022e-01 -8.259043e-01 -5.312205e-02 2.566016e+01 8.254585e-01 5.633141e-01 -3.599080e-02 8.700234e+00 5.964936e-02 -2.364833e-02 9.979392e-01 -2.601394e-01
5.750821e-01 -8.162849e-01 -5.440164e-02 2.573558e+01 8.159078e-01 5.771346e-01 -3.478406e-02 8.764058e+00 5.979077e-02 -2.438304e-02 9.979131e-01 -2.487961e-01
5.893165e-01 -8.060846e-01 -5.416349e-02 2.580720e+01 8.057211e-01 5.913260e-01 -3.386435e-02 8.828581e+00 5.932582e-02 -2.368385e-02 9.979576e-01 -2.511618e-01
6.059769e-01 -7.936572e-01 -5.385337e-02 2.589083e+01 7.934588e-01 6.078745e-01 -3.019849e-02 8.890955e+00 5.670334e-02 -2.443084e-02 9.980921e-01 -2.414096e-01
6.231080e-01 -7.802228e-01 -5.467033e-02 2.596848e+01 7.802097e-01 6.249558e-01 -2.651816e-02 8.963241e+00 5.485661e-02 -2.613065e-02 9.981523e-01 -2.527629e-01
6.419784e-01 -7.645581e-01 -5.757280e-02 2.605104e+01 7.647151e-01 6.439203e-01 -2.403406e-02 9.035823e+00 5.544772e-02 -2.859745e-02 9.980519e-01 -2.528839e-01
6.611733e-01 -7.477716e-01 -6.072404e-02 2.614960e+01 7.480377e-01 6.632631e-01 -2.283733e-02 9.092086e+00 5.735312e-02 -3.032444e-02 9.978933e-01 -2.510574e-01
6.815947e-01 -7.289506e-01 -6.371570e-02 2.625131e+01 7.292766e-01 6.838535e-01 -2.235563e-02 9.163447e+00 5.986837e-02 -3.122889e-02 9.977177e-01 -2.456802e-01
7.038468e-01 -7.080980e-01 -5.654116e-02 2.636576e+01 7.083462e-01 7.056097e-01 -1.898823e-02 9.254632e+00 5.334152e-02 -2.668591e-02 9.982197e-01 -2.220992e-01
7.240939e-01 -6.876876e-01 -5.266682e-02 2.647344e+01 6.879636e-01 7.255777e-01 -1.558224e-02 9.308560e+00 4.892959e-02 -2.494985e-02 9.984906e-01 -2.411057e-01
7.464947e-01 -6.636581e-01 -4.799519e-02 2.658626e+01 6.639822e-01 7.476652e-01 -1.114519e-02 9.364856e+00 4.328093e-02 -2.354813e-02 9.987854e-01 -2.365019e-01
7.678764e-01 -6.389122e-01 -4.644354e-02 2.670261e+01 6.392179e-01 7.689623e-01 -9.882951e-03 9.412717e+00 4.202766e-02 -2.209865e-02 9.988720e-01 -2.598805e-01
7.881712e-01 -6.136490e-01 -4.712770e-02 2.683867e+01 6.140501e-01 7.892348e-01 -7.139437e-03 9.473315e+00 4.157593e-02 -2.331167e-02 9.988633e-01 -2.580548e-01
8.085077e-01 -5.865065e-01 -4.822273e-02 2.697198e+01 5.870025e-01 8.095719e-01 -4.625449e-03 9.524799e+00 4.175263e-02 -2.456715e-02 9.988259e-01 -2.577677e-01
8.292376e-01 -5.570299e-01 -4.563563e-02 2.710637e+01 5.575363e-01 8.301505e-01 -1.939476e-03 9.602647e+00 3.896478e-02 -2.383523e-02 9.989563e-01 -2.669207e-01
8.486843e-01 -5.270674e-01 -4.398818e-02 2.724530e+01 5.276775e-01 8.494405e-01 2.710223e-03 9.642868e+00 3.593687e-02 -2.551170e-02 9.990284e-01 -2.626317e-01
8.669877e-01 -4.963977e-01 -4.383769e-02 2.739846e+01 4.971287e-01 8.676488e-01 6.970610e-03 9.681469e+00 3.457552e-02 -2.783640e-02 9.990144e-01 -2.725459e-01
8.846053e-01 -4.642781e-01 -4.381054e-02 2.755636e+01 4.650566e-01 8.852347e-01 9.049158e-03 9.734919e+00 3.458128e-02 -2.837931e-02 9.989989e-01 -2.700828e-01
9.004735e-01 -4.324055e-01 -4.661485e-02 2.771474e+01 4.332229e-01 9.012456e-01 8.628756e-03 9.771716e+00 3.828030e-02 -2.796458e-02 9.988757e-01 -2.946963e-01
9.163113e-01 -3.972736e-01 -5.047074e-02 2.788969e+01 3.981297e-01 9.172959e-01 7.791539e-03 9.804178e+00 4.320123e-02 -2.723337e-02 9.986951e-01 -3.005533e-01
9.309573e-01 -3.608603e-01 -5.566268e-02 2.805139e+01 3.619139e-01 9.321598e-01 9.825005e-03 9.853502e+00 4.834105e-02 -2.929175e-02 9.984013e-01 -3.000357e-01
9.435690e-01 -3.268260e-01 -5.350016e-02 2.825322e+01 3.278697e-01 9.446491e-01 1.180882e-02 9.886382e+00 4.667946e-02 -2.868352e-02 9.984980e-01 -2.766584e-01
9.550196e-01 -2.919832e-01 -5.180112e-02 2.844677e+01 2.930196e-01 9.560108e-01 1.352065e-02 9.897133e+00 4.557463e-02 -2.809123e-02 9.985659e-01 -3.041757e-01
9.653559e-01 -2.562759e-01 -4.909929e-02 2.865165e+01 2.571808e-01 9.662758e-01 1.299004e-02 9.915669e+00 4.411444e-02 -2.516741e-02 9.987094e-01 -2.854805e-01
9.728918e-01 -2.272576e-01 -4.284273e-02 2.886576e+01 2.280793e-01 9.735221e-01 1.531580e-02 9.930264e+00 3.822771e-02 -2.467215e-02 9.989644e-01 -2.972213e-01
9.790518e-01 -1.982679e-01 -4.633931e-02 2.909621e+01 1.990549e-01 9.799023e-01 1.298963e-02 9.943872e+00 4.283256e-02 -2.194159e-02 9.988413e-01 -3.333576e-01
9.854084e-01 -1.646682e-01 -4.306736e-02 2.931756e+01 1.652353e-01 9.862041e-01 9.932835e-03 9.945033e+00 4.083759e-02 -1.690415e-02 9.990228e-01 -3.193571e-01
9.910038e-01 -1.268084e-01 -4.279296e-02 2.955053e+01 1.272396e-01 9.918436e-01 7.497260e-03 9.951697e+00 4.149322e-02 -1.287477e-02 9.990558e-01 -3.470653e-01
9.952608e-01 -9.010251e-02 -3.657116e-02 2.977032e+01 9.045468e-02 9.958678e-01 8.089064e-03 9.933198e+00 3.569119e-02 -1.135876e-02 9.992983e-01 -3.194901e-01
9.979964e-01 -5.266219e-02 -3.507059e-02 2.998441e+01 5.291859e-02 9.985782e-01 6.422582e-03 9.889526e+00 3.468250e-02 -8.265600e-03 9.993642e-01 -3.512406e-01
9.991485e-01 -1.201914e-02 -3.946738e-02 3.021169e+01 1.217483e-02 9.999191e-01 3.706811e-03 9.854640e+00 3.941963e-02 -4.184163e-03 9.992140e-01 -3.711838e-01
9.985660e-01 2.910300e-02 -4.493175e-02 3.044234e+01 -2.902831e-02 9.995760e-01 2.313962e-03 9.825735e+00 4.498004e-02 -1.006351e-03 9.989874e-01 -3.900199e-01
9.961343e-01 7.017558e-02 -5.283852e-02 3.066192e+01 -7.033002e-02 9.975232e-01 -1.066738e-03 9.787785e+00 5.263280e-02 4.778749e-03 9.986025e-01 -3.843501e-01
9.924610e-01 1.103093e-01 -5.341470e-02 3.087438e+01 -1.105985e-01 9.938620e-01 -2.480035e-03 9.727040e+00 5.281327e-02 8.368921e-03 9.985693e-01 -3.695523e-01
9.873252e-01 1.516745e-01 -4.673159e-02 3.107335e+01 -1.519065e-01 9.883938e-01 -1.433284e-03 9.642970e+00 4.597183e-02 8.513953e-03 9.989064e-01 -3.753409e-01
9.805694e-01 1.916722e-01 -4.177881e-02 3.126319e+01 -1.917353e-01 9.814433e-01 2.526685e-03 9.543808e+00 4.148784e-02 5.532886e-03 9.991237e-01 -3.808656e-01
9.720420e-01 2.320849e-01 -3.564914e-02 3.144124e+01 -2.319996e-01 9.726937e-01 6.567990e-03 9.452826e+00 3.620003e-02 1.886227e-03 9.993428e-01 -3.895571e-01
9.622224e-01 2.708642e-01 -2.758044e-02 3.161309e+01 -2.706715e-01 9.626139e-01 1.056907e-02 9.354389e+00 2.941210e-02 -2.704558e-03 9.995637e-01 -3.925960e-01
9.501733e-01 3.109500e-01 -2.192919e-02 3.176992e+01 -3.107048e-01 9.504048e-01 1.390713e-02 9.264308e+00 2.516603e-02 -6.400682e-03 9.996628e-01 -4.167286e-01
9.355091e-01 3.530541e-01 -1.324769e-02 3.193222e+01 -3.528264e-01 9.355376e-01 1.682998e-02 9.157337e+00 1.833560e-02 -1.107047e-02 9.997706e-01 -4.011853e-01
9.180659e-01 3.963912e-01 -5.379321e-03 3.208413e+01 -3.962135e-01 9.179313e-01 2.041700e-02 9.022416e+00 1.303097e-02 -1.661279e-02 9.997771e-01 -4.263045e-01
8.990737e-01 4.377353e-01 -7.360338e-03 3.224387e+01 -4.374996e-01 8.989555e-01 2.175506e-02 8.913353e+00 1.613957e-02 -1.633926e-02 9.997362e-01 -4.449695e-01
8.788891e-01 4.769988e-01 -5.105113e-03 3.241225e+01 -4.767906e-01 8.787411e-01 2.201549e-02 8.786448e+00 1.498744e-02 -1.691511e-02 9.997446e-01 -4.329556e-01
8.573787e-01 5.146704e-01 -4.019576e-03 3.256338e+01 -5.144802e-01 8.572305e-01 2.158849e-02 8.638184e+00 1.455666e-02 -1.644152e-02 9.997588e-01 -4.442303e-01
8.346918e-01 5.507066e-01 3.453526e-03 3.271481e+01 -5.506459e-01 8.344660e-01 2.134215e-02 8.500136e+00 8.871415e-03 -1.971579e-02 9.997663e-01 -4.221916e-01
8.110243e-01 5.848601e-01 1.334784e-02 3.284111e+01 -5.850101e-01 8.107449e-01 2.135811e-02 8.329150e+00 1.669818e-03 -2.513057e-02 9.996828e-01 -4.409867e-01
7.871981e-01 6.164172e-01 1.867994e-02 3.298042e+01 -6.166947e-01 7.869576e-01 1.963146e-02 8.167542e+00 -2.599151e-03 -2.697367e-02 9.996328e-01 -4.541526e-01
7.622570e-01 6.469943e-01 1.904314e-02 3.312175e+01 -6.472651e-01 7.620741e-01 1.705378e-02 7.998506e+00 -3.478583e-03 -2.532532e-02 9.996732e-01 -4.762470e-01
7.380192e-01 6.745393e-01 1.800586e-02 3.326818e+01 -6.747619e-01 7.379305e-01 1.244205e-02 7.850837e+00 -4.894426e-03 -2.133214e-02 9.997604e-01 -4.759445e-01
7.131248e-01 7.007922e-01 1.853319e-02 3.340957e+01 -7.010064e-01 7.130917e-01 9.489395e-03 7.667012e+00 -6.565772e-03 -1.975901e-02 9.997832e-01 -4.890556e-01
6.880206e-01 7.254387e-01 1.914206e-02 3.354357e+01 -7.256217e-01 6.880805e-01 4.306584e-03 7.486260e+00 -1.004712e-02 -1.685291e-02 9.998075e-01 -4.767383e-01
6.654956e-01 7.461034e-01 2.110162e-02 3.367267e+01 -7.462497e-01 6.656647e-01 -1.365000e-03 7.295247e+00 -1.506503e-02 -1.483867e-02 9.997764e-01 -4.678884e-01
6.452476e-01 7.636005e-01 2.387110e-02 3.379076e+01 -7.637082e-01 6.455320e-01 -6.190497e-03 7.111271e+00 -2.013662e-02 -1.423615e-02 9.996959e-01 -4.898178e-01
6.238352e-01 7.811500e-01 2.518525e-02 3.389125e+01 -7.812175e-01 6.241895e-01 -9.318369e-03 6.929951e+00 -2.299941e-02 -1.386203e-02 9.996394e-01 -4.820409e-01
6.046862e-01 7.960554e-01 2.550135e-02 3.402267e+01 -7.960666e-01 6.050858e-01 -1.220946e-02 6.748956e+00 -2.514992e-02 -1.291788e-02 9.996002e-01 -4.998149e-01
5.869757e-01 8.091992e-01 2.561717e-02 3.411092e+01 -8.091938e-01 5.873919e-01 -1.326930e-02 6.561676e+00 -2.578482e-02 -1.294051e-02 9.995838e-01 -5.077487e-01
5.720712e-01 8.198732e-01 2.328979e-02 3.422603e+01 -8.197589e-01 5.724657e-01 -1.669159e-02 6.398715e+00 -2.701759e-02 -9.543234e-03 9.995894e-01 -5.116246e-01
5.567247e-01 8.304480e-01 2.034267e-02 3.431828e+01 -8.302912e-01 5.570512e-01 -1.761874e-02 6.213078e+00 -2.596335e-02 -7.081549e-03 9.996378e-01 -5.109901e-01
5.453497e-01 8.380084e-01 1.831967e-02 3.442602e+01 -8.378274e-01 5.456303e-01 -1.823461e-02 6.069715e+00 -2.527653e-02 -5.404486e-03 9.996659e-01 -5.130402e-01
5.333118e-01 8.457474e-01 1.702582e-02 3.451131e+01 -8.455076e-01 5.335722e-01 -2.044094e-02 5.908680e+00 -2.637237e-02 -3.494063e-03 9.996461e-01 -5.092170e-01
5.216423e-01 8.530054e-01 1.646681e-02 3.458861e+01 -8.527780e-01 5.218898e-01 -2.002316e-02 5.740034e+00 -2.567372e-02 -3.597608e-03 9.996639e-01 -5.120389e-01
5.125334e-01 8.584900e-01 1.744524e-02 3.466799e+01 -8.582746e-01 5.128077e-01 -1.982251e-02 5.589740e+00 -2.596348e-02 -4.813103e-03 9.996513e-01 -4.969040e-01
5.038122e-01 8.636460e-01 1.699598e-02 3.473665e+01 -8.634664e-01 5.040698e-01 -1.841645e-02 5.425263e+00 -2.447246e-02 -5.397025e-03 9.996859e-01 -5.132629e-01
4.954249e-01 8.685037e-01 1.597809e-02 3.480849e+01 -8.683096e-01 4.956620e-01 -1.891100e-02 5.278437e+00 -2.434401e-02 -4.504950e-03 9.996935e-01 -5.108294e-01
4.900198e-01 8.715449e-01 1.703352e-02 3.488733e+01 -8.713817e-01 4.902782e-01 -1.792155e-02 5.136726e+00 -2.397060e-02 -6.060788e-03 9.996943e-01 -5.190810e-01
4.844154e-01 8.746830e-01 1.647540e-02 3.494818e+01 -8.745083e-01 4.846640e-01 -1.833691e-02 4.991477e+00 -2.402402e-02 -5.525191e-03 9.996961e-01 -5.097448e-01
4.791397e-01 8.775321e-01 1.904380e-02 3.502209e+01 -8.773980e-01 4.794456e-01 -1.746070e-02 4.852589e+00 -2.445279e-02 -8.342875e-03 9.996662e-01 -5.099374e-01
4.756167e-01 8.794428e-01 1.921433e-02 3.510315e+01 -8.793131e-01 4.759266e-01 -1.739238e-02 4.706554e+00 -2.444021e-02 -8.623306e-03 9.996641e-01 -4.988917e-01
4.732111e-01 8.806913e-01 2.131046e-02 3.518066e+01 -8.806176e-01 4.735582e-01 -1.598450e-02 4.556569e+00 -2.416915e-02 -1.120232e-02 9.996451e-01 -5.088798e-01
4.710687e-01 8.818561e-01 2.059625e-02 3.524556e+01 -8.817989e-01 4.713880e-01 -1.497650e-02 4.416352e+00 -2.291594e-02 -1.110679e-02 9.996757e-01 -5.160919e-01
4.687935e-01 8.830889e-01 1.966584e-02 3.531224e+01 -8.830065e-01 4.690989e-01 -1.567690e-02 4.262533e+00 -2.306932e-02 -1.001583e-02 9.996837e-01 -5.170607e-01
4.703067e-01 8.823201e-01 1.796773e-02 3.539676e+01 -8.822208e-01 4.705737e-01 -1.571213e-02 4.122026e+00 -2.231826e-02 -8.461984e-03 9.997151e-01 -5.205910e-01
4.718166e-01 8.815381e-01 1.672079e-02 3.547630e+01 -8.814139e-01 4.720607e-01 -1.637612e-02 3.984970e+00 -2.232940e-02 -7.011410e-03 9.997261e-01 -5.169466e-01
4.741411e-01 8.803115e-01 1.555206e-02 3.555376e+01 -8.802208e-01 4.743463e-01 -1.438496e-02 3.833424e+00 -2.004031e-02 -6.868745e-03 9.997756e-01 -5.278427e-01
4.782003e-01 8.781706e-01 1.186735e-02 3.565070e+01 -8.780774e-01 4.783309e-01 -1.340662e-02 3.693039e+00 -1.744981e-02 -4.009398e-03 9.998397e-01 -5.240207e-01
4.843192e-01 8.748450e-01 9.005520e-03 3.574671e+01 -8.747944e-01 4.843931e-01 -9.908685e-03 3.557796e+00 -1.303078e-02 -3.079011e-03 9.999104e-01 -5.331986e-01
4.933663e-01 8.697798e-01 8.530548e-03 3.584492e+01 -8.697157e-01 4.934356e-01 -1.077112e-02 3.426607e+00 -1.357777e-02 -2.105045e-03 9.999056e-01 -5.164653e-01
5.031408e-01 8.641475e-01 9.913758e-03 3.593463e+01 -8.641024e-01 5.032245e-01 -9.592650e-03 3.282387e+00 -1.327831e-02 -3.740049e-03 9.999049e-01 -5.206401e-01
5.143197e-01 8.575207e-01 1.155235e-02 3.603510e+01 -8.574828e-01 5.144249e-01 -9.499514e-03 3.135611e+00 -1.408885e-02 -5.020157e-03 9.998881e-01 -5.173693e-01
5.285198e-01 8.487821e-01 1.535864e-02 3.614402e+01 -8.487692e-01 5.286810e-01 -9.344677e-03 2.995854e+00 -1.605141e-02 -8.097093e-03 9.998384e-01 -5.102853e-01
5.449826e-01 8.382634e-01 1.756501e-02 3.625237e+01 -8.382725e-01 5.451771e-01 -9.007958e-03 2.860789e+00 -1.712708e-02 -9.815083e-03 9.998052e-01 -5.194777e-01
5.645402e-01 8.251715e-01 1.965277e-02 3.637680e+01 -8.251868e-01 5.647787e-01 -9.578693e-03 2.736104e+00 -1.900353e-02 -1.080964e-02 9.997610e-01 -5.172191e-01
5.850241e-01 8.107996e-01 1.873162e-02 3.649373e+01 -8.108070e-01 5.852416e-01 -9.181801e-03 2.609879e+00 -1.840712e-02 -9.816153e-03 9.997824e-01 -5.253636e-01
6.071427e-01 7.943673e-01 1.892713e-02 3.661425e+01 -7.943634e-01 6.073674e-01 -9.563881e-03 2.490076e+00 -1.909296e-02 -9.228379e-03 9.997751e-01 -5.272987e-01
6.313716e-01 7.752563e-01 1.864062e-02 3.674661e+01 -7.752467e-01 6.315891e-01 -9.372848e-03 2.373402e+00 -1.903957e-02 -8.533328e-03 9.997823e-01 -5.354136e-01
6.586705e-01 7.521805e-01 1.943443e-02 3.690375e+01 -7.521572e-01 6.589082e-01 -9.989898e-03 2.276145e+00 -2.031971e-02 -8.037695e-03 9.997612e-01 -5.333297e-01
6.860585e-01 7.272812e-01 1.964071e-02 3.704125e+01 -7.272686e-01 6.862926e-01 -9.108530e-03 2.153907e+00 -2.010374e-02 -8.035086e-03 9.997656e-01 -5.394446e-01
7.156693e-01 6.982070e-01 1.801528e-02 3.719512e+01 -6.981865e-01 7.158661e-01 -8.442715e-03 2.061951e+00 -1.879129e-02 -6.535832e-03 9.998021e-01 -5.358237e-01
7.468461e-01 6.647049e-01 1.970645e-02 3.736488e+01 -6.647329e-01 7.470566e-01 -6.040152e-03 1.988337e+00 -1.873676e-02 -8.588467e-03 9.997876e-01 -5.529518e-01
7.757243e-01 6.307863e-01 1.898624e-02 3.753832e+01 -6.308156e-01 7.759156e-01 -5.159660e-03 1.914080e+00 -1.798636e-02 -7.974344e-03 9.998064e-01 -5.447418e-01
8.036904e-01 5.947924e-01 1.743030e-02 3.771865e+01 -5.948222e-01 8.038474e-01 -3.982237e-03 1.837452e+00 -1.637991e-02 -7.167445e-03 9.998401e-01 -5.581779e-01
8.313042e-01 5.556123e-01 1.510873e-02 3.792310e+01 -5.556082e-01 8.314300e-01 -4.859513e-03 1.793135e+00 -1.526186e-02 -4.354801e-03 9.998741e-01 -5.440215e-01
8.585646e-01 5.125151e-01 1.396875e-02 3.814558e+01 -5.125012e-01 8.586729e-01 -4.823181e-03 1.741427e+00 -1.446654e-02 -3.017988e-03 9.998908e-01 -5.543140e-01
8.849831e-01 4.653663e-01 1.546669e-02 3.837144e+01 -4.653589e-01 8.851117e-01 -4.296404e-03 1.680920e+00 -1.568915e-02 -3.395315e-03 9.998711e-01 -5.527815e-01
9.092768e-01 4.158964e-01 1.567835e-02 3.860733e+01 -4.158963e-01 9.094057e-01 -3.422336e-03 1.647995e+00 -1.568132e-02 -3.408717e-03 9.998713e-01 -5.658289e-01
9.310887e-01 3.643366e-01 1.824120e-02 3.884089e+01 -3.643308e-01 9.312620e-01 -3.757145e-03 1.617562e+00 -1.835620e-02 -3.147597e-03 9.998266e-01 -5.624260e-01
9.507352e-01 3.093902e-01 1.950195e-02 3.909476e+01 -3.093704e-01 9.509329e-01 -4.098340e-03 1.586976e+00 -1.981303e-02 -2.136887e-03 9.998014e-01 -5.687088e-01
9.669937e-01 2.539863e-01 2.034750e-02 3.936539e+01 -2.539570e-01 9.672071e-01 -4.054205e-03 1.562432e+00 -2.070995e-02 -1.246998e-03 9.997848e-01 -5.829763e-01
9.802822e-01 1.966585e-01 1.929368e-02 3.963025e+01 -1.966001e-01 9.804715e-01 -4.897430e-03 1.549760e+00 -1.988003e-02 1.007724e-03 9.998019e-01 -5.742007e-01
9.897930e-01 1.412320e-01 1.906129e-02 3.990270e+01 -1.411607e-01 9.899738e-01 -5.045117e-03 1.570017e+00 -1.958271e-02 2.302917e-03 9.998056e-01 -5.907713e-01
9.962247e-01 8.428501e-02 2.079284e-02 4.017030e+01 -8.420133e-02 9.964367e-01 -4.869610e-03 1.594690e+00 -2.112919e-02 3.100441e-03 9.997720e-01 -5.734203e-01
9.993628e-01 2.787264e-02 2.229548e-02 4.043158e+01 -2.776277e-02 9.996009e-01 -5.222616e-03 1.622800e+00 -2.243215e-02 4.600305e-03 9.997378e-01 -5.756917e-01
9.992493e-01 -2.860264e-02 2.612903e-02 4.069452e+01 2.875442e-02 9.995717e-01 -5.451659e-03 1.673613e+00 -2.596190e-02 6.198892e-03 9.996437e-01 -5.696679e-01
9.960603e-01 -8.419356e-02 2.784388e-02 4.095362e+01 8.440284e-02 9.964112e-01 -6.426580e-03 1.728832e+00 -2.720288e-02 8.751364e-03 9.995916e-01 -5.982004e-01
9.899453e-01 -1.387661e-01 2.742840e-02 4.119905e+01 1.389442e-01 9.902891e-01 -4.687977e-03 1.787384e+00 -2.651151e-02 8.451859e-03 9.996127e-01 -5.981542e-01
9.807959e-01 -1.933263e-01 2.577624e-02 4.144880e+01 1.934540e-01 9.811059e-01 -2.532239e-03 1.888183e+00 -2.479968e-02 7.470127e-03 9.996645e-01 -6.127843e-01
9.691572e-01 -2.454345e-01 2.227693e-02 4.166904e+01 2.455259e-01 9.693891e-01 -1.423577e-03 1.969951e+00 -2.124561e-02 6.849233e-03 9.997509e-01 -6.346573e-01
9.550046e-01 -2.958787e-01 2.054190e-02 4.189391e+01 2.959318e-01 9.552090e-01 4.750651e-04 2.098280e+00 -1.976237e-02 5.625311e-03 9.997889e-01 -6.215966e-01
9.390727e-01 -3.432208e-01 1.849149e-02 4.208816e+01 3.432131e-01 9.392505e-01 3.690206e-03 2.191202e+00 -1.863470e-02 2.881150e-03 9.998222e-01 -6.358041e-01
9.216800e-01 -3.875613e-01 1.738417e-02 4.228503e+01 3.875313e-01 9.218420e-01 5.202486e-03 2.309767e+00 -1.804174e-02 1.941883e-03 9.998354e-01 -6.252577e-01
9.044249e-01 -4.262719e-01 1.754688e-02 4.246562e+01 4.262168e-01 9.045943e-01 6.954588e-03 2.438192e+00 -1.883736e-02 1.188873e-03 9.998218e-01 -6.314922e-01
8.878204e-01 -4.598509e-01 1.766821e-02 4.263405e+01 4.598062e-01 8.879937e-01 6.753778e-03 2.530198e+00 -1.879499e-02 2.127811e-03 9.998211e-01 -6.255156e-01
8.698690e-01 -4.929517e-01 1.807120e-02 4.279592e+01 4.928932e-01 8.700542e-01 7.868309e-03 2.650846e+00 -1.960162e-02 2.062774e-03 9.998057e-01 -6.476715e-01
8.514533e-01 -5.241745e-01 1.638142e-02 4.294497e+01 5.241300e-01 8.516074e-01 7.244048e-03 2.777830e+00 -1.774769e-02 2.418027e-03 9.998395e-01 -6.575012e-01
8.355892e-01 -5.491849e-01 1.366418e-02 4.307341e+01 5.491279e-01 8.357005e-01 7.956760e-03 2.898718e+00 -1.578889e-02 8.548009e-04 9.998750e-01 -6.835772e-01
8.191478e-01 -5.735149e-01 8.811018e-03 4.320369e+01 5.734499e-01 8.191921e-01 8.920069e-03 3.020720e+00 -1.233371e-02 -2.254177e-03 9.999214e-01 -6.747015e-01
8.044226e-01 -5.940364e-01 5.006509e-03 4.331393e+01 5.939752e-01 8.044231e-01 9.858315e-03 3.148063e+00 -9.883548e-03 -4.956509e-03 9.999388e-01 -6.867743e-01
7.910826e-01 -6.117074e-01 1.515731e-03 4.343141e+01 6.116595e-01 7.910473e-01 1.079967e-02 3.253977e+00 -7.805251e-03 -7.616316e-03 9.999405e-01 -6.739725e-01
7.816378e-01 -6.237326e-01 -6.285845e-05 4.351219e+01 6.236986e-01 7.815942e-01 1.052414e-02 3.351740e+00 -6.515119e-03 -8.265271e-03 9.999446e-01 -6.852159e-01
7.711070e-01 -6.367049e-01 -9.846247e-04 4.360038e+01 6.366714e-01 7.710484e-01 1.156027e-02 3.442869e+00 -6.601284e-03 -9.541084e-03 9.999327e-01 -6.769930e-01
7.636388e-01 -6.456428e-01 -1.085919e-03 4.369588e+01 6.456007e-01 7.635676e-01 1.282235e-02 3.536157e+00 -7.449486e-03 -1.049272e-02 9.999172e-01 -6.772664e-01
7.558739e-01 -6.547149e-01 -1.752496e-03 4.376657e+01 6.546785e-01 7.557974e-01 1.289103e-02 3.611121e+00 -7.115419e-03 -1.089132e-02 9.999154e-01 -6.851615e-01
7.486330e-01 -6.629807e-01 -2.272861e-03 4.385202e+01 6.629500e-01 7.485543e-01 1.279601e-02 3.688860e+00 -6.782148e-03 -1.108631e-02 9.999155e-01 -6.853067e-01
7.432913e-01 -6.689613e-01 -2.989698e-03 4.392907e+01 6.689345e-01 7.432020e-01 1.333111e-02 3.769097e+00 -6.696044e-03 -1.190881e-02 9.999067e-01 -6.969597e-01
7.390083e-01 -6.736898e-01 -2.970583e-03 4.399482e+01 6.736677e-01 7.389293e-01 1.246993e-02 3.849152e+00 -6.205816e-03 -1.121657e-02 9.999178e-01 -6.928328e-01
7.360808e-01 -6.768898e-01 -2.299187e-03 4.409784e+01 6.768556e-01 7.359990e-01 1.311469e-02 3.931242e+00 -7.185003e-03 -1.120969e-02 9.999114e-01 -6.951328e-01
7.346113e-01 -6.784881e-01 -4.311157e-04 4.417659e+01 6.784280e-01 7.345375e-01 1.379546e-02 3.987688e+00 -9.043385e-03 -1.042678e-02 9.999048e-01 -6.815127e-01
7.332975e-01 -6.799058e-01 1.720391e-03 4.425338e+01 6.798246e-01 7.332450e-01 1.379770e-02 4.057722e+00 -1.064260e-02 -8.948259e-03 9.999033e-01 -6.978682e-01
7.338333e-01 -6.793195e-01 3.694992e-03 4.434340e+01 6.792226e-01 7.338035e-01 1.375043e-02 4.117159e+00 -1.205233e-02 -7.580803e-03 9.998986e-01 -6.975127e-01
7.348183e-01 -6.782426e-01 5.388849e-03 4.442430e+01 6.781279e-01 7.348069e-01 1.418988e-02 4.191742e+00 -1.358394e-02 -6.772653e-03 9.998848e-01 -7.065281e-01
7.367221e-01 -6.761774e-01 4.965163e-03 4.451657e+01 6.760715e-01 7.367076e-01 1.375689e-02 4.253964e+00 -1.295997e-02 -6.778201e-03 9.998931e-01 -7.157177e-01
7.408038e-01 -6.717060e-01 4.545814e-03 4.458341e+01 6.716090e-01 7.407867e-01 1.328603e-02 4.325549e+00 -1.229179e-02 -6.789334e-03 9.999014e-01 -7.183167e-01
7.458991e-01 -6.660482e-01 3.792046e-03 4.466888e+01 6.659583e-01 7.458733e-01 1.314474e-02 4.399580e+00 -1.158341e-02 -7.279305e-03 9.999064e-01 -7.220413e-01
7.520423e-01 -6.591008e-01 4.298289e-03 4.475468e+01 6.590018e-01 7.520180e-01 1.362365e-02 4.457593e+00 -1.221175e-02 -7.412978e-03 9.998980e-01 -7.231978e-01
7.587734e-01 -6.513442e-01 3.704573e-03 4.484926e+01 6.512456e-01 7.587380e-01 1.398490e-02 4.521673e+00 -1.191979e-02 -8.198784e-03 9.998953e-01 -7.269260e-01
7.677142e-01 -6.407814e-01 3.762593e-03 4.493999e+01 6.406839e-01 7.676791e-01 1.389592e-02 4.567796e+00 -1.179271e-02 -8.257463e-03 9.998963e-01 -7.303843e-01
7.778665e-01 -6.284261e-01 2.055082e-03 4.503422e+01 6.283577e-01 7.778231e-01 1.256720e-02 4.612976e+00 -9.496047e-03 -8.484280e-03 9.999189e-01 -7.334016e-01
7.888958e-01 -6.145254e-01 1.368955e-03 4.515052e+01 6.144627e-01 7.888435e-01 1.270523e-02 4.676474e+00 -8.887578e-03 -9.181930e-03 9.999183e-01 -7.430565e-01
8.003010e-01 -5.995985e-01 -2.030318e-04 4.525659e+01 5.995561e-01 8.002402e-01 1.216256e-02 4.731483e+00 -7.130177e-03 -9.855435e-03 9.999260e-01 -7.459809e-01
8.140250e-01 -5.808296e-01 -4.798803e-04 4.536248e+01 5.807927e-01 8.139633e-01 1.198737e-02 4.780091e+00 -6.572012e-03 -1.003673e-02 9.999281e-01 -7.540544e-01
8.290235e-01 -5.592046e-01 -3.182266e-03 4.548691e+01 5.592000e-01 8.289500e-01 1.172091e-02 4.816499e+00 -3.916446e-03 -1.149643e-02 9.999263e-01 -7.550483e-01
8.447671e-01 -5.351226e-01 -3.527405e-03 4.560511e+01 5.351242e-01 8.446929e-01 1.165867e-02 4.875589e+00 -3.259244e-03 -1.173646e-02 9.999258e-01 -7.586107e-01
8.599958e-01 -5.102758e-01 -5.091954e-03 4.573966e+01 5.102983e-01 8.599145e-01 1.194575e-02 4.908569e+00 -1.716981e-03 -1.287171e-02 9.999157e-01 -7.612588e-01
8.767676e-01 -4.808837e-01 -5.432542e-03 4.587422e+01 4.809135e-01 8.766882e-01 1.183213e-02 4.944070e+00 -9.272310e-04 -1.298661e-02 9.999152e-01 -7.634114e-01
8.939008e-01 -4.482253e-01 -5.955675e-03 4.603695e+01 4.482648e-01 8.938161e-01 1.229268e-02 4.910483e+00 -1.866126e-04 -1.365816e-02 9.999067e-01 -7.569913e-01
9.115910e-01 -4.110744e-01 -4.435783e-03 4.618646e+01 4.110965e-01 9.115018e-01 1.282381e-02 4.926259e+00 -1.228314e-03 -1.351360e-02 9.999079e-01 -7.601244e-01
9.278167e-01 -3.730253e-01 -2.884058e-03 4.634102e+01 3.730313e-01 9.277363e-01 1.237255e-02 4.930815e+00 -1.939628e-03 -1.255530e-02 9.999193e-01 -7.619275e-01
9.429547e-01 -3.329183e-01 -1.357977e-03 4.651592e+01 3.329111e-01 9.428871e-01 1.157968e-02 4.925679e+00 -2.574668e-03 -1.137120e-02 9.999321e-01 -7.660891e-01
9.561845e-01 -2.927519e-01 2.744727e-03 4.667927e+01 2.927051e-01 9.561368e-01 1.123217e-02 4.931835e+00 -5.912573e-03 -9.936628e-03 9.999331e-01 -7.590951e-01
9.681048e-01 -2.504931e-01 5.119736e-03 4.685353e+01 2.504406e-01 9.680890e-01 9.134902e-03 4.918822e+00 -7.244589e-03 -7.561353e-03 9.999452e-01 -7.648970e-01
9.783493e-01 -2.068435e-01 6.954234e-03 4.703144e+01 2.067904e-01 9.783552e-01 7.652621e-03 4.882927e+00 -8.386607e-03 -6.048867e-03 9.999465e-01 -7.760689e-01
9.869123e-01 -1.609965e-01 9.173905e-03 4.720910e+01 1.609246e-01 9.869335e-01 8.110470e-03 4.873278e+00 -1.035979e-02 -6.528016e-03 9.999250e-01 -7.817512e-01
9.935883e-01 -1.127234e-01 8.700151e-03 4.740123e+01 1.126544e-01 9.936016e-01 8.057615e-03 4.821457e+00 -9.552766e-03 -7.025842e-03 9.999297e-01 -7.937035e-01
9.978760e-01 -6.430525e-02 1.041130e-02 4.760273e+01 6.422092e-02 9.979018e-01 8.240894e-03 4.766377e+00 -1.091939e-02 -7.554767e-03 9.999118e-01 -7.830338e-01
9.998453e-01 -1.253903e-02 1.233768e-02 4.778751e+01 1.243829e-02 9.998889e-01 8.208745e-03 4.720151e+00 -1.243924e-02 -8.054015e-03 9.998902e-01 -7.840499e-01
9.991345e-01 3.873339e-02 1.516814e-02 4.797225e+01 -3.885484e-02 9.992145e-01 7.795741e-03 4.649721e+00 -1.485427e-02 -8.378349e-03 9.998546e-01 -7.903001e-01
9.957816e-01 9.017095e-02 1.697632e-02 4.818306e+01 -9.030217e-02 9.958889e-01 7.127069e-03 4.557395e+00 -1.626387e-02 -8.630002e-03 9.998305e-01 -7.980219e-01
9.899028e-01 1.404404e-01 1.920959e-02 4.839714e+01 -1.405896e-01 9.900458e-01 6.647449e-03 4.490025e+00 -1.808480e-02 -9.280996e-03 9.997934e-01 -7.999080e-01
9.814825e-01 1.905276e-01 1.978203e-02 4.858952e+01 -1.906461e-01 9.816496e-01 4.271995e-03 4.371065e+00 -1.860508e-02 -7.964254e-03 9.997952e-01 -8.064927e-01
9.704092e-01 2.406201e-01 2.019705e-02 4.878322e+01 -2.407294e-01 9.705871e-01 3.132965e-03 4.280548e+00 -1.884914e-02 -7.902282e-03 9.997911e-01 -8.021861e-01
9.573566e-01 2.881643e-01 2.072654e-02 4.898378e+01 -2.882542e-01 9.575529e-01 1.422346e-03 4.190740e+00 -1.943688e-02 -7.336202e-03 9.997842e-01 -8.193576e-01
9.419785e-01 3.351969e-01 1.787549e-02 4.917447e+01 -3.352279e-01 9.421362e-01 -1.324585e-03 4.095081e+00 -1.728514e-02 -4.744632e-03 9.998394e-01 -8.134529e-01
9.249429e-01 3.797095e-01 1.735969e-02 4.937659e+01 -3.796994e-01 9.251014e-01 -4.004738e-03 3.975563e+00 -1.758010e-02 -2.887307e-03 9.998413e-01 -8.243393e-01
9.063122e-01 4.222232e-01 1.804769e-02 4.956573e+01 -4.222140e-01 9.064851e-01 -4.506609e-03 3.844015e+00 -1.826276e-02 -3.535592e-03 9.998270e-01 -8.184780e-01
8.858164e-01 4.635046e-01 2.219902e-02 4.975952e+01 -4.635210e-01 8.860734e-01 -4.709376e-03 3.715841e+00 -2.185278e-02 -6.118070e-03 9.997425e-01 -8.186407e-01
8.657206e-01 4.998486e-01 2.606170e-02 4.995083e+01 -4.998782e-01 8.660761e-01 -5.833503e-03 3.552228e+00 -2.548728e-02 -7.977491e-03 9.996433e-01 -8.224207e-01
8.443886e-01 5.351324e-01 2.532118e-02 5.013069e+01 -5.351380e-01 8.447348e-01 -7.126928e-03 3.398886e+00 -2.520353e-02 -7.532427e-03 9.996539e-01 -8.340241e-01
8.226392e-01 5.680512e-01 2.413471e-02 5.031956e+01 -5.680517e-01 8.229586e-01 -7.500444e-03 3.234439e+00 -2.412250e-02 -7.539603e-03 9.996806e-01 -8.426728e-01
7.994509e-01 6.004309e-01 1.899605e-02 5.049537e+01 -6.003951e-01 7.996616e-01 -8.169634e-03 3.092279e+00 -2.009571e-02 -4.873913e-03 9.997862e-01 -8.412770e-01
7.736284e-01 6.333842e-01 1.799009e-02 5.068092e+01 -6.333143e-01 7.738291e-01 -1.007024e-02 2.912997e+00 -2.029959e-02 -3.602760e-03 9.997874e-01 -8.468481e-01
7.464137e-01 6.652197e-01 1.869393e-02 5.084162e+01 -6.651031e-01 7.466422e-01 -1.278489e-02 2.730316e+00 -2.246244e-02 -2.890573e-03 9.997435e-01 -8.322659e-01
7.170739e-01 6.967295e-01 1.931304e-02 5.099162e+01 -6.966027e-01 7.173251e-01 -1.376655e-02 2.534463e+00 -2.344529e-02 -3.581883e-03 9.997187e-01 -8.420257e-01
6.855459e-01 7.278146e-01 1.768159e-02 5.112589e+01 -7.276389e-01 6.857715e-01 -1.609707e-02 2.320265e+00 -2.384121e-02 -1.830531e-03 9.997141e-01 -8.373367e-01
6.532888e-01 7.568846e-01 1.842497e-02 5.126366e+01 -7.567137e-01 6.535405e-01 -1.640055e-02 2.120082e+00 -2.445479e-02 -3.228136e-03 9.996957e-01 -8.391302e-01
6.188272e-01 7.852437e-01 2.110070e-02 5.138546e+01 -7.850704e-01 6.191602e-01 -1.747267e-02 1.876469e+00 -2.678501e-02 -5.752972e-03 9.996247e-01 -8.311960e-01
5.816028e-01 8.131893e-01 2.148074e-02 5.149990e+01 -8.130090e-01 5.819601e-01 -1.840483e-02 1.652278e+00 -2.746755e-02 -6.759740e-03 9.995998e-01 -8.404942e-01
5.442623e-01 8.386431e-01 2.136171e-02 5.162346e+01 -8.384130e-01 5.446411e-01 -2.073022e-02 1.432583e+00 -2.901972e-02 -6.627261e-03 9.995569e-01 -8.379232e-01
5.047071e-01 8.630296e-01 2.122878e-02 5.170695e+01 -8.627340e-01 5.051122e-01 -2.349170e-02 1.195671e+00 -3.099695e-02 -6.458363e-03 9.994986e-01 -8.270575e-01
4.686487e-01 8.831317e-01 2.113764e-02 5.181525e+01 -8.827804e-01 4.690790e-01 -2.576261e-02 9.730721e-01 -3.266700e-02 -6.586284e-03 9.994446e-01 -8.252618e-01
4.320866e-01 9.015291e-01 2.337644e-02 5.190164e+01 -9.011382e-01 4.326255e-01 -2.801535e-02 7.539960e-01 -3.536990e-02 -8.960347e-03 9.993341e-01 -8.233256e-01
3.931130e-01 9.192116e-01 2.263438e-02 5.196619e+01 -9.188209e-01 3.936468e-01 -2.846670e-02 4.836797e-01 -3.507688e-02 -9.606317e-03 9.993384e-01 -8.233020e-01
3.586810e-01 9.331573e-01 2.377644e-02 5.203674e+01 -9.326802e-01 3.593061e-01 -3.172788e-02 2.642543e-01 -3.815012e-02 -1.079563e-02 9.992137e-01 -8.136446e-01
3.227732e-01 9.462103e-01 2.244252e-02 5.208153e+01 -9.456116e-01 3.234011e-01 -3.507870e-02 1.377513e-02 -4.044976e-02 -9.899437e-03 9.991325e-01 -8.225459e-01
2.884521e-01 9.573632e-01 1.584547e-02 5.213334e+01 -9.567060e-01 2.888467e-01 -3.579378e-02 -2.391829e-01 -3.884456e-02 -4.834658e-03 9.992335e-01 -8.281342e-01
2.546593e-01 9.669824e-01 9.675285e-03 5.217679e+01 -9.663073e-01 2.548430e-01 -3.612761e-02 -4.751269e-01 -3.740044e-02 -1.490675e-04 9.993004e-01 -8.320506e-01
2.246214e-01 9.743855e-01 1.086499e-02 5.221233e+01 -9.737043e-01 2.248713e-01 -3.650624e-02 -7.115717e-01 -3.801438e-02 -2.379203e-03 9.992744e-01 -7.822939e-01
1.959153e-01 9.805247e-01 1.373195e-02 5.223756e+01 -9.799834e-01 1.962737e-01 -3.330651e-02 -9.054837e-01 -3.535307e-02 -6.931823e-03 9.993508e-01 -8.011615e-01
1.658768e-01 9.860082e-01 1.651376e-02 5.222641e+01 -9.855927e-01 1.663216e-01 -3.072987e-02 -1.131385e+00 -3.304650e-02 -1.117847e-02 9.993913e-01 -7.744973e-01
1.399891e-01 9.899570e-01 1.970019e-02 5.220635e+01 -9.897177e-01 1.404898e-01 -2.686222e-02 -1.339720e+00 -2.936012e-02 -1.573721e-02 9.994450e-01 -7.957779e-01
1.153908e-01 9.931390e-01 1.896988e-02 5.219701e+01 -9.929366e-01 1.158559e-01 -2.558061e-02 -1.561601e+00 -2.760288e-02 -1.588412e-02 9.994928e-01 -7.887319e-01
9.674585e-02 9.951386e-01 1.842346e-02 5.219730e+01 -9.949819e-01 9.717226e-02 -2.384760e-02 -1.747493e+00 -2.552192e-02 -1.602385e-02 9.995458e-01 -7.986417e-01
8.100158e-02 9.965367e-01 1.879365e-02 5.221223e+01 -9.963977e-01 8.143640e-02 -2.365702e-02 -1.936161e+00 -2.510558e-02 -1.680969e-02 9.995435e-01 -7.923159e-01
6.656832e-02 9.975973e-01 1.918772e-02 5.221861e+01 -9.975106e-01 6.698608e-02 -2.202925e-02 -2.126069e+00 -2.326163e-02 -1.767351e-02 9.995732e-01 -7.779873e-01
5.568492e-02 9.982580e-01 1.949803e-02 5.219896e+01 -9.982327e-01 5.606830e-02 -1.969495e-02 -2.308272e+00 -2.075386e-02 -1.836685e-02 9.996159e-01 -7.785859e-01
4.757071e-02 9.986692e-01 1.991556e-02 5.220406e+01 -9.986945e-01 4.792428e-02 -1.767707e-02 -2.476789e+00 -1.860799e-02 -1.904865e-02 9.996454e-01 -7.835373e-01
4.122311e-02 9.989803e-01 1.841269e-02 5.220220e+01 -9.990090e-01 4.152000e-02 -1.603948e-02 -2.668614e+00 -1.678762e-02 -1.773324e-02 9.997018e-01 -7.907971e-01
3.756583e-02 9.991734e-01 1.553664e-02 5.221778e+01 -9.991596e-01 3.781152e-02 -1.582766e-02 -2.851506e+00 -1.640204e-02 -1.492901e-02 9.997540e-01 -7.955068e-01
3.940582e-02 9.991428e-01 1.268586e-02 5.223825e+01 -9.990981e-01 3.959870e-02 -1.533181e-02 -3.037228e+00 -1.582101e-02 -1.207025e-02 9.998020e-01 -7.878234e-01
4.164410e-02 9.990332e-01 1.408355e-02 5.224153e+01 -9.990096e-01 4.185605e-02 -1.509674e-02 -3.220474e+00 -1.567163e-02 -1.344091e-02 9.997869e-01 -7.804119e-01
4.858559e-02 9.986940e-01 1.579840e-02 5.225565e+01 -9.986913e-01 4.882622e-02 -1.522259e-02 -3.396171e+00 -1.597409e-02 -1.503813e-02 9.997593e-01 -7.702664e-01
5.528361e-02 9.982927e-01 1.884977e-02 5.225425e+01 -9.983670e-01 5.554008e-02 -1.336777e-02 -3.582950e+00 -1.439187e-02 -1.807997e-02 9.997330e-01 -7.773831e-01
6.446028e-02 9.977294e-01 1.951568e-02 5.228724e+01 -9.978462e-01 6.468129e-02 -1.091362e-02 -3.754469e+00 -1.215114e-02 -1.877015e-02 9.997500e-01 -7.931986e-01
7.553023e-02 9.969485e-01 1.972057e-02 5.229579e+01 -9.970673e-01 7.575417e-02 -1.086597e-02 -3.929847e+00 -1.232672e-02 -1.884202e-02 9.997465e-01 -7.896909e-01
8.858049e-02 9.958778e-01 1.951520e-02 5.233361e+01 -9.960125e-01 8.876705e-02 -8.914541e-03 -4.118143e+00 -1.061010e-02 -1.864773e-02 9.997698e-01 -7.932985e-01
1.025596e-01 9.945596e-01 1.824168e-02 5.237637e+01 -9.946747e-01 1.027250e-01 -8.363945e-03 -4.290568e+00 -1.019232e-02 -1.728673e-02 9.997986e-01 -8.024235e-01
1.171556e-01 9.929435e-01 1.837925e-02 5.240454e+01 -9.930898e-01 1.172609e-01 -4.761539e-03 -4.474409e+00 -6.883107e-03 -1.769440e-02 9.998198e-01 -8.078585e-01
1.330562e-01 9.909809e-01 1.590450e-02 5.244643e+01 -9.910951e-01 1.331209e-01 -3.061446e-03 -4.666547e+00 -5.151052e-03 -1.535552e-02 9.998688e-01 -8.159565e-01
1.484603e-01 9.887809e-01 1.649150e-02 5.247899e+01 -9.889145e-01 1.484859e-01 -3.309948e-04 -4.849854e+00 -2.776037e-03 -1.625955e-02 9.998639e-01 -8.042275e-01
1.657541e-01 9.860491e-01 1.525710e-02 5.253403e+01 -9.861655e-01 1.657627e-01 7.151011e-04 -5.030501e+00 -1.823932e-03 -1.516455e-02 9.998834e-01 -7.966892e-01
1.831408e-01 9.829684e-01 1.525040e-02 5.259503e+01 -9.830865e-01 1.831079e-01 3.545560e-03 -5.241236e+00 6.927061e-04 -1.564180e-02 9.998774e-01 -8.195830e-01
2.007069e-01 9.795378e-01 1.490793e-02 5.264947e+01 -9.796489e-01 2.006499e-01 5.242058e-03 -5.443066e+00 2.143520e-03 -1.565666e-02 9.998751e-01 -8.145802e-01
2.186773e-01 9.756948e-01 1.413549e-02 5.271339e+01 -9.757859e-01 2.185819e-01 7.992662e-03 -5.646659e+00 4.708638e-03 -1.554102e-02 9.998682e-01 -8.309018e-01
2.360112e-01 9.716635e-01 1.299277e-02 5.279207e+01 -9.717367e-01 2.359159e-01 8.460750e-03 -5.867020e+00 5.155802e-03 -1.462238e-02 9.998798e-01 -8.200305e-01
2.537405e-01 9.671917e-01 1.248923e-02 5.285019e+01 -9.672620e-01 2.536573e-01 7.887345e-03 -6.090343e+00 4.460591e-03 -1.408169e-02 9.998909e-01 -8.253129e-01
2.723666e-01 9.620906e-01 1.406958e-02 5.293815e+01 -9.621906e-01 2.723011e-01 6.418796e-03 -6.307525e+00 2.344302e-03 -1.528589e-02 9.998804e-01 -8.080305e-01
2.914652e-01 9.564315e-01 1.693176e-02 5.302418e+01 -9.565812e-01 2.914305e-01 4.534319e-03 -6.542358e+00 -5.976679e-04 -1.751820e-02 9.998463e-01 -8.242387e-01
3.100674e-01 9.505184e-01 1.931127e-02 5.312243e+01 -9.507090e-01 3.100711e-01 2.881318e-03 -6.784719e+00 -3.249118e-03 -1.925280e-02 9.998094e-01 -8.371930e-01
3.292535e-01 9.440327e-01 1.985849e-02 5.323483e+01 -9.442283e-01 3.292874e-01 1.627490e-03 -7.036376e+00 -5.002747e-03 -1.928680e-02 9.998015e-01 -8.469726e-01
3.482815e-01 9.372610e-01 1.554545e-02 5.335250e+01 -9.373862e-01 3.482789e-01 2.962841e-03 -7.291675e+00 -2.637199e-03 -1.560400e-02 9.998748e-01 -8.921614e-01
3.688443e-01 9.294790e-01 4.771231e-03 5.347328e+01 -9.294735e-01 3.688006e-01 8.063346e-03 -7.529039e+00 5.735078e-03 -7.408851e-03 9.999561e-01 -9.013154e-01
3.934615e-01 9.193355e-01 -3.200425e-03 5.363000e+01 -9.192619e-01 3.934711e-01 1.175588e-02 -7.769685e+00 1.206687e-02 -1.683458e-03 9.999258e-01 -8.904259e-01
4.193615e-01 9.077996e-01 -5.992882e-03 5.376368e+01 -9.077032e-01 4.194044e-01 1.323044e-02 -7.995313e+00 1.452403e-02 -1.085815e-04 9.998945e-01 -8.843285e-01
4.500597e-01 8.929783e-01 -6.022481e-03 5.384557e+01 -8.928760e-01 4.500993e-01 1.353074e-02 -8.229142e+00 1.479337e-02 -7.123123e-04 9.998903e-01 -8.661945e-01
4.784688e-01 8.781037e-01 -1.208360e-03 5.403447e+01 -8.780032e-01 4.784340e-01 1.453152e-02 -8.453069e+00 1.333830e-02 -5.891934e-03 9.998937e-01 -8.707145e-01
5.106350e-01 8.597913e-01 3.276171e-03 5.413712e+01 -8.597063e-01 5.105217e-01 1.651095e-02 -8.666980e+00 1.252342e-02 -1.124762e-02 9.998583e-01 -8.749587e-01
5.446821e-01 8.385925e-01 9.164877e-03 5.431818e+01 -8.385363e-01 5.444065e-01 2.187195e-02 -8.892156e+00 1.335223e-02 -1.959834e-02 9.997188e-01 -8.723658e-01
5.794485e-01 8.149048e-01 1.302561e-02 5.448138e+01 -8.148929e-01 5.790224e-01 2.612674e-02 -9.067226e+00 1.374869e-02 -2.575358e-02 9.995738e-01 -8.819693e-01
6.146224e-01 7.886842e-01 1.471388e-02 5.466571e+01 -7.887269e-01 6.141529e-01 2.694731e-02 -9.268647e+00 1.221635e-02 -2.816766e-02 9.995286e-01 -8.996310e-01
6.485630e-01 7.610785e-01 1.120177e-02 5.486478e+01 -7.610729e-01 6.481940e-01 2.475041e-02 -9.462608e+00 1.157608e-02 -2.457756e-02 9.996309e-01 -9.562465e-01
6.836245e-01 7.298300e-01 2.388166e-03 5.515661e+01 -7.297290e-01 6.834670e-01 1.919164e-02 -9.593982e+00 1.237440e-02 -1.486259e-02 9.998130e-01 -9.623359e-01
7.199171e-01 6.940496e-01 -3.802506e-03 5.538503e+01 -6.939298e-01 7.198772e-01 1.543083e-02 -9.752021e+00 1.344710e-02 -8.470247e-03 9.998737e-01 -9.566000e-01
7.553132e-01 6.553271e-01 -6.964916e-03 5.566889e+01 -6.552078e-01 7.553225e-01 1.381543e-02 -9.854590e+00 1.431438e-02 -5.871506e-03 9.998803e-01 -9.584166e-01
7.892721e-01 6.139811e-01 -8.762451e-03 5.590294e+01 -6.138611e-01 7.893051e-01 1.311331e-02 -9.957490e+00 1.496757e-02 -4.971041e-03 9.998756e-01 -9.677991e-01
8.218975e-01 5.695142e-01 -1.174693e-02 5.614901e+01 -5.694031e-01 8.219765e-01 1.160267e-02 -1.003796e+01 1.626358e-02 -2.847468e-03 9.998637e-01 -9.991205e-01
8.528930e-01 5.218944e-01 -1.413625e-02 5.641906e+01 -5.217929e-01 8.530089e-01 1.039870e-02 -1.011553e+01 1.748537e-02 -1.492786e-03 9.998460e-01 -9.957521e-01
8.810765e-01 4.726370e-01 -1.784781e-02 5.667004e+01 -4.725682e-01 8.812562e-01 8.157952e-03 -1.014788e+01 1.958424e-02 1.246525e-03 9.998074e-01 -1.007175e+00
9.073808e-01 4.197135e-01 -2.237744e-02 5.692577e+01 -4.196956e-01 9.076470e-01 5.714025e-03 -1.017090e+01 2.270907e-02 4.206919e-03 9.997333e-01 -9.991462e-01
9.312939e-01 3.633167e-01 -2.631688e-02 5.717601e+01 -3.633541e-01 9.316444e-01 3.520188e-03 -1.019532e+01 2.579692e-02 6.284015e-03 9.996474e-01 -1.012355e+00
9.513059e-01 3.068301e-01 -2.953533e-02 5.741758e+01 -3.068694e-01 9.517459e-01 3.304602e-03 -1.021802e+01 2.912408e-02 5.919802e-03 9.995583e-01 -9.965780e-01
9.682010e-01 2.483356e-01 -3.026723e-02 5.765391e+01 -2.483478e-01 9.686650e-01 3.415833e-03 -1.022923e+01 3.016708e-02 4.209587e-03 9.995360e-01 -9.879119e-01
9.815995e-01 1.887911e-01 -2.864423e-02 5.789959e+01 -1.888053e-01 9.820122e-01 2.232576e-03 -1.022719e+01 2.855046e-02 3.216687e-03 9.995872e-01 -9.892876e-01
9.913187e-01 1.285784e-01 -2.747385e-02 5.815699e+01 -1.285641e-01 9.916985e-01 2.295244e-03 -1.021034e+01 2.754090e-02 1.256832e-03 9.996199e-01 -1.007177e+00
9.973664e-01 6.781161e-02 -2.572664e-02 5.841630e+01 -6.782541e-02 9.976972e-01 3.367431e-04 -1.017407e+01 2.569023e-02 1.409064e-03 9.996690e-01 -1.011373e+00
9.996879e-01 7.899842e-03 -2.370244e-02 5.866213e+01 -7.961904e-03 9.999651e-01 -2.525113e-03 -1.012391e+01 2.368167e-02 2.713041e-03 9.997159e-01 -1.004207e+00
9.984753e-01 -5.242920e-02 -1.727111e-02 5.891861e+01 5.230274e-02 9.986018e-01 -7.694156e-03 -1.006620e+01 1.765035e-02 6.779098e-03 9.998212e-01 -9.833323e-01
9.936795e-01 -1.115450e-01 -1.259790e-02 5.912712e+01 1.113767e-01 9.936886e-01 -1.335626e-02 -1.002118e+01 1.400821e-02 1.186873e-02 9.998314e-01 -9.993417e-01
9.854618e-01 -1.695507e-01 -1.084448e-02 5.938297e+01 1.693726e-01 9.854279e-01 -1.564633e-02 -9.940739e+00 1.333930e-02 1.358210e-02 9.998188e-01 -1.021421e+00
9.738106e-01 -2.270901e-01 -1.109139e-02 5.961047e+01 2.269406e-01 9.738182e-01 -1.327733e-02 -9.812635e+00 1.381615e-02 1.041252e-02 9.998503e-01 -1.027776e+00
9.583622e-01 -2.853416e-01 -1.105112e-02 5.981051e+01 2.852207e-01 9.583950e-01 -1.133107e-02 -9.693980e+00 1.382456e-02 7.707259e-03 9.998747e-01 -1.031795e+00
9.392222e-01 -3.431260e-01 -1.123514e-02 6.001898e+01 3.430519e-01 9.392821e-01 -8.022988e-03 -9.560824e+00 1.330586e-02 3.681132e-03 9.999047e-01 -1.022552e+00
9.161851e-01 -4.006534e-01 -9.038902e-03 6.023347e+01 4.006179e-01 9.162285e-01 -5.520073e-03 -9.411476e+00 1.049334e-02 1.436262e-03 9.999439e-01 -9.958917e-01
8.896870e-01 -4.565518e-01 -4.180043e-03 6.042022e+01 4.565398e-01 8.896959e-01 -3.543125e-03 -9.274894e+00 5.336587e-03 1.243917e-03 9.999850e-01 -1.022876e+00
8.588606e-01 -5.121977e-01 -3.466869e-03 6.062341e+01 5.121796e-01 8.588639e-01 -4.975380e-03 -9.116062e+00 5.525947e-03 2.497499e-03 9.999816e-01 -1.023170e+00
8.267106e-01 -5.626208e-01 -2.708663e-03 6.079370e+01 5.625935e-01 8.267040e-01 -6.989952e-03 -8.926437e+00 6.171956e-03 4.254791e-03 9.999719e-01 -1.048185e+00
7.910637e-01 -6.117024e-01 -6.190176e-03 6.096873e+01 6.116321e-01 7.910761e-01 -1.023013e-02 -8.735703e+00 1.115470e-02 4.306575e-03 9.999285e-01 -1.048685e+00
7.521667e-01 -6.589492e-01 -5.592683e-03 6.111768e+01 6.589001e-01 7.521827e-01 -8.491131e-03 -8.529443e+00 9.801943e-03 2.701727e-03 9.999483e-01 -1.040143e+00
7.110587e-01 -7.031153e-01 -4.949791e-03 6.123441e+01 7.030626e-01 7.110696e-01 -9.115889e-03 -8.309680e+00 9.929167e-03 3.001919e-03 9.999462e-01 -1.034017e+00
6.669062e-01 -7.451240e-01 -5.126925e-03 6.136691e+01 7.450577e-01 6.669186e-01 -1.041963e-02 -8.095331e+00 1.118316e-02 3.129062e-03 9.999326e-01 -1.063428e+00
6.207604e-01 -7.839565e-01 -8.297652e-03 6.148055e+01 7.838745e-01 6.208156e-01 -1.134951e-02 -7.874770e+00 1.404884e-02 5.410113e-04 9.999012e-01 -1.038536e+00
5.723016e-01 -8.199928e-01 -9.086140e-03 6.157116e+01 8.199081e-01 5.723733e-01 -1.180950e-02 -7.620119e+00 1.488437e-02 -6.912025e-04 9.998890e-01 -1.040790e+00
5.206386e-01 -8.537101e-01 -1.070181e-02 6.163361e+01 8.535713e-01 5.207473e-01 -1.543282e-02 -7.401148e+00 1.874810e-02 -1.099841e-03 9.998236e-01 -1.046919e+00
4.667865e-01 -8.843094e-01 -1.036592e-02 6.169100e+01 8.841503e-01 4.668999e-01 -1.681929e-02 -7.166326e+00 1.971330e-02 -1.314016e-03 9.998048e-01 -1.028036e+00
4.117002e-01 -9.112685e-01 -9.628193e-03 6.174993e+01 9.110347e-01 4.118129e-01 -2.064179e-02 -6.933608e+00 2.277523e-02 -2.733860e-04 9.997406e-01 -1.036084e+00
3.551116e-01 -9.347644e-01 -1.054837e-02 6.176128e+01 9.344174e-01 3.552673e-01 -2.548008e-02 -6.685712e+00 2.756536e-02 -8.083107e-04 9.996197e-01 -1.034007e+00
2.978601e-01 -9.545721e-01 -8.463964e-03 6.179095e+01 9.541402e-01 2.979800e-01 -2.871411e-02 -6.428467e+00 2.993178e-02 4.769787e-04 9.995518e-01 -1.027198e+00
2.392531e-01 -9.709129e-01 -9.268652e-03 6.180651e+01 9.704143e-01 2.394276e-01 -3.115282e-02 -6.194767e+00 3.246585e-02 -1.541024e-03 9.994717e-01 -1.033211e+00
1.806366e-01 -9.834928e-01 -1.059997e-02 6.179303e+01 9.829416e-01 1.808933e-01 -3.321796e-02 -5.930078e+00 3.458709e-02 -4.418770e-03 9.993919e-01 -1.036361e+00
1.224811e-01 -9.923951e-01 -1.226186e-02 6.176655e+01 9.916938e-01 1.228645e-01 -3.804756e-02 -5.671553e+00 3.926476e-02 -7.499906e-03 9.992007e-01 -1.028249e+00
6.080395e-02 -9.980515e-01 -1.399979e-02 6.171075e+01 9.974061e-01 6.129396e-02 -3.773493e-02 -5.449675e+00 3.851951e-02 -1.166904e-02 9.991897e-01 -1.033561e+00
1.179934e-03 -9.998966e-01 -1.433070e-02 6.165715e+01 9.993660e-01 1.688838e-03 -3.556249e-02 -5.211333e+00 3.558302e-02 -1.427966e-02 9.992647e-01 -1.029925e+00
-5.919719e-02 -9.981502e-01 -1.385469e-02 6.157801e+01 9.977711e-01 -5.873507e-02 -3.167198e-02 -4.971240e+00 3.079963e-02 -1.569870e-02 9.994023e-01 -1.039104e+00
-1.185420e-01 -9.928699e-01 -1.253841e-02 6.147691e+01 9.926283e-01 -1.181731e-01 -2.691338e-02 -4.730158e+00 2.523979e-02 -1.563634e-02 9.995591e-01 -1.021456e+00
-1.804820e-01 -9.835070e-01 -1.184132e-02 6.139384e+01 9.833533e-01 -1.801701e-01 -2.356155e-02 -4.534164e+00 2.103950e-02 -1.589663e-02 9.996523e-01 -1.028302e+00
-2.408829e-01 -9.704798e-01 -1.202526e-02 6.128246e+01 9.703961e-01 -2.406013e-01 -2.103689e-02 -4.291747e+00 1.752258e-02 -1.673669e-02 9.997064e-01 -1.015126e+00
-3.008995e-01 -9.536089e-01 -9.470198e-03 6.115338e+01 9.535668e-01 -3.007208e-01 -1.665446e-02 -4.086264e+00 1.303395e-02 -1.404178e-02 9.998165e-01 -1.011397e+00
-3.602109e-01 -9.328073e-01 -1.089130e-02 6.102730e+01 9.328436e-01 -3.600863e-01 -1.186054e-02 -3.855402e+00 7.141794e-03 -1.443218e-02 9.998704e-01 -9.986734e-01
-4.167290e-01 -9.089544e-01 -1.178266e-02 6.087619e+01 9.090239e-01 -4.166405e-01 -9.286258e-03 -3.654286e+00 3.531652e-03 -1.458058e-02 9.998875e-01 -9.987651e-01
-4.702468e-01 -8.824414e-01 -1.285870e-02 6.069568e+01 8.825349e-01 -4.701866e-01 -7.535818e-03 -3.432547e+00 6.039310e-04 -1.489194e-02 9.998889e-01 -1.011153e+00
-5.193938e-01 -8.543208e-01 -1.912885e-02 6.049271e+01 8.545318e-01 -5.193220e-01 -8.938614e-03 -3.230369e+00 -2.297587e-03 -2.098887e-02 9.997771e-01 -1.003515e+00
-5.640882e-01 -8.252974e-01 -2.624450e-02 6.029673e+01 8.256944e-01 -5.640118e-01 -1.093189e-02 -3.007157e+00 -5.780145e-03 -2.783648e-02 9.995958e-01 -1.003616e+00
-6.034874e-01 -7.967114e-01 -3.246643e-02 6.005321e+01 7.973140e-01 -6.034364e-01 -1.245155e-02 -2.790975e+00 -9.671127e-03 -3.340029e-02 9.993953e-01 -9.914482e-01
-6.389182e-01 -7.683799e-01 -3.709358e-02 5.984023e+01 7.691385e-01 -6.389694e-01 -1.200216e-02 -2.565147e+00 -1.447945e-02 -3.619850e-02 9.992397e-01 -9.747050e-01
-6.706856e-01 -7.407487e-01 -3.836532e-02 5.958155e+01 7.415696e-01 -6.707464e-01 -1.317919e-02 -2.344189e+00 -1.597093e-02 -3.728965e-02 9.991769e-01 -9.675416e-01
-7.002137e-01 -7.129004e-01 -3.839011e-02 5.935036e+01 7.137262e-01 -7.002929e-01 -1.358898e-02 -2.119916e+00 -1.719673e-02 -3.691522e-02 9.991704e-01 -9.664277e-01
-7.257764e-01 -6.868932e-01 -3.776539e-02 5.906465e+01 6.877435e-01 -7.257650e-01 -1.654989e-02 -1.906355e+00 -1.604080e-02 -3.798442e-02 9.991496e-01 -9.625015e-01
-7.482952e-01 -6.622285e-01 -3.882950e-02 5.877197e+01 6.631612e-01 -7.482358e-01 -1.898734e-02 -1.684269e+00 -1.647966e-02 -3.995835e-02 9.990655e-01 -9.653297e-01
-7.689843e-01 -6.381050e-01 -3.853752e-02 5.850211e+01 6.390495e-01 -7.688984e-01 -2.026962e-02 -1.497109e+00 -1.669728e-02 -4.021441e-02 9.990516e-01 -9.550312e-01
-7.876358e-01 -6.149328e-01 -3.856907e-02 5.820869e+01 6.159046e-01 -7.875236e-01 -2.163508e-02 -1.309712e+00 -1.706994e-02 -4.079543e-02 9.990217e-01 -9.571339e-01
-8.027788e-01 -5.950286e-01 -3.856391e-02 5.790359e+01 5.960180e-01 -8.026561e-01 -2.249141e-02 -1.125204e+00 -1.757053e-02 -4.104041e-02 9.990030e-01 -9.421397e-01
-8.169850e-01 -5.754303e-01 -3.762246e-02 5.761362e+01 5.763950e-01 -8.168447e-01 -2.309706e-02 -9.242398e-01 -1.744096e-02 -4.055535e-02 9.990250e-01 -9.477500e-01
-8.271812e-01 -5.606524e-01 -3.795136e-02 5.730188e+01 5.616469e-01 -8.270326e-01 -2.387141e-02 -7.119322e-01 -1.800344e-02 -4.106124e-02 9.989944e-01 -9.321798e-01
-8.365316e-01 -5.466645e-01 -3.704937e-02 5.697187e+01 5.476295e-01 -8.363729e-01 -2.413353e-02 -4.891238e-01 -1.779414e-02 -4.047779e-02 9.990220e-01 -9.337965e-01
-8.443747e-01 -5.344377e-01 -3.752298e-02 5.663638e+01 5.354354e-01 -8.442137e-01 -2.474366e-02 -3.029914e-01 -1.845346e-02 -4.098405e-02 9.989894e-01 -9.364179e-01
-8.507475e-01 -5.241735e-01 -3.835529e-02 5.632312e+01 5.252239e-01 -8.505791e-01 -2.559479e-02 -1.398014e-01 -1.920809e-02 -4.191981e-02 9.989363e-01 -9.356450e-01
-8.553644e-01 -5.164866e-01 -3.991848e-02 5.597455e+01 5.176353e-01 -8.551720e-01 -2.710224e-02 4.059048e-02 -2.013923e-02 -4.384550e-02 9.988353e-01 -9.253798e-01
-8.573103e-01 -5.131069e-01 -4.171390e-02 5.565392e+01 5.143554e-01 -8.571197e-01 -2.800577e-02 2.175998e-01 -2.138385e-02 -4.546542e-02 9.987370e-01 -9.099939e-01
-8.574412e-01 -5.129806e-01 -4.056709e-02 5.530796e+01 5.141802e-01 -8.572200e-01 -2.815207e-02 4.425399e-01 -2.033346e-02 -4.499754e-02 9.987801e-01 -9.034536e-01
-8.572879e-01 -5.133904e-01 -3.856818e-02 5.498916e+01 5.144908e-01 -8.570512e-01 -2.761143e-02 6.407749e-01 -1.887946e-02 -4.351392e-02 9.988744e-01 -8.962258e-01
-8.562168e-01 -5.153988e-01 -3.545430e-02 5.465993e+01 5.163699e-01 -8.559114e-01 -2.788961e-02 8.554260e-01 -1.597147e-02 -4.218708e-02 9.989821e-01 -8.908160e-01
-8.546596e-01 -5.180068e-01 -3.501470e-02 5.430256e+01 5.189626e-01 -8.543328e-01 -2.816417e-02 1.094604e+00 -1.532498e-02 -4.224209e-02 9.989899e-01 -8.970342e-01
-8.537307e-01 -5.195635e-01 -3.460474e-02 5.396636e+01 5.204988e-01 -8.534037e-01 -2.798513e-02 1.323358e+00 -1.499176e-02 -4.190349e-02 9.990092e-01 -8.925700e-01
-8.527938e-01 -5.209846e-01 -3.629823e-02 5.361929e+01 5.220044e-01 -8.524562e-01 -2.880842e-02 1.548882e+00 -1.593390e-02 -4.351548e-02 9.989257e-01 -8.848477e-01
-8.526399e-01 -5.212017e-01 -3.679390e-02 5.326551e+01 5.222386e-01 -8.523219e-01 -2.853416e-02 1.766248e+00 -1.648819e-02 -4.354456e-02 9.989154e-01 -8.909259e-01
-8.532172e-01 -5.203025e-01 -3.613066e-02 5.291808e+01 5.213180e-01 -8.528703e-01 -2.897679e-02 1.991586e+00 -1.573807e-02 -4.355906e-02 9.989269e-01 -8.666255e-01
-8.539065e-01 -5.193475e-01 -3.349026e-02 5.257549e+01 5.202395e-01 -8.535548e-01 -2.819705e-02 2.222659e+00 -1.394170e-02 -4.150060e-02 9.990412e-01 -8.675606e-01
-8.550062e-01 -5.176812e-01 -3.114941e-02 5.222520e+01 5.184860e-01 -8.545990e-01 -2.885786e-02 2.446396e+00 -1.168108e-02 -4.082419e-02 9.990981e-01 -8.503525e-01
-8.573437e-01 -5.139543e-01 -2.850472e-02 5.187124e+01 5.146610e-01 -8.568856e-01 -2.951597e-02 2.662503e+00 -9.255422e-03 -3.997561e-02 9.991578e-01 -8.572126e-01
-8.609264e-01 -5.079288e-01 -2.853643e-02 5.150158e+01 5.086471e-01 -8.604425e-01 -3.027790e-02 2.879519e+00 -9.174937e-03 -4.058201e-02 9.991341e-01 -8.477092e-01
-8.650897e-01 -5.008474e-01 -2.778748e-02 5.114364e+01 5.015324e-01 -8.646356e-01 -2.950392e-02 3.076909e+00 -9.249084e-03 -3.945985e-02 9.991783e-01 -8.489445e-01
-8.709457e-01 -4.905008e-01 -2.936890e-02 5.078537e+01 4.912483e-01 -8.705364e-01 -2.900513e-02 3.275187e+00 -1.133966e-02 -3.968932e-02 9.991477e-01 -8.399283e-01
-8.767402e-01 -4.800333e-01 -2.991133e-02 5.039240e+01 4.808017e-01 -8.763642e-01 -2.855784e-02 3.500699e+00 -1.250450e-02 -3.941923e-02 9.991445e-01 -8.403450e-01
-8.835696e-01 -4.673169e-01 -3.032261e-02 5.002659e+01 4.680977e-01 -8.832365e-01 -2.788716e-02 3.692881e+00 -1.374990e-02 -3.883419e-02 9.991511e-01 -8.306397e-01
-8.902440e-01 -4.545138e-01 -2.971160e-02 4.963687e+01 4.552824e-01 -8.898950e-01 -2.836882e-02 3.888415e+00 -1.354618e-02 -3.878234e-02 9.991559e-01 -8.205528e-01
-8.968908e-01 -4.413954e-01 -2.751403e-02 4.925295e+01 4.420820e-01 -8.965345e-01 -2.809641e-02 4.065413e+00 -1.226566e-02 -3.736287e-02 9.992265e-01 -8.189334e-01
-9.043790e-01 -4.258136e-01 -2.795618e-02 4.885978e+01 4.265329e-01 -9.040110e-01 -2.887622e-02 4.231467e+00 -1.297681e-02 -3.803927e-02 9.991920e-01 -8.187735e-01
-9.111003e-01 -4.112885e-01 -2.716842e-02 4.847169e+01 4.119950e-01 -9.107006e-01 -2.974129e-02 4.414886e+00 -1.251004e-02 -3.829055e-02 9.991884e-01 -8.123751e-01
-9.184431e-01 -3.946471e-01 -2.675263e-02 4.807450e+01 3.953384e-01 -9.180703e-01 -2.923047e-02 4.575977e+00 -1.302507e-02 -3.742287e-02 9.992146e-01 -7.967299e-01
-9.246017e-01 -3.800282e-01 -2.627431e-02 4.765384e+01 3.807323e-01 -9.241599e-01 -3.116630e-02 4.725224e+00 -1.243759e-02 -3.881989e-02 9.991688e-01 -8.037152e-01
-9.303521e-01 -3.656430e-01 -2.739352e-02 4.726987e+01 3.664234e-01 -9.298606e-01 -3.306250e-02 4.885347e+00 -1.338309e-02 -4.079738e-02 9.990778e-01 -7.917545e-01
-9.363841e-01 -3.499331e-01 -2.704961e-02 4.686201e+01 3.507262e-01 -9.358449e-01 -3.443015e-02 5.024811e+00 -1.326599e-02 -4.172685e-02 9.990410e-01 -7.742024e-01
-9.417394e-01 -3.351859e-01 -2.788211e-02 4.647481e+01 3.360252e-01 -9.412157e-01 -3.464242e-02 5.148883e+00 -1.463142e-02 -4.199323e-02 9.990107e-01 -7.890571e-01
-9.464314e-01 -3.217879e-01 -2.683399e-02 4.607018e+01 3.225884e-01 -9.459116e-01 -3.446566e-02 5.280062e+00 -1.429195e-02 -4.127572e-02 9.990456e-01 -7.696835e-01
-9.508277e-01 -3.085148e-01 -2.730169e-02 4.566726e+01 3.093418e-01 -9.503258e-01 -3.447258e-02 5.412410e+00 -1.531020e-02 -4.122304e-02 9.990327e-01 -7.564691e-01
-9.548501e-01 -2.960955e-01 -2.425882e-02 4.527184e+01 2.968084e-01 -9.543065e-01 -3.469780e-02 5.519655e+00 -1.287649e-02 -4.033142e-02 9.991034e-01 -7.535015e-01
-9.582962e-01 -2.848188e-01 -2.338441e-02 4.487004e+01 2.855107e-01 -9.577248e-01 -3.531222e-02 5.631524e+00 -1.233824e-02 -4.051606e-02 9.991027e-01 -7.357129e-01
-9.614643e-01 -2.740477e-01 -2.200523e-02 4.447507e+01 2.747141e-01 -9.607975e-01 -3.741903e-02 5.745960e+00 -1.088797e-02 -4.202221e-02 9.990574e-01 -7.360116e-01
-9.641746e-01 -2.643577e-01 -2.196418e-02 4.407498e+01 2.650489e-01 -9.634374e-01 -3.920990e-02 5.859060e+00 -1.079567e-02 -4.362677e-02 9.989896e-01 -7.233419e-01
-9.669480e-01 -2.540911e-01 -2.118701e-02 4.367311e+01 2.547574e-01 -9.662053e-01 -3.931854e-02 5.954739e+00 -1.048051e-02 -4.341654e-02 9.990021e-01 -7.208244e-01
-9.692818e-01 -2.450286e-01 -2.130031e-02 4.328502e+01 2.457044e-01 -9.685555e-01 -3.910884e-02 6.044333e+00 -1.104775e-02 -4.314107e-02 9.990079e-01 -7.127450e-01
-9.712626e-01 -2.370898e-01 -2.091409e-02 4.287332e+01 2.377432e-01 -9.705821e-01 -3.805822e-02 6.150682e+00 -1.127562e-02 -4.193671e-02 9.990566e-01 -7.091893e-01
-9.731445e-01 -2.293131e-01 -2.013459e-02 4.248180e+01 2.299380e-01 -9.724658e-01 -3.793216e-02 6.230537e+00 -1.088186e-02 -4.154317e-02 9.990774e-01 -6.933504e-01
-9.749433e-01 -2.217033e-01 -1.826416e-02 4.206397e+01 2.222501e-01 -9.742767e-01 -3.727945e-02 6.345004e+00 -9.529371e-03 -4.040456e-02 9.991379e-01 -6.686234e-01
-9.765803e-01 -2.146387e-01 -1.487958e-02 4.168303e+01 2.150564e-01 -9.758816e-01 -3.749336e-02 6.433851e+00 -6.473185e-03 -3.981522e-02 9.991861e-01 -6.625628e-01
-9.782004e-01 -2.073105e-01 -1.210007e-02 4.128024e+01 2.076215e-01 -9.775113e-01 -3.694428e-02 6.516314e+00 -4.169017e-03 -3.865114e-02 9.992441e-01 -6.713142e-01
-9.796287e-01 -2.002556e-01 -1.500450e-02 4.086706e+01 2.006723e-01 -9.790220e-01 -3.530502e-02 6.580210e+00 -7.619707e-03 -3.759680e-02 9.992639e-01 -6.701716e-01
-9.807231e-01 -1.945186e-01 -1.857252e-02 4.046502e+01 1.950662e-01 -9.801791e-01 -3.461482e-02 6.667216e+00 -1.147117e-02 -3.757042e-02 9.992281e-01 -6.578251e-01
-9.817526e-01 -1.889129e-01 -2.177087e-02 4.006009e+01 1.895726e-01 -9.812844e-01 -3.380976e-02 6.740060e+00 -1.497632e-02 -3.731997e-02 9.991912e-01 -6.662446e-01
-9.825590e-01 -1.847064e-01 -2.148007e-02 3.966604e+01 1.853671e-01 -9.820643e-01 -3.447710e-02 6.833513e+00 -1.472667e-02 -3.785748e-02 9.991747e-01 -6.411945e-01
-9.835557e-01 -1.796509e-01 -1.853334e-02 3.929087e+01 1.801924e-01 -9.830589e-01 -3.355455e-02 6.909328e+00 -1.219126e-02 -3.634234e-02 9.992650e-01 -6.278059e-01
-9.844888e-01 -1.749080e-01 -1.374779e-02 3.889436e+01 1.752844e-01 -9.839270e-01 -3.410520e-02 6.998156e+00 -7.561550e-03 -3.598596e-02 9.993237e-01 -5.958543e-01
-9.851974e-01 -1.711085e-01 -1.038533e-02 3.849436e+01 1.713729e-01 -9.845681e-01 -3.545370e-02 7.043195e+00 -4.158639e-03 -3.670866e-02 9.993173e-01 -6.311139e-01
-9.857509e-01 -1.677201e-01 -1.284693e-02 3.809869e+01 1.680969e-01 -9.850208e-01 -3.843765e-02 7.123533e+00 -6.207722e-03 -4.004948e-02 9.991784e-01 -6.127331e-01
-9.865148e-01 -1.631055e-01 -1.360510e-02 3.771001e+01 1.635191e-01 -9.857739e-01 -3.887715e-02 7.174608e+00 -7.070482e-03 -4.057758e-02 9.991513e-01 -6.278409e-01
-9.872365e-01 -1.583384e-01 -1.712353e-02 3.731012e+01 1.589114e-01 -9.864816e-01 -4.001557e-02 7.233473e+00 -1.055605e-02 -4.222596e-02 9.990523e-01 -5.958156e-01
-9.878215e-01 -1.547017e-01 -1.661335e-02 3.693515e+01 1.552543e-01 -9.870702e-01 -3.985575e-02 7.294110e+00 -1.023279e-02 -4.194966e-02 9.990673e-01 -5.925618e-01
-9.885331e-01 -1.500471e-01 -1.696475e-02 3.653828e+01 1.506249e-01 -9.877614e-01 -4.049143e-02 7.359064e+00 -1.068150e-02 -4.258244e-02 9.990358e-01 -5.852189e-01
-9.894638e-01 -1.440994e-01 -1.401893e-02 3.617368e+01 1.445525e-01 -9.886914e-01 -3.992275e-02 7.429789e+00 -8.107549e-03 -4.152859e-02 9.991044e-01 -5.654691e-01
-9.905205e-01 -1.369607e-01 -1.053720e-02 3.579383e+01 1.372768e-01 -9.897203e-01 -4.011049e-02 7.487651e+00 -4.935321e-03 -4.117677e-02 9.991397e-01 -5.519448e-01
-9.915570e-01 -1.294742e-01 -7.141486e-03 3.541592e+01 1.296616e-01 -9.906418e-01 -4.262143e-02 7.535335e+00 -1.556282e-03 -4.318755e-02 9.990658e-01 -5.421527e-01
-9.927609e-01 -1.200926e-01 -1.900551e-03 3.504212e+01 1.200553e-01 -9.917359e-01 -4.523841e-02 7.579146e+00 3.547954e-03 -4.513909e-02 9.989744e-01 -5.318521e-01
-9.940336e-01 -1.090572e-01 -1.925204e-03 3.467849e+01 1.090282e-01 -9.929483e-01 -4.654631e-02 7.607790e+00 3.164580e-03 -4.647850e-02 9.989143e-01 -5.251163e-01
-9.951791e-01 -9.799977e-02 -3.853625e-03 3.429507e+01 9.807013e-02 -9.939449e-01 -4.955558e-02 7.623192e+00 1.026145e-03 -4.969460e-02 9.987639e-01 -5.489593e-01
-9.959801e-01 -8.914287e-02 -8.805101e-03 3.393348e+01 8.948196e-02 -9.946276e-01 -5.204689e-02 7.644440e+00 -4.118188e-03 -5.262555e-02 9.986058e-01 -5.102444e-01
-9.967315e-01 -8.031203e-02 -8.723966e-03 3.357185e+01 8.066969e-02 -9.952494e-01 -5.450784e-02 7.687479e+00 -4.304886e-03 -5.503345e-02 9.984753e-01 -5.046236e-01
-9.974830e-01 -7.068627e-02 -5.559965e-03 3.321436e+01 7.088821e-02 -9.958679e-01 -5.676274e-02 7.707881e+00 -1.524644e-03 -5.701401e-02 9.983722e-01 -4.793187e-01
-9.983197e-01 -5.791583e-02 1.957456e-03 3.287093e+01 5.770868e-02 -9.966864e-01 -5.732296e-02 7.752093e+00 5.270876e-03 -5.711368e-02 9.983538e-01 -4.368234e-01
-9.988492e-01 -4.661757e-02 1.128692e-02 3.253096e+01 4.591929e-02 -9.973877e-01 -5.575958e-02 7.762374e+00 1.385681e-02 -5.517711e-02 9.983804e-01 -4.833417e-01
-9.994005e-01 -3.278805e-02 1.112909e-02 3.220473e+01 3.217115e-02 -9.981444e-01 -5.169845e-02 7.769269e+00 1.280353e-02 -5.130941e-02 9.986007e-01 -4.592126e-01
-9.997984e-01 -1.561203e-02 1.262272e-02 3.186092e+01 1.498905e-02 -9.987336e-01 -4.802707e-02 7.751983e+00 1.335654e-02 -4.782818e-02 9.987662e-01 -4.614555e-01
-9.999380e-01 2.933294e-03 1.073339e-02 3.153725e+01 -3.437396e-03 -9.988770e-01 -4.725284e-02 7.729894e+00 1.058273e-02 -4.728680e-02 9.988253e-01 -4.608872e-01
-9.996610e-01 2.215109e-02 1.368929e-02 3.120261e+01 -2.274054e-02 -9.987497e-01 -4.451858e-02 7.726538e+00 1.268604e-02 -4.481478e-02 9.989148e-01 -4.129517e-01
-9.987911e-01 4.611819e-02 1.701389e-02 3.087426e+01 -4.680103e-02 -9.980126e-01 -4.219558e-02 7.711427e+00 1.503409e-02 -4.294084e-02 9.989645e-01 -4.012369e-01
-9.970684e-01 7.304113e-02 2.279763e-02 3.056794e+01 -7.393013e-02 -9.964223e-01 -4.095083e-02 7.680771e+00 1.972498e-02 -4.251621e-02 9.989011e-01 -4.042050e-01
-9.946622e-01 9.968600e-02 2.663822e-02 3.024922e+01 -1.007082e-01 -9.941007e-01 -4.026920e-02 7.622338e+00 2.246679e-02 -4.273695e-02 9.988337e-01 -3.800065e-01
-9.911849e-01 1.297170e-01 2.694424e-02 2.995364e+01 -1.308383e-01 -9.903752e-01 -4.514722e-02 7.550696e+00 2.082855e-02 -4.827458e-02 9.986169e-01 -3.839384e-01
-9.864293e-01 1.613350e-01 3.046810e-02 2.964520e+01 -1.627123e-01 -9.854050e-01 -5.001711e-02 7.466098e+00 2.195391e-02 -5.429588e-02 9.982835e-01 -3.658946e-01
-9.797659e-01 1.972023e-01 3.420654e-02 2.936977e+01 -1.988019e-01 -9.786441e-01 -5.228386e-02 7.351946e+00 2.316553e-02 -5.802627e-02 9.980462e-01 -3.840641e-01
-9.715235e-01 2.344290e-01 3.442566e-02 2.908666e+01 -2.359491e-01 -9.704769e-01 -5.002560e-02 7.247531e+00 2.168186e-02 -5.672375e-02 9.981545e-01 -3.548300e-01
-9.608871e-01 2.743226e-01 3.798677e-02 2.886459e+01 -2.759252e-01 -9.600493e-01 -4.658917e-02 7.131176e+00 2.368871e-02 -5.524845e-02 9.981916e-01 -3.551882e-01
-9.478227e-01 3.168211e-01 3.544803e-02 2.865384e+01 -3.181380e-01 -9.471462e-01 -4.125895e-02 6.983331e+00 2.050276e-02 -5.038354e-02 9.985195e-01 -3.605708e-01
-9.320860e-01 3.604133e-01 3.630565e-02 2.844242e+01 -3.616849e-01 -9.315113e-01 -3.835032e-02 6.827294e+00 1.999716e-02 -4.887700e-02 9.986046e-01 -3.288347e-01
-9.134703e-01 4.051049e-01 3.823676e-02 2.822504e+01 -4.063909e-01 -9.130023e-01 -3.568159e-02 6.666946e+00 2.045546e-02 -4.813315e-02 9.986315e-01 -3.372915e-01
-8.915443e-01 4.513508e-01 3.782677e-02 2.801133e+01 -4.525284e-01 -8.911659e-01 -3.227285e-02 6.502913e+00 1.914355e-02 -4.589036e-02 9.987630e-01 -3.340969e-01
-8.656846e-01 4.989962e-01 3.991084e-02 2.781283e+01 -5.002120e-01 -8.653744e-01 -3.024998e-02 6.289121e+00 1.944319e-02 -4.615083e-02 9.987453e-01 -3.192907e-01
-8.371027e-01 5.457124e-01 3.817426e-02 2.761690e+01 -5.468074e-01 -8.367583e-01 -2.893560e-02 6.090099e+00 1.615212e-02 -4.509604e-02 9.988521e-01 -3.276744e-01
-8.050253e-01 5.921138e-01 3.654315e-02 2.746519e+01 -5.930600e-01 -8.047713e-01 -2.496042e-02 5.885759e+00 1.462947e-02 -4.176606e-02 9.990203e-01 -3.343382e-01
-7.708629e-01 6.362177e-01 3.158216e-02 2.731246e+01 -6.369339e-01 -7.705536e-01 -2.371573e-02 5.674913e+00 9.247376e-03 -3.839733e-02 9.992198e-01 -3.636589e-01
-7.336028e-01 6.789564e-01 2.907472e-02 2.716411e+01 -6.795561e-01 -7.332558e-01 -2.322788e-02 5.454598e+00 5.548493e-03 -3.679794e-02 9.993073e-01 -3.330784e-01
-6.941248e-01 7.192713e-01 2.897607e-02 2.701835e+01 -7.198488e-01 -6.937206e-01 -2.386724e-02 5.272748e+00 2.934272e-03 -3.742523e-02 9.992951e-01 -3.362474e-01
-6.528900e-01 7.568661e-01 2.980612e-02 2.690821e+01 -7.574449e-01 -6.525571e-01 -2.113117e-02 5.064695e+00 3.456726e-03 -3.637282e-02 9.993323e-01 -3.184122e-01
-6.110805e-01 7.909270e-01 3.185886e-02 2.678128e+01 -7.915530e-01 -6.108249e-01 -1.835416e-02 4.820730e+00 4.943385e-03 -3.643385e-02 9.993238e-01 -3.453636e-01
-5.656390e-01 8.241514e-01 2.875569e-02 2.670049e+01 -8.246505e-01 -5.653774e-01 -1.731746e-02 4.601376e+00 1.985608e-03 -3.350883e-02 9.994364e-01 -3.411324e-01
-5.193762e-01 8.541810e-01 2.496742e-02 2.663707e+01 -8.545427e-01 -5.190740e-01 -1.786136e-02 4.349191e+00 -2.296902e-03 -3.061249e-02 9.995287e-01 -3.632303e-01
-4.732234e-01 8.807247e-01 1.958539e-02 2.657341e+01 -8.809031e-01 -4.728752e-01 -1.997191e-02 4.118071e+00 -8.328307e-03 -2.670400e-02 9.996087e-01 -3.601297e-01
-4.269789e-01 9.040798e-01 1.813255e-02 2.651486e+01 -9.042089e-01 -4.266518e-01 -1.935099e-02 3.901084e+00 -9.758549e-03 -2.465808e-02 9.996483e-01 -3.321801e-01
-3.808202e-01 9.244122e-01 2.093403e-02 2.645155e+01 -9.246177e-01 -3.805228e-01 -1.686688e-02 3.669063e+00 -7.626076e-03 -2.577922e-02 9.996386e-01 -3.214453e-01
-3.351369e-01 9.419056e-01 2.230041e-02 2.641296e+01 -9.421459e-01 -3.348666e-01 -1.502026e-02 3.450361e+00 -6.679997e-03 -2.604408e-02 9.996385e-01 -3.331736e-01
-2.852198e-01 9.581507e-01 2.443158e-02 2.639622e+01 -9.584464e-01 -2.849759e-01 -1.301188e-02 3.197007e+00 -5.504929e-03 -2.712760e-02 9.996168e-01 -3.262246e-01
-2.311763e-01 9.725052e-01 2.812607e-02 2.641301e+01 -9.729078e-01 -2.309958e-01 -9.553519e-03 2.988041e+00 -2.793846e-03 -2.957262e-02 9.995587e-01 -3.379217e-01
-1.842903e-01 9.824655e-01 2.825984e-02 2.640929e+01 -9.828707e-01 -1.841688e-01 -6.867804e-03 2.685627e+00 -1.542802e-03 -2.904143e-02 9.995770e-01 -3.651457e-01
-1.369351e-01 9.901305e-01 2.984060e-02 2.639859e+01 -9.905793e-01 -1.368369e-01 -5.317217e-03 2.407521e+00 -1.181441e-03 -3.028760e-02 9.995405e-01 -3.562400e-01
-8.735609e-02 9.957487e-01 2.921162e-02 2.639082e+01 -9.961737e-01 -8.724135e-02 -5.187918e-03 2.132286e+00 -2.617402e-03 -2.955305e-02 9.995598e-01 -3.610502e-01
-3.802240e-02 9.987749e-01 3.166870e-02 2.641993e+01 -9.992678e-01 -3.786826e-02 -5.457087e-03 1.803345e+00 -4.251163e-03 -3.185300e-02 9.994835e-01 -3.435382e-01
1.023102e-02 9.994205e-01 3.246468e-02 2.645293e+01 -9.999337e-01 1.039708e-02 -4.950107e-03 1.505731e+00 -5.284778e-03 -3.241188e-02 9.994606e-01 -3.536370e-01
5.926728e-02 9.977367e-01 3.176307e-02 2.651521e+01 -9.981989e-01 5.953097e-02 -7.419973e-03 1.237611e+00 -9.294064e-03 -3.126610e-02 9.994679e-01 -3.635184e-01
1.103758e-01 9.935539e-01 2.584333e-02 2.660838e+01 -9.938177e-01 1.106440e-01 -9.183852e-03 9.148850e-01 -1.198406e-02 -2.466988e-02 9.996238e-01 -3.764362e-01
1.558987e-01 9.875436e-01 2.128522e-02 2.669869e+01 -9.876775e-01 1.561470e-01 -1.054074e-02 5.368001e-01 -1.373307e-02 -1.937965e-02 9.997179e-01 -3.783231e-01
2.045505e-01 9.787170e-01 1.649888e-02 2.681225e+01 -9.787688e-01 2.047284e-01 -9.905067e-03 2.513648e-01 -1.307205e-02 -1.412250e-02 9.998148e-01 -3.957402e-01
2.541657e-01 9.671461e-01 5.307618e-03 2.697345e+01 -9.671233e-01 2.542003e-01 -7.388590e-03 -5.665025e-02 -8.495044e-03 -3.255195e-03 9.999586e-01 -4.067294e-01
3.050842e-01 9.523096e-01 5.481143e-03 2.716327e+01 -9.523194e-01 3.050977e-01 -1.781589e-03 -3.444561e-01 -3.368908e-03 -4.676265e-03 9.999834e-01 -3.880978e-01
3.529097e-01 9.356133e-01 9.088158e-03 2.734774e+01 -9.356532e-01 3.529209e-01 4.133042e-04 -6.768473e-01 -2.820707e-03 -8.649223e-03 9.999586e-01 -3.841628e-01
3.983554e-01 9.171115e-01 1.481171e-02 2.751172e+01 -9.172306e-01 3.983195e-01 5.423847e-03 -9.683366e-01 -9.255214e-04 -1.574637e-02 9.998756e-01 -3.633730e-01
4.440302e-01 8.957188e-01 2.291334e-02 2.775012e+01 -8.960102e-01 4.438347e-01 1.329294e-02 -1.264658e+00 1.737005e-03 -2.643305e-02 9.996490e-01 -3.831488e-01
4.849368e-01 8.741174e-01 2.747726e-02 2.792391e+01 -8.745428e-01 4.845746e-01 1.903217e-02 -1.605512e+00 3.321571e-03 -3.325944e-02 9.994412e-01 -4.364750e-01
5.243511e-01 8.511557e-01 2.428758e-02 2.815923e+01 -8.514869e-01 5.239576e-01 2.093783e-02 -1.968300e+00 5.095692e-03 -3.165933e-02 9.994857e-01 -4.674888e-01
5.613403e-01 8.274810e-01 1.312120e-02 2.840877e+01 -8.275245e-01 5.610371e-01 2.098549e-02 -2.288161e+00 1.000362e-02 -2.263812e-02 9.996937e-01 -5.316965e-01
5.971465e-01 8.021297e-01 -1.998121e-03 2.869075e+01 -8.020164e-01 5.971007e-01 1.549669e-02 -2.591144e+00 1.362344e-02 -7.651269e-03 9.998779e-01 -5.236675e-01
6.311893e-01 7.756018e-01 -6.465586e-03 2.900864e+01 -7.754955e-01 6.312137e-01 1.327547e-02 -2.884515e+00 1.437764e-02 -3.365302e-03 9.998910e-01 -4.680271e-01
6.631247e-01 7.484941e-01 -4.721881e-03 2.931640e+01 -7.483429e-01 6.630973e-01 1.687763e-02 -3.195476e+00 1.576388e-02 -7.658388e-03 9.998464e-01 -4.618027e-01
6.920696e-01 7.218255e-01 -2.747040e-03 2.962474e+01 -7.216621e-01 6.919850e-01 1.898199e-02 -3.511037e+00 1.560260e-02 -1.115442e-02 9.998161e-01 -4.866581e-01
7.184273e-01 6.956004e-01 1.522502e-03 2.995957e+01 -6.955146e-01 7.183005e-01 1.743070e-02 -3.803857e+00 1.103119e-02 -1.358161e-02 9.998469e-01 -4.813992e-01
7.426892e-01 6.696178e-01 4.975691e-03 3.031092e+01 -6.696209e-01 7.426013e-01 1.229044e-02 -4.112814e+00 4.534940e-03 -1.245980e-02 9.999121e-01 -5.167908e-01
7.631140e-01 6.462064e-01 8.625598e-03 3.069631e+01 -6.462630e-01 7.630670e-01 8.528507e-03 -4.428545e+00 -1.070734e-03 -1.208263e-02 9.999264e-01 -5.313644e-01
7.811766e-01 6.242325e-01 9.842112e-03 3.107474e+01 -6.243039e-01 7.811420e-01 7.859366e-03 -4.724730e+00 -2.782015e-03 -1.228402e-02 9.999207e-01 -5.511100e-01
7.975450e-01 6.031893e-01 9.200243e-03 3.146928e+01 -6.032524e-01 7.975169e-01 7.309902e-03 -5.046706e+00 -2.928094e-03 -1.138004e-02 9.999310e-01 -5.703998e-01
8.115081e-01 5.842875e-01 7.922991e-03 3.191509e+01 -5.843369e-01 8.114792e-01 7.207314e-03 -5.346200e+00 -2.218199e-03 -1.047849e-02 9.999427e-01 -5.783994e-01
8.234199e-01 5.674040e-01 5.693261e-03 3.234306e+01 -5.674325e-01 8.233846e-01 7.624342e-03 -5.643277e+00 -3.616617e-04 -9.508575e-03 9.999547e-01 -5.888389e-01
8.345463e-01 5.508869e-01 7.484744e-03 3.279431e+01 -5.509331e-01 8.345178e-01 7.256262e-03 -5.935175e+00 -2.248773e-03 -1.017928e-02 9.999456e-01 -5.644779e-01
8.439729e-01 5.363296e-01 7.766902e-03 3.325792e+01 -5.363831e-01 8.439261e-01 9.052351e-03 -6.237602e+00 -1.699648e-03 -1.180597e-02 9.999289e-01 -5.886068e-01
8.524525e-01 5.227288e-01 8.903568e-03 3.374829e+01 -5.227963e-01 8.524116e-01 8.859244e-03 -6.536235e+00 -2.958522e-03 -1.220684e-02 9.999211e-01 -5.855437e-01
8.591653e-01 5.116163e-01 9.149818e-03 3.427703e+01 -5.116867e-01 8.591286e-01 8.661227e-03 -6.884405e+00 -3.429644e-03 -1.212326e-02 9.999206e-01 -6.165068e-01
8.658292e-01 5.002469e-01 9.632342e-03 3.474546e+01 -5.003245e-01 8.657924e-01 8.891187e-03 -7.138914e+00 -3.891820e-03 -1.251755e-02 9.999141e-01 -6.243003e-01
8.713728e-01 4.905503e-01 8.361402e-03 3.527317e+01 -4.906097e-01 8.713435e-01 7.914413e-03 -7.426618e+00 -3.403235e-03 -1.099859e-02 9.999337e-01 -6.431363e-01
8.758743e-01 4.824985e-01 6.272686e-03 3.580511e+01 -4.825372e-01 8.758349e-01 8.423937e-03 -7.741695e+00 -1.429301e-03 -1.040511e-02 9.999449e-01 -6.635139e-01
8.799639e-01 4.750007e-01 6.141644e-03 3.636263e+01 -4.750368e-01 8.799345e-01 7.447522e-03 -8.018434e+00 -1.866665e-03 -9.471058e-03 9.999534e-01 -6.401666e-01
8.838201e-01 4.677934e-01 5.602499e-03 3.691699e+01 -4.678233e-01 8.837969e-01 6.650365e-03 -8.315968e+00 -1.840475e-03 -8.498707e-03 9.999622e-01 -6.632153e-01
8.882449e-01 4.593209e-01 6.732467e-03 3.756203e+01 -4.593596e-01 8.882284e-01 6.232878e-03 -8.660993e+00 -3.117078e-03 -8.628946e-03 9.999579e-01 -6.893313e-01
8.915348e-01 4.529220e-01 5.232316e-03 3.815965e+01 -4.529500e-01 8.915068e-01 7.195542e-03 -9.021252e+00 -1.405626e-03 -8.785054e-03 9.999604e-01 -7.221238e-01
8.954178e-01 4.452044e-01 4.476543e-03 3.874645e+01 -4.452256e-01 8.953947e-01 6.533568e-03 -9.248836e+00 -1.099500e-03 -7.843344e-03 9.999686e-01 -7.104512e-01
8.990394e-01 4.378653e-01 1.473706e-03 3.936333e+01 -4.378628e-01 8.990080e-01 7.784908e-03 -9.557677e+00 2.083868e-03 -7.644220e-03 9.999686e-01 -7.540278e-01
9.024894e-01 4.307114e-01 -7.044940e-04 3.997625e+01 -4.306956e-01 9.024682e-01 7.253428e-03 -9.835401e+00 3.759917e-03 -6.242719e-03 9.999734e-01 -7.400270e-01
9.047501e-01 4.259410e-01 -1.230846e-03 4.063021e+01 -4.259249e-01 9.047351e-01 6.527590e-03 -1.013040e+01 3.893957e-03 -5.381590e-03 9.999779e-01 -7.463555e-01
9.073801e-01 4.203075e-01 -1.710783e-03 4.131903e+01 -4.202903e-01 9.073683e-01 6.232811e-03 -1.048044e+01 4.172008e-03 -4.936503e-03 9.999791e-01 -7.514852e-01
9.092431e-01 4.162577e-01 -2.545448e-03 4.197692e+01 -4.162322e-01 9.092307e-01 7.092063e-03 -1.078695e+01 5.266526e-03 -5.388911e-03 9.999716e-01 -7.988151e-01
9.106189e-01 4.132401e-01 -2.418469e-03 4.266167e+01 -4.132202e-01 9.106108e-01 6.098078e-03 -1.111433e+01 4.722255e-03 -4.553665e-03 9.999785e-01 -7.853458e-01
9.130388e-01 4.078620e-01 -2.939236e-03 4.338808e+01 -4.078359e-01 9.130298e-01 6.819713e-03 -1.142432e+01 5.465111e-03 -5.027937e-03 9.999724e-01 -8.181729e-01
9.154431e-01 4.024251e-01 -4.234530e-03 4.408497e+01 -4.023912e-01 9.154403e-01 7.073910e-03 -1.172978e+01 6.723179e-03 -4.771825e-03 9.999660e-01 -8.275891e-01
9.174017e-01 3.979361e-01 -4.586424e-03 4.482216e+01 -3.978812e-01 9.173863e-01 9.640047e-03 -1.207270e+01 8.043645e-03 -7.018944e-03 9.999430e-01 -8.526834e-01
9.194199e-01 3.932525e-01 -4.409053e-03 4.553728e+01 -3.931941e-01 9.193983e-01 1.025242e-02 -1.239472e+01 8.085465e-03 -7.692662e-03 9.999377e-01 -8.744054e-01
9.214020e-01 3.885514e-01 -6.793956e-03 4.627089e+01 -3.884869e-01 9.214089e-01 9.136068e-03 -1.270065e+01 9.809843e-03 -5.778627e-03 9.999352e-01 -8.888756e-01
9.233260e-01 3.838786e-01 -1.031336e-02 4.703597e+01 -3.837962e-01 9.233730e-01 9.116294e-03 -1.303995e+01 1.302262e-02 -4.459083e-03 9.999053e-01 -9.073095e-01
9.252540e-01 3.792117e-01 -1.017836e-02 4.777974e+01 -3.791320e-01 9.252994e-01 8.938981e-03 -1.333161e+01 1.280780e-02 -4.411886e-03 9.999083e-01 -9.086475e-01
9.274977e-01 3.737174e-01 -9.123342e-03 4.858019e+01 -3.736213e-01 9.275198e-01 1.066884e-02 -1.366591e+01 1.244921e-02 -6.486648e-03 9.999015e-01 -9.261338e-01
9.295912e-01 3.684877e-01 -8.777408e-03 4.936876e+01 -3.684036e-01 9.296137e-01 9.854294e-03 -1.397648e+01 1.179079e-02 -5.926836e-03 9.999129e-01 -9.468737e-01
9.315486e-01 3.634821e-01 -9.896738e-03 5.017881e+01 -3.633967e-01 9.315866e-01 9.443243e-03 -1.429813e+01 1.265212e-02 -5.200398e-03 9.999064e-01 -9.693307e-01
9.337528e-01 3.578167e-01 -8.543193e-03 5.101073e+01 -3.577321e-01 9.337708e-01 1.000248e-02 -1.463704e+01 1.155644e-02 -6.283669e-03 9.999135e-01 -9.804252e-01
9.358401e-01 3.523448e-01 -7.516974e-03 5.182447e+01 -3.522657e-01 9.358455e-01 1.009899e-02 -1.495031e+01 1.059305e-02 -6.803070e-03 9.999207e-01 -1.010394e+00
9.376721e-01 3.474506e-01 -7.009070e-03 5.265183e+01 -3.473863e-01 9.376793e-01 8.962544e-03 -1.527807e+01 9.686301e-03 -5.969073e-03 9.999353e-01 -1.039193e+00
9.399371e-01 3.412926e-01 -6.132623e-03 5.352101e+01 -3.412361e-01 9.399375e-01 8.688101e-03 -1.558551e+01 8.729467e-03 -6.073595e-03 9.999434e-01 -1.064888e+00
9.419740e-01 3.356301e-01 -6.113930e-03 5.439384e+01 -3.355785e-01 9.419773e-01 8.128830e-03 -1.590758e+01 8.487462e-03 -5.605443e-03 9.999483e-01 -1.076771e+00
9.440800e-01 3.296752e-01 -5.216477e-03 5.527104e+01 -3.296337e-01 9.440793e-01 7.474860e-03 -1.622532e+01 7.389043e-03 -5.337339e-03 9.999585e-01 -1.102535e+00
9.458349e-01 3.245642e-01 -7.380414e-03 5.615060e+01 -3.245127e-01 9.458525e-01 7.386999e-03 -1.654898e+01 9.378339e-03 -4.591843e-03 9.999455e-01 -1.125352e+00
9.472833e-01 3.203406e-01 -6.029475e-03 5.704826e+01 -3.202963e-01 9.472892e-01 7.294985e-03 -1.686064e+01 8.048538e-03 -4.979198e-03 9.999552e-01 -1.125539e+00
9.488547e-01 3.156351e-01 -7.011864e-03 5.796630e+01 -3.155779e-01 9.488643e-01 8.182174e-03 -1.718578e+01 9.235889e-03 -5.550905e-03 9.999419e-01 -1.164668e+00
9.504214e-01 3.109234e-01 -5.084722e-03 5.890459e+01 -3.108746e-01 9.504124e-01 8.558945e-03 -1.749253e+01 7.493758e-03 -6.553893e-03 9.999505e-01 -1.154561e+00
9.521324e-01 3.056439e-01 -5.065090e-03 5.984074e+01 -3.055926e-01 9.521205e-01 8.926465e-03 -1.779480e+01 7.550896e-03 -6.951323e-03 9.999473e-01 -1.203431e+00
9.538105e-01 3.003848e-01 -3.797535e-03 6.080188e+01 -3.003367e-01 9.537824e-01 9.851454e-03 -1.811938e+01 6.581249e-03 -8.255880e-03 9.999443e-01 -1.211015e+00
9.552723e-01 2.956936e-01 -4.487442e-03 6.175299e+01 -2.956209e-01 9.552252e-01 1.236886e-02 -1.843100e+01 7.943911e-03 -1.048905e-02 9.999135e-01 -1.248022e+00
9.569721e-01 2.901237e-01 -5.720132e-03 6.273250e+01 -2.900390e-01 9.569356e-01 1.231322e-02 -1.872153e+01 9.046152e-03 -1.012434e-02 9.999079e-01 -1.276849e+00
9.584984e-01 2.850499e-01 -5.234940e-03 6.370604e+01 -2.849433e-01 9.584216e-01 1.533387e-02 -1.904107e+01 9.388199e-03 -1.320583e-02 9.998688e-01 -1.304646e+00
9.596108e-01 2.812695e-01 -5.877522e-03 6.468018e+01 -2.811331e-01 9.595104e-01 1.744241e-02 -1.934361e+01 1.054556e-02 -1.508556e-02 9.998306e-01 -1.337613e+00
9.609690e-01 2.766014e-01 -5.491175e-03 6.567037e+01 -2.764776e-01 9.608729e-01 1.682896e-02 -1.965765e+01 9.931237e-03 -1.465392e-02 9.998433e-01 -1.362479e+00
9.618549e-01 2.734163e-01 -8.869876e-03 6.666693e+01 -2.732913e-01 9.618415e-01 1.313614e-02 -1.994800e+01 1.212305e-02 -1.021100e-02 9.998744e-01 -1.427723e+00
9.626173e-01 2.706702e-01 -1.027978e-02 6.769985e+01 -2.706116e-01 9.626650e-01 6.750229e-03 -2.025259e+01 1.172306e-02 -3.716061e-03 9.999244e-01 -1.422401e+00
9.627450e-01 2.701269e-01 -1.239525e-02 6.870612e+01 -2.700768e-01 9.628226e-01 5.589924e-03 -2.056284e+01 1.344441e-02 -2.034003e-03 9.999076e-01 -1.434620e+00
9.625762e-01 2.707719e-01 -1.138548e-02 6.973194e+01 -2.706982e-01 9.626341e-01 7.602666e-03 -2.086669e+01 1.301864e-02 -4.236116e-03 9.999063e-01 -1.452454e+00
9.624581e-01 2.712386e-01 -1.019403e-02 7.076244e+01 -2.711200e-01 9.624749e-01 1.164968e-02 -2.118626e+01 1.297134e-02 -8.448523e-03 9.998802e-01 -1.513598e+00
9.625722e-01 2.708885e-01 -8.620494e-03 7.181028e+01 -2.707448e-01 9.625357e-01 1.490253e-02 -2.148022e+01 1.233446e-02 -1.201080e-02 9.998518e-01 -1.495618e+00
9.626392e-01 2.706215e-01 -9.470312e-03 7.287553e+01 -2.704668e-01 9.626130e-01 1.497187e-02 -2.179118e+01 1.316795e-02 -1.185111e-02 9.998431e-01 -1.580222e+00
9.627210e-01 2.704044e-01 -7.055511e-03 7.393526e+01 -2.702886e-01 9.626764e-01 1.408275e-02 -2.210896e+01 1.060021e-02 -1.165074e-02 9.998760e-01 -1.574206e+00
9.629403e-01 2.695962e-01 -7.994074e-03 7.499868e+01 -2.694487e-01 9.628839e-01 1.587366e-02 -2.240867e+01 1.197685e-02 -1.313139e-02 9.998420e-01 -1.628895e+00
9.631700e-01 2.687854e-01 -7.610856e-03 7.608717e+01 -2.686533e-01 9.631206e-01 1.496823e-02 -2.272192e+01 1.135341e-02 -1.237227e-02 9.998590e-01 -1.667919e+00
9.632831e-01 2.683630e-01 -8.191463e-03 7.715893e+01 -2.682035e-01 9.632186e-01 1.664200e-02 -2.305003e+01 1.235626e-02 -1.383398e-02 9.998280e-01 -1.691213e+00
9.634175e-01 2.678750e-01 -8.352142e-03 7.826178e+01 -2.677166e-01 9.633585e-01 1.638006e-02 -2.336256e+01 1.243392e-02 -1.354483e-02 9.998310e-01 -1.741025e+00
9.633650e-01 2.680353e-01 -9.217069e-03 7.935577e+01 -2.678411e-01 9.632916e-01 1.817401e-02 -2.369798e+01 1.375000e-02 -1.503949e-02 9.997923e-01 -1.773470e+00
9.632785e-01 2.683149e-01 -1.007879e-02 8.044939e+01 -2.681026e-01 9.632121e-01 1.852688e-02 -2.401715e+01 1.467905e-02 -1.514439e-02 9.997776e-01 -1.811260e+00
9.631251e-01 2.689040e-01 -8.989000e-03 8.156224e+01 -2.687165e-01 9.630526e-01 1.792265e-02 -2.433309e+01 1.347635e-02 -1.484626e-02 9.997990e-01 -1.841555e+00
9.631868e-01 2.686401e-01 -1.018365e-02 8.270644e+01 -2.684430e-01 9.631388e-01 1.738189e-02 -2.466225e+01 1.447774e-02 -1.400828e-02 9.997970e-01 -1.879908e+00
9.630631e-01 2.690698e-01 -1.053593e-02 8.383134e+01 -2.688795e-01 9.630311e-01 1.658125e-02 -2.500189e+01 1.460794e-02 -1.313589e-02 9.998070e-01 -1.935811e+00
9.630263e-01 2.691460e-01 -1.186061e-02 8.497158e+01 -2.689640e-01 9.630343e-01 1.495649e-02 -2.532816e+01 1.544766e-02 -1.121341e-02 9.998178e-01 -1.954686e+00
9.630305e-01 2.691390e-01 -1.168719e-02 8.610799e+01 -2.689764e-01 9.630479e-01 1.379674e-02 -2.567623e+01 1.496857e-02 -1.014310e-02 9.998365e-01 -1.989721e+00
9.630471e-01 2.690530e-01 -1.227950e-02 8.727876e+01 -2.688663e-01 9.630615e-01 1.495581e-02 -2.599819e+01 1.584981e-02 -1.110161e-02 9.998127e-01 -2.024061e+00
9.628053e-01 2.698993e-01 -1.266156e-02 8.842943e+01 -2.696767e-01 9.628030e-01 1.687970e-02 -2.636693e+01 1.674641e-02 -1.283734e-02 9.997774e-01 -2.057295e+00
9.629899e-01 2.692780e-01 -1.182798e-02 8.958858e+01 -2.690811e-01 9.629858e-01 1.593163e-02 -2.670371e+01 1.568021e-02 -1.215931e-02 9.998031e-01 -2.107436e+00
9.632000e-01 2.685309e-01 -1.170117e-02 9.077200e+01 -2.683641e-01 9.632148e-01 1.407060e-02 -2.703918e+01 1.504913e-02 -1.041263e-02 9.998325e-01 -2.125740e+00
9.631940e-01 2.686033e-01 -1.046768e-02 9.195078e+01 -2.684839e-01 9.632152e-01 1.153308e-02 -2.739281e+01 1.318045e-02 -8.298189e-03 9.998787e-01 -2.171384e+00
9.634157e-01 2.677751e-01 -1.125813e-02 9.314132e+01 -2.676554e-01 9.634510e-01 1.108330e-02 -2.773173e+01 1.381449e-02 -7.664523e-03 9.998752e-01 -2.199159e+00
9.631358e-01 2.687757e-01 -1.136331e-02 9.307764e+01 -2.686550e-01 9.631726e-01 1.110079e-02 -2.776077e+01 1.392845e-02 -7.638761e-03 9.998738e-01 -2.197568e+00