1.000000e+00 0.000000e+00 0.000000e+00 0.000000e+00 0.000000e+00 1.000000e+00 0.000000e+00 0.000000e+00 0.000000e+00 0.000000e+00 1.000000e+00 0.000000e+00
9.998508e-01 -1.723049e-02 1.231197e-03 5.112247e-01 1.723178e-02 9.998510e-01 -1.038474e-03 4.550469e-02 -1.213120e-03 1.059535e-03 9.999987e-01 -1.176535e-02
9.996121e-01 -2.753566e-02 4.174595e-03 8.398387e-01 2.754243e-02 9.996192e-01 -1.573122e-03 6.629659e-02 -4.129690e-03 1.687490e-03 9.999900e-01 -1.610264e-02
9.993119e-01 -3.681353e-02 4.522745e-03 1.137691e+00 3.682452e-02 9.993190e-01 -2.371384e-03 8.241844e-02 -4.432366e-03 2.536300e-03 9.999869e-01 -2.874819e-02
9.988494e-01 -4.767859e-02 5.159194e-03 1.463533e+00 4.769150e-02 9.988592e-01 -2.407518e-03 9.916773e-02 -5.038522e-03 2.650797e-03 9.999838e-01 -3.755962e-02
9.983615e-01 -5.698613e-02 5.176662e-03 1.773671e+00 5.700227e-02 9.983695e-01 -3.024560e-03 1.255006e-01 -4.995864e-03 3.314686e-03 9.999820e-01 -4.145077e-02
9.977533e-01 -6.676515e-02 5.547116e-03 2.075130e+00 6.678507e-02 9.977614e-01 -3.487527e-03 1.428027e-01 -5.301852e-03 3.850156e-03 9.999785e-01 -5.221761e-02
9.970576e-01 -7.641849e-02 6.028846e-03 2.364113e+00 7.644132e-02 9.970675e-01 -3.652157e-03 1.728908e-01 -5.732074e-03 4.102264e-03 9.999751e-01 -5.495137e-02
9.962869e-01 -8.576395e-02 7.547969e-03 2.659688e+00 8.579943e-02 9.963022e-01 -4.509425e-03 1.958726e-01 -7.133312e-03 5.140292e-03 9.999613e-01 -6.115945e-02
9.954184e-01 -9.521830e-02 8.696769e-03 2.940878e+00 9.525771e-02 9.954436e-01 -4.235541e-03 2.313756e-01 -8.253844e-03 5.044570e-03 9.999532e-01 -6.526637e-02
9.945418e-01 -1.038605e-01 9.981981e-03 3.213319e+00 1.039148e-01 9.945731e-01 -5.083043e-03 2.592521e-01 -9.399883e-03 6.092574e-03 9.999372e-01 -6.778842e-02
9.935118e-01 -1.131751e-01 1.121216e-02 3.473875e+00 1.132330e-01 9.935576e-01 -4.665263e-03 2.917322e-01 -1.061194e-02 5.904580e-03 9.999263e-01 -7.568878e-02
9.925559e-01 -1.212714e-01 1.123179e-02 3.728503e+00 1.213354e-01 9.925978e-01 -5.204578e-03 3.315273e-01 -1.051748e-02 6.528649e-03 9.999233e-01 -8.173133e-02
9.914969e-01 -1.296108e-01 1.161221e-02 3.961040e+00 1.296841e-01 9.915384e-01 -5.797086e-03 3.652905e-01 -1.076258e-02 7.253712e-03 9.999158e-01 -8.597901e-02
9.904621e-01 -1.372671e-01 1.193552e-02 4.200974e+00 1.373430e-01 9.905066e-01 -5.780851e-03 4.185615e-01 -1.102869e-02 7.364973e-03 9.999121e-01 -8.509821e-02
9.895325e-01 -1.438574e-01 1.142162e-02 4.417825e+00 1.439361e-01 9.895662e-01 -6.396647e-03 4.408967e-01 -1.038225e-02 7.973674e-03 9.999143e-01 -8.972026e-02
9.883507e-01 -1.518085e-01 1.081384e-02 4.627981e+00 1.518798e-01 9.883802e-01 -6.105243e-03 4.778247e-01 -9.761360e-03 7.676526e-03 9.999229e-01 -9.429258e-02
9.873892e-01 -1.579493e-01 1.070106e-02 4.823432e+00 1.580230e-01 9.874145e-01 -6.418095e-03 5.080223e-01 -9.552651e-03 8.028171e-03 9.999222e-01 -9.504244e-02
9.862329e-01 -1.649834e-01 1.118597e-02 5.008683e+00 1.650613e-01 9.862624e-01 -6.426529e-03 5.506461e-01 -9.972026e-03 8.184424e-03 9.999168e-01 -9.734651e-02
9.852147e-01 -1.709498e-01 1.132588e-02 5.191459e+00 1.710229e-01 9.852499e-01 -5.831936e-03 5.877241e-01 -1.016185e-02 7.682694e-03 9.999189e-01 -1.017939e-01
9.842178e-01 -1.765554e-01 1.198029e-02 5.369015e+00 1.766301e-01 9.842621e-01 -5.484385e-03 6.160237e-01 -1.082344e-02 7.513910e-03 9.999132e-01 -1.031844e-01
9.831293e-01 -1.825229e-01 1.192069e-02 5.509982e+00 1.825964e-01 9.831733e-01 -5.387346e-03 6.548083e-01 -1.073679e-02 7.473134e-03 9.999144e-01 -1.060740e-01
9.818925e-01 -1.890397e-01 1.229595e-02 5.665355e+00 1.891119e-01 9.819430e-01 -4.985902e-03 6.805626e-01 -1.113139e-02 7.220929e-03 9.999120e-01 -1.066294e-01
9.809384e-01 -1.939273e-01 1.232859e-02 5.807377e+00 1.939940e-01 9.809927e-01 -4.453664e-03 7.096212e-01 -1.123056e-02 6.760441e-03 9.999141e-01 -1.099356e-01
9.799690e-01 -1.987687e-01 1.232203e-02 5.928733e+00 1.988354e-01 9.800229e-01 -4.436269e-03 7.324495e-01 -1.119408e-02 6.797464e-03 9.999142e-01 -1.129324e-01
9.792227e-01 -2.024232e-01 1.215796e-02 6.047841e+00 2.024879e-01 9.792752e-01 -4.338415e-03 7.599584e-01 -1.102780e-02 6.710115e-03 9.999167e-01 -1.177159e-01
9.783124e-01 -2.067433e-01 1.272722e-02 6.167776e+00 2.068122e-01 9.783711e-01 -4.342568e-03 7.939680e-01 -1.155415e-02 6.880533e-03 9.999096e-01 -1.207109e-01
9.777688e-01 -2.092836e-01 1.297715e-02 6.249810e+00 2.093522e-01 9.778314e-01 -4.157703e-03 8.138020e-01 -1.181932e-02 6.782067e-03 9.999071e-01 -1.189127e-01
9.771633e-01 -2.120871e-01 1.307371e-02 6.351150e+00 2.121522e-01 9.772294e-01 -3.789769e-03 8.360776e-01 -1.197225e-02 6.476838e-03 9.999074e-01 -1.197095e-01
9.769122e-01 -2.132128e-01 1.352194e-02 6.433954e+00 2.132789e-01 9.769847e-01 -3.635535e-03 8.503759e-01 -1.243558e-02 6.435542e-03 9.999020e-01 -1.229379e-01
9.764741e-01 -2.152120e-01 1.349336e-02 6.510040e+00 2.152746e-01 9.765478e-01 -3.348299e-03 8.662016e-01 -1.245632e-02 6.174304e-03 9.999034e-01 -1.250836e-01
9.762322e-01 -2.163181e-01 1.331118e-02 6.577487e+00 2.163777e-01 9.763043e-01 -3.193993e-03 8.808461e-01 -1.230484e-02 5.998320e-03 9.999063e-01 -1.257180e-01
9.760299e-01 -2.172462e-01 1.303068e-02 6.648055e+00 2.173034e-01 9.760993e-01 -3.126610e-03 8.944475e-01 -1.203999e-02 5.883275e-03 9.999102e-01 -1.235572e-01
9.758124e-01 -2.181882e-01 1.356851e-02 6.715850e+00 2.182375e-01 9.758931e-01 -2.254873e-03 9.114633e-01 -1.274943e-02 5.161490e-03 9.999054e-01 -1.286130e-01
9.759002e-01 -2.177688e-01 1.398550e-02 6.757289e+00 2.178194e-01 9.759867e-01 -2.187076e-03 9.289024e-01 -1.317338e-02 5.180680e-03 9.998998e-01 -1.286959e-01
9.758304e-01 -2.181186e-01 1.339009e-02 6.810227e+00 2.181693e-01 9.759079e-01 -2.428650e-03 9.254691e-01 -1.253776e-02 5.291258e-03 9.999074e-01 -1.307148e-01
9.757053e-01 -2.186579e-01 1.370724e-02 6.861581e+00 2.187037e-01 9.757895e-01 -1.919110e-03 9.386951e-01 -1.295575e-02 4.870309e-03 9.999042e-01 -1.329646e-01
9.756346e-01 -2.189884e-01 1.346377e-02 6.904063e+00 2.190385e-01 9.757134e-01 -2.345897e-03 9.421587e-01 -1.262305e-02 5.237821e-03 9.999066e-01 -1.300142e-01
9.756423e-01 -2.189572e-01 1.341335e-02 6.922952e+00 2.190018e-01 9.757226e-01 -1.935460e-03 9.543585e-01 -1.266392e-02 4.825864e-03 9.999081e-01 -1.320123e-01
9.756274e-01 -2.190340e-01 1.324385e-02 6.937165e+00 2.190827e-01 9.757035e-01 -2.332277e-03 9.556392e-01 -1.241122e-02 5.176932e-03 9.999096e-01 -1.318545e-01
9.757090e-01 -2.186432e-01 1.368302e-02 6.951126e+00 2.186908e-01 9.757921e-01 -2.061684e-03 9.608741e-01 -1.290101e-02 5.003954e-03 9.999043e-01 -1.296758e-01
9.755834e-01 -2.192330e-01 1.318918e-02 6.966889e+00 2.192776e-01 9.756602e-01 -2.021443e-03 9.589226e-01 -1.242500e-02 4.864180e-03 9.999110e-01 -1.313978e-01
9.756021e-01 -2.191244e-01 1.360337e-02 6.982735e+00 2.191689e-01 9.756851e-01 -1.851154e-03 9.672769e-01 -1.286698e-02 4.787426e-03 9.999058e-01 -1.274819e-01
9.755096e-01 -2.195271e-01 1.374058e-02 6.996855e+00 2.195659e-01 9.755967e-01 -1.366247e-03 9.688635e-01 -1.310533e-02 4.349750e-03 9.999046e-01 -1.308801e-01
9.755691e-01 -2.192951e-01 1.321680e-02 6.999376e+00 2.193280e-01 9.756507e-01 -1.070735e-03 9.710641e-01 -1.266017e-02 3.943390e-03 9.999121e-01 -1.304297e-01
9.754844e-01 -2.196686e-01 1.326470e-02 7.006883e+00 2.196993e-01 9.755671e-01 -8.802285e-04 9.794522e-01 -1.274725e-02 3.772895e-03 9.999116e-01 -1.344628e-01
9.754667e-01 -2.197470e-01 1.326605e-02 7.016043e+00 2.197790e-01 9.755492e-01 -9.901848e-04 9.670453e-01 -1.272410e-02 3.881492e-03 9.999115e-01 -1.340876e-01
9.755817e-01 -2.192500e-01 1.302851e-02 7.011267e+00 2.192782e-01 9.756621e-01 -7.585548e-04 9.713182e-01 -1.254511e-02 3.596899e-03 9.999148e-01 -1.304887e-01
9.755567e-01 -2.193324e-01 1.350241e-02 7.000324e+00 2.193637e-01 9.756428e-01 -8.661420e-04 9.682464e-01 -1.298356e-02 3.806910e-03 9.999084e-01 -1.275750e-01
9.755905e-01 -2.191855e-01 1.344720e-02 7.011311e+00 2.192081e-01 9.756782e-01 -2.137416e-04 9.800494e-01 -1.307329e-02 3.156261e-03 9.999096e-01 -1.326524e-01
9.756197e-01 -2.190238e-01 1.395612e-02 7.016261e+00 2.190451e-01 9.757147e-01 3.484427e-06 9.849707e-01 -1.361795e-02 3.053619e-03 9.999026e-01 -1.302187e-01
9.755145e-01 -2.195460e-01 1.308049e-02 7.020353e+00 2.195700e-01 9.755968e-01 -4.075984e-04 9.757148e-01 -1.267180e-02 3.269701e-03 9.999143e-01 -1.306603e-01
9.755211e-01 -2.195055e-01 1.325866e-02 7.036031e+00 2.195221e-01 9.756075e-01 2.130623e-04 9.868082e-01 -1.298201e-02 2.702721e-03 9.999121e-01 -1.330483e-01
9.754722e-01 -2.197146e-01 1.340145e-02 7.047137e+00 2.197355e-01 9.755595e-01 -9.260187e-05 9.850734e-01 -1.305356e-02 3.035104e-03 9.999102e-01 -1.315211e-01
9.755459e-01 -2.193787e-01 1.353299e-02 7.054214e+00 2.193999e-01 9.756349e-01 -8.011272e-05 9.847276e-01 -1.318569e-02 3.047291e-03 9.999084e-01 -1.301816e-01
9.753289e-01 -2.203481e-01 1.342892e-02 7.078881e+00 2.203615e-01 9.754180e-01 4.921429e-04 9.977558e-01 -1.320725e-02 2.479216e-03 9.999097e-01 -1.321155e-01
9.752755e-01 -2.205856e-01 1.340441e-02 7.103034e+00 2.205931e-01 9.753655e-01 9.307982e-04 1.006660e+00 -1.327952e-02 2.049137e-03 9.999097e-01 -1.339581e-01
9.752734e-01 -2.206053e-01 1.323290e-02 7.124757e+00 2.206117e-01 9.753612e-01 9.895940e-04 1.002295e+00 -1.312516e-02 1.954208e-03 9.999120e-01 -1.340271e-01
9.752568e-01 -2.207185e-01 1.254764e-02 7.152615e+00 2.207239e-01 9.753358e-01 9.758623e-04 1.010211e+00 -1.245356e-02 1.817847e-03 9.999208e-01 -1.381793e-01
9.753773e-01 -2.201870e-01 1.252453e-02 7.208022e+00 2.201947e-01 9.754556e-01 7.724672e-04 1.010741e+00 -1.238722e-02 2.004390e-03 9.999213e-01 -1.363251e-01
9.753517e-01 -2.202898e-01 1.270733e-02 7.230538e+00 2.202922e-01 9.754331e-01 1.225799e-03 1.026929e+00 -1.266518e-02 1.603740e-03 9.999185e-01 -1.387495e-01
9.755834e-01 -2.192851e-01 1.228689e-02 7.262455e+00 2.192898e-01 9.756594e-01 9.818320e-04 1.027515e+00 -1.220312e-02 1.736531e-03 9.999240e-01 -1.363229e-01
9.757786e-01 -2.183751e-01 1.297526e-02 7.319424e+00 2.183754e-01 9.758638e-01 1.404602e-03 1.040638e+00 -1.296882e-02 1.462898e-03 9.999148e-01 -1.411993e-01
9.759122e-01 -2.177672e-01 1.314812e-02 7.367020e+00 2.177643e-01 9.760000e-01 1.671911e-03 1.054154e+00 -1.319665e-02 1.231552e-03 9.999121e-01 -1.433442e-01
9.759066e-01 -2.177818e-01 1.331862e-02 7.407029e+00 2.177778e-01 9.759969e-01 1.766944e-03 1.071589e+00 -1.338374e-02 1.176128e-03 9.999098e-01 -1.442662e-01
9.762405e-01 -2.162992e-01 1.300574e-02 7.469697e+00 2.162946e-01 9.763263e-01 1.771581e-03 1.076473e+00 -1.308104e-02 1.083582e-03 9.999139e-01 -1.471144e-01
9.764325e-01 -2.154357e-01 1.292562e-02 7.536249e+00 2.154328e-01 9.765174e-01 1.630387e-03 1.079608e+00 -1.297333e-02 1.192639e-03 9.999151e-01 -1.466742e-01
9.764353e-01 -2.153927e-01 1.342185e-02 7.583248e+00 2.153875e-01 9.765269e-01 1.848591e-03 1.099999e+00 -1.350497e-02 1.085869e-03 9.999082e-01 -1.482043e-01
9.765921e-01 -2.146966e-01 1.316542e-02 7.648206e+00 2.146937e-01 9.766800e-01 1.649338e-03 1.114936e+00 -1.321250e-02 1.215802e-03 9.999120e-01 -1.479452e-01
9.770543e-01 -2.125639e-01 1.347437e-02 7.716034e+00 2.125640e-01 9.771460e-01 1.434902e-03 1.125828e+00 -1.347143e-02 1.462189e-03 9.999082e-01 -1.501580e-01
9.772826e-01 -2.115079e-01 1.353149e-02 7.783963e+00 2.115082e-01 9.773751e-01 1.429207e-03 1.137800e+00 -1.352763e-02 1.465282e-03 9.999074e-01 -1.515648e-01
9.774132e-01 -2.108653e-01 1.411127e-02 7.834958e+00 2.108684e-01 9.775136e-01 1.288581e-03 1.155780e+00 -1.406567e-02 1.716143e-03 9.998996e-01 -1.490326e-01
9.777238e-01 -2.094461e-01 1.373215e-02 7.912102e+00 2.094485e-01 9.778188e-01 1.277359e-03 1.159245e+00 -1.369510e-02 1.627276e-03 9.999049e-01 -1.556647e-01
9.779851e-01 -2.081687e-01 1.452056e-02 7.965211e+00 2.081777e-01 9.780906e-01 8.989207e-04 1.172379e+00 -1.438955e-02 2.143726e-03 9.998941e-01 -1.546869e-01
9.781947e-01 -2.071950e-01 1.433009e-02 8.023587e+00 2.072082e-01 9.782968e-01 5.705858e-04 1.180797e+00 -1.413731e-02 2.411169e-03 9.998972e-01 -1.564728e-01
9.783018e-01 -2.066856e-01 1.437898e-02 8.099722e+00 2.066996e-01 9.784043e-01 5.200338e-04 1.187000e+00 -1.417594e-02 2.463380e-03 9.998965e-01 -1.568205e-01
9.786069e-01 -2.051832e-01 1.511276e-02 8.145308e+00 2.052027e-01 9.787195e-01 2.648470e-04 1.208460e+00 -1.484549e-02 2.841997e-03 9.998857e-01 -1.607479e-01
9.787117e-01 -2.046505e-01 1.554422e-02 8.203248e+00 2.046719e-01 9.788306e-01 2.204203e-04 1.211971e+00 -1.526027e-02 2.965737e-03 9.998792e-01 -1.577070e-01
9.790980e-01 -2.028262e-01 1.511825e-02 8.238104e+00 2.028504e-01 9.792098e-01 -6.841251e-05 1.214525e+00 -1.479006e-02 3.133726e-03 9.998857e-01 -1.583938e-01
9.791810e-01 -2.023824e-01 1.568320e-02 8.285453e+00 2.024056e-01 9.793018e-01 1.053597e-04 1.223465e+00 -1.537991e-02 3.071202e-03 9.998770e-01 -1.598875e-01
9.792247e-01 -2.021743e-01 1.563798e-02 8.330729e+00 2.021988e-01 9.793444e-01 1.716462e-05 1.225377e+00 -1.531844e-02 3.145173e-03 9.998777e-01 -1.603891e-01
9.793680e-01 -2.014451e-01 1.606626e-02 8.361775e+00 2.014710e-01 9.794945e-01 1.111289e-05 1.233460e+00 -1.573905e-02 3.226001e-03 9.998710e-01 -1.618655e-01
9.794094e-01 -2.012359e-01 1.616745e-02 8.391344e+00 2.012594e-01 9.795381e-01 1.768336e-04 1.237250e+00 -1.587222e-02 3.080660e-03 9.998693e-01 -1.650910e-01
9.795026e-01 -2.007773e-01 1.622549e-02 8.410368e+00 2.008001e-01 9.796323e-01 2.268889e-04 1.241154e+00 -1.594057e-02 3.035842e-03 9.998683e-01 -1.639430e-01
9.796481e-01 -2.000756e-01 1.610695e-02 8.431087e+00 2.000964e-01 9.797763e-01 3.285254e-04 1.245009e+00 -1.584694e-02 2.901103e-03 9.998702e-01 -1.642747e-01
9.796635e-01 -1.999585e-01 1.661439e-02 8.435471e+00 1.999835e-01 9.797993e-01 1.618182e-04 1.245178e+00 -1.631113e-02 3.164078e-03 9.998620e-01 -1.609839e-01
9.796973e-01 -1.998219e-01 1.625664e-02 8.443703e+00 1.998461e-01 9.798273e-01 1.389415e-04 1.247735e+00 -1.595646e-02 3.112705e-03 9.998679e-01 -1.578214e-01
9.797162e-01 -1.997485e-01 1.601861e-02 8.443553e+00 1.997672e-01 9.798433e-01 4.415862e-04 1.246688e+00 -1.578393e-02 2.767363e-03 9.998716e-01 -1.638339e-01
9.797188e-01 -1.997096e-01 1.634487e-02 8.434094e+00 1.997258e-01 9.798517e-01 6.487160e-04 1.251564e+00 -1.614510e-02 2.628934e-03 9.998662e-01 -1.616074e-01
9.797888e-01 -1.993912e-01 1.603512e-02 8.429461e+00 1.994011e-01 9.799175e-01 9.976265e-04 1.245580e+00 -1.591201e-02 2.219957e-03 9.998710e-01 -1.616914e-01
9.798317e-01 -1.992149e-01 1.559746e-02 8.441918e+00 1.992327e-01 9.799522e-01 4.197063e-04 1.243740e+00 -1.536837e-02 2.696282e-03 9.998783e-01 -1.622141e-01
9.797443e-01 -1.996010e-01 1.613987e-02 8.454784e+00 1.996135e-01 9.798743e-01 8.458484e-04 1.251770e+00 -1.598387e-02 2.393020e-03 9.998694e-01 -1.629361e-01
9.796940e-01 -1.998750e-01 1.580104e-02 8.440388e+00 1.998865e-01 9.798187e-01 8.584777e-04 1.245479e+00 -1.565374e-02 2.317369e-03 9.998748e-01 -1.643367e-01
9.797038e-01 -1.998434e-01 1.558610e-02 8.446979e+00 1.998566e-01 9.798248e-01 7.216561e-04 1.244016e+00 -1.541586e-02 2.407975e-03 9.998783e-01 -1.646629e-01
9.797538e-01 -1.995768e-01 1.586102e-02 8.453140e+00 1.995953e-01 9.798782e-01 4.205710e-04 1.244925e+00 -1.562580e-02 2.753729e-03 9.998741e-01 -1.632978e-01
9.797783e-01 -1.994775e-01 1.559714e-02 8.443440e+00 1.994939e-01 9.798989e-01 5.114507e-04 1.246731e+00 -1.538564e-02 2.610425e-03 9.998782e-01 -1.625818e-01
9.796939e-01 -1.999194e-01 1.523471e-02 8.440041e+00 1.999328e-01 9.798094e-01 6.579208e-04 1.247049e+00 -1.505864e-02 2.401357e-03 9.998837e-01 -1.664364e-01
9.798092e-01 -1.993029e-01 1.588233e-02 8.447585e+00 1.993196e-01 9.799346e-01 5.398232e-04 1.252744e+00 -1.567123e-02 2.636734e-03 9.998737e-01 -1.645656e-01
9.797421e-01 -1.996984e-01 1.503629e-02 8.455030e+00 1.997131e-01 9.798545e-01 5.373429e-04 1.246873e+00 -1.484068e-02 2.476486e-03 9.998868e-01 -1.650198e-01
9.799188e-01 -1.988066e-01 1.533195e-02 8.444355e+00 1.988255e-01 9.800349e-01 2.949454e-04 1.242796e+00 -1.508448e-02 2.759359e-03 9.998824e-01 -1.659166e-01
9.798198e-01 -1.993048e-01 1.518802e-02 8.441667e+00 1.993271e-01 9.799330e-01 5.023018e-05 1.255129e+00 -1.489325e-02 2.978166e-03 9.998847e-01 -1.668367e-01
9.798248e-01 -1.993062e-01 1.484652e-02 8.437236e+00 1.993316e-01 9.799320e-01 -2.413333e-04 1.253973e+00 -1.450048e-02 3.195846e-03 9.998897e-01 -1.670229e-01
9.797699e-01 -1.995609e-01 1.504117e-02 8.434944e+00 1.995900e-01 9.798793e-01 -4.390080e-04 1.253445e+00 -1.465092e-02 3.432193e-03 9.998868e-01 -1.658857e-01
9.796582e-01 -2.001111e-01 1.501393e-02 8.412290e+00 2.001466e-01 9.797655e-01 -8.874516e-04 1.245170e+00 -1.453255e-02 3.874387e-03 9.998869e-01 -1.637764e-01
9.795227e-01 -2.007870e-01 1.482881e-02 8.404173e+00 2.008258e-01 9.796263e-01 -1.160964e-03 1.233032e+00 -1.429358e-02 4.115198e-03 9.998894e-01 -1.600555e-01
9.791576e-01 -2.025736e-01 1.464149e-02 8.370860e+00 2.026073e-01 9.792596e-01 -8.360393e-04 1.236122e+00 -1.416846e-02 3.785087e-03 9.998925e-01 -1.647419e-01
9.787126e-01 -2.046874e-01 1.499088e-02 8.359299e+00 2.047265e-01 9.788187e-01 -1.103026e-03 1.241863e+00 -1.444758e-02 4.148575e-03 9.998870e-01 -1.614433e-01
9.782242e-01 -2.070304e-01 1.468835e-02 8.333922e+00 2.070664e-01 9.783264e-01 -9.586042e-04 1.236033e+00 -1.417154e-02 3.979194e-03 9.998916e-01 -1.592052e-01
9.774598e-01 -2.106294e-01 1.441044e-02 8.302306e+00 2.106629e-01 9.775585e-01 -8.329215e-04 1.237408e+00 -1.391161e-02 3.849893e-03 9.998958e-01 -1.611409e-01
9.764665e-01 -2.151612e-01 1.479364e-02 8.265036e+00 2.151965e-01 9.765704e-01 -8.192853e-04 1.236982e+00 -1.427075e-02 3.983544e-03 9.998902e-01 -1.622469e-01
9.754435e-01 -2.197655e-01 1.459781e-02 8.223720e+00 2.198034e-01 9.755436e-01 -1.022918e-03 1.239667e+00 -1.401599e-02 4.206446e-03 9.998930e-01 -1.578988e-01
9.737481e-01 -2.272291e-01 1.347335e-02 8.195203e+00 2.272574e-01 9.738345e-01 -5.869181e-04 1.231493e+00 -1.298745e-02 3.633429e-03 9.999090e-01 -1.609955e-01
9.719703e-01 -2.346800e-01 1.411230e-02 8.126254e+00 2.347127e-01 9.720645e-01 -6.886530e-04 1.239491e+00 -1.355646e-02 3.981687e-03 9.999002e-01 -1.526677e-01
9.697198e-01 -2.438326e-01 1.375314e-02 8.083733e+00 2.438571e-01 9.698111e-01 -1.092667e-04 1.243469e+00 -1.331131e-02 3.459759e-03 9.999054e-01 -1.581426e-01
9.672458e-01 -2.535254e-01 1.266739e-02 8.017320e+00 2.535472e-01 9.673229e-01 -1.132142e-04 1.233827e+00 -1.222476e-02 3.321287e-03 9.999198e-01 -1.532275e-01
9.642681e-01 -2.646002e-01 1.317961e-02 7.960951e+00 2.646114e-01 9.643548e-01 9.228982e-04 1.253779e+00 -1.295402e-02 2.597554e-03 9.999127e-01 -1.520889e-01
9.608565e-01 -2.768045e-01 1.158133e-02 7.895041e+00 2.768116e-01 9.609237e-01 1.011174e-03 1.242611e+00 -1.140867e-02 2.234253e-03 9.999324e-01 -1.513239e-01
9.573663e-01 -2.886775e-01 1.072692e-02 7.835738e+00 2.886829e-01 9.574243e-01 1.071868e-03 1.225425e+00 -1.057964e-02 2.070508e-03 9.999419e-01 -1.505805e-01
9.531398e-01 -3.023572e-01 1.022407e-02 7.748220e+00 3.023602e-01 9.531928e-01 1.286291e-03 1.232118e+00 -1.013443e-02 1.865338e-03 9.999469e-01 -1.485233e-01
9.487126e-01 -3.159951e-01 9.559516e-03 7.685297e+00 3.159946e-01 9.487596e-01 1.599289e-03 1.227763e+00 -9.575050e-03 1.503490e-03 9.999530e-01 -1.481569e-01
9.437125e-01 -3.306419e-01 9.095648e-03 7.609632e+00 3.306367e-01 9.437556e-01 2.109387e-03 1.219641e+00 -9.281522e-03 1.016700e-03 9.999564e-01 -1.472845e-01
9.380161e-01 -3.464887e-01 8.445644e-03 7.544144e+00 3.464851e-01 9.380534e-01 1.939108e-03 1.216047e+00 -8.594344e-03 1.107375e-03 9.999624e-01 -1.447198e-01
9.318192e-01 -3.628415e-01 7.681042e-03 7.467402e+00 3.628349e-01 9.318506e-01 2.280399e-03 1.208430e+00 -7.985007e-03 6.620312e-04 9.999679e-01 -1.440934e-01
9.255908e-01 -3.784544e-01 7.342647e-03 7.388866e+00 3.784493e-01 9.256195e-01 2.129013e-03 1.204704e+00 -7.602233e-03 8.082246e-04 9.999708e-01 -1.409524e-01
9.182174e-01 -3.960244e-01 6.434153e-03 7.298285e+00 3.960155e-01 9.182400e-01 2.655338e-03 1.196115e+00 -6.959675e-03 1.098471e-04 9.999758e-01 -1.409726e-01
9.108186e-01 -4.127633e-01 5.996783e-03 7.227479e+00 4.127562e-01 9.108382e-01 2.427264e-03 1.177025e+00 -6.463985e-03 2.644128e-04 9.999791e-01 -1.374428e-01
9.034936e-01 -4.285784e-01 4.458522e-03 7.132645e+00 4.285695e-01 9.035045e-01 2.834349e-03 1.161430e+00 -5.243035e-03 -6.500293e-04 9.999861e-01 -1.375972e-01
8.973445e-01 -4.413205e-01 3.005285e-03 7.068673e+00 4.413089e-01 8.973470e-01 3.830750e-03 1.141398e+00 -4.387372e-03 -2.111243e-03 9.999881e-01 -1.380767e-01
8.917933e-01 -4.524431e-01 2.511737e-04 6.996045e+00 4.524338e-01 8.917782e-01 5.934176e-03 1.134981e+00 -2.908868e-03 -5.178419e-03 9.999824e-01 -1.397229e-01
8.880856e-01 -4.596781e-01 -9.342621e-05 6.977906e+00 4.596690e-01 8.880668e-01 6.471496e-03 1.107905e+00 -2.891836e-03 -5.790188e-03 9.999791e-01 -1.394461e-01
8.849357e-01 -4.657124e-01 8.871914e-04 6.943979e+00 4.656981e-01 8.849206e-01 6.403636e-03 1.107654e+00 -3.767347e-03 -5.253643e-03 9.999791e-01 -1.396214e-01
8.840851e-01 -4.673254e-01 6.167690e-04 6.938148e+00 4.673144e-01 8.840718e-01 5.849157e-03 1.099833e+00 -3.278729e-03 -4.882928e-03 9.999827e-01 -1.380138e-01
8.844761e-01 -4.665844e-01 1.078517e-03 6.956682e+00 4.665740e-01 8.844680e-01 5.025294e-03 1.092774e+00 -3.298637e-03 -3.941544e-03 9.999868e-01 -1.379653e-01
8.843445e-01 -4.668076e-01 5.055176e-03 6.937221e+00 4.667934e-01 8.843584e-01 3.757582e-03 1.094321e+00 -6.224656e-03 -9.632733e-04 9.999802e-01 -1.322950e-01
8.842008e-01 -4.670523e-01 7.150108e-03 6.943840e+00 4.670457e-01 8.842289e-01 2.676419e-03 1.091640e+00 -7.572362e-03 9.729354e-04 9.999709e-01 -1.398504e-01
8.843974e-01 -4.666974e-01 5.890604e-03 6.950588e+00 4.666878e-01 8.844171e-01 3.006286e-03 1.088309e+00 -6.612777e-03 9.032164e-05 9.999781e-01 -1.404399e-01
8.841029e-01 -4.672638e-01 5.161230e-03 6.946551e+00 4.672539e-01 8.841178e-01 3.041249e-03 1.095327e+00 -5.984202e-03 -2.771722e-04 9.999821e-01 -1.393361e-01
8.840588e-01 -4.673459e-01 5.271816e-03 6.945902e+00 4.673358e-01 8.840744e-01 3.085025e-03 1.104568e+00 -6.102453e-03 -2.636351e-04 9.999813e-01 -1.360549e-01
8.843134e-01 -4.668656e-01 5.127558e-03 6.945428e+00 4.668573e-01 8.843282e-01 2.780037e-03 1.095931e+00 -5.832348e-03 -6.458594e-05 9.999830e-01 -1.343848e-01
8.841282e-01 -4.672104e-01 5.633309e-03 6.951997e+00 4.672014e-01 8.841461e-01 2.896407e-03 1.095406e+00 -6.333900e-03 7.109519e-05 9.999799e-01 -1.390840e-01
8.840971e-01 -4.672722e-01 5.386715e-03 6.957319e+00 4.672639e-01 8.841136e-01 2.797425e-03 1.092257e+00 -6.069627e-03 4.382210e-05 9.999816e-01 -1.386966e-01
8.840306e-01 -4.673941e-01 5.720142e-03 6.945910e+00 4.673863e-01 8.840489e-01 2.704523e-03 1.098876e+00 -6.320964e-03 2.826353e-04 9.999800e-01 -1.383441e-01
8.839087e-01 -4.676330e-01 4.974330e-03 6.948685e+00 4.676256e-01 8.839227e-01 2.632356e-03 1.098716e+00 -5.627900e-03 -6.379560e-07 9.999841e-01 -1.397129e-01
8.834935e-01 -4.684110e-01 5.509779e-03 6.943657e+00 4.684038e-01 8.835106e-01 2.614274e-03 1.096534e+00 -6.092503e-03 2.711073e-04 9.999814e-01 -1.360685e-01
8.830214e-01 -4.693030e-01 5.287593e-03 6.933493e+00 4.692972e-01 8.830371e-01 2.367791e-03 1.093223e+00 -5.780352e-03 3.906420e-04 9.999832e-01 -1.400123e-01
8.823378e-01 -4.705855e-01 5.417959e-03 6.933290e+00 4.705828e-01 8.823538e-01 1.824105e-03 1.091930e+00 -5.638954e-03 9.401221e-04 9.999837e-01 -1.387633e-01
8.812752e-01 -4.725741e-01 5.272821e-03 6.926725e+00 4.725690e-01 8.812908e-01 2.254129e-03 1.093727e+00 -5.712132e-03 5.052631e-04 9.999835e-01 -1.413257e-01
8.808964e-01 -4.732748e-01 5.692816e-03 6.921923e+00 4.732715e-01 8.809144e-01 1.995867e-03 1.088714e+00 -5.959477e-03 9.360951e-04 9.999818e-01 -1.395308e-01
8.797227e-01 -4.754542e-01 5.598715e-03 6.897243e+00 4.754520e-01 8.797396e-01 1.797809e-03 1.078552e+00 -5.780188e-03 1.080347e-03 9.999827e-01 -1.388177e-01
8.780401e-01 -4.785593e-01 5.158101e-03 6.882567e+00 4.785588e-01 8.780545e-01 1.405269e-03 1.075088e+00 -5.201598e-03 1.234572e-03 9.999857e-01 -1.380929e-01
8.763257e-01 -4.816863e-01 5.615114e-03 6.873713e+00 4.816883e-01 8.763419e-01 1.079994e-03 1.078851e+00 -5.440978e-03 1.758308e-03 9.999837e-01 -1.408781e-01
8.735935e-01 -4.866091e-01 6.779423e-03 6.851331e+00 4.866180e-01 8.736148e-01 3.812221e-04 1.080673e+00 -6.108110e-03 2.965956e-03 9.999769e-01 -1.354548e-01
8.704258e-01 -4.922599e-01 6.255968e-03 6.813483e+00 4.922720e-01 8.704414e-01 -4.585737e-04 1.068668e+00 -5.219715e-03 3.478792e-03 9.999803e-01 -1.365603e-01
8.659338e-01 -5.001171e-01 6.440974e-03 6.778713e+00 5.001330e-01 8.659480e-01 -1.027030e-03 1.057175e+00 -5.063913e-03 4.110683e-03 9.999787e-01 -1.402449e-01
8.612214e-01 -5.081935e-01 6.083051e-03 6.732378e+00 5.082083e-01 8.612335e-01 -1.093811e-03 1.040685e+00 -4.683060e-03 4.033471e-03 9.999809e-01 -1.381640e-01
8.551810e-01 -5.183091e-01 4.591572e-03 6.675923e+00 5.183188e-01 8.551866e-01 -1.143405e-03 1.030242e+00 -3.334014e-03 3.357716e-03 9.999888e-01 -1.378003e-01
8.480082e-01 -5.299630e-01 4.631644e-03 6.619424e+00 5.299727e-01 8.480140e-01 -1.120160e-03 1.018476e+00 -3.334055e-03 3.404550e-03 9.999887e-01 -1.358780e-01
8.404940e-01 -5.418049e-01 4.161143e-03 6.543342e+00 5.418130e-01 8.404984e-01 -1.070155e-03 1.003138e+00 -2.917619e-03 3.154020e-03 9.999908e-01 -1.331216e-01
8.320630e-01 -5.546695e-01 3.586836e-03 6.478572e+00 5.546750e-01 8.320668e-01 -6.860601e-04 9.708989e-01 -2.603950e-03 2.560373e-03 9.999933e-01 -1.323677e-01
8.230912e-01 -5.679004e-01 3.164960e-03 6.401501e+00 5.679044e-01 8.230945e-01 -4.264278e-04 9.565341e-01 -2.362892e-03 2.148383e-03 9.999949e-01 -1.269322e-01
8.134074e-01 -5.816888e-01 2.536685e-03 6.319951e+00 5.816912e-01 8.134097e-01 -2.613103e-04 9.213842e-01 -1.911363e-03 1.688119e-03 9.999967e-01 -1.268239e-01
8.032340e-01 -5.956609e-01 1.823155e-03 6.234972e+00 5.956622e-01 8.032351e-01 -2.722986e-04 8.877147e-01 -1.302224e-03 1.304704e-03 9.999983e-01 -1.270430e-01
7.918949e-01 -6.106567e-01 8.295575e-04 6.132653e+00 6.106572e-01 7.918949e-01 -4.017028e-04 8.606279e-01 -4.116199e-04 8.246817e-04 9.999996e-01 -1.232991e-01
7.809572e-01 -6.245845e-01 2.585616e-04 6.060284e+00 6.245845e-01 7.809572e-01 -6.972616e-05 8.232188e-01 -1.583756e-04 2.159467e-04 9.999999e-01 -1.207135e-01
7.689267e-01 -6.393365e-01 -7.250824e-04 5.980035e+00 6.393367e-01 7.689270e-01 1.347322e-04 7.781395e-01 4.713961e-04 -5.671710e-04 9.999997e-01 -1.208877e-01
7.573854e-01 -6.529651e-01 -1.963621e-03 5.905396e+00 6.529669e-01 7.573863e-01 3.519399e-04 7.338625e-01 1.257416e-03 -1.548734e-03 9.999980e-01 -1.225761e-01
7.456070e-01 -6.663786e-01 -3.144437e-03 5.821992e+00 6.663827e-01 7.456098e-01 4.131002e-04 6.981618e-01 2.069242e-03 -2.403409e-03 9.999950e-01 -1.221627e-01
7.338449e-01 -6.793079e-01 -3.531984e-03 5.750344e+00 6.793126e-01 7.338490e-01 1.755127e-04 6.511787e-01 2.472716e-03 -2.528120e-03 9.999937e-01 -1.183984e-01
7.233049e-01 -6.905114e-01 -4.913540e-03 5.684776e+00 6.905198e-01 7.233135e-01 1.418882e-05 6.081873e-01 3.544232e-03 -3.403159e-03 9.999879e-01 -1.167542e-01
7.118056e-01 -7.023550e-01 -5.501373e-03 5.604699e+00 7.023670e-01 7.118148e-01 3.810498e-04 5.799942e-01 3.648327e-03 -4.135217e-03 9.999848e-01 -1.185782e-01
7.009951e-01 -7.131354e-01 -6.620110e-03 5.530636e+00 7.131511e-01 7.010103e-01 3.481610e-05 5.368926e-01 4.615936e-03 -4.745545e-03 9.999781e-01 -1.159896e-01
6.907275e-01 -7.230800e-01 -7.127682e-03 5.476850e+00 7.231017e-01 6.907412e-01 7.218791e-04 5.038677e-01 4.401407e-03 -5.652661e-03 9.999743e-01 -1.136568e-01
6.808575e-01 -7.323794e-01 -7.310803e-03 5.408446e+00 7.324008e-01 6.808736e-01 3.615154e-04 4.580035e-01 4.712967e-03 -5.600577e-03 9.999732e-01 -1.093904e-01
6.707624e-01 -7.416306e-01 -7.862634e-03 5.362110e+00 7.416572e-01 6.707786e-01 7.412035e-04 4.239548e-01 4.724387e-03 -6.328551e-03 9.999688e-01 -1.134394e-01
6.614466e-01 -7.499499e-01 -7.964101e-03 5.313538e+00 7.499783e-01 6.614618e-01 9.275554e-04 3.892796e-01 4.572328e-03 -6.586431e-03 9.999679e-01 -1.084869e-01
6.521040e-01 -7.580763e-01 -8.977510e-03 5.253128e+00 7.581110e-01 6.521251e-01 7.364156e-04 3.397305e-01 5.296201e-03 -7.286170e-03 9.999594e-01 -1.089073e-01
6.435874e-01 -7.653204e-01 -8.945410e-03 5.212649e+00 7.653558e-01 6.436069e-01 8.775305e-04 3.044530e-01 5.085736e-03 -7.411189e-03 9.999596e-01 -1.083332e-01
6.350919e-01 -7.723750e-01 -9.747220e-03 5.173615e+00 7.724144e-01 6.351186e-01 4.347931e-04 2.700714e-01 5.854819e-03 -7.805027e-03 9.999524e-01 -1.056414e-01
6.265577e-01 -7.793054e-01 -1.041432e-02 5.132593e+00 7.793551e-01 6.265811e-01 1.228531e-03 2.399831e-01 5.568019e-03 -8.886202e-03 9.999450e-01 -1.063749e-01
6.196085e-01 -7.848362e-01 -1.083347e-02 5.085968e+00 7.848886e-01 6.196361e-01 9.943708e-04 2.062592e-01 5.932393e-03 -9.119190e-03 9.999408e-01 -1.023413e-01
6.129318e-01 -7.900601e-01 -1.093645e-02 5.050750e+00 7.901149e-01 6.129576e-01 1.215281e-03 1.879478e-01 5.743437e-03 -9.385940e-03 9.999394e-01 -1.035349e-01
6.073616e-01 -7.943457e-01 -1.126087e-02 5.023652e+00 7.944013e-01 6.073925e-01 8.217855e-04 1.651951e-01 6.186990e-03 -9.444775e-03 9.999363e-01 -1.012813e-01
6.034107e-01 -7.973529e-01 -1.113759e-02 5.011133e+00 7.974076e-01 6.034406e-01 8.142437e-04 1.426281e-01 6.071637e-03 -9.372523e-03 9.999377e-01 -1.014049e-01
6.002878e-01 -7.996984e-01 -1.170597e-02 4.993376e+00 7.997556e-01 6.003257e-01 3.471319e-04 1.197440e-01 6.749791e-03 -9.570290e-03 9.999314e-01 -9.535808e-02
5.982670e-01 -8.012096e-01 -1.182135e-02 4.978975e+00 8.012683e-01 5.983050e-01 3.826697e-04 1.060393e-01 6.766177e-03 -9.701014e-03 9.999300e-01 -9.784640e-02
5.960188e-01 -8.028855e-01 -1.167740e-02 4.979890e+00 8.029453e-01 5.960523e-01 7.417868e-04 1.033757e-01 6.364773e-03 -9.818435e-03 9.999315e-01 -1.006006e-01
5.954573e-01 -8.032960e-01 -1.209109e-02 4.975264e+00 8.033562e-01 5.954988e-01 2.134512e-04 9.411379e-02 7.028765e-03 -9.840555e-03 9.999269e-01 -1.022523e-01
5.957730e-01 -8.030660e-01 -1.181271e-02 4.976494e+00 8.031207e-01 5.958164e-01 -1.877481e-04 9.218986e-02 7.188981e-03 -9.375178e-03 9.999302e-01 -9.756164e-02
5.959181e-01 -8.029752e-01 -1.060456e-02 4.976710e+00 8.030181e-01 5.959545e-01 -3.509047e-04 9.396749e-02 6.601606e-03 -8.306544e-03 9.999437e-01 -9.453973e-02
5.954334e-01 -8.033356e-01 -1.054491e-02 4.970595e+00 8.033804e-01 5.954663e-01 3.349548e-05 1.006568e-01 6.252231e-03 -8.491520e-03 9.999444e-01 -9.923879e-02
5.956008e-01 -8.032044e-01 -1.106138e-02 4.983508e+00 8.032541e-01 5.956364e-01 9.228382e-05 9.463085e-02 6.514439e-03 -8.940065e-03 9.999388e-01 -9.867611e-02
5.954431e-01 -8.033296e-01 -1.044151e-02 4.975634e+00 8.033695e-01 5.954807e-01 -6.220681e-04 9.090430e-02 6.717443e-03 -8.017983e-03 9.999453e-01 -9.557530e-02
5.957260e-01 -8.031151e-01 -1.079553e-02 4.976858e+00 8.031585e-01 5.957651e-01 -5.147909e-04 9.276296e-02 6.845037e-03 -8.363849e-03 9.999416e-01 -9.838966e-02
5.955659e-01 -8.032362e-01 -1.062604e-02 4.979110e+00 8.032817e-01 5.955994e-01 2.046768e-05 9.620757e-02 6.312420e-03 -8.547889e-03 9.999436e-01 -9.679032e-02
5.955714e-01 -8.032362e-01 -1.031363e-02 4.971191e+00 8.032766e-01 5.956061e-01 -3.658226e-04 9.822892e-02 6.436705e-03 -8.066826e-03 9.999468e-01 -9.500844e-02
5.956464e-01 -8.031776e-01 -1.054153e-02 4.982973e+00 8.032198e-01 5.956826e-01 -3.777463e-04 9.109674e-02 6.582807e-03 -8.242167e-03 9.999444e-01 -9.858717e-02
5.956405e-01 -8.031798e-01 -1.070084e-02 4.983907e+00 8.032252e-01 5.956756e-01 -9.346055e-05 9.584038e-02 6.449292e-03 -8.539513e-03 9.999427e-01 -9.662946e-02
5.950889e-01 -8.035880e-01 -1.075128e-02 4.977322e+00 8.036341e-01 5.951235e-01 -4.322920e-05 9.720077e-02 6.433081e-03 -8.614372e-03 9.999422e-01 -9.955132e-02
5.957816e-01 -8.030782e-01 -1.046814e-02 4.983974e+00 8.031216e-01 5.958149e-01 -9.394111e-05 9.391558e-02 6.312516e-03 -8.351220e-03 9.999452e-01 -9.639063e-02
5.957248e-01 -8.031137e-01 -1.097060e-02 4.981529e+00 8.031603e-01 5.957628e-01 -2.563684e-04 9.410362e-02 6.741768e-03 -8.658424e-03 9.999398e-01 -9.869001e-02
5.954798e-01 -8.032973e-01 -1.083194e-02 4.984852e+00 8.033442e-01 5.955149e-01 -1.870003e-05 9.839783e-02 6.465604e-03 -8.690641e-03 9.999413e-01 -1.005553e-01
5.951805e-01 -8.035214e-01 -1.065142e-02 4.982407e+00 8.035659e-01 5.952157e-01 -1.826193e-04 1.018981e-01 6.486633e-03 -8.450428e-03 9.999433e-01 -9.888912e-02
5.952228e-01 -8.034880e-01 -1.081062e-02 4.979602e+00 8.035337e-01 5.952593e-01 -1.926720e-04 9.368067e-02 6.589929e-03 -8.572011e-03 9.999415e-01 -9.757849e-02
5.952802e-01 -8.034450e-01 -1.084513e-02 4.975482e+00 8.034922e-01 5.953152e-01 -1.261802e-05 9.789468e-02 6.466407e-03 -8.706464e-03 9.999412e-01 -9.904394e-02
5.952661e-01 -8.034616e-01 -1.038214e-02 4.970707e+00 8.035052e-01 5.952977e-01 5.908078e-05 1.042183e-01 6.132996e-03 -8.377274e-03 9.999461e-01 -9.612557e-02
5.957838e-01 -8.030757e-01 -1.054453e-02 4.975979e+00 8.031212e-01 5.958157e-01 1.367559e-04 1.014028e-01 6.172770e-03 -8.550009e-03 9.999444e-01 -9.794905e-02
5.954403e-01 -8.033320e-01 -1.041935e-02 4.977563e+00 8.033761e-01 5.954720e-01 8.666469e-05 9.495784e-02 6.134813e-03 -8.422265e-03 9.999457e-01 -9.723643e-02
5.955577e-01 -8.032449e-01 -1.041696e-02 4.986681e+00 8.032883e-01 5.955902e-01 -2.329657e-05 9.865705e-02 6.222953e-03 -8.353949e-03 9.999458e-01 -9.511707e-02
5.953591e-01 -8.033920e-01 -1.043509e-02 4.986636e+00 8.034353e-01 5.953921e-01 -6.675627e-05 1.000538e-01 6.266600e-03 -8.344174e-03 9.999455e-01 -9.973553e-02
5.953599e-01 -8.033869e-01 -1.076962e-02 4.984409e+00 8.034320e-01 5.953965e-01 -2.426831e-04 9.294447e-02 6.607161e-03 -8.508170e-03 9.999420e-01 -9.867338e-02
5.952129e-01 -8.034973e-01 -1.065983e-02 4.972637e+00 8.035406e-01 5.952499e-01 -3.699274e-04 9.378545e-02 6.642499e-03 -8.345423e-03 9.999431e-01 -9.591012e-02
5.956279e-01 -8.031916e-01 -1.052290e-02 4.975900e+00 8.032356e-01 5.956615e-01 -7.062219e-05 9.581517e-02 6.324807e-03 -8.410300e-03 9.999446e-01 -9.719462e-02
5.958738e-01 -8.030102e-01 -1.044689e-02 4.974461e+00 8.030524e-01 5.959086e-01 -2.609296e-04 9.556999e-02 6.434921e-03 -8.233921e-03 9.999454e-01 -9.585709e-02
5.954434e-01 -8.033282e-01 -1.054062e-02 4.971930e+00 8.033706e-01 5.954792e-01 -3.408203e-04 9.498861e-02 6.550514e-03 -8.265088e-03 9.999444e-01 -9.862496e-02
5.951842e-01 -8.035152e-01 -1.091285e-02 4.990469e+00 8.035575e-01 5.952266e-01 -8.097354e-04 9.095012e-02 7.146251e-03 -8.287159e-03 9.999401e-01 -9.933098e-02
5.954235e-01 -8.033439e-01 -1.046271e-02 4.976099e+00 8.033878e-01 5.954562e-01 -1.075352e-05 9.775163e-02 6.238723e-03 -8.399209e-03 9.999453e-01 -9.745605e-02
5.955888e-01 -8.032160e-01 -1.086082e-02 4.987604e+00 8.032607e-01 5.956273e-01 -3.982978e-04 8.730315e-02 6.788922e-03 -8.486851e-03 9.999409e-01 -9.772786e-02
5.954778e-01 -8.033046e-01 -1.038220e-02 4.982880e+00 8.033472e-01 5.955110e-01 -1.276676e-04 9.529714e-02 6.285268e-03 -8.264486e-03 9.999461e-01 -9.672234e-02
5.959858e-01 -8.029249e-01 -1.060568e-02 4.977634e+00 8.029675e-01 5.960227e-01 -4.020375e-04 9.103787e-02 6.644032e-03 -8.276407e-03 9.999437e-01 -9.737635e-02
5.953501e-01 -8.033952e-01 -1.069829e-02 4.984358e+00 8.034408e-01 5.953847e-01 -5.214615e-05 9.733839e-02 6.411494e-03 -8.564401e-03 9.999428e-01 -9.882158e-02
5.955454e-01 -8.032485e-01 -1.084154e-02 4.986427e+00 8.032939e-01 5.955827e-01 -2.753506e-04 9.320637e-02 6.678207e-03 -8.544957e-03 9.999412e-01 -9.894937e-02
5.953444e-01 -8.034009e-01 -1.058540e-02 4.978542e+00 8.034439e-01 5.953803e-01 -3.038808e-04 9.560935e-02 6.546477e-03 -8.323861e-03 9.999439e-01 -9.755747e-02
5.959120e-01 -8.029824e-01 -1.039640e-02 4.981284e+00 8.030270e-01 5.959426e-01 1.849132e-04 9.825531e-02 6.047178e-03 -8.458785e-03 9.999459e-01 -9.626234e-02
5.955912e-01 -8.032178e-01 -1.059511e-02 4.974123e+00 8.032613e-01 5.956267e-01 -2.451492e-04 9.727828e-02 6.507642e-03 -8.364636e-03 9.999439e-01 -9.639025e-02
5.955776e-01 -8.032327e-01 -1.022911e-02 4.972013e+00 8.032731e-01 5.956109e-01 -2.649215e-04 9.241866e-02 6.305361e-03 -8.058985e-03 9.999477e-01 -9.544658e-02
5.953734e-01 -8.033727e-01 -1.108394e-02 4.988009e+00 8.034187e-01 5.954143e-01 -4.885015e-04 9.273636e-02 6.991984e-03 -8.614203e-03 9.999384e-01 -9.932434e-02
5.956415e-01 -8.031789e-01 -1.071876e-02 4.978241e+00 8.032238e-01 5.956774e-01 -1.783092e-04 9.736681e-02 6.528134e-03 -8.503351e-03 9.999425e-01 -9.940269e-02
5.955513e-01 -8.032499e-01 -1.040795e-02 4.981184e+00 8.032919e-01 5.955855e-01 -2.427078e-04 9.825648e-02 6.393781e-03 -8.216079e-03 9.999458e-01 -9.583928e-02
5.950842e-01 -8.035879e-01 -1.101441e-02 4.980814e+00 8.036331e-01 5.951248e-01 -5.253688e-04 9.497620e-02 6.977130e-03 -8.538909e-03 9.999392e-01 -1.017124e-01
5.955614e-01 -8.032408e-01 -1.053465e-02 4.985556e+00 8.032850e-01 5.955949e-01 -4.655961e-05 9.768447e-02 6.311779e-03 -8.434593e-03 9.999445e-01 -9.745974e-02
5.959191e-01 -8.029695e-01 -1.097715e-02 4.981952e+00 8.030159e-01 5.959575e-01 -2.858904e-04 9.762267e-02 6.771475e-03 -8.644456e-03 9.999397e-01 -1.007567e-01
5.956857e-01 -8.031451e-01 -1.079843e-02 4.976933e+00 8.031899e-01 5.957230e-01 -2.993490e-04 9.633560e-02 6.673291e-03 -8.494869e-03 9.999416e-01 -9.817527e-02
5.960497e-01 -8.028738e-01 -1.087786e-02 4.981507e+00 8.029232e-01 5.960823e-01 2.941242e-04 1.030101e-01 6.247956e-03 -8.909399e-03 9.999408e-01 -9.890993e-02
5.966330e-01 -8.024457e-01 -1.049482e-02 4.987609e+00 8.024912e-01 5.966640e-01 2.169758e-04 1.026001e-01 6.087767e-03 -8.551451e-03 9.999449e-01 -9.611133e-02
5.979759e-01 -8.014430e-01 -1.067069e-02 4.988773e+00 8.014908e-01 5.980068e-01 3.446559e-04 1.092312e-01 6.104927e-03 -8.758560e-03 9.999430e-01 -9.858111e-02
5.987197e-01 -8.008886e-01 -1.059337e-02 4.997112e+00 8.009353e-01 5.987509e-01 2.857866e-04 1.109210e-01 6.113904e-03 -8.655706e-03 9.999439e-01 -1.004586e-01
6.003624e-01 -7.996582e-01 -1.057428e-02 4.990387e+00 7.997071e-01 6.003901e-01 6.830841e-04 1.128961e-01 5.802460e-03 -8.866425e-03 9.999439e-01 -9.953397e-02
6.020037e-01 -7.984176e-01 -1.099485e-02 5.011938e+00 7.984735e-01 6.020286e-01 1.245948e-03 1.209963e-01 5.624425e-03 -9.529158e-03 9.999388e-01 -1.008167e-01
6.061250e-01 -7.952858e-01 -1.152839e-02 5.016807e+00 7.953540e-01 6.061397e-01 2.570302e-03 1.294316e-01 4.943691e-03 -1.072708e-02 9.999303e-01 -9.934293e-02
6.105949e-01 -7.918630e-01 -1.126167e-02 5.048601e+00 7.919351e-01 6.105909e-01 4.192896e-03 1.421869e-01 3.556075e-03 -1.147867e-02 9.999278e-01 -1.014448e-01
6.174670e-01 -7.865156e-01 -1.129857e-02 5.073179e+00 7.865913e-01 6.174526e-01 5.137865e-03 1.694024e-01 2.935319e-03 -1.205982e-02 9.999230e-01 -9.888131e-02
6.251726e-01 -7.804136e-01 -1.066612e-02 5.115053e+00 7.804810e-01 6.251609e-01 4.793357e-03 1.912694e-01 2.927241e-03 -1.132138e-02 9.999316e-01 -9.804469e-02
6.349524e-01 -7.724755e-01 -1.081298e-02 5.172925e+00 7.725472e-01 6.349325e-01 5.641425e-03 2.325878e-01 2.507645e-03 -1.193557e-02 9.999256e-01 -1.001739e-01
6.456913e-01 -7.635324e-01 -1.005417e-02 5.234060e+00 7.635945e-01 6.456749e-01 5.225404e-03 2.683294e-01 2.501962e-03 -1.105131e-02 9.999358e-01 -1.020691e-01
6.584183e-01 -7.525942e-01 -9.345267e-03 5.289415e+00 7.526494e-01 6.583989e-01 5.454762e-03 3.216660e-01 2.047692e-03 -1.062522e-02 9.999415e-01 -1.014693e-01
6.705699e-01 -7.417938e-01 -8.826299e-03 5.361768e+00 7.418438e-01 6.705515e-01 5.330344e-03 3.681639e-01 1.964473e-03 -1.012210e-02 9.999468e-01 -1.048867e-01
6.848943e-01 -7.286032e-01 -7.557882e-03 5.449714e+00 7.286406e-01 6.848795e-01 4.795211e-03 4.205387e-01 1.682432e-03 -8.791192e-03 9.999599e-01 -1.065312e-01
6.999025e-01 -7.141969e-01 -7.698925e-03 5.535438e+00 7.142352e-01 6.998909e-01 4.551246e-03 4.763710e-01 2.137923e-03 -8.684272e-03 9.999600e-01 -1.088201e-01
7.146360e-01 -6.994551e-01 -7.612281e-03 5.639197e+00 6.994931e-01 7.146245e-01 4.618759e-03 5.417753e-01 2.209307e-03 -8.625469e-03 9.999604e-01 -1.200609e-01
7.310241e-01 -6.823136e-01 -7.198941e-03 5.728359e+00 6.823476e-01 7.310153e-01 4.275088e-03 5.896739e-01 2.345586e-03 -8.037372e-03 9.999650e-01 -1.169575e-01
7.490804e-01 -6.624624e-01 -4.700559e-03 5.850877e+00 6.624790e-01 7.490647e-01 4.866626e-03 6.556882e-01 2.970661e-04 -6.759516e-03 9.999771e-01 -1.139033e-01
7.645440e-01 -6.445566e-01 -4.378533e-03 5.960583e+00 6.445714e-01 7.645305e-01 4.568570e-03 7.209225e-01 4.028196e-04 -6.315150e-03 9.999800e-01 -1.234901e-01
7.824158e-01 -6.227469e-01 -3.432523e-03 6.084783e+00 6.227562e-01 7.824005e-01 4.917422e-03 7.715668e-01 -3.767026e-04 -5.985094e-03 9.999820e-01 -1.260426e-01
7.999338e-01 -6.000795e-01 -3.243946e-03 6.222241e+00 6.000883e-01 7.999214e-01 4.460177e-03 8.254273e-01 -8.155894e-05 -5.514501e-03 9.999848e-01 -1.316175e-01
8.180445e-01 -5.751540e-01 -9.681708e-04 6.343460e+00 5.751507e-01 8.180310e-01 5.199372e-03 8.943444e-01 -2.198446e-03 -4.810162e-03 9.999860e-01 -1.317551e-01
8.348306e-01 -5.505043e-01 -1.711734e-03 6.505181e+00 5.505050e-01 8.348153e-01 5.281146e-03 9.469650e-01 -1.478312e-03 -5.351180e-03 9.999846e-01 -1.383509e-01
8.509467e-01 -5.252520e-01 -2.858373e-04 6.656364e+00 5.252457e-01 8.509334e-01 5.404170e-03 1.018560e+00 -2.595323e-03 -4.748795e-03 9.999853e-01 -1.426852e-01
8.686836e-01 -4.953672e-01 -2.100465e-04 6.815763e+00 4.953596e-01 8.686677e-01 5.939127e-03 1.079572e+00 -2.759588e-03 -5.263271e-03 9.999824e-01 -1.447998e-01
8.849937e-01 -4.656028e-01 -3.048817e-04 6.997324e+00 4.655955e-01 8.849756e-01 6.239380e-03 1.137810e+00 -2.635260e-03 -5.663764e-03 9.999805e-01 -1.511810e-01
9.006285e-01 -4.345897e-01 -1.678042e-04 7.172672e+00 4.345830e-01 9.006124e-01 5.916560e-03 1.175407e+00 -2.420150e-03 -5.401547e-03 9.999825e-01 -1.511224e-01
9.146593e-01 -4.042215e-01 1.800748e-03 7.388053e+00 4.042041e-01 9.146476e-01 6.224435e-03 1.241593e+00 -4.163101e-03 -4.965368e-03 9.999790e-01 -1.541028e-01
9.277427e-01 -3.732052e-01 3.381217e-03 7.588762e+00 3.731788e-01 9.277363e-01 6.549151e-03 1.282237e+00 -5.581055e-03 -4.814128e-03 9.999728e-01 -1.626137e-01
9.384517e-01 -3.453823e-01 4.413050e-03 7.801373e+00 3.453556e-01 9.384538e-01 5.828087e-03 1.317780e+00 -6.154362e-03 -3.945306e-03 9.999733e-01 -1.665433e-01
9.487189e-01 -3.160729e-01 5.510044e-03 8.022767e+00 3.160437e-01 9.487284e-01 5.564262e-03 1.362512e+00 -6.986247e-03 -3.537506e-03 9.999694e-01 -1.712017e-01
9.573285e-01 -2.888854e-01 8.209802e-03 8.254427e+00 2.888511e-01 9.573604e-01 5.121034e-03 1.420143e+00 -9.339131e-03 -2.531101e-03 9.999532e-01 -1.740630e-01
9.649896e-01 -2.620981e-01 9.981870e-03 8.497276e+00 2.620601e-01 9.650388e-01 4.961047e-03 1.442880e+00 -1.093317e-02 -2.171509e-03 9.999379e-01 -1.770466e-01
9.706475e-01 -2.402149e-01 1.184314e-02 8.751081e+00 2.401736e-01 9.707180e-01 4.814657e-03 1.496981e+00 -1.265290e-02 -1.828924e-03 9.999183e-01 -1.862204e-01
9.759410e-01 -2.175150e-01 1.504602e-02 9.015989e+00 2.174561e-01 9.760549e-01 5.468196e-03 1.530732e+00 -1.587516e-02 -2.064788e-03 9.998719e-01 -1.907851e-01
9.804137e-01 -1.961507e-01 1.771554e-02 9.282105e+00 1.960938e-01 9.805727e-01 4.911434e-03 1.557068e+00 -1.833475e-02 -1.341331e-03 9.998310e-01 -1.964556e-01
9.835554e-01 -1.796015e-01 1.903001e-02 9.555321e+00 1.795425e-01 9.837385e-01 4.782453e-03 1.586071e+00 -1.957949e-02 -1.287113e-03 9.998075e-01 -1.977448e-01
9.863872e-01 -1.631455e-01 2.058727e-02 9.837117e+00 1.630946e-01 9.866018e-01 4.144039e-03 1.608495e+00 -2.098752e-02 -7.299549e-04 9.997795e-01 -2.051221e-01
9.882597e-01 -1.512527e-01 2.157360e-02 1.013057e+01 1.511983e-01 9.884948e-01 4.142945e-03 1.650519e+00 -2.195202e-02 -8.324145e-04 9.997587e-01 -2.121681e-01
9.898446e-01 -1.402594e-01 2.312973e-02 1.041521e+01 1.402111e-01 9.901147e-01 3.703699e-03 1.675204e+00 -2.342056e-02 -4.230408e-04 9.997256e-01 -2.194647e-01
9.910460e-01 -1.313098e-01 2.419897e-02 1.070865e+01 1.312690e-01 9.913414e-01 3.273981e-03 1.698779e+00 -2.441934e-02 -6.809225e-05 9.997018e-01 -2.226715e-01
9.921253e-01 -1.226577e-01 2.534649e-02 1.100772e+01 1.226134e-01 9.924489e-01 3.303734e-03 1.724747e+00 -2.556033e-02 -1.698993e-04 9.996732e-01 -2.247081e-01
9.930583e-01 -1.146335e-01 2.635115e-02 1.132416e+01 1.145850e-01 9.934078e-01 3.349412e-03 1.755989e+00 -2.656140e-02 -3.067147e-04 9.996471e-01 -2.350002e-01
9.936466e-01 -1.090434e-01 2.785664e-02 1.164381e+01 1.089848e-01 9.940369e-01 3.615568e-03 1.792673e+00 -2.808478e-02 -5.566454e-04 9.996054e-01 -2.460706e-01
9.941515e-01 -1.038674e-01 2.957121e-02 1.195229e+01 1.037955e-01 9.945908e-01 3.961357e-03 1.821632e+00 -2.982271e-02 -8.688295e-04 9.995548e-01 -2.462374e-01
9.945816e-01 -9.928200e-02 3.083184e-02 1.229178e+01 9.919875e-02 9.950588e-01 4.221807e-03 1.833568e+00 -3.109863e-02 -1.140452e-03 9.995157e-01 -2.537081e-01
9.948792e-01 -9.541026e-02 3.334860e-02 1.263491e+01 9.532888e-02 9.954377e-01 4.025262e-03 1.857681e+00 -3.358050e-02 -8.255646e-04 9.994357e-01 -2.577728e-01
9.951320e-01 -9.201047e-02 3.530434e-02 1.297846e+01 9.193422e-02 9.957579e-01 3.780456e-03 1.880996e+00 -3.550241e-02 -5.163765e-04 9.993694e-01 -2.642604e-01
9.953933e-01 -8.892035e-02 3.585319e-02 1.333142e+01 8.880873e-02 9.960377e-01 4.697166e-03 1.910053e+00 -3.612880e-02 -1.491451e-03 9.993460e-01 -2.803759e-01
9.956760e-01 -8.566309e-02 3.593159e-02 1.368919e+01 8.553698e-02 9.963224e-01 5.035313e-03 1.936612e+00 -3.623079e-02 -1.940061e-03 9.993415e-01 -2.869652e-01
9.959565e-01 -8.207013e-02 3.654093e-02 1.405777e+01 8.192909e-02 9.966239e-01 5.343150e-03 1.960709e+00 -3.685607e-02 -2.327779e-03 9.993179e-01 -2.915604e-01
9.962489e-01 -7.762386e-02 3.824486e-02 1.442511e+01 7.750829e-02 9.969815e-01 4.497504e-03 1.980666e+00 -3.847853e-02 -1.516340e-03 9.992583e-01 -2.978505e-01
9.963257e-01 -7.502227e-02 4.131241e-02 1.480295e+01 7.490968e-02 9.971811e-01 4.268806e-03 2.001489e+00 -4.151621e-02 -1.158422e-03 9.991372e-01 -2.992510e-01
9.965488e-01 -7.095729e-02 4.307605e-02 1.519148e+01 7.080360e-02 9.974774e-01 5.084905e-03 2.022741e+00 -4.332819e-02 -2.017417e-03 9.990588e-01 -3.172173e-01
9.967680e-01 -6.658736e-02 4.494073e-02 1.558438e+01 6.645530e-02 9.977797e-01 4.427794e-03 2.038299e+00 -4.513578e-02 -1.426934e-03 9.989799e-01 -3.241253e-01
9.970392e-01 -6.218787e-02 4.522774e-02 1.598465e+01 6.204005e-02 9.980628e-01 4.666121e-03 2.052172e+00 -4.543030e-02 -1.846374e-03 9.989658e-01 -3.300001e-01
9.972098e-01 -5.876592e-02 4.603382e-02 1.640144e+01 5.867024e-02 9.982715e-01 3.427945e-03 2.064860e+00 -4.615570e-02 -7.175647e-04 9.989340e-01 -3.398316e-01
9.973500e-01 -5.483681e-02 4.781194e-02 1.681629e+01 5.473390e-02 9.984950e-01 3.459814e-03 2.083496e+00 -4.792970e-02 -8.337118e-04 9.988503e-01 -3.453400e-01
9.975591e-01 -5.033923e-02 4.839114e-02 1.724693e+01 5.024556e-02 9.987319e-01 3.150981e-03 2.099072e+00 -4.848840e-02 -7.118502e-04 9.988235e-01 -3.563527e-01
9.977235e-01 -4.594110e-02 4.936927e-02 1.769708e+01 4.586442e-02 9.989440e-01 2.685464e-03 2.101394e+00 -4.944051e-02 -4.150576e-04 9.987770e-01 -3.604033e-01
9.978617e-01 -4.153502e-02 5.046593e-02 1.814397e+01 4.145616e-02 9.991369e-01 2.608833e-03 2.112150e+00 -5.053073e-02 -5.111314e-04 9.987224e-01 -3.736166e-01
9.979530e-01 -3.739853e-02 5.187602e-02 1.859220e+01 3.729578e-02 9.992999e-01 2.947627e-03 2.118543e+00 -5.194993e-02 -1.006837e-03 9.986492e-01 -3.776904e-01
9.980987e-01 -3.282404e-02 5.216949e-02 1.905681e+01 3.273416e-02 9.994608e-01 2.576498e-03 2.122439e+00 -5.222593e-02 -8.638746e-04 9.986349e-01 -3.867046e-01
9.981859e-01 -2.806975e-02 5.326317e-02 1.954758e+01 2.798462e-02 9.996055e-01 2.343700e-03 2.129126e+00 -5.330794e-02 -8.488987e-04 9.985778e-01 -3.948043e-01
9.982942e-01 -2.259938e-02 5.383268e-02 2.003674e+01 2.252428e-02 9.997443e-01 2.001572e-03 2.127394e+00 -5.386415e-02 -7.856159e-04 9.985480e-01 -3.996543e-01
9.983141e-01 -1.816304e-02 5.512721e-02 2.052463e+01 1.807642e-02 9.998344e-01 2.069567e-03 2.127130e+00 -5.515568e-02 -1.069575e-03 9.984772e-01 -4.114110e-01
9.983262e-01 -1.385938e-02 5.614913e-02 2.102180e+01 1.375239e-02 9.999027e-01 2.291440e-03 2.130499e+00 -5.617543e-02 -1.515420e-03 9.984198e-01 -4.173139e-01
9.983991e-01 -1.018753e-02 5.563658e-02 2.151377e+01 1.006911e-02 9.999466e-01 2.408363e-03 2.118241e+00 -5.565814e-02 -1.844297e-03 9.984482e-01 -4.308676e-01
9.984313e-01 -7.221554e-03 5.552374e-02 2.200787e+01 7.057462e-03 9.999703e-01 3.150864e-03 2.111297e+00 -5.554483e-02 -2.754065e-03 9.984524e-01 -4.364251e-01
9.984500e-01 -3.377992e-03 5.555317e-02 2.250277e+01 3.188327e-03 9.999888e-01 3.502400e-03 2.116148e+00 -5.556438e-02 -3.319850e-03 9.984496e-01 -4.455377e-01
9.984214e-01 -1.166803e-03 5.615567e-02 2.301636e+01 9.531440e-04 9.999923e-01 3.831404e-03 2.110004e+00 -5.615970e-02 -3.771831e-03 9.984147e-01 -4.592504e-01
9.984919e-01 1.068795e-03 5.488874e-02 2.352208e+01 -1.305640e-03 9.999899e-01 4.279334e-03 2.098132e+00 -5.488362e-02 -4.344545e-03 9.984833e-01 -4.679032e-01
9.983824e-01 2.191404e-03 5.681242e-02 2.403515e+01 -2.482109e-03 9.999841e-01 5.046874e-03 2.103900e+00 -5.680047e-02 -5.179725e-03 9.983721e-01 -4.797378e-01
9.984206e-01 3.593276e-03 5.606596e-02 2.454833e+01 -3.919268e-03 9.999760e-01 5.705551e-03 2.092873e+00 -5.604412e-02 -5.916277e-03 9.984108e-01 -4.896456e-01
9.984987e-01 5.433481e-03 5.450586e-02 2.506049e+01 -5.776153e-03 9.999645e-01 6.131317e-03 2.086208e+00 -5.447061e-02 -6.436946e-03 9.984946e-01 -5.125337e-01
9.985355e-01 6.643770e-03 5.369099e-02 2.558163e+01 -6.993990e-03 9.999554e-01 6.337631e-03 2.075220e+00 -5.364650e-02 -6.703864e-03 9.985375e-01 -5.157356e-01
9.985442e-01 7.902944e-03 5.335763e-02 2.608257e+01 -8.294818e-03 9.999403e-01 7.126839e-03 2.068347e+00 -5.329812e-02 -7.559056e-03 9.985501e-01 -5.294743e-01
9.985567e-01 8.996878e-03 5.294902e-02 2.660861e+01 -9.407377e-03 9.999275e-01 7.508609e-03 2.052284e+00 -5.287762e-02 -7.995883e-03 9.985690e-01 -5.429732e-01
9.985920e-01 1.067206e-02 5.196216e-02 2.712517e+01 -1.105771e-02 9.999133e-01 7.139863e-03 2.046486e+00 -5.188147e-02 -7.704393e-03 9.986235e-01 -5.537399e-01
9.986185e-01 1.167195e-02 5.123387e-02 2.764242e+01 -1.210801e-02 9.998930e-01 8.209016e-03 2.045588e+00 -5.113257e-02 -8.818015e-03 9.986529e-01 -5.724376e-01
9.986712e-01 1.338933e-02 4.976603e-02 2.815253e+01 -1.384465e-02 9.998654e-01 8.815634e-03 2.014630e+00 -4.964130e-02 -9.492912e-03 9.987220e-01 -5.847039e-01
9.987146e-01 1.454740e-02 4.855352e-02 2.867595e+01 -1.498969e-02 9.998492e-01 8.757639e-03 2.010907e+00 -4.841879e-02 -9.474183e-03 9.987822e-01 -6.056950e-01
9.987647e-01 1.605355e-02 4.702555e-02 2.918892e+01 -1.649779e-02 9.998227e-01 9.073913e-03 1.992215e+00 -4.687155e-02 -9.838521e-03 9.988525e-01 -6.106489e-01
9.987476e-01 1.799879e-02 4.668279e-02 2.970121e+01 -1.849102e-02 9.997777e-01 1.013384e-02 1.973245e+00 -4.649001e-02 -1.098436e-02 9.988583e-01 -6.247422e-01
9.988172e-01 1.988679e-02 4.436960e-02 3.023039e+01 -2.036578e-02 9.997389e-01 1.036957e-02 1.965627e+00 -4.415180e-02 -1.126092e-02 9.989614e-01 -6.424652e-01
9.988557e-01 2.081180e-02 4.305904e-02 3.074896e+01 -2.130112e-02 9.997134e-01 1.093664e-02 1.951586e+00 -4.281908e-02 -1.184133e-02 9.990126e-01 -6.602267e-01
9.989122e-01 2.247707e-02 4.085634e-02 3.126257e+01 -2.296125e-02 9.996710e-01 1.142029e-02 1.920025e+00 -4.058621e-02 -1.234598e-02 9.990998e-01 -6.701826e-01
9.988983e-01 2.476383e-02 3.986041e-02 3.180457e+01 -2.527648e-02 9.996034e-01 1.240877e-02 1.912154e+00 -3.953731e-02 -1.340263e-02 9.991282e-01 -6.872608e-01
9.989541e-01 2.478259e-02 3.842475e-02 3.231900e+01 -2.529688e-02 9.995960e-01 1.295647e-02 1.900247e+00 -3.808813e-02 -1.391495e-02 9.991775e-01 -7.042249e-01
9.989279e-01 2.686873e-02 3.769742e-02 3.283706e+01 -2.744672e-02 9.995121e-01 1.489934e-02 1.872623e+00 -3.727870e-02 -1.591804e-02 9.991781e-01 -7.193101e-01
9.989468e-01 2.845613e-02 3.599470e-02 3.335762e+01 -2.903998e-02 9.994533e-01 1.580283e-02 1.856978e+00 -3.552534e-02 -1.683147e-02 9.992270e-01 -7.276053e-01
9.989473e-01 3.064383e-02 3.413745e-02 3.390236e+01 -3.125019e-02 9.993608e-01 1.737228e-02 1.826416e+00 -3.358327e-02 -1.842079e-02 9.992661e-01 -7.559205e-01
9.989570e-01 3.143998e-02 3.311399e-02 3.442390e+01 -3.207492e-02 9.993082e-01 1.882090e-02 1.811804e+00 -3.249936e-02 -1.986340e-02 9.992744e-01 -7.722989e-01
9.989646e-01 3.353518e-02 3.074228e-02 3.495477e+01 -3.413161e-02 9.992350e-01 1.908577e-02 1.787046e+00 -3.007872e-02 -2.011530e-02 9.993451e-01 -7.887660e-01
9.989079e-01 3.504259e-02 3.090516e-02 3.548636e+01 -3.565016e-02 9.991775e-01 1.933222e-02 1.772263e+00 -3.020229e-02 -2.041288e-02 9.993353e-01 -8.108498e-01
9.988622e-01 3.635672e-02 3.086283e-02 3.602380e+01 -3.696278e-02 9.991302e-01 1.929929e-02 1.740447e+00 -3.013432e-02 -2.041811e-02 9.993373e-01 -8.238750e-01
9.987968e-01 3.859746e-02 3.025255e-02 3.656101e+01 -3.922030e-02 9.990250e-01 2.027192e-02 1.714303e+00 -2.944061e-02 -2.143405e-02 9.993367e-01 -8.512762e-01
9.987655e-01 4.021480e-02 2.915955e-02 3.710792e+01 -4.081402e-02 9.989614e-01 2.025445e-02 1.681286e+00 -2.831474e-02 -2.141957e-02 9.993696e-01 -8.681392e-01
9.987115e-01 4.273188e-02 2.737344e-02 3.764684e+01 -4.328240e-02 9.988657e-01 1.984496e-02 1.656465e+00 -2.649438e-02 -2.100417e-02 9.994283e-01 -8.980761e-01
9.986308e-01 4.526315e-02 2.622566e-02 3.817530e+01 -4.579839e-02 9.987470e-01 2.018078e-02 1.622003e+00 -2.527935e-02 -2.135425e-02 9.994524e-01 -9.180503e-01
9.985090e-01 4.821317e-02 2.559893e-02 3.871787e+01 -4.875555e-02 9.985898e-01 2.100372e-02 1.589506e+00 -2.455017e-02 -2.222049e-02 9.994516e-01 -9.340736e-01
9.983563e-01 5.178953e-02 2.454602e-02 3.925672e+01 -5.230696e-02 9.984118e-01 2.092846e-02 1.556762e+00 -2.342316e-02 -2.217799e-02 9.994796e-01 -9.530155e-01
9.981254e-01 5.562574e-02 2.552229e-02 3.977708e+01 -5.616799e-02 9.981996e-01 2.104478e-02 1.509527e+00 -2.430570e-02 -2.243886e-02 9.994527e-01 -9.714257e-01
9.979789e-01 5.911582e-02 2.331437e-02 4.032578e+01 -5.964019e-02 9.979669e-01 2.247636e-02 1.477268e+00 -2.193826e-02 -2.382141e-02 9.994755e-01 -9.977556e-01
9.977885e-01 6.301376e-02 2.115031e-02 4.085601e+01 -6.351559e-02 9.976933e-01 2.395787e-02 1.435547e+00 -1.959185e-02 -2.524826e-02 9.994892e-01 -1.028855e+00
9.975682e-01 6.665934e-02 2.034871e-02 4.140530e+01 -6.713665e-02 9.974611e-01 2.375101e-02 1.399155e+00 -1.871382e-02 -2.505940e-02 9.995108e-01 -1.038907e+00
9.973706e-01 7.001691e-02 1.869551e-02 4.194498e+01 -7.045441e-02 9.972295e-01 2.386837e-02 1.349584e+00 -1.697252e-02 -2.512279e-02 9.995403e-01 -1.069092e+00
9.971510e-01 7.361922e-02 1.643817e-02 4.246455e+01 -7.400314e-02 9.969665e-01 2.411445e-02 1.305948e+00 -1.461301e-02 -2.526222e-02 9.995741e-01 -1.092623e+00
9.969171e-01 7.706714e-02 1.472552e-02 4.299881e+01 -7.740378e-02 9.967144e-01 2.385170e-02 1.268646e+00 -1.283895e-02 -2.491798e-02 9.996070e-01 -1.123868e+00
9.966873e-01 8.023532e-02 1.329457e-02 4.353394e+01 -8.052497e-02 9.964894e-01 2.290926e-02 1.215739e+00 -1.140977e-02 -2.390391e-02 9.996492e-01 -1.143170e+00
9.965035e-01 8.272429e-02 1.172000e-02 4.408624e+01 -8.297503e-02 9.962901e-01 2.282559e-02 1.168955e+00 -9.788288e-03 -2.371825e-02 9.996707e-01 -1.164615e+00
9.963708e-01 8.432911e-02 1.156723e-02 4.462770e+01 -8.457696e-02 9.961529e-01 2.293814e-02 1.104189e+00 -9.588376e-03 -2.383322e-02 9.996700e-01 -1.177486e+00
9.965318e-01 8.246828e-02 1.110395e-02 4.517455e+01 -8.270589e-02 9.963092e-01 2.297953e-02 1.056764e+00 -9.167880e-03 -2.381819e-02 9.996743e-01 -1.210622e+00
9.967952e-01 7.933736e-02 1.024337e-02 4.573296e+01 -7.954866e-02 9.965839e-01 2.219886e-02 1.012588e+00 -8.447181e-03 -2.294256e-02 9.997011e-01 -1.240534e+00
9.970565e-01 7.628503e-02 7.668305e-03 4.626168e+01 -7.643077e-02 9.968547e-01 2.095723e-02 9.761963e-01 -6.045462e-03 -2.148164e-02 9.997510e-01 -1.254008e+00
9.973390e-01 7.271734e-02 5.198846e-03 4.680865e+01 -7.281286e-02 9.971148e-01 2.146049e-02 9.410808e-01 -3.623296e-03 -2.178193e-02 9.997562e-01 -1.271692e+00
9.975532e-01 6.982262e-02 3.513711e-03 4.738627e+01 -6.988170e-02 9.973295e-01 2.122069e-02 9.006165e-01 -2.022643e-03 -2.141431e-02 9.997686e-01 -1.297528e+00
9.978400e-01 6.553341e-02 4.545002e-03 4.792212e+01 -6.561784e-02 9.976033e-01 2.194736e-02 8.720858e-01 -3.095824e-03 -2.219819e-02 9.997488e-01 -1.313694e+00
9.980540e-01 6.230125e-02 2.612145e-03 4.847826e+01 -6.234437e-02 9.978006e-01 2.252194e-02 8.268056e-01 -1.203255e-03 -2.264096e-02 9.997429e-01 -1.344836e+00
9.982330e-01 5.940256e-02 1.522160e-03 4.904543e+01 -5.942173e-02 9.979843e-01 2.227833e-02 7.848762e-01 -1.957025e-04 -2.232941e-02 9.997507e-01 -1.361390e+00
9.983796e-01 5.690383e-02 2.090101e-04 4.962758e+01 -5.689556e-02 9.981571e-01 2.110588e-02 7.622221e-01 9.923805e-04 -2.108357e-02 9.997772e-01 -1.381696e+00
9.986123e-01 5.264072e-02 -1.554182e-03 5.015941e+01 -5.259680e-02 9.983969e-01 2.091812e-02 7.251940e-01 2.652836e-03 -2.080735e-02 9.997800e-01 -1.402703e+00
9.987066e-01 5.080580e-02 -1.973080e-03 5.073174e+01 -5.075591e-02 9.985080e-01 2.014007e-02 6.994103e-01 2.993369e-03 -2.001388e-02 9.997952e-01 -1.428841e+00
9.987659e-01 4.964598e-02 -1.415109e-03 5.131483e+01 -4.961108e-02 9.985949e-01 1.862998e-02 6.653233e-01 2.338025e-03 -1.853679e-02 9.998254e-01 -1.442825e+00
9.988492e-01 4.784321e-02 -3.381762e-03 5.188570e+01 -4.777232e-02 9.986848e-01 1.861427e-02 6.276091e-01 4.267881e-03 -1.843129e-02 9.998210e-01 -1.469835e+00
9.988556e-01 4.757923e-02 -4.873152e-03 5.246282e+01 -4.748791e-02 9.987203e-01 1.739591e-02 6.071330e-01 5.694600e-03 -1.714459e-02 9.998368e-01 -1.486414e+00
9.988785e-01 4.699033e-02 -5.795560e-03 5.303172e+01 -4.688350e-02 9.987494e-01 1.736641e-02 5.652186e-01 6.604366e-03 -1.707522e-02 9.998324e-01 -1.504021e+00
9.988977e-01 4.667206e-02 -5.014505e-03 5.359064e+01 -4.658148e-02 9.987720e-01 1.687277e-02 5.331678e-01 5.795834e-03 -1.662058e-02 9.998451e-01 -1.518180e+00
9.988666e-01 4.732269e-02 -5.103232e-03 5.418428e+01 -4.723473e-02 9.987531e-01 1.616350e-02 5.022822e-01 5.861769e-03 -1.590413e-02 9.998564e-01 -1.547693e+00
9.988551e-01 4.771028e-02 -3.494906e-03 5.475659e+01 -4.765579e-02 9.987617e-01 1.429503e-02 4.729745e-01 4.172597e-03 -1.411211e-02 9.998917e-01 -1.562367e+00
9.988511e-01 4.762937e-02 -5.284780e-03 5.534234e+01 -4.755626e-02 9.987816e-01 1.319097e-02 4.411136e-01 5.906617e-03 -1.292449e-02 9.998990e-01 -1.575807e+00
9.988010e-01 4.861819e-02 -5.733503e-03 5.591806e+01 -4.854823e-02 9.987516e-01 1.176813e-02 3.927501e-01 6.298490e-03 -1.147567e-02 9.999143e-01 -1.597618e+00
9.987313e-01 5.003696e-02 -5.659381e-03 5.650831e+01 -4.997978e-02 9.987018e-01 9.830215e-03 3.637128e-01 6.143908e-03 -9.534889e-03 9.999357e-01 -1.607603e+00
9.987017e-01 5.081927e-02 -3.510626e-03 5.707563e+01 -5.078604e-02 9.986693e-01 8.981985e-03 3.226567e-01 3.962412e-03 -8.792032e-03 9.999535e-01 -1.627499e+00
9.986205e-01 5.228079e-02 -4.886641e-03 5.765227e+01 -5.224069e-02 9.986025e-01 8.001430e-03 2.931365e-01 5.298133e-03 -7.735110e-03 9.999561e-01 -1.647787e+00
9.985940e-01 5.282651e-02 -4.409846e-03 5.820138e+01 -5.279132e-02 9.985756e-01 7.748026e-03 2.535156e-01 4.812866e-03 -7.504331e-03 9.999602e-01 -1.657873e+00
9.985394e-01 5.374341e-02 -5.548961e-03 5.877124e+01 -5.370336e-02 9.985313e-01 7.130013e-03 2.222477e-01 5.924004e-03 -6.821601e-03 9.999592e-01 -1.677033e+00
9.984989e-01 5.464846e-02 -3.672335e-03 5.932839e+01 -5.462092e-02 9.984809e-01 7.223495e-03 1.912165e-01 4.061509e-03 -7.012066e-03 9.999672e-01 -1.690406e+00
9.984552e-01 5.538462e-02 -4.437656e-03 5.988929e+01 -5.535327e-02 9.984430e-01 6.900643e-03 1.595298e-01 4.812936e-03 -6.644343e-03 9.999663e-01 -1.715447e+00
9.984289e-01 5.589204e-02 -3.982560e-03 6.044393e+01 -5.586138e-02 9.984111e-01 7.434011e-03 1.186122e-01 4.391733e-03 -7.199860e-03 9.999644e-01 -1.719579e+00
9.984311e-01 5.581365e-02 -4.480615e-03 6.099633e+01 -5.577340e-02 9.984059e-01 8.654585e-03 9.163851e-02 4.956517e-03 -8.391108e-03 9.999525e-01 -1.743187e+00
9.983905e-01 5.648999e-02 -5.034706e-03 6.154530e+01 -5.644235e-02 9.983640e-01 9.147946e-03 5.063108e-02 5.543236e-03 -8.849051e-03 9.999455e-01 -1.750186e+00
9.983512e-01 5.720323e-02 -4.759262e-03 6.210337e+01 -5.715114e-02 9.983108e-01 1.044319e-02 1.019659e-02 5.348607e-03 -1.015397e-02 9.999341e-01 -1.764748e+00
9.983764e-01 5.683006e-02 -3.868064e-03 6.262692e+01 -5.678232e-02 9.983205e-01 1.149926e-02 -1.920777e-02 4.515070e-03 -1.126096e-02 9.999264e-01 -1.788069e+00
9.983304e-01 5.770517e-02 -2.580658e-03 6.318084e+01 -5.766598e-02 9.982474e-01 1.330284e-02 -5.441170e-02 3.343778e-03 -1.313182e-02 9.999082e-01 -1.800052e+00
9.982600e-01 5.885510e-02 -3.603080e-03 6.370878e+01 -5.879842e-02 9.981687e-01 1.421242e-02 -9.932873e-02 4.432955e-03 -1.397584e-02 9.998925e-01 -1.827269e+00
9.982189e-01 5.956593e-02 -3.303473e-03 6.423332e+01 -5.951104e-02 9.981183e-01 1.477361e-02 -1.441785e-01 4.177261e-03 -1.455070e-02 9.998854e-01 -1.840058e+00
9.981087e-01 6.133643e-02 -4.099361e-03 6.476609e+01 -6.127457e-02 9.980254e-01 1.381389e-02 -1.634957e-01 4.938561e-03 -1.353658e-02 9.998962e-01 -1.860560e+00
9.980126e-01 6.289560e-02 -3.875829e-03 6.528613e+01 -6.284038e-02 9.979385e-01 1.302043e-02 -2.056098e-01 4.686767e-03 -1.275099e-02 9.999077e-01 -1.873199e+00
9.978202e-01 6.583377e-02 -4.550734e-03 6.582462e+01 -6.577233e-02 9.977558e-01 1.253958e-02 -2.398959e-01 5.366049e-03 -1.221293e-02 9.999110e-01 -1.901931e+00
9.975869e-01 6.939064e-02 -2.315228e-03 6.635194e+01 -6.935835e-02 9.975206e-01 1.192493e-02 -2.979204e-01 3.136966e-03 -1.173558e-02 9.999262e-01 -1.905693e+00
9.973831e-01 7.228156e-02 -1.527389e-03 6.687555e+01 -7.226109e-02 9.973279e-01 1.074963e-02 -3.342658e-01 2.300307e-03 -1.061113e-02 9.999411e-01 -1.928971e+00
9.971909e-01 7.489192e-02 -1.218356e-03 6.737720e+01 -7.487339e-02 9.971285e-01 1.133982e-02 -3.844218e-01 2.064119e-03 -1.121674e-02 9.999350e-01 -1.952759e+00
9.969394e-01 7.815533e-02 -1.896894e-03 6.789762e+01 -7.812919e-02 9.968795e-01 1.127189e-02 -4.299914e-01 2.771933e-03 -1.108918e-02 9.999347e-01 -1.958740e+00
9.967229e-01 8.083455e-02 -3.034381e-03 6.840149e+01 -8.079702e-02 9.966706e-01 1.093667e-02 -4.799559e-01 3.908339e-03 -1.065566e-02 9.999356e-01 -1.984692e+00
9.964783e-01 8.384871e-02 -6.411740e-04 6.891465e+01 -8.383528e-02 9.964093e-01 1.183722e-02 -5.292391e-01 1.631407e-03 -1.174178e-02 9.999297e-01 -1.992581e+00
9.962330e-01 8.666503e-02 -2.985614e-03 6.940826e+01 -8.662260e-02 9.961661e-01 1.221998e-02 -5.793213e-01 4.033213e-03 -1.191532e-02 9.999209e-01 -2.008244e+00
9.959602e-01 8.978530e-02 -1.327279e-03 6.990469e+01 -8.976220e-02 9.958867e-01 1.235152e-02 -6.327980e-01 2.430804e-03 -1.218248e-02 9.999228e-01 -2.026326e+00
9.956666e-01 9.295914e-02 -2.575230e-03 7.040030e+01 -9.291945e-02 9.955928e-01 1.268532e-02 -6.884910e-01 3.743097e-03 -1.239106e-02 9.999162e-01 -2.034307e+00
9.953781e-01 9.600027e-02 -2.537099e-03 7.090282e+01 -9.595989e-02 9.953011e-01 1.293372e-02 -7.472963e-01 3.766819e-03 -1.263049e-02 9.999132e-01 -2.062492e+00
9.951530e-01 9.832946e-02 -1.357683e-03 7.139172e+01 -9.830759e-02 9.950900e-01 1.146775e-02 -7.966799e-01 2.478634e-03 -1.127870e-02 9.999333e-01 -2.065540e+00
9.950981e-01 9.888505e-02 -1.232978e-03 7.188612e+01 -9.886526e-02 9.950382e-01 1.116676e-02 -8.502897e-01 2.331085e-03 -1.099012e-02 9.999369e-01 -2.093682e+00
9.950225e-01 9.964732e-02 -8.613134e-04 7.237921e+01 -9.963369e-02 9.949733e-01 1.006457e-02 -9.027636e-01 1.859891e-03 -9.928654e-03 9.999490e-01 -2.110763e+00
9.950559e-01 9.930284e-02 -1.659992e-03 7.284513e+01 -9.928063e-02 9.950058e-01 1.032676e-02 -9.483496e-01 2.677178e-03 -1.011089e-02 9.999453e-01 -2.123492e+00
9.950867e-01 9.897569e-02 -2.516124e-03 7.333515e+01 -9.894943e-02 9.950517e-01 9.006706e-03 -9.995538e-01 3.395118e-03 -8.713485e-03 9.999563e-01 -2.136509e+00
9.950992e-01 9.885553e-02 -2.276319e-03 7.380284e+01 -9.883258e-02 9.950668e-01 8.619319e-03 -1.057908e+00 3.117156e-03 -8.352102e-03 9.999602e-01 -2.149603e+00
9.951722e-01 9.812500e-02 -1.929275e-03 7.427898e+01 -9.810562e-02 9.951406e-01 8.389888e-03 -1.103982e+00 2.743158e-03 -8.160111e-03 9.999629e-01 -2.160233e+00
9.951750e-01 9.808427e-02 -2.490263e-03 7.475646e+01 -9.805860e-02 9.951407e-01 8.910809e-03 -1.157821e+00 3.352172e-03 -8.623622e-03 9.999572e-01 -2.178071e+00
9.951388e-01 9.845106e-02 -2.484993e-03 7.521955e+01 -9.842388e-02 9.951004e-01 9.366218e-03 -1.207786e+00 3.394932e-03 -9.076104e-03 9.999530e-01 -2.191375e+00
9.951693e-01 9.815755e-02 -1.752217e-03 7.569834e+01 -9.813621e-02 9.951260e-01 9.684594e-03 -1.260832e+00 2.694292e-03 -9.465855e-03 9.999515e-01 -2.204796e+00
9.953855e-01 9.595511e-02 -5.541107e-04 7.615364e+01 -9.594347e-02 9.953275e-01 1.086404e-02 -1.307722e+00 1.593982e-03 -1.076075e-02 9.999408e-01 -2.217248e+00
9.957062e-01 9.255391e-02 1.722267e-03 7.662230e+01 -9.256807e-02 9.956319e-01 1.217589e-02 -1.348700e+00 -5.878179e-04 -1.228304e-02 9.999244e-01 -2.231828e+00
9.961910e-01 8.718437e-02 1.557078e-03 7.707790e+01 -8.719712e-02 9.961104e-01 1.267152e-02 -1.392775e+00 -4.462625e-04 -1.275903e-02 9.999185e-01 -2.249897e+00
9.967098e-01 8.105098e-02 4.679876e-04 7.753838e+01 -8.105007e-02 9.966223e-01 1.322863e-02 -1.425164e+00 6.057869e-04 -1.322304e-02 9.999124e-01 -2.270252e+00
9.972570e-01 7.401608e-02 -3.302564e-04 7.798653e+01 -7.400471e-02 9.971646e-01 1.363664e-02 -1.450653e+00 1.338651e-03 -1.357479e-02 9.999070e-01 -2.283338e+00
9.976340e-01 6.867848e-02 -3.103962e-03 7.843635e+01 -6.863350e-02 9.975597e-01 1.280934e-02 -1.485862e+00 3.976113e-03 -1.256600e-02 9.999132e-01 -2.297612e+00
9.980195e-01 6.288234e-02 -1.694440e-03 7.888020e+01 -6.285458e-02 9.979352e-01 1.322223e-02 -1.503138e+00 2.522386e-03 -1.308954e-02 9.999111e-01 -2.308836e+00
9.983314e-01 5.769680e-02 -2.347830e-03 7.932690e+01 -5.766027e-02 9.982457e-01 1.343439e-02 -1.539079e+00 3.118833e-03 -1.327659e-02 9.999070e-01 -2.322349e+00
9.986172e-01 5.253103e-02 -2.065419e-03 7.976470e+01 -5.249673e-02 9.985210e-01 1.413747e-02 -1.560259e+00 2.805020e-03 -1.400949e-02 9.998980e-01 -2.343401e+00
9.988537e-01 4.780380e-02 -2.479506e-03 8.020749e+01 -4.776624e-02 9.987677e-01 1.347239e-02 -1.582974e+00 3.120482e-03 -1.333850e-02 9.999062e-01 -2.351457e+00
9.990137e-01 4.424588e-02 -3.745390e-03 8.063458e+01 -4.419040e-02 9.989281e-01 1.378547e-02 -1.598694e+00 4.351325e-03 -1.360636e-02 9.998980e-01 -2.370486e+00
9.991434e-01 4.104210e-02 -5.286803e-03 8.107258e+01 -4.096597e-02 9.990655e-01 1.378381e-02 -1.617365e+00 5.847580e-03 -1.355543e-02 9.998910e-01 -2.386376e+00
9.992682e-01 3.780777e-02 -5.797914e-03 8.150163e+01 -3.772523e-02 9.991938e-01 1.373926e-02 -1.646238e+00 6.312689e-03 -1.351048e-02 9.998888e-01 -2.397276e+00
9.993536e-01 3.535953e-02 -6.482779e-03 8.192574e+01 -3.527106e-02 9.992895e-01 1.328762e-02 -1.664751e+00 6.948017e-03 -1.305038e-02 9.998907e-01 -2.412333e+00
9.994256e-01 3.343182e-02 -5.536199e-03 8.235069e+01 -3.335446e-02 9.993521e-01 1.352064e-02 -1.675058e+00 5.984631e-03 -1.332822e-02 9.998932e-01 -2.421771e+00
9.994638e-01 3.206370e-02 -6.632317e-03 8.276450e+01 -3.196475e-02 9.993834e-01 1.452350e-02 -1.689551e+00 7.093905e-03 -1.430371e-02 9.998725e-01 -2.440915e+00
9.994707e-01 3.181910e-02 -6.781784e-03 8.318702e+01 -3.171999e-02 9.993951e-01 1.425279e-02 -1.704227e+00 7.231194e-03 -1.403013e-02 9.998754e-01 -2.451524e+00
9.994816e-01 3.112390e-02 -8.231209e-03 8.360499e+01 -3.100203e-02 9.994135e-01 1.454035e-02 -1.714471e+00 8.678935e-03 -1.427763e-02 9.998604e-01 -2.472605e+00
9.994523e-01 3.207197e-02 -8.155572e-03 8.401296e+01 -3.194918e-02 9.993802e-01 1.476517e-02 -1.742222e+00 8.624067e-03 -1.449652e-02 9.998577e-01 -2.476588e+00
9.993834e-01 3.388438e-02 -9.199888e-03 8.442706e+01 -3.372974e-02 9.992952e-01 1.647309e-02 -1.753882e+00 9.751584e-03 -1.615262e-02 9.998220e-01 -2.503056e+00
9.992427e-01 3.767053e-02 -9.749014e-03 8.484531e+01 -3.750548e-02 9.991587e-01 1.659273e-02 -1.775061e+00 1.036587e-02 -1.621453e-02 9.998148e-01 -2.518079e+00
9.991319e-01 4.051001e-02 -9.715051e-03 8.523399e+01 -4.033628e-02 9.990337e-01 1.745668e-02 -1.799636e+00 1.041283e-02 -1.704966e-02 9.998004e-01 -2.531904e+00
9.990546e-01 4.270244e-02 -8.144580e-03 8.565078e+01 -4.255960e-02 9.989498e-01 1.697080e-02 -1.817423e+00 8.860720e-03 -1.660813e-02 9.998228e-01 -2.538032e+00
9.989783e-01 4.419223e-02 -9.453264e-03 8.605311e+01 -4.401219e-02 9.988602e-01 1.847305e-02 -1.832534e+00 1.025885e-02 -1.803811e-02 9.997846e-01 -2.566471e+00
9.989089e-01 4.592736e-02 -8.464170e-03 8.644995e+01 -4.576808e-02 9.987875e-01 1.813821e-02 -1.845545e+00 9.286947e-03 -1.773103e-02 9.997997e-01 -2.579407e+00
9.988774e-01 4.650407e-02 -9.016746e-03 8.684966e+01 -4.633052e-02 9.987533e-01 1.858552e-02 -1.875530e+00 9.869806e-03 -1.814690e-02 9.997866e-01 -2.595901e+00
9.988487e-01 4.708036e-02 -9.207407e-03 8.724829e+01 -4.691850e-02 9.987530e-01 1.706887e-02 -1.913038e+00 9.999532e-03 -1.661722e-02 9.998119e-01 -2.605434e+00
9.989051e-01 4.601328e-02 -8.445711e-03 8.763847e+01 -4.586070e-02 9.987955e-01 1.744895e-02 -1.927679e+00 9.238421e-03 -1.704252e-02 9.998121e-01 -2.624269e+00
9.989741e-01 4.437971e-02 -9.013401e-03 8.801709e+01 -4.421787e-02 9.988698e-01 1.742483e-02 -1.949431e+00 9.776525e-03 -1.700840e-02 9.998075e-01 -2.641012e+00
9.991052e-01 4.138201e-02 -8.744745e-03 8.839745e+01 -4.122350e-02 9.989952e-01 1.758989e-02 -1.969202e+00 9.463862e-03 -1.721366e-02 9.998071e-01 -2.651330e+00
9.992454e-01 3.759570e-02 -9.754238e-03 8.878931e+01 -3.742907e-02 9.991591e-01 1.673717e-02 -1.978192e+00 1.037528e-02 -1.635945e-02 9.998124e-01 -2.666107e+00
9.993935e-01 3.345487e-02 -9.662972e-03 8.916409e+01 -3.329510e-02 9.993135e-01 1.624689e-02 -1.993634e+00 1.019988e-02 -1.591530e-02 9.998213e-01 -2.681051e+00
9.994779e-01 3.078498e-02 -9.807578e-03 8.954226e+01 -3.062483e-02 9.994016e-01 1.608118e-02 -2.002156e+00 1.029677e-02 -1.577243e-02 9.998226e-01 -2.693185e+00
9.995496e-01 2.800759e-02 -1.078022e-02 8.992602e+01 -2.783476e-02 9.994867e-01 1.586117e-02 -2.013407e+00 1.121892e-02 -1.555396e-02 9.998161e-01 -2.706086e+00
9.996189e-01 2.486407e-02 -1.198942e-02 9.030607e+01 -2.467347e-02 9.995707e-01 1.579162e-02 -2.023382e+00 1.237692e-02 -1.548979e-02 9.998034e-01 -2.724964e+00
9.996842e-01 2.140347e-02 -1.316786e-02 9.068474e+01 -2.119890e-02 9.996555e-01 1.548382e-02 -2.026234e+00 1.349473e-02 -1.519979e-02 9.997934e-01 -2.734295e+00
9.997446e-01 1.860108e-02 -1.283735e-02 9.106596e+01 -1.840732e-02 9.997172e-01 1.505072e-02 -2.035176e+00 1.311368e-02 -1.481057e-02 9.998043e-01 -2.743164e+00
9.998118e-01 1.405696e-02 -1.337003e-02 9.143382e+01 -1.384650e-02 9.997807e-01 1.570564e-02 -2.041016e+00 1.358787e-02 -1.551756e-02 9.997873e-01 -2.759927e+00
9.998583e-01 1.062014e-02 -1.306150e-02 9.181415e+01 -1.040380e-02 9.998094e-01 1.652085e-02 -2.036364e+00 1.323447e-02 -1.638262e-02 9.997782e-01 -2.775373e+00
9.998878e-01 6.994588e-03 -1.324600e-02 9.218127e+01 -6.776108e-03 9.998415e-01 1.646770e-02 -2.040523e+00 1.335908e-02 -1.637610e-02 9.997767e-01 -2.786906e+00
9.999021e-01 3.757938e-03 -1.347880e-02 9.257990e+01 -3.523971e-03 9.998434e-01 1.734010e-02 -2.045830e+00 1.354185e-02 -1.729090e-02 9.997588e-01 -2.802774e+00
9.999033e-01 1.452491e-03 -1.383266e-02 9.295833e+01 -1.207350e-03 9.998424e-01 1.771373e-02 -2.050901e+00 1.385621e-02 -1.769531e-02 9.997474e-01 -2.807019e+00
9.998969e-01 -2.443205e-03 -1.415047e-02 9.335224e+01 2.708694e-03 9.998201e-01 1.877317e-02 -2.039275e+00 1.410205e-02 -1.880956e-02 9.997236e-01 -2.821537e+00
9.998697e-01 -3.839233e-03 -1.567812e-02 9.373701e+01 4.145679e-03 9.998000e-01 1.956058e-02 -2.038390e+00 1.559989e-02 -1.962303e-02 9.996858e-01 -2.841883e+00
9.998475e-01 -6.831875e-03 -1.606926e-02 9.413183e+01 7.151334e-03 9.997764e-01 1.990743e-02 -2.036608e+00 1.592966e-02 -2.001931e-02 9.996727e-01 -2.850503e+00
9.998330e-01 -7.498921e-03 -1.666123e-02 9.451399e+01 7.833890e-03 9.997666e-01 2.013121e-02 -2.033877e+00 1.650638e-02 -2.025837e-02 9.996585e-01 -2.866955e+00
9.998277e-01 -8.648927e-03 -1.642738e-02 9.490292e+01 8.981795e-03 9.997537e-01 2.029846e-02 -2.022510e+00 1.624777e-02 -2.044251e-02 9.996590e-01 -2.877290e+00
9.998225e-01 -8.039830e-03 -1.704019e-02 9.530179e+01 8.387314e-03 9.997563e-01 2.041965e-02 -2.032411e+00 1.687186e-02 -2.055895e-02 9.996462e-01 -2.894487e+00
9.998262e-01 -6.696956e-03 -1.740085e-02 9.569784e+01 7.049664e-03 9.997692e-01 2.028793e-02 -2.027390e+00 1.726097e-02 -2.040707e-02 9.996427e-01 -2.907605e+00
9.998488e-01 -5.029759e-03 -1.664287e-02 9.611498e+01 5.377668e-03 9.997666e-01 2.092609e-02 -2.029248e+00 1.653373e-02 -2.101243e-02 9.996425e-01 -2.927016e+00
9.998701e-01 -3.487578e-03 -1.573692e-02 9.652515e+01 3.815214e-03 9.997756e-01 2.083779e-02 -2.027064e+00 1.566072e-02 -2.089512e-02 9.996590e-01 -2.935526e+00
9.998749e-01 -1.700842e-03 -1.572241e-02 9.692816e+01 2.028632e-03 9.997804e-01 2.085617e-02 -2.024914e+00 1.568348e-02 -2.088546e-02 9.996589e-01 -2.958342e+00
9.998704e-01 5.624986e-04 -1.609167e-02 9.735619e+01 -2.195607e-04 9.997729e-01 2.130534e-02 -2.047434e+00 1.610000e-02 -2.129905e-02 9.996435e-01 -2.975632e+00
9.998636e-01 2.194057e-03 -1.636954e-02 9.778584e+01 -1.829489e-03 9.997507e-01 2.225295e-02 -2.055753e+00 1.641428e-02 -2.221997e-02 9.996184e-01 -2.985323e+00
9.998588e-01 3.760832e-03 -1.637672e-02 9.821022e+01 -3.382572e-03 9.997283e-01 2.306418e-02 -2.068032e+00 1.645902e-02 -2.300553e-02 9.995998e-01 -3.006648e+00
9.998649e-01 3.886039e-03 -1.596747e-02 9.863708e+01 -3.499846e-03 9.997025e-01 2.414343e-02 -2.076909e+00 1.605655e-02 -2.408429e-02 9.995810e-01 -3.020987e+00
9.998870e-01 4.250992e-03 -1.442118e-02 9.908390e+01 -3.891782e-03 9.996837e-01 2.484572e-02 -2.090644e+00 1.452223e-02 -2.478678e-02 9.995873e-01 -3.041998e+00
9.998861e-01 4.481624e-03 -1.441197e-02 9.954253e+01 -4.115930e-03 9.996712e-01 2.530465e-02 -2.086729e+00 1.452063e-02 -2.524245e-02 9.995759e-01 -3.059119e+00
9.998881e-01 4.308953e-03 -1.432783e-02 1.000516e+02 -3.939511e-03 9.996617e-01 2.571398e-02 -2.101167e+00 1.443379e-02 -2.565466e-02 9.995667e-01 -3.075896e+00
9.998946e-01 3.666928e-03 -1.404716e-02 1.005323e+02 -3.313160e-03 9.996787e-01 2.512534e-02 -2.100140e+00 1.413478e-02 -2.507615e-02 9.995856e-01 -3.099310e+00
9.999034e-01 2.442029e-03 -1.368626e-02 1.010068e+02 -2.104131e-03 9.996940e-01 2.464912e-02 -2.100838e+00 1.374227e-02 -2.461794e-02 9.996025e-01 -3.118065e+00
9.999008e-01 6.747491e-04 -1.406800e-02 1.014949e+02 -3.312863e-04 9.997021e-01 2.440252e-02 -2.104711e+00 1.408028e-02 -2.439544e-02 9.996032e-01 -3.140499e+00
9.999024e-01 -2.702887e-04 -1.396922e-02 1.020099e+02 5.982782e-04 9.997241e-01 2.348060e-02 -2.104388e+00 1.395902e-02 -2.348666e-02 9.996267e-01 -3.157563e+00
9.998982e-01 -1.583206e-03 -1.418009e-02 1.025241e+02 1.911466e-03 9.997298e-01 2.316583e-02 -2.115725e+00 1.413958e-02 -2.319057e-02 9.996310e-01 -3.177162e+00
9.999111e-01 -3.798410e-03 -1.278421e-02 1.030232e+02 4.094962e-03 9.997214e-01 2.325108e-02 -2.102661e+00 1.269233e-02 -2.330136e-02 9.996479e-01 -3.199188e+00
9.998919e-01 -4.672631e-03 -1.394295e-02 1.035154e+02 4.982700e-03 9.997391e-01 2.228716e-02 -2.123561e+00 1.383517e-02 -2.235422e-02 9.996544e-01 -3.220287e+00
9.998999e-01 -5.779171e-03 -1.291381e-02 1.040319e+02 6.057095e-03 9.997486e-01 2.158701e-02 -2.116245e+00 1.278581e-02 -2.166307e-02 9.996836e-01 -3.234577e+00
9.999060e-01 -7.025206e-03 -1.177415e-02 1.045533e+02 7.275649e-03 9.997454e-01 2.136455e-02 -2.111760e+00 1.162106e-02 -2.144820e-02 9.997024e-01 -3.250885e+00
9.998987e-01 -8.595088e-03 -1.134854e-02 1.050657e+02 8.829450e-03 9.997454e-01 2.076526e-02 -2.112314e+00 1.116717e-02 -2.086336e-02 9.997200e-01 -3.272151e+00
9.998962e-01 -9.590413e-03 -1.075212e-02 1.055657e+02 9.809025e-03 9.997425e-01 2.046703e-02 -2.118785e+00 1.055307e-02 -2.057037e-02 9.997327e-01 -3.295460e+00
9.998950e-01 -1.053239e-02 -9.955170e-03 1.060809e+02 1.074336e-02 9.997137e-01 2.138154e-02 -2.103907e+00 9.727120e-03 -2.148625e-02 9.997218e-01 -3.324690e+00
9.999139e-01 -9.470616e-03 -9.084457e-03 1.065887e+02 9.663559e-03 9.997234e-01 2.143538e-02 -2.109246e+00 8.878938e-03 -2.152133e-02 9.997290e-01 -3.335833e+00
9.999105e-01 -9.150823e-03 -9.757293e-03 1.070956e+02 9.353251e-03 9.997376e-01 2.090657e-02 -2.112025e+00 9.563422e-03 -2.099597e-02 9.997338e-01 -3.359786e+00
9.999310e-01 -7.966992e-03 -8.636196e-03 1.076063e+02 8.144042e-03 9.997534e-01 2.066338e-02 -2.112298e+00 8.469441e-03 -2.073229e-02 9.997492e-01 -3.368062e+00
9.999369e-01 -5.614764e-03 -9.729821e-03 1.081390e+02 5.807776e-03 9.997845e-01 1.992380e-02 -2.125406e+00 9.615859e-03 -1.997905e-02 9.997541e-01 -3.390208e+00
9.999613e-01 -4.698462e-03 -7.431775e-03 1.086439e+02 4.849934e-03 9.997782e-01 2.049665e-02 -2.132086e+00 7.333823e-03 -2.053190e-02 9.997623e-01 -3.414228e+00
9.999690e-01 -3.999892e-03 -6.777380e-03 1.091591e+02 4.137143e-03 9.997840e-01 2.035979e-02 -2.136952e+00 6.694480e-03 -2.038720e-02 9.997697e-01 -3.436766e+00
9.999819e-01 -2.505219e-03 -5.468874e-03 1.096872e+02 2.620603e-03 9.997718e-01 2.119420e-02 -2.131324e+00 5.414531e-03 -2.120815e-02 9.997604e-01 -3.457337e+00
9.999835e-01 -5.458445e-04 -5.717711e-03 1.101917e+02 6.685004e-04 9.997693e-01 2.147203e-02 -2.145325e+00 5.704672e-03 -2.147549e-02 9.997531e-01 -3.476278e+00
9.999882e-01 1.015100e-03 -4.753847e-03 1.106978e+02 -9.113139e-04 9.997622e-01 2.178345e-02 -2.152414e+00 4.774830e-03 -2.177886e-02 9.997514e-01 -3.496905e+00
9.999826e-01 2.675723e-03 -5.253975e-03 1.112386e+02 -2.559954e-03 9.997565e-01 2.191897e-02 -2.168774e+00 5.311345e-03 -2.190514e-02 9.997460e-01 -3.514326e+00
9.999812e-01 3.741781e-03 -4.857793e-03 1.117494e+02 -3.632573e-03 9.997448e-01 2.229836e-02 -2.177938e+00 4.939989e-03 -2.228030e-02 9.997396e-01 -3.535310e+00
9.999822e-01 4.933396e-03 -3.366669e-03 1.122459e+02 -4.857949e-03 9.997448e-01 2.206191e-02 -2.178125e+00 3.474650e-03 -2.204516e-02 9.997509e-01 -3.551008e+00
9.999674e-01 7.287003e-03 -3.483373e-03 1.127934e+02 -7.207305e-03 9.997238e-01 2.236926e-02 -2.194317e+00 3.645415e-03 -2.234343e-02 9.997437e-01 -3.579383e+00
9.999584e-01 8.528984e-03 -3.228080e-03 1.132980e+02 -8.454530e-03 9.997129e-01 2.241502e-02 -2.184731e+00 3.418331e-03 -2.238680e-02 9.997435e-01 -3.601168e+00
9.999535e-01 9.139472e-03 -3.083155e-03 1.137985e+02 -9.071703e-03 9.997315e-01 2.132132e-02 -2.200000e+00 3.277193e-03 -2.129235e-02 9.997679e-01 -3.622415e+00
9.999275e-01 1.157684e-02 -3.306179e-03 1.143234e+02 -1.150440e-02 9.997102e-01 2.114627e-02 -2.208600e+00 3.550028e-03 -2.110670e-02 9.997709e-01 -3.643112e+00
9.999186e-01 1.236992e-02 -3.118678e-03 1.148510e+02 -1.230012e-02 9.996934e-01 2.148660e-02 -2.228307e+00 3.383509e-03 -2.144649e-02 9.997643e-01 -3.664516e+00
9.998984e-01 1.398397e-02 -2.776916e-03 1.153530e+02 -1.392301e-02 9.996850e-01 2.087750e-02 -2.239316e+00 3.067992e-03 -2.083671e-02 9.997782e-01 -3.683768e+00
9.998764e-01 1.555016e-02 -2.331781e-03 1.158699e+02 -1.549726e-02 9.996550e-01 2.120610e-02 -2.251662e+00 2.660735e-03 -2.116734e-02 9.997724e-01 -3.706890e+00
9.998461e-01 1.749594e-02 -1.299337e-03 1.164099e+02 -1.746497e-02 9.996289e-01 2.090535e-02 -2.265384e+00 1.664614e-03 -2.087944e-02 9.997806e-01 -3.726718e+00
9.998198e-01 1.894862e-02 -1.189013e-03 1.169046e+02 -1.891866e-02 9.995892e-01 2.152503e-02 -2.288452e+00 1.596394e-03 -2.149865e-02 9.997676e-01 -3.746121e+00
9.997841e-01 2.076595e-02 -7.400677e-04 1.174289e+02 -2.074434e-02 9.995370e-01 2.225949e-02 -2.309977e+00 1.201964e-03 -2.223933e-02 9.997519e-01 -3.768526e+00
9.997531e-01 2.221989e-02 -9.866228e-06 1.179404e+02 -2.221421e-02 9.995072e-01 2.217473e-02 -2.314400e+00 5.025817e-04 -2.216904e-02 9.997541e-01 -3.788380e+00
9.997364e-01 2.294706e-02 7.845971e-04 1.184349e+02 -2.295897e-02 9.994777e-01 2.274239e-02 -2.328871e+00 -2.623163e-04 -2.275441e-02 9.997411e-01 -3.810252e+00
9.997032e-01 2.434726e-02 8.389394e-04 1.189385e+02 -2.435987e-02 9.994580e-01 2.214353e-02 -2.361012e+00 -2.993504e-04 -2.215740e-02 9.997544e-01 -3.827852e+00
9.996669e-01 2.579255e-02 9.542569e-04 1.194772e+02 -2.580748e-02 9.994149e-01 2.244105e-02 -2.365138e+00 -3.748867e-04 -2.245820e-02 9.997477e-01 -3.848323e+00
9.996183e-01 2.761487e-02 8.237546e-04 1.199721e+02 -2.762626e-02 9.993812e-01 2.177057e-02 -2.394021e+00 -2.220535e-04 -2.178502e-02 9.997627e-01 -3.867729e+00
9.995705e-01 2.927153e-02 1.427987e-03 1.204696e+02 -2.929563e-02 9.993354e-01 2.169032e-02 -2.421138e+00 -7.921294e-04 -2.172284e-02 9.997637e-01 -3.887051e+00
9.995273e-01 3.070198e-02 1.589340e-03 1.210125e+02 -3.072930e-02 9.992914e-01 2.173428e-02 -2.437357e+00 -9.209284e-04 -2.177285e-02 9.997625e-01 -3.914418e+00
9.994721e-01 3.234789e-02 2.999303e-03 1.215104e+02 -3.240588e-02 9.992354e-01 2.187834e-02 -2.450176e+00 -2.289291e-03 -2.196399e-02 9.997562e-01 -3.936277e+00
9.994471e-01 3.322665e-02 1.204582e-03 1.220042e+02 -3.324516e-02 9.992034e-01 2.207968e-02 -2.487596e+00 -4.699890e-04 -2.210752e-02 9.997555e-01 -3.954689e+00
9.993842e-01 3.503682e-02 1.896031e-03 1.225244e+02 -3.506972e-02 9.991502e-01 2.166621e-02 -2.506374e+00 -1.135304e-03 -2.171936e-02 9.997635e-01 -3.973813e+00
9.993183e-01 3.687271e-02 1.833750e-03 1.230369e+02 -3.690410e-02 9.990778e-01 2.194723e-02 -2.527836e+00 -1.022805e-03 -2.199995e-02 9.997575e-01 -3.987861e+00
9.993025e-01 3.716267e-02 3.659240e-03 1.235354e+02 -3.723557e-02 9.990550e-01 2.242175e-02 -2.549483e+00 -2.822530e-03 -2.254237e-02 9.997419e-01 -4.015548e+00
9.992642e-01 3.820210e-02 3.419821e-03 1.240343e+02 -3.827114e-02 9.989998e-01 2.312582e-02 -2.581819e+00 -2.532945e-03 -2.323968e-02 9.997267e-01 -4.035799e+00
9.992052e-01 3.971705e-02 3.406567e-03 1.245511e+02 -3.978625e-02 9.989322e-01 2.347948e-02 -2.603140e+00 -2.470394e-03 -2.359635e-02 9.997185e-01 -4.058836e+00
9.991628e-01 4.075660e-02 3.557925e-03 1.250418e+02 -4.082907e-02 9.988903e-01 2.347331e-02 -2.623379e+00 -2.597285e-03 -2.359892e-02 9.997181e-01 -4.079891e+00
9.991222e-01 4.186432e-02 1.483640e-03 1.255546e+02 -4.188740e-02 9.988569e-01 2.302951e-02 -2.660007e+00 -5.178291e-04 -2.307144e-02 9.997337e-01 -4.093801e+00
9.990723e-01 4.302940e-02 1.737010e-03 1.260694e+02 -4.305756e-02 9.988208e-01 2.243074e-02 -2.682555e+00 -7.697809e-04 -2.248472e-02 9.997469e-01 -4.120879e+00
9.990238e-01 4.408792e-02 2.780190e-03 1.265744e+02 -4.413783e-02 9.987917e-01 2.161289e-02 -2.709969e+00 -1.823964e-03 -2.171450e-02 9.997625e-01 -4.131774e+00
9.990062e-01 4.451809e-02 2.198958e-03 1.270594e+02 -4.455592e-02 9.987614e-01 2.214097e-02 -2.750156e+00 -1.210561e-03 -2.221694e-02 9.997525e-01 -4.157917e+00
9.989909e-01 4.471844e-02 4.172067e-03 1.275642e+02 -4.480069e-02 9.987468e-01 2.231160e-02 -2.761462e+00 -3.169098e-03 -2.247600e-02 9.997424e-01 -4.189522e+00
9.989561e-01 4.560437e-02 2.645757e-03 1.280725e+02 -4.565239e-02 9.987050e-01 2.245740e-02 -2.798588e+00 -1.618175e-03 -2.255474e-02 9.997443e-01 -4.200672e+00
9.989050e-01 4.669869e-02 2.827879e-03 1.285791e+02 -4.675085e-02 9.986501e-01 2.263959e-02 -2.819896e+00 -1.766822e-03 -2.274701e-02 9.997397e-01 -4.222386e+00
9.989042e-01 4.675446e-02 2.099546e-03 1.290727e+02 -4.679042e-02 9.986401e-01 2.298800e-02 -2.849206e+00 -1.021899e-03 -2.306104e-02 9.997335e-01 -4.242328e+00
9.988955e-01 4.695318e-02 1.796235e-03 1.295751e+02 -4.698202e-02 9.986333e-01 2.289910e-02 -2.875845e+00 -7.185946e-04 -2.295820e-02 9.997362e-01 -4.261952e+00
9.988350e-01 4.817024e-02 2.871621e-03 1.300756e+02 -4.822302e-02 9.985801e-01 2.264030e-02 -2.906121e+00 -1.776955e-03 -2.275241e-02 9.997395e-01 -4.284537e+00
9.988408e-01 4.796610e-02 4.029132e-03 1.305729e+02 -4.804714e-02 9.985740e-01 2.326778e-02 -2.931842e+00 -2.907322e-03 -2.343439e-02 9.997212e-01 -4.305351e+00
9.988050e-01 4.876161e-02 3.303797e-03 1.310524e+02 -4.882562e-02 9.985343e-01 2.334677e-02 -2.961785e+00 -2.160529e-03 -2.348018e-02 9.997219e-01 -4.331396e+00
9.987997e-01 4.878712e-02 4.354562e-03 1.315760e+02 -4.887667e-02 9.985259e-01 2.360770e-02 -2.986058e+00 -3.196390e-03 -2.379220e-02 9.997118e-01 -4.346725e+00
9.987507e-01 4.969960e-02 5.188781e-03 1.320798e+02 -4.981216e-02 9.984592e-01 2.445786e-02 -3.006667e+00 -3.965240e-03 -2.468577e-02 9.996874e-01 -4.373829e+00
9.987324e-01 5.006818e-02 5.170061e-03 1.325627e+02 -5.018301e-02 9.984225e-01 2.518382e-02 -3.042610e+00 -3.900997e-03 -2.541135e-02 9.996695e-01 -4.390511e+00
9.987082e-01 5.042138e-02 6.283624e-03 1.330487e+02 -5.057133e-02 9.983670e-01 2.657186e-02 -3.072370e+00 -4.933572e-03 -2.685530e-02 9.996272e-01 -4.413932e+00
9.986914e-01 5.055491e-02 7.728125e-03 1.335460e+02 -5.074293e-02 9.983613e-01 2.645655e-02 -3.108083e+00 -6.377953e-03 -2.681408e-02 9.996201e-01 -4.431647e+00
9.986541e-01 5.111386e-02 8.790586e-03 1.340372e+02 -5.133598e-02 9.983101e-01 2.723500e-02 -3.127386e+00 -7.383645e-03 -2.764961e-02 9.995904e-01 -4.459308e+00
9.986048e-01 5.209316e-02 8.647785e-03 1.345396e+02 -5.231239e-02 9.982539e-01 2.742890e-02 -3.172362e+00 -7.203828e-03 -2.784302e-02 9.995863e-01 -4.483484e+00
9.986017e-01 5.195448e-02 9.760782e-03 1.350213e+02 -5.220500e-02 9.982588e-01 2.745484e-02 -3.205202e+00 -8.317385e-03 -2.792602e-02 9.995754e-01 -4.499591e+00
9.985967e-01 5.210666e-02 9.464668e-03 1.355273e+02 -5.234039e-02 9.982803e-01 2.640289e-02 -3.246144e+00 -8.072624e-03 -2.686122e-02 9.996065e-01 -4.528313e+00
9.985242e-01 5.307044e-02 1.152535e-02 1.360270e+02 -5.335373e-02 9.982411e-01 2.584736e-02 -3.269344e+00 -1.013335e-02 -2.642413e-02 9.995995e-01 -4.547488e+00
9.985215e-01 5.316344e-02 1.133550e-02 1.365054e+02 -5.343462e-02 9.982548e-01 2.513840e-02 -3.297022e+00 -9.979270e-03 -2.570694e-02 9.996197e-01 -4.570065e+00
9.985439e-01 5.245426e-02 1.259286e-02 1.369858e+02 -5.276158e-02 9.982826e-01 2.545695e-02 -3.335185e+00 -1.123591e-02 -2.608430e-02 9.995966e-01 -4.590180e+00
9.985502e-01 5.213690e-02 1.339018e-02 1.374769e+02 -5.247524e-02 9.982759e-01 2.629895e-02 -3.361823e+00 -1.199595e-02 -2.696347e-02 9.995645e-01 -4.615055e+00
9.984949e-01 5.328154e-02 1.300510e-02 1.379790e+02 -5.361175e-02 9.982097e-01 2.652146e-02 -3.389484e+00 -1.156871e-02 -2.717876e-02 9.995636e-01 -4.637562e+00
9.985321e-01 5.272947e-02 1.237807e-02 1.384710e+02 -5.304667e-02 9.982306e-01 2.687311e-02 -3.425520e+00 -1.093916e-02 -2.749028e-02 9.995622e-01 -4.654927e+00
9.985111e-01 5.275895e-02 1.386046e-02 1.389507e+02 -5.312896e-02 9.981995e-01 2.784195e-02 -3.456476e+00 -1.236659e-02 -2.853689e-02 9.995162e-01 -4.680061e+00
9.985422e-01 5.226019e-02 1.350653e-02 1.394265e+02 -5.262785e-02 9.982082e-01 2.847322e-02 -3.493001e+00 -1.199432e-02 -2.914254e-02 9.995033e-01 -4.701707e+00
9.985040e-01 5.251247e-02 1.523612e-02 1.399498e+02 -5.291229e-02 9.982302e-01 2.714630e-02 -3.513827e+00 -1.378363e-02 -2.791187e-02 9.995154e-01 -4.727692e+00
9.985743e-01 5.082504e-02 1.631834e-02 1.404422e+02 -5.126362e-02 9.983011e-01 2.768832e-02 -3.542246e+00 -1.488336e-02 -2.848538e-02 9.994834e-01 -4.748756e+00
9.986319e-01 4.962190e-02 1.649293e-02 1.409167e+02 -5.006168e-02 9.983698e-01 2.741681e-02 -3.560560e+00 -1.510557e-02 -2.820496e-02 9.994880e-01 -4.768499e+00
9.986861e-01 4.811195e-02 1.764345e-02 1.413946e+02 -4.858438e-02 9.984431e-01 2.740403e-02 -3.592760e+00 -1.629752e-02 -2.822522e-02 9.994687e-01 -4.792488e+00
9.987481e-01 4.660847e-02 1.816316e-02 1.418984e+02 -4.709404e-02 9.985176e-01 2.729195e-02 -3.625772e+00 -1.686420e-02 -2.811316e-02 9.994625e-01 -4.812223e+00
9.988123e-01 4.526062e-02 1.804172e-02 1.423917e+02 -4.575268e-02 9.985642e-01 2.786346e-02 -3.658949e+00 -1.675470e-02 -2.865582e-02 9.994489e-01 -4.844283e+00
9.988654e-01 4.394244e-02 1.835690e-02 1.428908e+02 -4.444433e-02 9.986224e-01 2.789102e-02 -3.689007e+00 -1.710602e-02 -2.867523e-02 9.994424e-01 -4.862373e+00
9.989149e-01 4.264607e-02 1.871654e-02 1.433837e+02 -4.316724e-02 9.986645e-01 2.838584e-02 -3.713580e+00 -1.748100e-02 -2.916298e-02 9.994218e-01 -4.891014e+00
9.989812e-01 4.116476e-02 1.849317e-02 1.438689e+02 -4.169501e-02 9.987018e-01 2.926546e-02 -3.745928e+00 -1.726446e-02 -3.000672e-02 9.994006e-01 -4.913529e+00
9.990076e-01 4.024565e-02 1.908207e-02 1.443578e+02 -4.079876e-02 9.987305e-01 2.954107e-02 -3.768260e+00 -1.786895e-02 -3.029028e-02 9.993814e-01 -4.931808e+00
9.989347e-01 4.132562e-02 2.053335e-02 1.448829e+02 -4.193046e-02 9.986713e-01 2.995483e-02 -3.796071e+00 -1.926817e-02 -3.078390e-02 9.993404e-01 -4.953470e+00
9.988781e-01 4.137123e-02 2.304146e-02 1.453684e+02 -4.205913e-02 9.986581e-01 3.021646e-02 -3.812373e+00 -2.176045e-02 -3.115166e-02 9.992778e-01 -4.978991e+00
9.988618e-01 4.190310e-02 2.278674e-02 1.458647e+02 -4.258625e-02 9.986312e-01 3.036992e-02 -3.854659e+00 -2.148295e-02 -3.130575e-02 9.992790e-01 -5.007075e+00
9.987579e-01 4.379564e-02 2.376113e-02 1.463696e+02 -4.449758e-02 9.985629e-01 2.986400e-02 -3.878627e+00 -2.241907e-02 -3.088422e-02 9.992715e-01 -5.032784e+00
9.986764e-01 4.585034e-02 2.330624e-02 1.468732e+02 -4.654679e-02 9.984572e-01 3.027368e-02 -3.906470e+00 -2.188223e-02 -3.131844e-02 9.992699e-01 -5.054537e+00
9.986284e-01 4.732005e-02 2.240844e-02 1.473699e+02 -4.799177e-02 9.983834e-01 3.045241e-02 -3.946491e+00 -2.093121e-02 -3.148606e-02 9.992850e-01 -5.074520e+00
9.984736e-01 5.000029e-02 2.346294e-02 1.478854e+02 -5.070331e-02 9.982512e-01 3.039110e-02 -3.983240e+00 -2.190235e-02 -3.153436e-02 9.992627e-01 -5.102536e+00
9.982177e-01 5.390195e-02 2.561239e-02 1.484214e+02 -5.466844e-02 9.980466e-01 3.023298e-02 -4.018008e+00 -2.393275e-02 -3.157928e-02 9.992146e-01 -5.126600e+00
9.980599e-01 5.631075e-02 2.656129e-02 1.489317e+02 -5.709983e-02 9.979193e-01 2.994878e-02 -4.049685e+00 -2.481958e-02 -3.140732e-02 9.991984e-01 -5.152198e+00
9.979171e-01 5.886028e-02 2.640219e-02 1.494442e+02 -5.962336e-02 9.977964e-01 2.911059e-02 -4.095711e+00 -2.463056e-02 -3.062415e-02 9.992275e-01 -5.175982e+00
9.977602e-01 6.186968e-02 2.542836e-02 1.499807e+02 -6.260311e-02 9.976132e-01 2.913627e-02 -4.132040e+00 -2.356501e-02 -3.066290e-02 9.992520e-01 -5.202511e+00
9.975805e-01 6.465878e-02 2.554190e-02 1.504874e+02 -6.538193e-02 9.974513e-01 2.857126e-02 -4.173145e+00 -2.362942e-02 -3.017212e-02 9.992654e-01 -5.226697e+00
9.973425e-01 6.757371e-02 2.723275e-02 1.510250e+02 -6.832595e-02 9.972783e-01 2.770888e-02 -4.210972e+00 -2.528624e-02 -2.949595e-02 9.992450e-01 -5.252359e+00
9.971815e-01 7.015924e-02 2.658229e-02 1.515522e+02 -7.088949e-02 9.971021e-01 2.760330e-02 -4.256837e+00 -2.456864e-02 -2.940991e-02 9.992654e-01 -5.273423e+00
9.969174e-01 7.332063e-02 2.792327e-02 1.520760e+02 -7.410402e-02 9.968536e-01 2.813635e-02 -4.303356e+00 -2.577244e-02 -3.011885e-02 9.992140e-01 -5.303786e+00
9.967326e-01 7.599376e-02 2.736875e-02 1.526241e+02 -7.675223e-02 9.966620e-01 2.781860e-02 -4.351425e+00 -2.516336e-02 -2.982832e-02 9.992383e-01 -5.318172e+00
9.965670e-01 7.834868e-02 2.675263e-02 1.531554e+02 -7.909687e-02 9.964694e-01 2.815704e-02 -4.406607e+00 -2.445211e-02 -3.017643e-02 9.992455e-01 -5.347723e+00
9.962576e-01 8.188606e-02 2.766756e-02 1.536870e+02 -8.267761e-02 9.961604e-01 2.878973e-02 -4.459936e+00 -2.520385e-02 -3.096947e-02 9.992025e-01 -5.371947e+00
9.960936e-01 8.397213e-02 2.731713e-02 1.542236e+02 -8.475837e-02 9.959787e-01 2.902251e-02 -4.507507e+00 -2.477020e-02 -3.122449e-02 9.992054e-01 -5.389908e+00
9.957841e-01 8.698653e-02 2.910907e-02 1.547758e+02 -8.783129e-02 9.957095e-01 2.912107e-02 -4.558107e+00 -2.645104e-02 -3.155499e-02 9.991519e-01 -5.424091e+00
9.955438e-01 8.978251e-02 2.883658e-02 1.553424e+02 -9.062388e-02 9.954531e-01 2.932932e-02 -4.620245e+00 -2.607221e-02 -3.181191e-02 9.991537e-01 -5.445903e+00
9.952097e-01 9.332031e-02 2.913676e-02 1.559028e+02 -9.416926e-02 9.951260e-01 2.926560e-02 -4.688940e+00 -2.626367e-02 -3.186920e-02 9.991469e-01 -5.474423e+00
9.949535e-01 9.560697e-02 3.044337e-02 1.564728e+02 -9.648196e-02 9.949210e-01 2.869895e-02 -4.735659e+00 -2.754493e-02 -3.149135e-02 9.991244e-01 -5.491474e+00
9.948869e-01 9.617261e-02 3.083809e-02 1.570161e+02 -9.708538e-02 9.948356e-01 2.960736e-02 -4.798552e+00 -2.783141e-02 -3.244990e-02 9.990858e-01 -5.525695e+00
9.946904e-01 9.780723e-02 3.201268e-02 1.575784e+02 -9.874800e-02 9.946822e-01 2.925575e-02 -4.858780e+00 -2.898102e-02 -3.226160e-02 9.990592e-01 -5.542142e+00
9.944255e-01 9.998104e-02 3.349040e-02 1.581157e+02 -1.009525e-01 9.944775e-01 2.869129e-02 -4.926493e+00 -3.043687e-02 -3.191229e-02 9.990271e-01 -5.567468e+00
9.943092e-01 1.006386e-01 3.494519e-02 1.587003e+02 -1.016622e-01 9.944003e-01 2.886173e-02 -4.993708e+00 -3.184490e-02 -3.225009e-02 9.989724e-01 -5.608058e+00
9.942220e-01 1.021700e-01 3.292371e-02 1.592532e+02 -1.031139e-01 9.942648e-01 2.837071e-02 -5.061740e+00 -2.983626e-02 -3.160167e-02 9.990551e-01 -5.619701e+00
9.941439e-01 1.029461e-01 3.286267e-02 1.598210e+02 -1.038931e-01 9.941790e-01 2.853899e-02 -5.131224e+00 -2.973339e-02 -3.178607e-02 9.990523e-01 -5.653780e+00
9.940796e-01 1.031203e-01 3.423501e-02 1.603813e+02 -1.041059e-01 9.941615e-01 2.837488e-02 -5.204489e+00 -3.110910e-02 -3.177096e-02 9.990109e-01 -5.672092e+00
9.940700e-01 1.030667e-01 3.467105e-02 1.609461e+02 -1.040689e-01 9.941630e-01 2.845699e-02 -5.272507e+00 -3.153570e-02 -3.189641e-02 9.989936e-01 -5.697348e+00
9.940236e-01 1.027152e-01 3.696773e-02 1.615034e+02 -1.037833e-01 9.941992e-01 2.823304e-02 -5.343429e+00 -3.385332e-02 -3.190094e-02 9.989176e-01 -5.723563e+00
9.941040e-01 1.016986e-01 3.761105e-02 1.620886e+02 -1.028000e-01 9.942906e-01 2.860502e-02 -5.403789e+00 -3.448723e-02 -3.230279e-02 9.988829e-01 -5.750916e+00
9.942152e-01 1.006100e-01 3.760084e-02 1.626617e+02 -1.017302e-01 9.943843e-01 2.916944e-02 -5.478818e+00 -3.445495e-02 -3.282584e-02 9.988670e-01 -5.776883e+00
9.942880e-01 1.003671e-01 3.630148e-02 1.632213e+02 -1.014490e-01 9.944092e-01 2.929991e-02 -5.539799e+00 -3.315778e-02 -3.281530e-02 9.989113e-01 -5.804725e+00
9.942898e-01 1.000191e-01 3.720251e-02 1.638026e+02 -1.011306e-01 9.944415e-01 2.929976e-02 -5.600287e+00 -3.406519e-02 -3.289476e-02 9.988781e-01 -5.829294e+00
9.942837e-01 9.962784e-02 3.839640e-02 1.644075e+02 -1.007816e-01 9.944746e-01 2.938208e-02 -5.669631e+00 -3.525697e-02 -3.308378e-02 9.988305e-01 -5.855030e+00
9.942499e-01 9.948299e-02 3.962681e-02 1.650029e+02 -1.006453e-01 9.945141e-01 2.850034e-02 -5.736096e+00 -3.657412e-02 -3.232472e-02 9.988080e-01 -5.880470e+00
9.942837e-01 9.912863e-02 3.966655e-02 1.656048e+02 -1.002828e-01 9.945579e-01 2.824578e-02 -5.792782e+00 -3.665072e-02 -3.206220e-02 9.988137e-01 -5.906370e+00
9.943145e-01 9.866117e-02 4.005869e-02 1.661999e+02 -9.983999e-02 9.945930e-01 2.857375e-02 -5.864519e+00 -3.702298e-02 -3.241075e-02 9.987887e-01 -5.941484e+00
9.942986e-01 9.957197e-02 3.815234e-02 1.668196e+02 -1.006757e-01 9.945199e-01 2.818570e-02 -5.939956e+00 -3.513676e-02 -3.186601e-02 9.988744e-01 -5.971472e+00
9.940792e-01 1.012242e-01 3.950002e-02 1.674160e+02 -1.023722e-01 9.943461e-01 2.820746e-02 -6.012770e+00 -3.642142e-02 -3.208416e-02 9.988214e-01 -5.993385e+00
9.938776e-01 1.022964e-01 4.174712e-02 1.680242e+02 -1.035103e-01 9.942333e-01 2.802792e-02 -6.075492e+00 -3.863923e-02 -3.217758e-02 9.987350e-01 -6.025659e+00
9.937055e-01 1.037726e-01 4.219685e-02 1.686288e+02 -1.049919e-01 9.940851e-01 2.777951e-02 -6.150331e+00 -3.906450e-02 -3.203498e-02 9.987230e-01 -6.049434e+00
9.935658e-01 1.050024e-01 4.244469e-02 1.692417e+02 -1.062212e-01 9.939609e-01 2.755234e-02 -6.221858e+00 -3.929530e-02 -3.188359e-02 9.987189e-01 -6.078576e+00
9.933932e-01 1.063265e-01 4.317978e-02 1.698628e+02 -1.075653e-01 9.938190e-01 2.745246e-02 -6.296066e+00 -3.999396e-02 -3.191574e-02 9.986901e-01 -6.099496e+00
9.933088e-01 1.071923e-01 4.298143e-02 1.704848e+02 -1.084312e-01 9.937207e-01 2.760473e-02 -6.385848e+00 -3.975252e-02 -3.208055e-02 9.986944e-01 -6.134480e+00
9.932733e-01 1.072985e-01 4.353402e-02 1.704604e+02 -1.085452e-01 9.937150e-01 2.735665e-02 -6.380119e+00 -4.032509e-02 -3.189804e-02 9.986773e-01 -6.133580e+00