1.000000e+00 0.000000e+00 0.000000e+00 0.000000e+00 0.000000e+00 1.000000e+00 0.000000e+00 0.000000e+00 0.000000e+00 0.000000e+00 1.000000e+00 0.000000e+00
9.999898e-01 2.313377e-04 4.515094e-03 1.818820e+00 -2.474038e-04 9.999937e-01 3.558092e-03 -8.199831e-02 -4.514242e-03 -3.559172e-03 9.999835e-01 -8.414780e-02
9.999993e-01 -9.139100e-04 7.427785e-04 3.117108e+00 9.111559e-04 9.999926e-01 3.699824e-03 -8.605269e-02 -7.461544e-04 -3.699145e-03 9.999929e-01 -8.574034e-02
9.999899e-01 -1.083359e-03 4.374715e-03 4.381496e+00 1.056378e-03 9.999804e-01 6.165089e-03 -9.461212e-02 -4.381308e-03 -6.160405e-03 9.999714e-01 -1.375054e-01
9.999934e-01 -1.222589e-03 3.413687e-03 5.631840e+00 1.205164e-03 9.999863e-01 5.101804e-03 -1.053750e-01 -3.419878e-03 -5.097657e-03 9.999812e-01 -1.552495e-01
9.999835e-01 -1.483310e-03 5.554476e-03 6.865070e+00 1.446564e-03 9.999771e-01 6.613735e-03 -1.175170e-01 -5.564159e-03 -6.605591e-03 9.999627e-01 -1.787964e-01
9.999745e-01 -1.849162e-03 6.900999e-03 8.087780e+00 1.802613e-03 9.999757e-01 6.745361e-03 -1.244835e-01 -6.913304e-03 -6.732749e-03 9.999534e-01 -2.338989e-01
9.999660e-01 -1.699750e-03 8.066001e-03 9.306989e+00 1.662887e-03 9.999882e-01 4.574709e-03 -1.418437e-01 -8.073681e-03 -4.561141e-03 9.999570e-01 -2.382616e-01
9.999518e-01 -2.008818e-03 9.607175e-03 1.051421e+01 1.962320e-03 9.999864e-01 4.846973e-03 -1.488322e-01 -9.616781e-03 -4.827888e-03 9.999421e-01 -2.860530e-01
9.999476e-01 -2.067644e-03 1.002597e-02 1.171330e+01 2.020707e-03 9.999869e-01 4.689416e-03 -1.626932e-01 -1.003553e-02 -4.668911e-03 9.999387e-01 -3.098528e-01
9.999468e-01 -2.309511e-03 1.004884e-02 1.289935e+01 2.241569e-03 9.999745e-01 6.767297e-03 -1.710922e-01 -1.006421e-02 -6.744412e-03 9.999266e-01 -3.456394e-01
9.999445e-01 -2.463700e-03 1.024157e-02 1.408270e+01 2.399328e-03 9.999775e-01 6.292932e-03 -1.847780e-01 -1.025684e-02 -6.268010e-03 9.999278e-01 -3.792306e-01
9.999615e-01 -2.572426e-03 8.391012e-03 1.526978e+01 2.509510e-03 9.999688e-01 7.499946e-03 -1.873085e-01 -8.410042e-03 -7.478600e-03 9.999366e-01 -4.099150e-01
9.999606e-01 -2.710876e-03 8.452934e-03 1.643265e+01 2.665876e-03 9.999821e-01 5.330339e-03 -1.952580e-01 -8.467234e-03 -5.307594e-03 9.999501e-01 -4.528757e-01
9.999624e-01 -3.365501e-03 7.996891e-03 1.759319e+01 3.326240e-03 9.999825e-01 4.917777e-03 -1.929167e-01 -8.013301e-03 -4.890992e-03 9.999560e-01 -4.666763e-01
9.999722e-01 -3.661800e-03 6.502673e-03 1.874549e+01 3.635544e-03 9.999852e-01 4.044954e-03 -1.950314e-01 -6.517388e-03 -4.021201e-03 9.999707e-01 -5.029437e-01
9.999705e-01 -4.085549e-03 6.506146e-03 1.990015e+01 4.054850e-03 9.999807e-01 4.724689e-03 -1.962862e-01 -6.525323e-03 -4.698168e-03 9.999677e-01 -5.223314e-01
9.999802e-01 -3.857328e-03 4.985127e-03 2.105484e+01 3.834340e-03 9.999820e-01 4.612505e-03 -2.109013e-01 -5.002829e-03 -4.593298e-03 9.999769e-01 -5.499462e-01
9.999731e-01 -3.924677e-03 6.205540e-03 2.219110e+01 3.891198e-03 9.999778e-01 5.397897e-03 -2.263386e-01 -6.226588e-03 -5.373605e-03 9.999662e-01 -5.772997e-01
9.999685e-01 -4.327373e-03 6.659735e-03 2.333075e+01 4.287470e-03 9.999729e-01 5.994205e-03 -2.235774e-01 -6.685494e-03 -5.965462e-03 9.999599e-01 -5.952846e-01
9.999696e-01 -3.824315e-03 6.798076e-03 2.446692e+01 3.779805e-03 9.999715e-01 6.548299e-03 -2.452442e-01 -6.822925e-03 -6.522404e-03 9.999555e-01 -6.396023e-01
9.999691e-01 -4.422913e-03 6.503887e-03 2.559821e+01 4.383420e-03 9.999719e-01 6.073938e-03 -2.416612e-01 -6.530570e-03 -6.045241e-03 9.999604e-01 -6.709629e-01
9.999690e-01 -4.472258e-03 6.477418e-03 2.674146e+01 4.446914e-03 9.999824e-01 3.921648e-03 -2.531034e-01 -6.494843e-03 -3.892722e-03 9.999713e-01 -6.951626e-01
9.999670e-01 -4.810088e-03 6.545465e-03 2.787082e+01 4.775774e-03 9.999747e-01 5.247884e-03 -2.550172e-01 -6.570543e-03 -5.216451e-03 9.999648e-01 -7.170996e-01
9.999622e-01 -4.981116e-03 7.128510e-03 2.898127e+01 4.922778e-03 9.999545e-01 8.178036e-03 -2.569198e-01 -7.168921e-03 -8.142634e-03 9.999412e-01 -7.547577e-01
9.999698e-01 -5.299162e-03 5.682016e-03 3.011875e+01 5.240202e-03 9.999329e-01 1.034159e-02 -2.648623e-01 -5.736436e-03 -1.031150e-02 9.999304e-01 -7.852551e-01
9.999675e-01 -5.657604e-03 5.741251e-03 3.123731e+01 5.600487e-03 9.999352e-01 9.916334e-03 -2.683784e-01 -5.796981e-03 -9.883859e-03 9.999344e-01 -8.155977e-01
9.999681e-01 -5.730983e-03 5.560575e-03 3.235967e+01 5.680064e-03 9.999422e-01 9.130165e-03 -2.686358e-01 -5.612578e-03 -9.098290e-03 9.999428e-01 -8.501871e-01
9.999724e-01 -5.870897e-03 4.557803e-03 3.347581e+01 5.830406e-03 9.999437e-01 8.846926e-03 -2.736279e-01 -4.609487e-03 -8.820107e-03 9.999505e-01 -8.763716e-01
9.999772e-01 -5.772423e-03 3.498266e-03 3.460247e+01 5.736746e-03 9.999323e-01 1.012415e-02 -2.787104e-01 -3.556470e-03 -1.010385e-02 9.999426e-01 -9.027187e-01
9.999850e-01 -5.250608e-03 1.547379e-03 3.572733e+01 5.230493e-03 9.999053e-01 1.272839e-02 -2.783022e-01 -1.614064e-03 -1.272011e-02 9.999178e-01 -9.379861e-01
9.999905e-01 -4.277894e-03 -8.200076e-04 3.685123e+01 4.286502e-03 9.999326e-01 1.079871e-02 -2.857736e-01 7.737565e-04 -1.080212e-02 9.999413e-01 -9.818403e-01
9.999878e-01 -2.558060e-03 -4.229621e-03 3.797242e+01 2.596737e-03 9.999546e-01 9.164344e-03 -2.972770e-01 4.205985e-03 -9.175214e-03 9.999490e-01 -9.982579e-01
9.999894e-01 -5.994933e-04 -4.556184e-03 3.908925e+01 6.350618e-04 9.999694e-01 7.809203e-03 -3.017706e-01 4.551363e-03 -7.812013e-03 9.999591e-01 -1.039143e+00
9.999835e-01 2.624096e-03 -5.108544e-03 4.021132e+01 -2.570223e-03 9.999413e-01 1.052378e-02 -3.209565e-01 5.135860e-03 -1.051048e-02 9.999316e-01 -1.047278e+00
9.999715e-01 5.154890e-03 -5.514876e-03 4.132703e+01 -5.087478e-03 9.999131e-01 1.216885e-02 -3.357794e-01 5.577126e-03 -1.214044e-02 9.999108e-01 -1.089878e+00
9.999514e-01 8.190415e-03 -5.496538e-03 4.245547e+01 -8.140254e-03 9.999256e-01 9.087163e-03 -3.592203e-01 5.570557e-03 -9.041977e-03 9.999436e-01 -1.129422e+00
9.999241e-01 1.083000e-02 -5.877684e-03 4.357132e+01 -1.078474e-02 9.999124e-01 7.677554e-03 -3.838714e-01 5.960316e-03 -7.613582e-03 9.999533e-01 -1.140761e+00
9.999002e-01 1.339936e-02 -4.474009e-03 4.469140e+01 -1.337094e-02 9.998906e-01 6.322334e-03 -4.041298e-01 4.558235e-03 -6.261882e-03 9.999700e-01 -1.175957e+00
9.998690e-01 1.514715e-02 -5.706849e-03 4.580912e+01 -1.509407e-02 9.998434e-01 9.233404e-03 -4.362948e-01 5.845815e-03 -9.146055e-03 9.999411e-01 -1.201346e+00
9.998542e-01 1.653483e-02 -4.258298e-03 4.695364e+01 -1.649006e-02 9.998106e-01 1.034367e-02 -4.568671e-01 4.428522e-03 -1.027194e-02 9.999374e-01 -1.233780e+00
9.998534e-01 1.643090e-02 -4.822755e-03 4.808353e+01 -1.638083e-02 9.998134e-01 1.024317e-02 -4.795359e-01 4.990159e-03 -1.016267e-02 9.999359e-01 -1.253334e+00
9.998601e-01 1.597856e-02 -4.943545e-03 4.922149e+01 -1.592944e-02 9.998250e-01 9.821561e-03 -5.069214e-01 5.099613e-03 -9.741439e-03 9.999396e-01 -1.306639e+00
9.998625e-01 1.564762e-02 -5.487554e-03 5.035521e+01 -1.559246e-02 9.998288e-01 9.955917e-03 -5.304219e-01 5.642401e-03 -9.868983e-03 9.999354e-01 -1.311906e+00
9.998733e-01 1.510853e-02 -5.013161e-03 5.151248e+01 -1.505305e-02 9.998270e-01 1.092654e-02 -5.536431e-01 5.177378e-03 -1.084969e-02 9.999278e-01 -1.354017e+00
9.998816e-01 1.446506e-02 -5.245876e-03 5.268904e+01 -1.440023e-02 9.998220e-01 1.219290e-02 -5.739129e-01 5.421313e-03 -1.211591e-02 9.999119e-01 -1.375993e+00
9.998845e-01 1.442263e-02 -4.801387e-03 5.385170e+01 -1.436248e-02 9.998207e-01 1.233436e-02 -6.038808e-01 4.978420e-03 -1.226398e-02 9.999124e-01 -1.399305e+00
9.999054e-01 1.342838e-02 -2.972246e-03 5.503156e+01 -1.340445e-02 9.998786e-01 7.929854e-03 -6.282330e-01 3.078371e-03 -7.889263e-03 9.999641e-01 -1.436888e+00
9.999081e-01 1.351695e-02 1.016722e-03 5.622509e+01 -1.352685e-02 9.998538e-01 1.045264e-02 -6.610856e-01 -8.752857e-04 -1.046543e-02 9.999449e-01 -1.449195e+00
9.999223e-01 1.215554e-02 2.771747e-03 5.740742e+01 -1.219094e-02 9.998393e-01 1.313271e-02 -6.823869e-01 -2.611666e-03 -1.316548e-02 9.999099e-01 -1.511141e+00
9.999353e-01 1.079907e-02 3.569338e-03 5.861504e+01 -1.085325e-02 9.998206e-01 1.552672e-02 -7.120283e-01 -3.401024e-03 -1.556446e-02 9.998731e-01 -1.531445e+00
9.999516e-01 9.513804e-03 2.514178e-03 5.982442e+01 -9.547719e-03 9.998585e-01 1.384082e-02 -7.521203e-01 -2.382143e-03 -1.386416e-02 9.999011e-01 -1.571905e+00
9.999492e-01 9.374559e-03 3.698763e-03 6.106642e+01 -9.419078e-03 9.998813e-01 1.220835e-02 -7.769682e-01 -3.583876e-03 -1.224257e-02 9.999186e-01 -1.595954e+00
9.999497e-01 9.176895e-03 4.044106e-03 6.229481e+01 -9.231606e-03 9.998631e-01 1.372442e-02 -8.031540e-01 -3.917605e-03 -1.376107e-02 9.998977e-01 -1.635431e+00
9.999515e-01 8.696362e-03 4.620208e-03 6.353318e+01 -8.758113e-03 9.998702e-01 1.351758e-02 -8.140236e-01 -4.502055e-03 -1.355738e-02 9.998980e-01 -1.663057e+00
9.999565e-01 8.205356e-03 4.440762e-03 6.478793e+01 -8.269183e-03 9.998598e-01 1.455067e-02 -8.368725e-01 -4.320746e-03 -1.458676e-02 9.998842e-01 -1.699321e+00
9.999582e-01 7.486340e-03 5.250538e-03 6.605338e+01 -7.545640e-03 9.999070e-01 1.136670e-02 -8.395814e-01 -5.164954e-03 -1.140584e-02 9.999216e-01 -1.729030e+00
9.999635e-01 6.411367e-03 5.653378e-03 6.731676e+01 -6.498143e-03 9.998593e-01 1.546708e-02 -8.665347e-01 -5.553417e-03 -1.550325e-02 9.998644e-01 -1.751143e+00
9.999654e-01 5.843070e-03 5.916482e-03 6.860494e+01 -5.933206e-03 9.998649e-01 1.533361e-02 -8.873792e-01 -5.826087e-03 -1.536819e-02 9.998649e-01 -1.808271e+00
9.999784e-01 5.388767e-03 3.755179e-03 6.987623e+01 -5.440345e-03 9.998891e-01 1.386312e-02 -8.979738e-01 -3.680057e-03 -1.388325e-02 9.998968e-01 -1.875357e+00
9.999830e-01 5.283325e-03 2.476517e-03 7.117844e+01 -5.316461e-03 9.998938e-01 1.357029e-02 -9.107364e-01 -2.404558e-03 -1.358323e-02 9.999049e-01 -1.832768e+00
9.999850e-01 4.617418e-03 2.954618e-03 7.246689e+01 -4.673230e-03 9.998055e-01 1.917040e-02 -9.322153e-01 -2.865525e-03 -1.918392e-02 9.998119e-01 -1.922196e+00
9.999876e-01 4.958084e-03 4.099469e-04 7.379311e+01 -4.964359e-03 9.998420e-01 1.706522e-02 -9.577422e-01 -3.252713e-04 -1.706704e-02 9.998543e-01 -1.916476e+00
9.999877e-01 4.529548e-03 2.027381e-03 7.511813e+01 -4.567400e-03 9.998077e-01 1.907213e-02 -9.818112e-01 -1.940603e-03 -1.908116e-02 9.998161e-01 -1.994079e+00
9.999843e-01 4.368923e-03 3.498180e-03 7.645959e+01 -4.415677e-03 9.998994e-01 1.347109e-02 -9.950004e-01 -3.438974e-03 -1.348633e-02 9.999031e-01 -2.011040e+00
9.999844e-01 4.096243e-03 3.807156e-03 7.779955e+01 -4.155414e-03 9.998686e-01 1.566636e-02 -1.016230e+00 -3.742483e-03 -1.568194e-02 9.998700e-01 -2.089050e+00
9.999827e-01 4.251530e-03 4.058323e-03 7.916441e+01 -4.304803e-03 9.999034e-01 1.320944e-02 -1.030805e+00 -4.001771e-03 -1.322668e-02 9.999045e-01 -2.092208e+00
9.999912e-01 3.470183e-03 2.372433e-03 8.051496e+01 -3.503783e-03 9.998914e-01 1.430849e-02 -1.040564e+00 -2.322523e-03 -1.431667e-02 9.998948e-01 -2.174432e+00
9.999909e-01 4.087428e-03 1.254678e-03 8.189239e+01 -4.103811e-03 9.999025e-01 1.334532e-02 -1.071162e+00 -1.200008e-03 -1.335035e-02 9.999102e-01 -2.154589e+00
9.999941e-01 3.429198e-03 -1.834738e-04 8.326910e+01 -3.425241e-03 9.998248e-01 1.840325e-02 -1.062845e+00 2.465500e-04 -1.840251e-02 9.998306e-01 -2.247560e+00
9.999868e-01 4.670881e-03 -2.119935e-03 8.464693e+01 -4.646180e-03 9.999229e-01 1.151054e-02 -1.101748e+00 2.173536e-03 -1.150054e-02 9.999315e-01 -2.261753e+00
9.999926e-01 3.559363e-03 -1.445810e-03 8.605028e+01 -3.537439e-03 9.998828e-01 1.489335e-02 -1.105249e+00 1.498652e-03 -1.488813e-02 9.998881e-01 -2.303036e+00
9.999897e-01 4.023938e-03 -2.068017e-03 8.745633e+01 -4.000906e-03 9.999311e-01 1.102356e-02 -1.131323e+00 2.112233e-03 -1.101517e-02 9.999371e-01 -2.305659e+00
9.999934e-01 3.595935e-03 -3.727300e-04 8.886727e+01 -3.588925e-03 9.998430e-01 1.735531e-02 -1.144464e+00 4.350800e-04 -1.735386e-02 9.998493e-01 -2.376747e+00
9.999868e-01 3.675484e-03 -3.606147e-03 9.030685e+01 -3.616694e-03 9.998626e-01 1.617588e-02 -1.157153e+00 3.665106e-03 -1.616262e-02 9.998627e-01 -2.386266e+00
9.999904e-01 4.361399e-03 -3.713623e-04 9.174080e+01 -4.354248e-03 9.998380e-01 1.746395e-02 -1.185502e+00 4.474694e-04 -1.746217e-02 9.998474e-01 -2.479175e+00
9.999866e-01 4.796017e-03 -1.938374e-03 9.318528e+01 -4.773750e-03 9.999244e-01 1.133311e-02 -1.194846e+00 1.992581e-03 -1.132370e-02 9.999339e-01 -2.493933e+00
9.999825e-01 5.903621e-03 2.997091e-04 9.463593e+01 -5.907028e-03 9.998975e-01 1.304561e-02 -1.211419e+00 -2.226620e-04 -1.304716e-02 9.999149e-01 -2.538825e+00
9.999747e-01 6.807403e-03 -2.062996e-03 9.608913e+01 -6.769017e-03 9.998137e-01 1.807488e-02 -1.225874e+00 2.185655e-03 -1.806046e-02 9.998345e-01 -2.557555e+00
9.999604e-01 8.891502e-03 -5.109872e-04 9.756430e+01 -8.877993e-03 9.997149e-01 2.216688e-02 -1.254009e+00 7.079384e-04 -2.216146e-02 9.997541e-01 -2.625731e+00
9.999427e-01 1.014440e-02 -3.411700e-03 9.904385e+01 -1.006608e-02 9.997020e-01 2.223851e-02 -1.274062e+00 3.636279e-03 -2.220289e-02 9.997469e-01 -2.672982e+00
9.999337e-01 1.132250e-02 -2.129812e-03 1.005371e+02 -1.128832e-02 9.998173e-01 1.542594e-02 -1.300049e+00 2.304083e-03 -1.540087e-02 9.998788e-01 -2.697065e+00
9.999135e-01 1.310231e-02 -1.186700e-03 1.020324e+02 -1.308696e-02 9.998409e-01 1.213252e-02 -1.338801e+00 1.345475e-03 -1.211594e-02 9.999257e-01 -2.765918e+00
9.998838e-01 1.523606e-02 4.848380e-04 1.035377e+02 -1.524110e-02 9.997979e-01 1.310181e-02 -1.370868e+00 -2.851201e-04 -1.310768e-02 9.999141e-01 -2.784189e+00
9.998472e-01 1.728510e-02 2.623016e-03 1.050474e+02 -1.732885e-02 9.996934e-01 1.769074e-02 -1.413612e+00 -2.316426e-03 -1.773349e-02 9.998401e-01 -2.835722e+00
9.998031e-01 1.953448e-02 3.475444e-03 1.065673e+02 -1.959332e-02 9.996498e-01 1.778853e-02 -1.453664e+00 -3.126737e-03 -1.785312e-02 9.998357e-01 -2.879276e+00
9.997281e-01 2.250904e-02 6.084358e-03 1.081087e+02 -2.259767e-02 9.996334e-01 1.491276e-02 -1.509626e+00 -5.746455e-03 -1.504620e-02 9.998703e-01 -2.914899e+00
9.996524e-01 2.522297e-02 7.670085e-03 1.096491e+02 -2.532866e-02 9.995810e-01 1.400944e-02 -1.555617e+00 -7.313511e-03 -1.419884e-02 9.998724e-01 -2.957235e+00
9.995943e-01 2.738561e-02 7.830678e-03 1.111868e+02 -2.749532e-02 9.995201e-01 1.426415e-02 -1.618638e+00 -7.436288e-03 -1.447367e-02 9.998676e-01 -3.012226e+00
9.995146e-01 2.994744e-02 8.579197e-03 1.127528e+02 -3.006723e-02 9.994471e-01 1.419194e-02 -1.686201e+00 -8.149442e-03 -1.444301e-02 9.998625e-01 -3.056566e+00
9.994155e-01 3.305543e-02 8.721119e-03 1.143286e+02 -3.317180e-02 9.993578e-01 1.355486e-02 -1.760103e+00 -8.267457e-03 -1.383623e-02 9.998701e-01 -3.097718e+00
9.993228e-01 3.528472e-02 1.043833e-02 1.158995e+02 -3.540308e-02 9.993083e-01 1.137993e-02 -1.829695e+00 -1.002957e-02 -1.174178e-02 9.998808e-01 -3.125098e+00
9.992294e-01 3.773632e-02 1.079907e-02 1.174824e+02 -3.786081e-02 9.992161e-01 1.156529e-02 -1.899121e+00 -1.035417e-02 -1.196524e-02 9.998748e-01 -3.169539e+00
9.991056e-01 4.069955e-02 1.147370e-02 1.190893e+02 -4.083695e-02 9.990938e-01 1.200629e-02 -1.995867e+00 -1.097465e-02 -1.246410e-02 9.998621e-01 -3.211263e+00
9.989902e-01 4.318155e-02 1.240222e-02 1.206952e+02 -4.331756e-02 9.990017e-01 1.091559e-02 -2.078478e+00 -1.191849e-02 -1.144180e-02 9.998635e-01 -3.252046e+00
9.988649e-01 4.566556e-02 1.354625e-02 1.222957e+02 -4.580275e-02 9.989005e-01 9.995837e-03 -2.171199e+00 -1.307489e-02 -1.060495e-02 9.998583e-01 -3.266924e+00
9.986868e-01 4.865234e-02 1.605158e-02 1.239296e+02 -4.881316e-02 9.987600e-01 9.784053e-03 -2.264203e+00 -1.555566e-02 -1.055473e-02 9.998233e-01 -3.333441e+00
9.985155e-01 5.075397e-02 1.976774e-02 1.255488e+02 -5.095746e-02 9.986514e-01 9.930281e-03 -2.368194e+00 -1.923708e-02 -1.092285e-02 9.997553e-01 -3.359591e+00
9.983359e-01 5.400182e-02 2.022934e-02 1.271840e+02 -5.425704e-02 9.984512e-01 1.228660e-02 -2.466615e+00 -1.953451e-02 -1.336374e-02 9.997199e-01 -3.391931e+00
9.981756e-01 5.628763e-02 2.184206e-02 1.288322e+02 -5.652028e-02 9.983495e-01 1.018402e-02 -2.572804e+00 -2.123278e-02 -1.139996e-02 9.997095e-01 -3.447540e+00
9.979844e-01 5.905749e-02 2.322254e-02 1.304919e+02 -5.934824e-02 9.981647e-01 1.203619e-02 -2.701697e+00 -2.246909e-02 -1.339015e-02 9.996579e-01 -3.470663e+00
9.977563e-01 6.201099e-02 2.523907e-02 1.321473e+02 -6.235255e-02 9.979697e-01 1.297806e-02 -2.825552e+00 -2.438305e-02 -1.452266e-02 9.995972e-01 -3.527060e+00
9.975188e-01 6.486420e-02 2.736593e-02 1.338092e+02 -6.522164e-02 9.977942e-01 1.237688e-02 -2.950805e+00 -2.650274e-02 -1.413102e-02 9.995489e-01 -3.564631e+00
9.973323e-01 6.699044e-02 2.899246e-02 1.354735e+02 -6.739870e-02 9.976368e-01 1.334021e-02 -3.073921e+00 -2.803028e-02 -1.525868e-02 9.994906e-01 -3.609450e+00
9.970751e-01 6.922227e-02 3.239658e-02 1.371448e+02 -6.969006e-02 9.974769e-01 1.353874e-02 -3.215423e+00 -3.137765e-02 -1.575686e-02 9.993834e-01 -3.649671e+00
9.968899e-01 7.160553e-02 3.290957e-02 1.388215e+02 -7.219743e-02 9.972427e-01 1.716232e-02 -3.349165e+00 -3.158991e-02 -1.948493e-02 9.993110e-01 -3.712225e+00
9.967440e-01 7.373190e-02 3.263566e-02 1.405094e+02 -7.430190e-02 9.970975e-01 1.661017e-02 -3.492259e+00 -3.131624e-02 -1.898097e-02 9.993293e-01 -3.761184e+00
9.965464e-01 7.589471e-02 3.369374e-02 1.422093e+02 -7.638200e-02 9.969883e-01 1.341655e-02 -3.639918e+00 -3.257402e-02 -1.594381e-02 9.993421e-01 -3.805360e+00
9.963194e-01 7.759372e-02 3.642682e-02 1.438995e+02 -7.805362e-02 9.968843e-01 1.137543e-02 -3.793185e+00 -3.543066e-02 -1.417680e-02 9.992716e-01 -3.856345e+00
9.961330e-01 7.878632e-02 3.888272e-02 1.456104e+02 -7.939049e-02 9.967418e-01 1.424452e-02 -3.944121e+00 -3.763376e-02 -1.727636e-02 9.991422e-01 -3.892506e+00
9.960080e-01 8.058584e-02 3.839276e-02 1.473190e+02 -8.135697e-02 9.965047e-01 1.896253e-02 -4.102156e+00 -3.673045e-02 -2.201035e-02 9.990828e-01 -3.953013e+00
9.958352e-01 8.226798e-02 3.929736e-02 1.490280e+02 -8.308512e-02 9.963491e-01 1.963116e-02 -4.266193e+00 -3.753887e-02 -2.281443e-02 9.990347e-01 -4.006611e+00
9.957014e-01 8.418515e-02 3.862016e-02 1.507325e+02 -8.505738e-02 9.961436e-01 2.152408e-02 -4.429270e+00 -3.665921e-02 -2.471649e-02 9.990221e-01 -4.070605e+00
9.956471e-01 8.574782e-02 3.652770e-02 1.524555e+02 -8.649562e-02 9.960631e-01 1.940596e-02 -4.595931e+00 -3.471988e-02 -2.248097e-02 9.991442e-01 -4.127329e+00
9.954235e-01 8.759452e-02 3.820041e-02 1.541883e+02 -8.824310e-02 9.959762e-01 1.563280e-02 -4.767639e+00 -3.667736e-02 -1.893218e-02 9.991478e-01 -4.184531e+00
9.952009e-01 8.910134e-02 4.044857e-02 1.559118e+02 -8.981796e-02 9.958256e-01 1.625565e-02 -4.933390e+00 -3.883131e-02 -1.981064e-02 9.990494e-01 -4.230674e+00
9.950252e-01 9.103283e-02 4.047232e-02 1.576515e+02 -9.178589e-02 9.956311e-01 1.715126e-02 -5.114550e+00 -3.873418e-02 -2.078072e-02 9.990335e-01 -4.300495e+00
9.949099e-01 9.269355e-02 3.952289e-02 1.593892e+02 -9.343071e-02 9.954767e-01 1.722730e-02 -5.297675e+00 -3.774726e-02 -2.083226e-02 9.990702e-01 -4.334546e+00
9.947441e-01 9.421414e-02 4.009756e-02 1.611317e+02 -9.496646e-02 9.953303e-01 1.728600e-02 -5.482071e+00 -3.828174e-02 -2.100307e-02 9.990462e-01 -4.398052e+00
9.945834e-01 9.586541e-02 4.016940e-02 1.628922e+02 -9.658231e-02 9.951916e-01 1.629910e-02 -5.669316e+00 -3.841373e-02 -2.009046e-02 9.990599e-01 -4.435420e+00
9.942732e-01 9.780689e-02 4.306492e-02 1.646521e+02 -9.854006e-02 9.950163e-01 1.523926e-02 -5.858128e+00 -4.135979e-02 -1.939561e-02 9.989560e-01 -4.510819e+00
9.940640e-01 9.905067e-02 4.500910e-02 1.664251e+02 -9.992470e-02 9.948392e-01 1.759727e-02 -6.066615e+00 -4.303380e-02 -2.199033e-02 9.988316e-01 -4.563290e+00
9.939908e-01 1.003330e-01 4.376818e-02 1.681985e+02 -1.012771e-01 9.946591e-01 1.990923e-02 -6.259475e+00 -4.153686e-02 -2.422231e-02 9.988433e-01 -4.634554e+00
9.938805e-01 1.019327e-01 4.255855e-02 1.699871e+02 -1.027682e-01 9.945439e-01 1.792157e-02 -6.465321e+00 -4.049956e-02 -2.218557e-02 9.989332e-01 -4.679910e+00
9.936548e-01 1.038106e-01 4.328217e-02 1.717670e+02 -1.047586e-01 9.942918e-01 2.023587e-02 -6.670476e+00 -4.093441e-02 -2.464165e-02 9.988579e-01 -4.750689e+00
9.936134e-01 1.050434e-01 4.120968e-02 1.735557e+02 -1.059836e-01 9.941392e-01 2.133061e-02 -6.883572e+00 -3.872751e-02 -2.556193e-02 9.989228e-01 -4.783881e+00
9.933836e-01 1.064765e-01 4.303193e-02 1.753455e+02 -1.074062e-01 9.940159e-01 1.989684e-02 -7.087418e+00 -4.065588e-02 -2.438710e-02 9.988756e-01 -4.849616e+00
9.932861e-01 1.073271e-01 4.316868e-02 1.771465e+02 -1.081889e-01 9.939648e-01 1.814070e-02 -7.299777e+00 -4.096116e-02 -2.268928e-02 9.989031e-01 -4.896356e+00
9.930291e-01 1.091918e-01 4.439004e-02 1.789492e+02 -1.101983e-01 9.936900e-01 2.089059e-02 -7.517152e+00 -4.182886e-02 -2.563667e-02 9.987958e-01 -4.988587e+00
9.930255e-01 1.105953e-01 4.085246e-02 1.807511e+02 -1.116831e-01 9.934199e-01 2.537313e-02 -7.732218e+00 -3.777749e-02 -2.975869e-02 9.988430e-01 -5.074774e+00
9.930373e-01 1.121977e-01 3.589654e-02 1.825710e+02 -1.130708e-01 9.933140e-01 2.328729e-02 -7.957560e+00 -3.304376e-02 -2.718400e-02 9.990842e-01 -5.111135e+00
9.928932e-01 1.135891e-01 3.550360e-02 1.843958e+02 -1.144082e-01 9.931914e-01 2.195171e-02 -8.189007e+00 -3.276839e-02 -2.585761e-02 9.991284e-01 -5.195261e+00
9.928228e-01 1.146424e-01 3.405925e-02 1.862318e+02 -1.153885e-01 9.931024e-01 2.080542e-02 -8.412346e+00 -3.143914e-02 -2.458614e-02 9.992032e-01 -5.281871e+00
9.926387e-01 1.161533e-01 3.430510e-02 1.880531e+02 -1.170220e-01 9.928271e-01 2.449750e-02 -8.644021e+00 -3.121356e-02 -2.833162e-02 9.991111e-01 -5.323634e+00
9.926308e-01 1.173426e-01 3.024649e-02 1.898840e+02 -1.180242e-01 9.927708e-01 2.182747e-02 -8.880830e+00 -2.746654e-02 -2.523644e-02 9.993041e-01 -5.393392e+00
9.923994e-01 1.183714e-01 3.363933e-02 1.917176e+02 -1.191673e-01 9.926140e-01 2.272501e-02 -9.115253e+00 -3.070088e-02 -2.656099e-02 9.991757e-01 -5.453872e+00
9.923853e-01 1.193165e-01 3.057841e-02 1.935712e+02 -1.199783e-01 9.925586e-01 2.080185e-02 -9.353838e+00 -2.786886e-02 -2.431220e-02 9.993159e-01 -5.501013e+00
9.920236e-01 1.211147e-01 3.493280e-02 1.954270e+02 -1.219291e-01 9.922905e-01 2.220289e-02 -9.603562e+00 -3.197439e-02 -2.628512e-02 9.991430e-01 -5.611406e+00
9.920236e-01 1.220618e-01 3.146408e-02 1.972756e+02 -1.228091e-01 9.921632e-01 2.302064e-02 -9.843422e+00 -2.840757e-02 -2.670110e-02 9.992397e-01 -5.643882e+00
9.916982e-01 1.239493e-01 3.422281e-02 1.991281e+02 -1.249044e-01 9.917921e-01 2.733901e-02 -1.008811e+01 -3.055326e-02 -3.138663e-02 9.990402e-01 -5.761807e+00
9.917608e-01 1.251044e-01 2.755834e-02 2.009828e+02 -1.258603e-01 9.916625e-01 2.765045e-02 -1.034464e+01 -2.386938e-02 -3.089113e-02 9.992377e-01 -5.794049e+00
9.915022e-01 1.268605e-01 2.880835e-02 2.028714e+02 -1.275937e-01 9.915059e-01 2.522074e-02 -1.060027e+01 -2.536413e-02 -2.868218e-02 9.992667e-01 -5.886683e+00
9.914264e-01 1.281067e-01 2.573624e-02 2.047409e+02 -1.287700e-01 9.913332e-01 2.601432e-02 -1.085204e+01 -2.218058e-02 -2.910534e-02 9.993302e-01 -5.972351e+00
9.911003e-01 1.301087e-01 2.814018e-02 2.066361e+02 -1.308073e-01 9.911027e-01 2.459368e-02 -1.112503e+01 -2.468996e-02 -2.805575e-02 9.993014e-01 -6.050197e+00
9.910691e-01 1.307440e-01 2.622845e-02 2.085164e+02 -1.314121e-01 9.909970e-01 2.560739e-02 -1.138867e+01 -2.264430e-02 -2.882543e-02 9.993280e-01 -6.124620e+00
9.908300e-01 1.323394e-01 2.724293e-02 2.103983e+02 -1.330753e-01 9.907315e-01 2.724283e-02 -1.165312e+01 -2.338512e-02 -3.061837e-02 9.992576e-01 -6.194383e+00
9.906934e-01 1.340021e-01 2.387268e-02 2.122953e+02 -1.347000e-01 9.904163e-01 3.051761e-02 -1.192519e+01 -1.955447e-02 -3.344925e-02 9.992491e-01 -6.288102e+00
9.905140e-01 1.354823e-01 2.294825e-02 2.141952e+02 -1.361327e-01 9.902470e-01 2.965104e-02 -1.220456e+01 -1.870724e-02 -3.249377e-02 9.992968e-01 -6.360040e+00
9.903958e-01 1.366636e-01 2.095586e-02 2.161011e+02 -1.372672e-01 9.900572e-01 3.073477e-02 -1.247852e+01 -1.654718e-02 -3.331614e-02 9.993079e-01 -6.467860e+00
9.902841e-01 1.378930e-01 1.796607e-02 2.180062e+02 -1.383910e-01 9.899145e-01 3.028370e-02 -1.275685e+01 -1.360896e-02 -3.247581e-02 9.993799e-01 -6.545173e+00
9.901804e-01 1.390505e-01 1.441570e-02 2.199226e+02 -1.394342e-01 9.897662e-01 3.035143e-02 -1.303971e+01 -1.004779e-02 -3.206343e-02 9.994353e-01 -6.650055e+00
9.900829e-01 1.400043e-01 1.160646e-02 2.218535e+02 -1.402840e-01 9.897026e-01 2.844409e-02 -1.333411e+01 -7.504648e-03 -2.979021e-02 9.995280e-01 -6.735572e+00
9.901290e-01 1.397020e-01 1.130988e-02 2.237557e+02 -1.399596e-01 9.897990e-01 2.663348e-02 -1.362018e+01 -7.473753e-03 -2.795351e-02 9.995813e-01 -6.806175e+00
9.903705e-01 1.380985e-01 9.752661e-03 2.256904e+02 -1.383008e-01 9.900851e-01 2.458068e-02 -1.392784e+01 -6.261410e-03 -2.569278e-02 9.996503e-01 -6.859597e+00
9.905671e-01 1.365017e-01 1.200506e-02 2.276296e+02 -1.367645e-01 9.902929e-01 2.480865e-02 -1.419475e+01 -8.502101e-03 -2.621649e-02 9.996201e-01 -6.956420e+00
9.907054e-01 1.355948e-01 1.081413e-02 2.295627e+02 -1.358193e-01 9.904478e-01 2.379935e-02 -1.448600e+01 -7.483761e-03 -2.504691e-02 9.996583e-01 -7.017911e+00
9.908951e-01 1.342789e-01 9.803348e-03 2.314962e+02 -1.344689e-01 9.906656e-01 2.235268e-02 -1.475182e+01 -6.710347e-03 -2.346741e-02 9.997021e-01 -7.098972e+00
9.910125e-01 1.334570e-01 9.141218e-03 2.334550e+02 -1.336342e-01 9.907694e-01 2.275825e-02 -1.504624e+01 -6.019592e-03 -2.377529e-02 9.996992e-01 -7.170928e+00
9.911864e-01 1.322646e-01 7.456767e-03 2.354065e+02 -1.324091e-01 9.908954e-01 2.437447e-02 -1.532340e+01 -4.164998e-03 -2.514699e-02 9.996751e-01 -7.247507e+00
9.914007e-01 1.306543e-01 7.355051e-03 2.373703e+02 -1.307894e-01 9.911517e-01 2.263857e-02 -1.560375e+01 -4.332145e-03 -2.340586e-02 9.997166e-01 -7.284540e+00
9.915421e-01 1.295063e-01 8.504643e-03 2.393408e+02 -1.296763e-01 9.912651e-01 2.403380e-02 -1.587473e+01 -5.317828e-03 -2.493337e-02 9.996750e-01 -7.385087e+00
9.917361e-01 1.279426e-01 9.499202e-03 2.413048e+02 -1.281535e-01 9.913986e-01 2.656520e-02 -1.614880e+01 -6.018674e-03 -2.756302e-02 9.996020e-01 -7.455480e+00
9.917756e-01 1.275506e-01 1.058521e-02 2.432989e+02 -1.277868e-01 9.914637e-01 2.589305e-02 -1.642806e+01 -7.192177e-03 -2.703275e-02 9.996087e-01 -7.536697e+00
9.919738e-01 1.260529e-01 9.929528e-03 2.452666e+02 -1.262450e-01 9.917563e-01 2.194792e-02 -1.671383e+01 -7.081072e-03 -2.302531e-02 9.997098e-01 -7.602857e+00
9.921076e-01 1.248304e-01 1.182931e-02 2.472476e+02 -1.250771e-01 9.918778e-01 2.311195e-02 -1.696722e+01 -8.848152e-03 -2.440912e-02 9.996629e-01 -7.726220e+00
9.922465e-01 1.240874e-01 7.017230e-03 2.492488e+02 -1.242165e-01 9.919955e-01 2.269673e-02 -1.724360e+01 -4.144683e-03 -2.339240e-02 9.997178e-01 -7.779922e+00
9.923217e-01 1.233771e-01 8.701029e-03 2.512417e+02 -1.235502e-01 9.920617e-01 2.343257e-02 -1.752731e+01 -5.740915e-03 -2.432766e-02 9.996876e-01 -7.837842e+00
9.924995e-01 1.221193e-01 5.626818e-03 2.532516e+02 -1.222185e-01 9.922270e-01 2.341981e-02 -1.778887e+01 -2.723070e-03 -2.393186e-02 9.997099e-01 -7.919554e+00
9.926947e-01 1.204780e-01 6.497465e-03 2.552609e+02 -1.205907e-01 9.924735e-01 2.131125e-02 -1.803699e+01 -3.881025e-03 -2.193910e-02 9.997517e-01 -7.990740e+00
9.928183e-01 1.195588e-01 4.182857e-03 2.572729e+02 -1.196223e-01 9.925756e-01 2.200548e-02 -1.830243e+01 -1.520853e-03 -2.234781e-02 9.997491e-01 -8.082293e+00
9.929131e-01 1.187026e-01 5.775793e-03 2.592990e+02 -1.187981e-01 9.927011e-01 2.077780e-02 -1.856291e+01 -3.267258e-03 -2.131670e-02 9.997674e-01 -8.123308e+00
9.930781e-01 1.173987e-01 3.664927e-03 2.613140e+02 -1.174530e-01 9.927886e-01 2.399275e-02 -1.881921e+01 -8.217813e-04 -2.425713e-02 9.997054e-01 -8.234015e+00
9.931660e-01 1.166657e-01 3.214540e-03 2.633586e+02 -1.167092e-01 9.928840e-01 2.366533e-02 -1.907446e+01 -4.307328e-04 -2.387877e-02 9.997148e-01 -8.281759e+00
9.932440e-01 1.160314e-01 1.769396e-03 2.653868e+02 -1.160404e-01 9.929556e-01 2.395213e-02 -1.933910e+01 1.022268e-03 -2.399563e-02 9.997115e-01 -8.389754e+00
9.932741e-01 1.157727e-01 1.787654e-03 2.674399e+02 -1.157836e-01 9.930212e-01 2.242555e-02 -1.959801e+01 8.210888e-04 -2.248170e-02 9.997469e-01 -8.441349e+00
9.932483e-01 1.158733e-01 5.591588e-03 2.694853e+02 -1.159800e-01 9.929141e-01 2.589407e-02 -1.986072e+01 -2.551535e-03 -2.636775e-02 9.996490e-01 -8.523828e+00
9.933406e-01 1.151966e-01 2.070844e-03 2.715366e+02 -1.152031e-01 9.928164e-01 3.230597e-02 -2.011582e+01 1.665569e-03 -3.232940e-02 9.994759e-01 -8.624197e+00
9.933097e-01 1.154786e-01 6.405287e-04 2.735908e+02 -1.154310e-01 9.927075e-01 3.475278e-02 -2.036189e+01 3.377347e-03 -3.459421e-02 9.993957e-01 -8.740195e+00
9.933617e-01 1.149793e-01 -3.522740e-03 2.756368e+02 -1.148155e-01 9.928993e-01 3.111821e-02 -2.062310e+01 7.075678e-03 -3.050717e-02 9.995095e-01 -8.843235e+00
9.933934e-01 1.147576e-01 4.726201e-04 2.777326e+02 -1.147327e-01 9.930739e-01 2.531073e-02 -2.089044e+01 2.435251e-03 -2.519774e-02 9.996795e-01 -8.899719e+00
9.934591e-01 1.141446e-01 3.163873e-03 2.798054e+02 -1.141881e-01 9.931408e-01 2.514755e-02 -2.113995e+01 -2.717143e-04 -2.534434e-02 9.996787e-01 -9.024820e+00
9.935657e-01 1.131706e-01 4.428834e-03 2.818779e+02 -1.132440e-01 9.932870e-01 2.359171e-02 -2.139584e+01 -1.729217e-03 -2.394145e-02 9.997119e-01 -9.074281e+00
9.935619e-01 1.131949e-01 4.648501e-03 2.839609e+02 -1.132788e-01 9.932094e-01 2.652052e-02 -2.164949e+01 -1.614947e-03 -2.687635e-02 9.996375e-01 -9.157540e+00
9.935746e-01 1.131794e-01 2.359175e-04 2.860547e+02 -1.131500e-01 9.932644e-01 2.496053e-02 -2.190874e+01 2.590689e-03 -2.482684e-02 9.996884e-01 -9.253613e+00
9.935845e-01 1.130683e-01 2.329625e-03 2.881537e+02 -1.130920e-01 9.933220e-01 2.283428e-02 -2.216889e+01 2.677654e-04 -2.295125e-02 9.997365e-01 -9.330129e+00
9.936568e-01 1.124387e-01 1.899736e-03 2.902535e+02 -1.124529e-01 9.934003e-01 2.258563e-02 -2.242461e+01 6.523016e-04 -2.265600e-02 9.997431e-01 -9.390701e+00
9.936604e-01 1.122441e-01 6.349003e-03 2.923336e+02 -1.123714e-01 9.933345e-01 2.567405e-02 -2.268926e+01 -3.424922e-03 -2.622473e-02 9.996502e-01 -9.481133e+00
9.937871e-01 1.111864e-01 4.974432e-03 2.944297e+02 -1.112756e-01 9.934860e-01 2.456456e-02 -2.293836e+01 -2.210784e-03 -2.496547e-02 9.996859e-01 -9.541651e+00
9.936951e-01 1.116961e-01 9.693131e-03 2.965413e+02 -1.119228e-01 9.933414e-01 2.731284e-02 -2.320633e+01 -6.577851e-03 -2.822552e-02 9.995800e-01 -9.648949e+00
9.937440e-01 1.114678e-01 6.920842e-03 2.986749e+02 -1.116081e-01 9.934340e-01 2.514636e-02 -2.346603e+01 -4.072393e-03 -2.576146e-02 9.996598e-01 -9.730149e+00
9.937441e-01 1.112667e-01 9.607894e-03 3.008148e+02 -1.114592e-01 9.935124e-01 2.258392e-02 -2.372552e+01 -7.032722e-03 -2.351353e-02 9.996988e-01 -9.827489e+00
9.937407e-01 1.113120e-01 9.433394e-03 3.029328e+02 -1.115098e-01 9.934736e-01 2.399072e-02 -2.398397e+01 -6.701374e-03 -2.489247e-02 9.996676e-01 -9.907269e+00
9.937199e-01 1.115862e-01 8.323563e-03 3.050449e+02 -1.117568e-01 9.934443e-01 2.405372e-02 -2.424792e+01 -5.584933e-03 -2.483288e-02 9.996760e-01 -1.000174e+01
9.937382e-01 1.114450e-01 8.026927e-03 3.071990e+02 -1.116071e-01 9.934666e-01 2.382593e-02 -2.450670e+01 -5.319202e-03 -2.457260e-02 9.996839e-01 -1.008472e+01
9.937668e-01 1.111902e-01 8.017552e-03 3.093342e+02 -1.113546e-01 9.934837e-01 2.430293e-02 -2.475456e+01 -5.263058e-03 -2.504423e-02 9.996725e-01 -1.017509e+01
9.937497e-01 1.114694e-01 6.005662e-03 3.114603e+02 -1.115836e-01 9.934572e-01 2.432825e-02 -2.502111e+01 -3.254514e-03 -2.484633e-02 9.996860e-01 -1.025096e+01
9.937240e-01 1.117454e-01 5.043958e-03 3.136081e+02 -1.118350e-01 9.934363e-01 2.401947e-02 -2.528034e+01 -2.326787e-03 -2.443282e-02 9.996988e-01 -1.033779e+01
9.938188e-01 1.109904e-01 2.302598e-03 3.157442e+02 -1.110134e-01 9.935138e-01 2.462108e-02 -2.553776e+01 4.450408e-04 -2.472451e-02 9.996942e-01 -1.042603e+01
9.937470e-01 1.115454e-01 4.948635e-03 3.178802e+02 -1.116329e-01 9.934574e-01 2.408824e-02 -2.579748e+01 -2.229326e-03 -2.449004e-02 9.996976e-01 -1.049504e+01
9.937684e-01 1.114047e-01 3.652912e-03 3.200135e+02 -1.114622e-01 9.934264e-01 2.607238e-02 -2.605400e+01 -7.243153e-04 -2.631707e-02 9.996534e-01 -1.061088e+01
9.936781e-01 1.121922e-01 4.092190e-03 3.221682e+02 -1.122621e-01 9.933082e-01 2.712785e-02 -2.631144e+01 -1.021273e-03 -2.741575e-02 9.996236e-01 -1.069372e+01
9.935290e-01 1.135533e-01 2.385882e-03 3.242992e+02 -1.135767e-01 9.931841e-01 2.618089e-02 -2.657051e+01 6.033051e-04 -2.628246e-02 9.996544e-01 -1.078379e+01
9.932885e-01 1.156458e-01 2.038396e-03 3.264445e+02 -1.156596e-01 9.929494e-01 2.596870e-02 -2.683811e+01 9.791465e-04 -2.603018e-02 9.996607e-01 -1.088979e+01
9.930764e-01 1.174615e-01 -1.387788e-03 3.285756e+02 -1.173896e-01 9.927663e-01 2.519148e-02 -2.710067e+01 4.336778e-03 -2.485416e-02 9.996817e-01 -1.097069e+01
9.928496e-01 1.193701e-01 -6.313546e-04 3.307131e+02 -1.193142e-01 9.925209e-01 2.581256e-02 -2.737688e+01 3.707881e-03 -2.555266e-02 9.996666e-01 -1.107407e+01
9.926659e-01 1.208829e-01 -1.348622e-03 3.328347e+02 -1.208018e-01 9.923036e-01 2.721033e-02 -2.765112e+01 4.627505e-03 -2.684784e-02 9.996288e-01 -1.115066e+01
9.923468e-01 1.234612e-01 2.280634e-03 3.349712e+02 -1.234791e-01 9.920188e-01 2.552736e-02 -2.793855e+01 8.892073e-04 -2.561361e-02 9.996715e-01 -1.126609e+01
9.921834e-01 1.247862e-01 7.073720e-04 3.370868e+02 -1.247607e-01 9.918292e-01 2.664118e-02 -2.822715e+01 2.622859e-03 -2.652119e-02 9.996448e-01 -1.137435e+01
9.919793e-01 1.263993e-01 5.623454e-04 3.392296e+02 -1.263702e-01 9.916338e-01 2.633082e-02 -2.851733e+01 2.770557e-03 -2.619070e-02 9.996531e-01 -1.143894e+01
9.917485e-01 1.280446e-01 -6.290605e-03 3.413186e+02 -1.278716e-01 9.915286e-01 2.279698e-02 -2.879049e+01 9.156344e-03 -2.180448e-02 9.997203e-01 -1.155524e+01
9.915166e-01 1.298922e-01 -4.773714e-03 3.434503e+02 -1.297664e-01 9.913242e-01 2.089660e-02 -2.909049e+01 7.446603e-03 -2.009985e-02 9.997702e-01 -1.162754e+01
9.913512e-01 1.310164e-01 -7.581671e-03 3.455695e+02 -1.307680e-01 9.910415e-01 2.713077e-02 -2.938412e+01 1.106833e-02 -2.590468e-02 9.996032e-01 -1.170771e+01
9.911886e-01 1.323879e-01 -4.312737e-03 3.476936e+02 -1.322507e-01 9.909332e-01 2.369205e-02 -2.968609e+01 7.410174e-03 -2.291293e-02 9.997100e-01 -1.178505e+01
9.910374e-01 1.335230e-01 -4.064762e-03 3.498047e+02 -1.333649e-01 9.906926e-01 2.723361e-02 -2.999751e+01 7.663244e-03 -2.644743e-02 9.996209e-01 -1.189538e+01
9.910195e-01 1.336854e-01 -2.930250e-03 3.518987e+02 -1.335839e-01 9.907711e-01 2.298026e-02 -3.030071e+01 5.975331e-03 -2.238245e-02 9.997316e-01 -1.195776e+01
9.909772e-01 1.340300e-01 -2.456389e-04 3.540195e+02 -1.339804e-01 9.906571e-01 2.545149e-02 -3.060593e+01 3.654608e-03 -2.518894e-02 9.996760e-01 -1.207338e+01
9.910715e-01 1.333263e-01 1.170344e-03 3.561350e+02 -1.333164e-01 9.907899e-01 2.370866e-02 -3.092644e+01 2.001423e-03 -2.365300e-02 9.997182e-01 -1.213994e+01
9.912260e-01 1.320783e-01 5.135494e-03 3.582200e+02 -1.321681e-01 9.908810e-01 2.619872e-02 -3.122748e+01 -1.628380e-03 -2.664760e-02 9.996436e-01 -1.225218e+01
9.913151e-01 1.314609e-01 3.540287e-03 3.603239e+02 -1.315085e-01 9.909562e-01 2.666630e-02 -3.153047e+01 -2.694083e-06 -2.690028e-02 9.996381e-01 -1.232769e+01
9.914452e-01 1.303775e-01 6.166787e-03 3.624615e+02 -1.304930e-01 9.911261e-01 2.531372e-02 -3.183201e+01 -2.811723e-03 -2.590189e-02 9.996606e-01 -1.243217e+01
9.914957e-01 1.298881e-01 8.084141e-03 3.645425e+02 -1.300431e-01 9.912380e-01 2.315180e-02 -3.213246e+01 -5.006165e-03 -2.400619e-02 9.996993e-01 -1.252265e+01
9.916157e-01 1.285489e-01 1.317062e-02 3.666455e+02 -1.288408e-01 9.913644e-01 2.442789e-02 -3.242081e+01 -9.916708e-03 -2.592000e-02 9.996148e-01 -1.259426e+01
9.917372e-01 1.277531e-01 1.168077e-02 3.687533e+02 -1.280323e-01 9.913881e-01 2.752185e-02 -3.271948e+01 -8.064176e-03 -2.878996e-02 9.995530e-01 -1.270545e+01
9.917932e-01 1.272335e-01 1.256773e-02 3.708343e+02 -1.275301e-01 9.914777e-01 2.660214e-02 -3.300307e+01 -9.075942e-03 -2.798659e-02 9.995671e-01 -1.279633e+01
9.918433e-01 1.270410e-01 1.036165e-02 3.729455e+02 -1.272743e-01 9.915181e-01 2.632636e-02 -3.329522e+01 -6.929241e-03 -2.743040e-02 9.995997e-01 -1.288670e+01
9.918754e-01 1.267321e-01 1.104935e-02 3.750345e+02 -1.269749e-01 9.915886e-01 2.508378e-02 -3.358469e+01 -7.777490e-03 -2.628298e-02 9.996243e-01 -1.298551e+01
9.919586e-01 1.262734e-01 8.559060e-03 3.771321e+02 -1.264658e-01 9.915788e-01 2.789359e-02 -3.387319e+01 -4.964762e-03 -2.875172e-02 9.995742e-01 -1.308588e+01
9.918345e-01 1.273908e-01 5.995138e-03 3.791965e+02 -1.275072e-01 9.914693e-01 2.702902e-02 -3.415392e+01 -2.500749e-03 -2.757273e-02 9.996167e-01 -1.318045e+01
9.916734e-01 1.287577e-01 2.314731e-03 3.812870e+02 -1.287725e-01 9.912924e-01 2.751557e-02 -3.443194e+01 1.248266e-03 -2.758454e-02 9.996187e-01 -1.327673e+01
9.914412e-01 1.305528e-01 -5.309670e-04 3.833580e+02 -1.304902e-01 9.910767e-01 2.718690e-02 -3.472010e+01 4.075555e-03 -2.688492e-02 9.996302e-01 -1.336593e+01
9.912833e-01 1.316838e-01 -4.100502e-03 3.854493e+02 -1.315304e-01 9.909559e-01 2.657335e-02 -3.501179e+01 7.562695e-03 -2.580238e-02 9.996384e-01 -1.346475e+01
9.911554e-01 1.326752e-01 -2.887082e-03 3.875250e+02 -1.325675e-01 9.908782e-01 2.421198e-02 -3.530710e+01 6.073075e-03 -2.361510e-02 9.997027e-01 -1.354904e+01
9.910536e-01 1.334458e-01 -2.211537e-03 3.895512e+02 -1.333368e-01 9.906958e-01 2.725395e-02 -3.559806e+01 5.827885e-03 -2.671525e-02 9.996261e-01 -1.364275e+01
9.908330e-01 1.350914e-01 5.956091e-04 3.916470e+02 -1.350566e-01 9.904569e-01 2.747614e-02 -3.590848e+01 3.121865e-03 -2.730471e-02 9.996223e-01 -1.373167e+01
9.907994e-01 1.353067e-01 2.926863e-03 3.936921e+02 -1.353343e-01 9.903702e-01 2.918017e-02 -3.620861e+01 1.049596e-03 -2.930781e-02 9.995699e-01 -1.382878e+01
9.906896e-01 1.360641e-01 4.545976e-03 3.957516e+02 -1.361389e-01 9.902595e-01 2.919730e-02 -3.651564e+01 -5.289933e-04 -2.954435e-02 9.995633e-01 -1.393314e+01
9.906039e-01 1.366346e-01 5.912338e-03 3.978149e+02 -1.367503e-01 9.901654e-01 2.952763e-02 -3.681424e+01 -1.819698e-03 -3.005870e-02 9.995465e-01 -1.403445e+01
9.904489e-01 1.377121e-01 6.811345e-03 3.998718e+02 -1.378479e-01 9.900790e-01 2.722544e-02 -3.712117e+01 -2.994499e-03 -2.790434e-02 9.996061e-01 -1.412957e+01
9.903234e-01 1.384343e-01 9.769630e-03 4.019138e+02 -1.386479e-01 9.899908e-01 2.636501e-02 -3.743018e+01 -6.022021e-03 -2.746442e-02 9.996046e-01 -1.422696e+01
9.902506e-01 1.389620e-01 9.652948e-03 4.039370e+02 -1.391755e-01 9.899020e-01 2.691338e-02 -3.773309e+01 -5.815533e-03 -2.799445e-02 9.995912e-01 -1.431483e+01
9.901347e-01 1.397461e-01 1.021052e-02 4.059764e+02 -1.399722e-01 9.898008e-01 2.649672e-02 -3.804078e+01 -6.403568e-03 -2.766451e-02 9.995968e-01 -1.440604e+01
9.900522e-01 1.403972e-01 9.233628e-03 4.080079e+02 -1.406078e-01 9.896491e-01 2.871207e-02 -3.834475e+01 -5.106957e-03 -2.972477e-02 9.995451e-01 -1.449943e+01
9.899212e-01 1.412869e-01 9.703671e-03 4.100450e+02 -1.415036e-01 9.895592e-01 2.737550e-02 -3.865536e+01 -5.734555e-03 -2.847269e-02 9.995781e-01 -1.459824e+01
9.898675e-01 1.416123e-01 1.040505e-02 4.120696e+02 -1.418480e-01 9.895133e-01 2.724980e-02 -3.896314e+01 -6.437025e-03 -2.844963e-02 9.995745e-01 -1.469604e+01
9.897248e-01 1.426518e-01 9.767855e-03 4.140875e+02 -1.428638e-01 9.893918e-01 2.634323e-02 -3.927550e+01 -5.906327e-03 -2.746801e-02 9.996052e-01 -1.477912e+01
9.896069e-01 1.433985e-01 1.073173e-02 4.161075e+02 -1.436436e-01 9.892511e-01 2.736248e-02 -3.959108e+01 -6.692636e-03 -2.861964e-02 9.995680e-01 -1.488577e+01
9.895380e-01 1.439204e-01 1.007426e-02 4.180974e+02 -1.441564e-01 9.891293e-01 2.901705e-02 -3.989537e+01 -5.788604e-03 -3.016574e-02 9.995282e-01 -1.496882e+01
9.894146e-01 1.447005e-01 1.097319e-02 4.200786e+02 -1.449571e-01 9.890392e-01 2.808740e-02 -4.020873e+01 -6.788656e-03 -2.938073e-02 9.995452e-01 -1.507940e+01
9.893702e-01 1.449163e-01 1.207430e-02 4.220840e+02 -1.451914e-01 9.890524e-01 2.635704e-02 -4.052502e+01 -8.122547e-03 -2.782996e-02 9.995797e-01 -1.516925e+01
9.891845e-01 1.454942e-01 1.858524e-02 4.240535e+02 -1.459127e-01 9.890163e-01 2.358928e-02 -4.083976e+01 -1.494900e-02 -2.604597e-02 9.995490e-01 -1.525553e+01
9.890061e-01 1.461168e-01 2.273475e-02 4.260151e+02 -1.466144e-01 9.889488e-01 2.201543e-02 -4.115429e+01 -1.926667e-02 -2.510663e-02 9.994991e-01 -1.534205e+01
9.888466e-01 1.463599e-01 2.758895e-02 4.279742e+02 -1.470262e-01 9.888439e-01 2.389653e-02 -4.147483e+01 -2.378367e-02 -2.768630e-02 9.993337e-01 -1.542337e+01
9.886527e-01 1.474609e-01 2.865426e-02 4.299066e+02 -1.481845e-01 9.886434e-01 2.501429e-02 -4.177974e+01 -2.464021e-02 -2.897656e-02 9.992763e-01 -1.551043e+01
9.885351e-01 1.483278e-01 2.823404e-02 4.318209e+02 -1.490661e-01 9.884820e-01 2.612603e-02 -4.209782e+01 -2.403363e-02 -3.003523e-02 9.992599e-01 -1.559522e+01
9.883682e-01 1.498193e-01 2.612652e-02 4.337429e+02 -1.505336e-01 9.882103e-01 2.792655e-02 -4.240456e+01 -2.163456e-02 -3.153463e-02 9.992685e-01 -1.569414e+01
9.883242e-01 1.505832e-01 2.323607e-02 4.356542e+02 -1.511781e-01 9.881539e-01 2.640541e-02 -4.270504e+01 -1.898460e-02 -2.960989e-02 9.993812e-01 -1.579271e+01
9.883209e-01 1.507213e-01 2.247093e-02 4.375420e+02 -1.512221e-01 9.882426e-01 2.255057e-02 -4.301339e+01 -1.880788e-02 -2.568530e-02 9.994931e-01 -1.587407e+01
9.882267e-01 1.513607e-01 2.231689e-02 4.394318e+02 -1.518793e-01 9.881141e-01 2.372704e-02 -4.332931e+01 -1.846030e-02 -2.683717e-02 9.994693e-01 -1.596272e+01
9.881148e-01 1.520415e-01 2.264070e-02 4.412793e+02 -1.525795e-01 9.879923e-01 2.430105e-02 -4.363519e+01 -1.867407e-02 -2.746673e-02 9.994483e-01 -1.604396e+01
9.880292e-01 1.526342e-01 2.238326e-02 4.431419e+02 -1.531903e-01 9.878629e-01 2.568236e-02 -4.393990e+01 -1.819159e-02 -2.880383e-02 9.994195e-01 -1.612119e+01
9.880095e-01 1.530808e-01 2.009077e-02 4.449788e+02 -1.535709e-01 9.878043e-01 2.566690e-02 -4.424746e+01 -1.591663e-02 -2.844450e-02 9.994686e-01 -1.621898e+01
9.879351e-01 1.537171e-01 1.885183e-02 4.468034e+02 -1.541720e-01 9.877104e-01 2.567381e-02 -4.454094e+01 -1.467365e-02 -2.827048e-02 9.994926e-01 -1.628955e+01
9.877713e-01 1.548378e-01 1.825099e-02 4.486029e+02 -1.552741e-01 9.875404e-01 2.557798e-02 -4.484587e+01 -1.406315e-02 -2.809910e-02 9.995062e-01 -1.637493e+01
9.875109e-01 1.563631e-01 1.931095e-02 4.504030e+02 -1.568391e-01 9.872754e-01 2.624905e-02 -4.515781e+01 -1.496085e-02 -2.894993e-02 9.994689e-01 -1.645757e+01
9.873286e-01 1.571883e-01 2.176962e-02 4.522173e+02 -1.577352e-01 9.871335e-01 2.620771e-02 -4.545854e+01 -1.736998e-02 -2.930946e-02 9.994195e-01 -1.653620e+01
9.870908e-01 1.579250e-01 2.667514e-02 4.540023e+02 -1.585684e-01 9.870559e-01 2.401533e-02 -4.577178e+01 -2.253723e-02 -2.793515e-02 9.993556e-01 -1.661105e+01
9.868361e-01 1.584604e-01 3.232463e-02 4.557716e+02 -1.593236e-01 9.868804e-01 2.613343e-02 -4.607986e+01 -2.775943e-02 -3.093948e-02 9.991357e-01 -1.669707e+01
9.865658e-01 1.591303e-01 3.695116e-02 4.575090e+02 -1.602869e-01 9.865906e-01 3.077266e-02 -4.638207e+01 -3.155881e-02 -3.628204e-02 9.988431e-01 -1.678128e+01
9.863343e-01 1.600171e-01 3.923263e-02 4.592536e+02 -1.614098e-01 9.862546e-01 3.534031e-02 -4.669485e+01 -3.303830e-02 -4.118988e-02 9.986050e-01 -1.688586e+01
9.861913e-01 1.605562e-01 4.060105e-02 4.609937e+02 -1.619039e-01 9.862744e-01 3.240604e-02 -4.700443e+01 -3.484078e-02 -3.853202e-02 9.986498e-01 -1.697834e+01
9.859762e-01 1.619717e-01 4.020166e-02 4.627146e+02 -1.632154e-01 9.861388e-01 2.984539e-02 -4.731612e+01 -3.481031e-02 -3.598837e-02 9.987457e-01 -1.708301e+01
9.857532e-01 1.640310e-01 3.720890e-02 4.644158e+02 -1.651818e-01 9.857980e-01 3.029118e-02 -4.761831e+01 -3.171176e-02 -3.600586e-02 9.988483e-01 -1.717467e+01
9.856713e-01 1.653356e-01 3.340799e-02 4.660984e+02 -1.664409e-01 9.854802e-01 3.355708e-02 -4.790835e+01 -2.737474e-02 -3.863670e-02 9.988783e-01 -1.727237e+01
9.856199e-01 1.663972e-01 2.941815e-02 4.677870e+02 -1.672929e-01 9.854141e-01 3.117345e-02 -4.820374e+01 -2.380189e-02 -3.564662e-02 9.990810e-01 -1.735800e+01
9.854543e-01 1.680239e-01 2.545080e-02 4.694533e+02 -1.686778e-01 9.853233e-01 2.618776e-02 -4.850052e+01 -2.067709e-02 -3.009983e-02 9.993330e-01 -1.745086e+01
9.853010e-01 1.697086e-01 1.951936e-02 4.711018e+02 -1.701219e-01 9.851789e-01 2.192417e-02 -4.880379e+01 -1.550935e-02 -2.492258e-02 9.995691e-01 -1.752917e+01
9.849783e-01 1.720966e-01 1.415713e-02 4.727282e+02 -1.723696e-01 9.848068e-01 2.108078e-02 -4.910263e+01 -1.031410e-02 -2.320437e-02 9.996775e-01 -1.759943e+01
9.845440e-01 1.748182e-01 1.056787e-02 4.743543e+02 -1.750238e-01 9.842854e-01 2.343453e-02 -4.940194e+01 -6.305017e-03 -2.492195e-02 9.996695e-01 -1.767107e+01
9.840371e-01 1.777044e-01 9.597779e-03 4.759689e+02 -1.778881e-01 9.837577e-01 2.401769e-02 -4.970762e+01 -5.173841e-03 -2.534163e-02 9.996654e-01 -1.772823e+01
9.835762e-01 1.801754e-01 1.070656e-02 4.775685e+02 -1.803812e-01 9.833245e-01 2.314475e-02 -5.001229e+01 -6.357905e-03 -2.469588e-02 9.996748e-01 -1.780261e+01
9.830849e-01 1.828081e-01 1.119561e-02 4.791635e+02 -1.830211e-01 9.828511e-01 2.251416e-02 -5.032123e+01 -6.887851e-03 -2.418236e-02 9.996839e-01 -1.786533e+01
9.824800e-01 1.857724e-01 1.489118e-02 4.807143e+02 -1.860904e-01 9.822400e-01 2.397804e-02 -5.063835e+01 -1.017226e-02 -2.632904e-02 9.996016e-01 -1.795848e+01
9.819008e-01 1.886038e-01 1.730693e-02 4.822838e+02 -1.890031e-01 9.816477e-01 2.540849e-02 -5.095332e+01 -1.219717e-02 -2.821968e-02 9.995273e-01 -1.800617e+01
9.812714e-01 1.914335e-01 2.143895e-02 4.838439e+02 -1.919694e-01 9.810406e-01 2.659129e-02 -5.127576e+01 -1.594202e-02 -3.020889e-02 9.994165e-01 -1.809341e+01
9.805716e-01 1.946417e-01 2.437034e-02 4.853650e+02 -1.952547e-01 9.804088e-01 2.596198e-02 -5.161234e+01 -1.883961e-02 -3.021600e-02 9.993658e-01 -1.816174e+01
9.799227e-01 1.974711e-01 2.750969e-02 4.868990e+02 -1.981435e-01 9.798712e-01 2.432299e-02 -5.193171e+01 -2.215287e-02 -2.928551e-02 9.993256e-01 -1.822362e+01
9.792639e-01 1.999131e-01 3.281637e-02 4.884242e+02 -2.007516e-01 9.793332e-01 2.459909e-02 -5.226836e+01 -2.722049e-02 -3.067694e-02 9.991586e-01 -1.829867e+01
9.785891e-01 2.024876e-01 3.690727e-02 4.899343e+02 -2.034642e-01 9.787650e-01 2.492894e-02 -5.260805e+01 -3.107575e-02 -3.190449e-02 9.990077e-01 -1.835044e+01
9.777963e-01 2.051332e-01 4.283449e-02 4.914496e+02 -2.063282e-01 9.781481e-01 2.559425e-02 -5.294786e+01 -3.664824e-02 -3.386393e-02 9.987543e-01 -1.842636e+01
9.769706e-01 2.079953e-01 4.760800e-02 4.929589e+02 -2.094538e-01 9.774183e-01 2.797476e-02 -5.329203e+01 -4.071431e-02 -3.730219e-02 9.984743e-01 -1.850783e+01
9.762080e-01 2.112554e-01 4.887920e-02 4.944516e+02 -2.128064e-01 9.766637e-01 2.900524e-02 -5.363803e+01 -4.161103e-02 -3.871695e-02 9.983835e-01 -1.855887e+01
9.752257e-01 2.154944e-01 4.997034e-02 4.959398e+02 -2.171886e-01 9.756266e-01 3.133557e-02 -5.399395e+01 -4.199975e-02 -4.141224e-02 9.982590e-01 -1.866119e+01
9.740524e-01 2.202790e-01 5.195234e-02 4.974333e+02 -2.220883e-01 9.745007e-01 3.202269e-02 -5.435033e+01 -4.357366e-02 -4.272978e-02 9.981360e-01 -1.873435e+01
9.727202e-01 2.258220e-01 5.310205e-02 4.989200e+02 -2.277922e-01 9.730991e-01 3.447956e-02 -5.471572e+01 -4.388732e-02 -4.563519e-02 9.979936e-01 -1.880673e+01
9.714230e-01 2.315605e-01 5.212587e-02 5.004054e+02 -2.334783e-01 9.717586e-01 3.424915e-02 -5.508907e+01 -4.272301e-02 -4.544067e-02 9.980531e-01 -1.890479e+01
9.697844e-01 2.380006e-01 5.360851e-02 5.018893e+02 -2.398949e-01 9.702673e-01 3.212360e-02 -5.548491e+01 -4.436915e-02 -4.401337e-02 9.980452e-01 -1.894863e+01
9.683215e-01 2.445875e-01 5.030282e-02 5.033518e+02 -2.463442e-01 9.686460e-01 3.223626e-02 -5.587312e+01 -4.084104e-02 -4.360686e-02 9.982136e-01 -1.904743e+01
9.662783e-01 2.522779e-01 5.159478e-02 5.048162e+02 -2.540677e-01 9.666700e-01 3.160480e-02 -5.626930e+01 -4.190193e-02 -4.364761e-02 9.981679e-01 -1.913735e+01
9.641404e-01 2.605088e-01 5.068045e-02 5.062798e+02 -2.624048e-01 9.643172e-01 3.515988e-02 -5.667186e+01 -3.971257e-02 -4.719785e-02 9.980958e-01 -1.921135e+01
9.620342e-01 2.681247e-01 5.098369e-02 5.077405e+02 -2.698963e-01 9.623684e-01 3.167297e-02 -5.708966e+01 -4.057278e-02 -4.423079e-02 9.981971e-01 -1.927342e+01
9.597367e-01 2.761869e-01 5.124721e-02 5.091808e+02 -2.780134e-01 9.600213e-01 3.267426e-02 -5.753090e+01 -4.017422e-02 -4.560610e-02 9.981514e-01 -1.935946e+01
9.576283e-01 2.836808e-01 4.973270e-02 5.106324e+02 -2.853293e-01 9.579656e-01 2.981823e-02 -5.796777e+01 -3.918336e-02 -4.274498e-02 9.983174e-01 -1.941957e+01
9.553704e-01 2.908042e-01 5.196370e-02 5.120676e+02 -2.926446e-01 9.556828e-01 3.208820e-02 -5.842315e+01 -4.032943e-02 -4.586301e-02 9.981333e-01 -1.950551e+01
9.534229e-01 2.973669e-01 5.057365e-02 5.134966e+02 -2.991543e-01 9.536572e-01 3.231904e-02 -5.888517e+01 -3.861931e-02 -4.594304e-02 9.981973e-01 -1.955584e+01
9.512807e-01 3.034333e-01 5.471046e-02 5.149243e+02 -3.054056e-01 9.516824e-01 3.206564e-02 -5.936602e+01 -4.233720e-02 -4.721231e-02 9.979873e-01 -1.966006e+01
9.495810e-01 3.088723e-01 5.379426e-02 5.163484e+02 -3.108234e-01 9.499100e-01 3.255082e-02 -5.984843e+01 -4.104567e-02 -4.763015e-02 9.980214e-01 -1.971399e+01
9.477316e-01 3.142064e-01 5.549112e-02 5.177457e+02 -3.162399e-01 9.481215e-01 3.252043e-02 -6.032578e+01 -4.239421e-02 -4.836914e-02 9.979295e-01 -1.980680e+01
9.459263e-01 3.198335e-01 5.412878e-02 5.191551e+02 -3.219173e-01 9.461080e-01 3.534208e-02 -6.083395e+01 -3.990809e-02 -5.085599e-02 9.979083e-01 -1.990921e+01
9.440616e-01 3.256427e-01 5.200520e-02 5.205577e+02 -3.276761e-01 9.440712e-01 3.685329e-02 -6.131483e+01 -3.709560e-02 -5.183264e-02 9.979666e-01 -1.995161e+01
9.419854e-01 3.315511e-01 5.231964e-02 5.219396e+02 -3.335733e-01 9.420323e-01 3.611046e-02 -6.181074e+01 -3.731433e-02 -5.146796e-02 9.979773e-01 -2.004617e+01
9.397292e-01 3.379886e-01 5.169800e-02 5.233486e+02 -3.399172e-01 9.398247e-01 3.443427e-02 -6.233919e+01 -3.694867e-02 -4.993193e-02 9.980689e-01 -2.010772e+01
9.373176e-01 3.442018e-01 5.441377e-02 5.246978e+02 -3.462498e-01 9.375277e-01 3.395020e-02 -6.283216e+01 -3.932871e-02 -5.066288e-02 9.979411e-01 -2.020396e+01
9.345407e-01 3.515545e-01 5.516388e-02 5.260876e+02 -3.537103e-01 9.346746e-01 3.566832e-02 -6.338144e+01 -3.902092e-02 -5.284553e-02 9.978400e-01 -2.027557e+01
9.313092e-01 3.593868e-01 5.919718e-02 5.274496e+02 -3.618175e-01 9.315145e-01 3.699422e-02 -6.392879e+01 -4.184781e-02 -5.587163e-02 9.975606e-01 -2.034267e+01
9.283822e-01 3.668343e-01 5.949081e-02 5.288000e+02 -3.694052e-01 9.284093e-01 3.995184e-02 -6.449416e+01 -4.057611e-02 -5.906679e-02 9.974290e-01 -2.043848e+01
9.251271e-01 3.744917e-01 6.241594e-02 5.301621e+02 -3.772023e-01 9.253047e-01 3.911089e-02 -6.505466e+01 -4.310706e-02 -5.972598e-02 9.972836e-01 -2.050799e+01
9.220935e-01 3.818525e-01 6.270820e-02 5.314995e+02 -3.846941e-01 9.220996e-01 4.174707e-02 -6.563835e+01 -4.188198e-02 -6.261817e-02 9.971584e-01 -2.061733e+01
9.189317e-01 3.892879e-01 6.340019e-02 5.328474e+02 -3.920844e-01 9.190741e-01 3.965902e-02 -6.622530e+01 -4.283069e-02 -6.130215e-02 9.971999e-01 -2.067626e+01
9.157227e-01 3.967500e-01 6.357203e-02 5.341879e+02 -3.995741e-01 9.158262e-01 4.003310e-02 -6.682143e+01 -4.233781e-02 -6.206096e-02 9.971740e-01 -2.078559e+01
9.126999e-01 4.039431e-01 6.171636e-02 5.355284e+02 -4.065164e-01 9.129057e-01 3.671025e-02 -6.741165e+01 -4.151236e-02 -5.859416e-02 9.974184e-01 -2.085174e+01
9.093948e-01 4.112765e-01 6.207094e-02 5.368464e+02 -4.139173e-01 9.095292e-01 3.779911e-02 -6.803381e+01 -4.090946e-02 -6.006655e-02 9.973557e-01 -2.095410e+01
9.061714e-01 4.186426e-01 5.993172e-02 5.381584e+02 -4.211518e-01 9.062066e-01 3.769386e-02 -6.866058e+01 -3.853027e-02 -5.939744e-02 9.974905e-01 -2.101263e+01
9.026194e-01 4.259901e-01 6.172998e-02 5.394733e+02 -4.287214e-01 9.025241e-01 4.059467e-02 -6.929647e+01 -3.841988e-02 -6.310651e-02 9.972670e-01 -2.110629e+01
8.994434e-01 4.331270e-01 5.833199e-02 5.407852e+02 -4.356404e-01 8.992094e-01 4.049343e-02 -6.994204e+01 -3.491389e-02 -6.183333e-02 9.974756e-01 -2.118366e+01
8.959664e-01 4.403402e-01 5.783409e-02 5.420811e+02 -4.428418e-01 8.956567e-01 4.111422e-02 -7.059846e+01 -3.369524e-02 -6.244831e-02 9.974793e-01 -2.127965e+01
8.927965e-01 4.472927e-01 5.332598e-02 5.433832e+02 -4.494173e-01 8.925170e-01 3.791545e-02 -7.126278e+01 -3.063504e-02 -5.781639e-02 9.978571e-01 -2.134897e+01
8.890620e-01 4.545216e-01 5.457777e-02 5.446683e+02 -4.565981e-01 8.890147e-01 3.421809e-02 -7.193555e+01 -3.296758e-02 -5.534211e-02 9.979230e-01 -2.143172e+01
8.859556e-01 4.610050e-01 5.056794e-02 5.459523e+02 -4.628518e-01 8.857876e-01 3.388863e-02 -7.262619e+01 -2.916963e-02 -5.342928e-02 9.981455e-01 -2.151192e+01
8.830529e-01 4.663600e-01 5.220922e-02 5.472432e+02 -4.684746e-01 8.825655e-01 4.011989e-02 -7.331751e+01 -2.736775e-02 -5.988668e-02 9.978299e-01 -2.161725e+01
8.809093e-01 4.710862e-01 4.557008e-02 5.485012e+02 -4.729619e-01 8.797753e-01 4.798103e-02 -7.400972e+01 -1.748823e-02 -6.381984e-02 9.978082e-01 -2.168980e+01
8.785720e-01 4.757557e-01 4.204522e-02 5.497675e+02 -4.773783e-01 8.774782e-01 4.628435e-02 -7.469888e+01 -1.487371e-02 -6.073561e-02 9.980431e-01 -2.178013e+01
8.766871e-01 4.798345e-01 3.433010e-02 5.510238e+02 -4.809294e-01 8.758819e-01 3.921589e-02 -7.541003e+01 -1.125197e-02 -5.089042e-02 9.986408e-01 -2.185307e+01
8.746883e-01 4.834294e-01 3.487581e-02 5.523093e+02 -4.844819e-01 8.741411e-01 3.398359e-02 -7.612080e+01 -1.405771e-02 -4.662175e-02 9.988137e-01 -2.193585e+01
8.728068e-01 4.868857e-01 3.392190e-02 5.535641e+02 -4.878692e-01 8.723183e-01 3.231789e-02 -7.684402e+01 -1.385557e-02 -4.475673e-02 9.989018e-01 -2.201246e+01
8.708071e-01 4.899352e-01 4.072358e-02 5.548209e+02 -4.912432e-01 8.704040e-01 3.281991e-02 -7.758141e+01 -1.936634e-02 -4.858499e-02 9.986313e-01 -2.206972e+01
8.687937e-01 4.931178e-01 4.508138e-02 5.560729e+02 -4.947668e-01 8.681661e-01 3.864531e-02 -7.831520e+01 -2.008143e-02 -5.587957e-02 9.982355e-01 -2.215005e+01
8.668324e-01 4.962454e-01 4.839439e-02 5.573099e+02 -4.981656e-01 8.660375e-01 4.254429e-02 -7.903869e+01 -2.079895e-02 -6.098719e-02 9.979218e-01 -2.223457e+01
8.649699e-01 4.997530e-01 4.554070e-02 5.585730e+02 -5.015647e-01 8.638715e-01 4.646283e-02 -7.978076e+01 -1.612137e-02 -6.303056e-02 9.978814e-01 -2.231722e+01
8.631433e-01 5.031799e-01 4.235169e-02 5.598165e+02 -5.047452e-01 8.621783e-01 4.336659e-02 -8.052693e+01 -1.469352e-02 -5.880840e-02 9.981611e-01 -2.239847e+01
8.620435e-01 5.049464e-01 4.370596e-02 5.610691e+02 -5.066057e-01 8.610345e-01 4.438791e-02 -8.127074e+01 -1.521883e-02 -6.040600e-02 9.980578e-01 -2.249008e+01
8.622390e-01 5.045655e-01 4.424316e-02 5.623098e+02 -5.062466e-01 8.612822e-01 4.367338e-02 -8.202547e+01 -1.606976e-02 -6.005485e-02 9.980657e-01 -2.256502e+01
8.629024e-01 5.033176e-01 4.550706e-02 5.635645e+02 -5.050837e-01 8.619429e-01 4.410151e-02 -8.278067e+01 -1.702742e-02 -6.104017e-02 9.979901e-01 -2.266859e+01
8.633919e-01 5.025651e-01 4.452785e-02 5.648149e+02 -5.042658e-01 8.624425e-01 4.369253e-02 -8.352679e+01 -1.644437e-02 -6.017765e-02 9.980522e-01 -2.274914e+01
8.634741e-01 5.023865e-01 4.494756e-02 5.660542e+02 -5.041307e-01 8.624661e-01 4.477309e-02 -8.428254e+01 -1.627235e-02 -6.131985e-02 9.979855e-01 -2.285013e+01
8.639082e-01 5.017899e-01 4.323857e-02 5.673046e+02 -5.034101e-01 8.629557e-01 4.342303e-02 -8.502666e+01 -1.552373e-02 -5.928024e-02 9.981207e-01 -2.293876e+01
8.640744e-01 5.015975e-01 4.213442e-02 5.685673e+02 -5.031929e-01 8.629317e-01 4.631880e-02 -8.578067e+01 -1.312574e-02 -6.122464e-02 9.980377e-01 -2.302334e+01
8.643505e-01 5.013210e-01 3.969306e-02 5.698308e+02 -5.027682e-01 8.631817e-01 4.627826e-02 -8.653068e+01 -1.106207e-02 -5.995705e-02 9.981397e-01 -2.310911e+01
8.643789e-01 5.012037e-01 4.054605e-02 5.710858e+02 -5.027147e-01 8.631554e-01 4.733749e-02 -8.726746e+01 -1.127182e-02 -6.130062e-02 9.980557e-01 -2.320689e+01
8.644952e-01 5.012905e-01 3.682199e-02 5.723582e+02 -5.025783e-01 8.632222e-01 4.756422e-02 -8.801904e+01 -7.942066e-03 -5.962498e-02 9.981893e-01 -2.330624e+01
8.649139e-01 5.005075e-01 3.763237e-02 5.736241e+02 -5.018471e-01 8.636336e-01 4.781645e-02 -8.876730e+01 -8.568091e-03 -6.024281e-02 9.981470e-01 -2.339903e+01
8.651203e-01 5.004148e-01 3.393908e-02 5.748865e+02 -5.015330e-01 8.638412e-01 4.736216e-02 -8.951624e+01 -5.617250e-03 -5.799553e-02 9.983010e-01 -2.349617e+01
8.653095e-01 5.000679e-01 3.422562e-02 5.761526e+02 -5.012010e-01 8.640544e-01 4.698542e-02 -9.026469e+01 -6.076897e-03 -5.781084e-02 9.983091e-01 -2.359340e+01
8.656164e-01 4.997592e-01 3.080521e-02 5.774218e+02 -5.007007e-01 8.642898e-01 4.797831e-02 -9.101339e+01 -2.647025e-03 -5.695501e-02 9.983732e-01 -2.369453e+01
8.658249e-01 4.993059e-01 3.226289e-02 5.787038e+02 -5.003346e-01 8.644586e-01 4.875001e-02 -9.177283e+01 -3.548760e-03 -5.835121e-02 9.982898e-01 -2.377774e+01
8.660257e-01 4.991113e-01 2.978926e-02 5.799547e+02 -4.999993e-01 8.645325e-01 5.083495e-02 -9.251842e+01 -3.814846e-04 -5.891899e-02 9.982627e-01 -2.388020e+01
8.662199e-01 4.986635e-01 3.158814e-02 5.812393e+02 -4.996616e-01 8.646315e-01 5.244574e-02 -9.327893e+01 -1.159326e-03 -6.121293e-02 9.981241e-01 -2.396923e+01
8.661979e-01 4.987356e-01 3.104787e-02 5.825062e+02 -4.997009e-01 8.645805e-01 5.291083e-02 -9.402560e+01 -4.548682e-04 -6.134590e-02 9.981164e-01 -2.408571e+01
8.663601e-01 4.983946e-01 3.198321e-02 5.837892e+02 -4.994141e-01 8.648783e-01 5.070818e-02 -9.477985e+01 -2.388892e-03 -5.990441e-02 9.982013e-01 -2.417588e+01
8.664055e-01 4.983094e-01 3.208055e-02 5.850746e+02 -4.993330e-01 8.649651e-01 5.001764e-02 -9.553800e+01 -2.824301e-03 -5.935444e-02 9.982330e-01 -2.428798e+01
8.662538e-01 4.985955e-01 3.173052e-02 5.863487e+02 -4.995947e-01 8.648789e-01 4.888181e-02 -9.629218e+01 -3.070808e-03 -5.819645e-02 9.983004e-01 -2.437171e+01
8.663006e-01 4.985123e-01 3.175927e-02 5.876493e+02 -4.995177e-01 8.648295e-01 5.051365e-02 -9.705764e+01 -2.284679e-03 -5.962433e-02 9.982183e-01 -2.448523e+01
8.664578e-01 4.983099e-01 3.062880e-02 5.889342e+02 -4.992502e-01 8.648773e-01 5.231033e-02 -9.781612e+01 -4.233979e-04 -6.061612e-02 9.981611e-01 -2.457789e+01
8.664020e-01 4.984396e-01 3.009328e-02 5.902225e+02 -4.993459e-01 8.646898e-01 5.445324e-02 -9.856779e+01 1.120294e-03 -6.220535e-02 9.980627e-01 -2.468859e+01
8.664041e-01 4.984871e-01 2.923143e-02 5.915046e+02 -4.993370e-01 8.646085e-01 5.580784e-02 -9.932310e+01 2.545745e-03 -6.294847e-02 9.980136e-01 -2.478334e+01
8.663774e-01 4.985258e-01 2.936568e-02 5.928063e+02 -4.993839e-01 8.645792e-01 5.584591e-02 -1.000859e+02 2.451670e-03 -6.304839e-02 9.980075e-01 -2.489375e+01
8.663217e-01 4.985915e-01 2.988753e-02 5.940925e+02 -4.994808e-01 8.644738e-01 5.660501e-02 -1.008541e+02 2.385793e-03 -6.396639e-02 9.979492e-01 -2.499982e+01
8.663671e-01 4.984113e-01 3.153221e-02 5.953911e+02 -4.994065e-01 8.645004e-01 5.684891e-02 -1.016182e+02 1.074524e-03 -6.499942e-02 9.978848e-01 -2.510916e+01
8.663362e-01 4.985110e-01 3.079345e-02 5.966892e+02 -4.994569e-01 8.644248e-01 5.755359e-02 -1.023853e+02 2.072475e-03 -6.524076e-02 9.978674e-01 -2.523244e+01
8.663781e-01 4.984461e-01 3.066774e-02 5.979933e+02 -4.993842e-01 8.644751e-01 5.742925e-02 -1.031573e+02 2.113878e-03 -6.507043e-02 9.978784e-01 -2.533278e+01
8.663689e-01 4.985489e-01 2.922123e-02 5.993052e+02 -4.993917e-01 8.644429e-01 5.784718e-02 -1.039291e+02 3.579558e-03 -6.470983e-02 9.978977e-01 -2.544869e+01
8.662364e-01 4.988663e-01 2.769192e-02 6.006072e+02 -4.996190e-01 8.644437e-01 5.583854e-02 -1.046900e+02 3.917870e-03 -6.220479e-02 9.980557e-01 -2.555513e+01
8.661663e-01 4.988836e-01 2.951390e-02 6.019169e+02 -4.997512e-01 8.643900e-01 5.548649e-02 -1.054618e+02 2.169780e-03 -6.281013e-02 9.980232e-01 -2.566342e+01
8.659328e-01 4.994015e-01 2.754220e-02 6.032303e+02 -5.001442e-01 8.641491e-01 5.569812e-02 -1.062399e+02 4.015164e-03 -6.200590e-02 9.980677e-01 -2.576530e+01
8.655460e-01 4.999261e-01 3.006714e-02 6.045529e+02 -5.008268e-01 8.637834e-01 5.523297e-02 -1.070192e+02 1.640907e-03 -6.286511e-02 9.980207e-01 -2.587966e+01
8.651241e-01 5.006677e-01 2.986840e-02 6.058649e+02 -5.015521e-01 8.632929e-01 5.631056e-02 -1.078050e+02 2.407705e-03 -6.369618e-02 9.979664e-01 -2.599466e+01
8.649785e-01 5.008622e-01 3.081069e-02 6.072047e+02 -5.018083e-01 8.632514e-01 5.463964e-02 -1.085917e+02 7.695574e-04 -6.272318e-02 9.980307e-01 -2.608692e+01
8.646295e-01 5.015011e-01 3.020750e-02 6.085286e+02 -5.024075e-01 8.628665e-01 5.521033e-02 -1.093788e+02 1.623007e-03 -6.291296e-02 9.980177e-01 -2.621189e+01
8.645473e-01 5.016580e-01 2.995477e-02 6.098508e+02 -5.025491e-01 8.628211e-01 5.462910e-02 -1.101606e+02 1.559522e-03 -6.228318e-02 9.980573e-01 -2.631337e+01
8.645514e-01 5.016637e-01 2.973877e-02 6.111762e+02 -5.025389e-01 8.627486e-01 5.585138e-02 -1.109394e+02 2.361531e-03 -6.323128e-02 9.979961e-01 -2.642226e+01
8.646672e-01 5.016344e-01 2.670993e-02 6.125096e+02 -5.023187e-01 8.628539e-01 5.620621e-02 -1.117293e+02 5.148206e-03 -6.201657e-02 9.980618e-01 -2.652353e+01
8.643372e-01 5.022023e-01 2.672096e-02 6.138427e+02 -5.028722e-01 8.623731e-01 5.858234e-02 -1.125250e+02 6.376748e-03 -6.407212e-02 9.979249e-01 -2.665067e+01
8.642876e-01 5.023319e-01 2.587681e-02 6.151747e+02 -5.029403e-01 8.622653e-01 5.957735e-02 -1.133171e+02 7.614921e-03 -6.450645e-02 9.978882e-01 -2.674988e+01
8.645555e-01 5.017741e-01 2.768843e-02 6.165096e+02 -5.024987e-01 8.624921e-01 6.002141e-02 -1.141158e+02 6.236141e-03 -6.580523e-02 9.978130e-01 -2.687332e+01
8.647461e-01 5.014024e-01 2.845770e-02 6.178616e+02 -5.021833e-01 8.627350e-01 5.916176e-02 -1.149284e+02 5.112390e-03 -6.545088e-02 9.978427e-01 -2.698393e+01
8.647795e-01 5.011870e-01 3.111571e-02 6.192014e+02 -5.021460e-01 8.628067e-01 5.843072e-02 -1.157207e+02 2.437867e-03 -6.615432e-02 9.978064e-01 -2.709693e+01
8.647305e-01 5.012801e-01 3.097373e-02 6.205511e+02 -5.022318e-01 8.628222e-01 5.745373e-02 -1.165203e+02 2.075585e-03 -6.523798e-02 9.978676e-01 -2.721732e+01
8.647963e-01 5.010533e-01 3.275621e-02 6.219155e+02 -5.021227e-01 8.629992e-01 5.572566e-02 -1.173206e+02 -3.470574e-04 -6.463899e-02 9.979087e-01 -2.732062e+01
8.649611e-01 5.007108e-01 3.362999e-02 6.232533e+02 -5.018343e-01 8.632973e-01 5.366792e-02 -1.181336e+02 -2.160573e-03 -6.329735e-02 9.979924e-01 -2.742394e+01
8.649383e-01 5.006827e-01 3.462214e-02 6.246039e+02 -5.018726e-01 8.631967e-01 5.490959e-02 -1.189346e+02 -2.393441e-03 -6.486931e-02 9.978909e-01 -2.755276e+01
8.650012e-01 5.005265e-01 3.530107e-02 6.259620e+02 -5.017630e-01 8.632122e-01 5.566608e-02 -1.197346e+02 -2.609964e-03 -6.586400e-02 9.978252e-01 -2.765796e+01
8.653884e-01 4.997096e-01 3.732528e-02 6.273215e+02 -5.010873e-01 8.635242e-01 5.689782e-02 -1.205254e+02 -3.798893e-03 -6.794194e-02 9.976820e-01 -2.776076e+01
8.655365e-01 4.994726e-01 3.706398e-02 6.286844e+02 -5.008341e-01 8.636518e-01 5.719120e-02 -1.213333e+02 -3.444925e-03 -6.806397e-02 9.976750e-01 -2.788848e+01
8.656009e-01 4.992856e-01 3.806518e-02 6.300430e+02 -5.007144e-01 8.637433e-01 5.685502e-02 -1.221576e+02 -4.491648e-03 -6.827354e-02 9.976565e-01 -2.800473e+01
8.655401e-01 4.993813e-01 3.819208e-02 6.314256e+02 -5.008038e-01 8.638701e-01 5.407152e-02 -1.229673e+02 -5.990695e-03 -6.592781e-02 9.978064e-01 -2.810760e+01
8.660473e-01 4.982325e-01 4.154965e-02 6.327893e+02 -4.998636e-01 8.645310e-01 5.217915e-02 -1.237850e+02 -9.923613e-03 -6.595877e-02 9.977730e-01 -2.821366e+01
8.667476e-01 4.968097e-01 4.391863e-02 6.341631e+02 -4.986181e-01 8.651601e-01 5.364855e-02 -1.246110e+02 -1.134353e-02 -6.839838e-02 9.975936e-01 -2.832618e+01
8.673468e-01 4.955513e-01 4.624403e-02 6.355356e+02 -4.975544e-01 8.656156e-01 5.611927e-02 -1.254195e+02 -1.221957e-02 -7.168379e-02 9.973525e-01 -2.844198e+01
8.680183e-01 4.946159e-01 4.358167e-02 6.369196e+02 -4.964353e-01 8.662341e-01 5.648566e-02 -1.262187e+02 -9.813219e-03 -7.066607e-02 9.974518e-01 -2.857449e+01
8.686649e-01 4.937680e-01 4.018134e-02 6.383094e+02 -4.953374e-01 8.669847e-01 5.457142e-02 -1.270404e+02 -7.890988e-03 -6.730760e-02 9.977010e-01 -2.868114e+01
8.693671e-01 4.929156e-01 3.514349e-02 6.397010e+02 -4.941559e-01 8.676190e-01 5.520006e-02 -1.278456e+02 -3.282199e-03 -6.535547e-02 9.978567e-01 -2.882791e+01
8.702579e-01 4.917279e-01 2.923805e-02 6.411003e+02 -4.925846e-01 8.682920e-01 5.856110e-02 -1.286463e+02 3.408966e-03 -6.536547e-02 9.978555e-01 -2.892703e+01
8.707654e-01 4.910989e-01 2.427945e-02 6.425134e+02 -4.916156e-01 8.686486e-01 6.135037e-02 -1.294493e+02 9.038791e-03 -6.535793e-02 9.978210e-01 -2.905600e+01
8.716363e-01 4.897336e-01 2.027786e-02 6.439075e+02 -4.899831e-01 8.694974e-01 6.237656e-02 -1.302592e+02 1.291635e-02 -6.430548e-02 9.978467e-01 -2.916504e+01
8.723891e-01 4.884658e-01 1.839761e-02 6.453384e+02 -4.886092e-01 8.703244e-01 6.161648e-02 -1.310508e+02 1.408565e-02 -6.274279e-02 9.979303e-01 -2.929221e+01
8.732959e-01 4.868812e-01 1.735000e-02 6.467300e+02 -4.869963e-01 8.713902e-01 5.927754e-02 -1.318678e+02 1.374251e-02 -6.021622e-02 9.980907e-01 -2.941383e+01
8.740731e-01 4.854603e-01 1.801334e-02 6.481604e+02 -4.856440e-01 8.722792e-01 5.726018e-02 -1.326576e+02 1.208488e-02 -5.879766e-02 9.981968e-01 -2.951103e+01
8.747212e-01 4.842657e-01 1.869694e-02 6.495590e+02 -4.844949e-01 8.729333e-01 5.702525e-02 -1.334733e+02 1.129419e-02 -5.893976e-02 9.981977e-01 -2.965527e+01
8.754719e-01 4.828085e-01 2.109180e-02 6.509768e+02 -4.831590e-01 8.735075e-01 5.951404e-02 -1.342726e+02 1.031004e-02 -6.229356e-02 9.980046e-01 -2.975168e+01
8.760707e-01 4.816485e-01 2.269155e-02 6.523817e+02 -4.821037e-01 8.741051e-01 5.929557e-02 -1.350672e+02 8.724820e-03 -6.288680e-02 9.979825e-01 -2.989220e+01
8.768830e-01 4.800836e-01 2.441107e-02 6.537868e+02 -4.806465e-01 8.748636e-01 5.993600e-02 -1.358718e+02 7.417932e-03 -6.428996e-02 9.979037e-01 -3.000800e+01
8.775133e-01 4.788931e-01 2.513612e-02 6.551885e+02 -4.795095e-01 8.755289e-01 5.932720e-02 -1.366567e+02 6.403980e-03 -6.411342e-02 9.979221e-01 -3.014607e+01
8.777547e-01 4.784722e-01 2.471922e-02 6.565977e+02 -4.790628e-01 8.757718e-01 5.935252e-02 -1.374581e+02 6.750143e-03 -6.393901e-02 9.979310e-01 -3.026601e+01
8.772384e-01 4.795026e-01 2.302328e-02 6.579912e+02 -4.799819e-01 8.752584e-01 5.949929e-02 -1.382270e+02 8.378750e-03 -6.324582e-02 9.979628e-01 -3.039426e+01
8.752170e-01 4.832054e-01 2.253659e-02 6.593725e+02 -4.836406e-01 8.732052e-01 6.003779e-02 -1.390294e+02 9.331519e-03 -6.344570e-02 9.979417e-01 -3.052180e+01
8.739465e-01 4.855507e-01 2.139742e-02 6.607709e+02 -4.859307e-01 8.720815e-01 5.783741e-02 -1.398152e+02 9.422701e-03 -6.094448e-02 9.980967e-01 -3.064334e+01
8.726227e-01 4.878604e-01 2.284429e-02 6.621362e+02 -4.883274e-01 8.707699e-01 5.741310e-02 -1.405906e+02 8.117459e-03 -6.125547e-02 9.980891e-01 -3.075453e+01
8.713096e-01 4.902227e-01 2.238887e-02 6.635197e+02 -4.906558e-01 8.694516e-01 5.753939e-02 -1.413980e+02 8.741074e-03 -6.111985e-02 9.980922e-01 -3.087506e+01
8.710671e-01 4.905905e-01 2.372922e-02 6.648762e+02 -4.911069e-01 8.692119e-01 5.731305e-02 -1.421711e+02 7.491517e-03 -6.157710e-02 9.980742e-01 -3.099099e+01
8.709620e-01 4.906606e-01 2.602581e-02 6.662546e+02 -4.913143e-01 8.690335e-01 5.823299e-02 -1.429589e+02 5.955332e-03 -6.350557e-02 9.979637e-01 -3.110142e+01
8.714775e-01 4.897271e-01 2.634792e-02 6.676159e+02 -4.904027e-01 8.695412e-01 5.833773e-02 -1.437558e+02 5.658962e-03 -6.376112e-02 9.979491e-01 -3.124133e+01
8.721696e-01 4.884673e-01 2.683000e-02 6.689611e+02 -4.891739e-01 8.701991e-01 5.884140e-02 -1.445191e+02 5.394658e-03 -6.444421e-02 9.979067e-01 -3.134758e+01
8.727642e-01 4.874636e-01 2.572778e-02 6.703159e+02 -4.881106e-01 8.708963e-01 5.733695e-02 -1.452893e+02 5.543442e-03 -6.259964e-02 9.980233e-01 -3.148697e+01
8.733945e-01 4.863823e-01 2.478389e-02 6.716702e+02 -4.869796e-01 8.716034e-01 5.619940e-02 -1.460665e+02 5.732672e-03 -6.115350e-02 9.981119e-01 -3.159531e+01
8.739332e-01 4.855326e-01 2.233606e-02 6.730132e+02 -4.859739e-01 8.720883e-01 5.737126e-02 -1.468353e+02 8.376593e-03 -6.099338e-02 9.981030e-01 -3.172759e+01
8.747615e-01 4.842010e-01 1.848710e-02 6.743594e+02 -4.844216e-01 8.729955e-01 5.669912e-02 -1.475860e+02 1.131461e-02 -5.855376e-02 9.982201e-01 -3.185003e+01
8.752244e-01 4.834225e-01 1.687893e-02 6.757152e+02 -4.835593e-01 8.735149e-01 5.605450e-02 -1.483451e+02 1.235400e-02 -5.722222e-02 9.982851e-01 -3.194828e+01
8.764824e-01 4.812596e-01 1.295542e-02 6.770577e+02 -4.811700e-01 8.747935e-01 5.667182e-02 -1.491086e+02 1.594054e-02 -5.590561e-02 9.983088e-01 -3.207208e+01
8.776038e-01 4.793177e-01 8.136352e-03 6.783942e+02 -4.789672e-01 8.759996e-01 5.670384e-02 -1.498549e+02 2.005171e-02 -5.366055e-02 9.983579e-01 -3.220247e+01
8.786344e-01 4.774796e-01 3.853829e-03 6.797298e+02 -4.769034e-01 8.771154e-01 5.684965e-02 -1.506029e+02 2.376430e-02 -5.178797e-02 9.983753e-01 -3.232093e+01
8.800783e-01 4.748258e-01 1.637306e-03 6.810696e+02 -4.741211e-01 8.785735e-01 5.759979e-02 -1.513286e+02 2.591137e-02 -5.146860e-02 9.983384e-01 -3.242955e+01
8.821395e-01 4.709725e-01 -3.841015e-03 6.824240e+02 -4.699267e-01 8.806692e-01 5.991955e-02 -1.520554e+02 3.160313e-02 -5.105241e-02 9.981958e-01 -3.254595e+01
8.842028e-01 4.670663e-01 -5.873232e-03 6.837318e+02 -4.659111e-01 8.827741e-01 6.030423e-02 -1.527551e+02 3.335081e-02 -5.058477e-02 9.981627e-01 -3.266155e+01
8.869165e-01 4.617573e-01 -1.262157e-02 6.850745e+02 -4.601974e-01 8.856245e-01 6.235182e-02 -1.534627e+02 3.996938e-02 -4.949244e-02 9.979744e-01 -3.279823e+01
8.898637e-01 4.560354e-01 -1.320208e-02 6.864050e+02 -4.545310e-01 8.886780e-01 6.044021e-02 -1.541525e+02 3.929527e-02 -4.778280e-02 9.980845e-01 -3.289534e+01
8.925570e-01 4.505475e-01 -1.868072e-02 6.877269e+02 -4.486391e-01 8.914256e-01 6.390081e-02 -1.548318e+02 4.544283e-02 -4.865421e-02 9.977814e-01 -3.304124e+01
8.953393e-01 4.448306e-01 -2.220973e-02 6.890681e+02 -4.427786e-01 8.943796e-01 6.350008e-02 -1.555016e+02 4.811070e-02 -4.702013e-02 9.977347e-01 -3.314289e+01
8.982355e-01 4.387324e-01 -2.620915e-02 6.903767e+02 -4.362873e-01 8.972664e-01 6.757601e-02 -1.561516e+02 5.316437e-02 -4.926445e-02 9.973698e-01 -3.326704e+01
9.008720e-01 4.332267e-01 -2.728307e-02 6.917133e+02 -4.308085e-01 9.000123e-01 6.619678e-02 -1.568042e+02 5.323331e-02 -4.788105e-02 9.974335e-01 -3.336812e+01
9.036093e-01 4.273446e-01 -2.944059e-02 6.930259e+02 -4.246417e-01 9.026859e-01 6.955449e-02 -1.574468e+02 5.629934e-02 -5.034839e-02 9.971436e-01 -3.352714e+01
9.066417e-01 4.209157e-01 -2.882342e-02 6.943701e+02 -4.182897e-01 9.057001e-01 6.885345e-02 -1.580647e+02 5.508688e-02 -5.036887e-02 9.972103e-01 -3.362780e+01
9.093758e-01 4.148836e-01 -3.011876e-02 6.956778e+02 -4.121548e-01 9.084494e-01 6.962778e-02 -1.586719e+02 5.624880e-02 -5.090424e-02 9.971182e-01 -3.378504e+01
9.120585e-01 4.089156e-01 -3.061597e-02 6.970014e+02 -4.062418e-01 9.112090e-01 6.830756e-02 -1.592781e+02 5.582957e-02 -4.986300e-02 9.971944e-01 -3.388227e+01
9.144498e-01 4.033585e-01 -3.291614e-02 6.983289e+02 -4.004779e-01 9.136301e-01 6.998192e-02 -1.598652e+02 5.830097e-02 -5.081277e-02 9.970050e-01 -3.403807e+01
9.168342e-01 3.977710e-01 -3.454515e-02 6.996369e+02 -3.946946e-01 9.159914e-01 7.194352e-02 -1.604520e+02 6.026011e-02 -5.232549e-02 9.968103e-01 -3.413963e+01
9.190085e-01 3.924572e-01 -3.742614e-02 7.009587e+02 -3.891301e-01 9.182373e-01 7.360873e-02 -1.610109e+02 6.325434e-02 -5.308341e-02 9.965847e-01 -3.430852e+01
9.214833e-01 3.864864e-01 -3.868902e-02 7.022853e+02 -3.831537e-01 9.208173e-01 7.272267e-02 -1.615783e+02 6.373184e-02 -5.218887e-02 9.966015e-01 -3.439914e+01
9.239209e-01 3.805901e-01 -3.900456e-02 7.035922e+02 -3.769910e-01 9.230396e-01 7.665327e-02 -1.621188e+02 6.517622e-02 -5.611719e-02 9.962946e-01 -3.455994e+01
9.260346e-01 3.749385e-01 -4.337008e-02 7.049191e+02 -3.713128e-01 9.255891e-01 7.356483e-02 -1.626624e+02 6.772517e-02 -5.201972e-02 9.963470e-01 -3.470461e+01
9.282692e-01 3.694360e-01 -4.281773e-02 7.062334e+02 -3.660155e-01 9.278992e-01 7.096245e-02 -1.631962e+02 6.594662e-02 -5.020031e-02 9.965596e-01 -3.483145e+01
9.300644e-01 3.640768e-01 -4.927647e-02 7.075602e+02 -3.606758e-01 9.303380e-01 6.621252e-02 -1.637004e+02 6.995022e-02 -4.380908e-02 9.965881e-01 -3.497961e+01
9.317698e-01 3.595642e-01 -5.018606e-02 7.088923e+02 -3.562054e-01 9.321420e-01 6.502889e-02 -1.642296e+02 7.016261e-02 -4.271540e-02 9.966206e-01 -3.506887e+01
9.331089e-01 3.553708e-01 -5.494921e-02 7.102053e+02 -3.519930e-01 9.339106e-01 6.254535e-02 -1.647346e+02 7.354444e-02 -3.901989e-02 9.965283e-01 -3.520332e+01
9.346774e-01 3.513216e-01 -5.432640e-02 7.115318e+02 -3.483558e-01 9.356201e-01 5.712329e-02 -1.652332e+02 7.089752e-02 -3.446692e-02 9.968879e-01 -3.527826e+01
9.365171e-01 3.469204e-01 -5.081291e-02 7.128436e+02 -3.441291e-01 9.372315e-01 5.632247e-02 -1.657331e+02 6.716288e-02 -3.526075e-02 9.971188e-01 -3.538869e+01
9.378844e-01 3.434975e-01 -4.880834e-02 7.141657e+02 -3.411309e-01 9.386419e-01 5.080646e-02 -1.662295e+02 6.326544e-02 -3.100055e-02 9.975151e-01 -3.548419e+01
9.394729e-01 3.390971e-01 -4.902846e-02 7.154907e+02 -3.367492e-01 9.402473e-01 5.034623e-02 -1.667112e+02 6.317115e-02 -3.078862e-02 9.975277e-01 -3.560715e+01
9.405751e-01 3.351370e-01 -5.478802e-02 7.167982e+02 -3.329572e-01 9.418554e-01 4.525354e-02 -1.671792e+02 6.676853e-02 -2.432229e-02 9.974720e-01 -3.572425e+01
9.421802e-01 3.305585e-01 -5.502411e-02 7.181400e+02 -3.284217e-01 9.434855e-01 4.443182e-02 -1.676467e+02 6.660177e-02 -2.379167e-02 9.974959e-01 -3.577063e+01
9.430997e-01 3.265941e-01 -6.244347e-02 7.194462e+02 -3.241620e-01 9.448804e-01 4.604588e-02 -1.681042e+02 7.403992e-02 -2.318406e-02 9.969857e-01 -3.587025e+01
9.447574e-01 3.220140e-01 -6.115942e-02 7.207817e+02 -3.196237e-01 9.464383e-01 4.577407e-02 -1.685602e+02 7.262351e-02 -2.369739e-02 9.970779e-01 -3.590234e+01
9.464990e-01 3.172465e-01 -5.911309e-02 7.221055e+02 -3.144407e-01 9.478440e-01 5.214359e-02 -1.690155e+02 7.257235e-02 -3.076629e-02 9.968885e-01 -3.603407e+01
9.484725e-01 3.115053e-01 -5.800292e-02 7.234497e+02 -3.088478e-01 9.497730e-01 5.043980e-02 -1.694612e+02 7.080187e-02 -2.992669e-02 9.970413e-01 -3.611569e+01
9.505104e-01 3.054896e-01 -5.662226e-02 7.247679e+02 -3.030487e-01 9.517756e-01 4.780123e-02 -1.698896e+02 6.849446e-02 -2.827626e-02 9.972507e-01 -3.623492e+01
9.518313e-01 3.009198e-01 -5.885889e-02 7.260930e+02 -2.986848e-01 9.533428e-01 4.387105e-02 -1.703144e+02 6.931438e-02 -2.417758e-02 9.973018e-01 -3.631147e+01
9.535719e-01 2.949350e-01 -6.094194e-02 7.274164e+02 -2.925957e-01 9.552009e-01 4.448695e-02 -1.707294e+02 7.133255e-02 -2.459016e-02 9.971494e-01 -3.642796e+01
9.546875e-01 2.896222e-01 -6.848898e-02 7.287401e+02 -2.868243e-01 9.567862e-01 4.787474e-02 -1.711265e+02 7.939490e-02 -2.606111e-02 9.965025e-01 -3.653012e+01
9.563304e-01 2.840320e-01 -6.897780e-02 7.300823e+02 -2.811427e-01 9.584293e-01 4.870137e-02 -1.715175e+02 7.994311e-02 -2.718199e-02 9.964287e-01 -3.657586e+01
9.576860e-01 2.784054e-01 -7.299263e-02 7.314110e+02 -2.751996e-01 9.600328e-01 5.101157e-02 -1.719141e+02 8.427722e-02 -2.876552e-02 9.960271e-01 -3.669999e+01
9.594602e-01 2.726687e-01 -7.132947e-02 7.327491e+02 -2.698227e-01 9.617589e-01 4.706968e-02 -1.722921e+02 8.143619e-02 -2.591517e-02 9.963416e-01 -3.675415e+01
9.610748e-01 2.664186e-01 -7.318756e-02 7.340861e+02 -2.633559e-01 9.634587e-01 4.889645e-02 -1.726726e+02 8.354011e-02 -2.771877e-02 9.961188e-01 -3.686472e+01
9.628075e-01 2.607218e-01 -7.089314e-02 7.354349e+02 -2.577409e-01 9.649945e-01 4.852722e-02 -1.730467e+02 8.106361e-02 -2.845031e-02 9.963028e-01 -3.692543e+01
9.645744e-01 2.545694e-01 -6.921460e-02 7.367691e+02 -2.512136e-01 9.664439e-01 5.364360e-02 -1.734116e+02 8.054806e-02 -3.435559e-02 9.961585e-01 -3.706225e+01
9.663228e-01 2.479912e-01 -6.870626e-02 7.381102e+02 -2.448633e-01 9.682231e-01 5.085192e-02 -1.737452e+02 7.913382e-02 -3.231573e-02 9.963401e-01 -3.711592e+01
9.683104e-01 2.401212e-01 -6.867842e-02 7.394443e+02 -2.369246e-01 9.701601e-01 5.153673e-02 -1.740885e+02 7.900412e-02 -3.363195e-02 9.963068e-01 -3.724434e+01
9.702383e-01 2.327049e-01 -6.697827e-02 7.408043e+02 -2.295972e-01 9.719505e-01 5.096631e-02 -1.744041e+02 7.695966e-02 -3.407145e-02 9.964519e-01 -3.731431e+01
9.716537e-01 2.262506e-01 -6.855471e-02 7.421409e+02 -2.228467e-01 9.733630e-01 5.388608e-02 -1.747349e+02 7.892038e-02 -3.708142e-02 9.961910e-01 -3.745020e+01
9.730373e-01 2.203084e-01 -6.828373e-02 7.434998e+02 -2.170228e-01 9.747603e-01 5.237796e-02 -1.750359e+02 7.809957e-02 -3.614658e-02 9.962901e-01 -3.754727e+01
9.744493e-01 2.136131e-01 -6.941187e-02 7.448620e+02 -2.105383e-01 9.763552e-01 4.903115e-02 -1.753314e+02 7.824434e-02 -3.316451e-02 9.963824e-01 -3.764561e+01
9.757434e-01 2.075690e-01 -6.956992e-02 7.462086e+02 -2.046377e-01 9.777098e-01 4.697978e-02 -1.756243e+02 7.777073e-02 -3.160359e-02 9.964702e-01 -3.772368e+01
9.771135e-01 2.015119e-01 -6.813272e-02 7.475726e+02 -1.985620e-01 9.789282e-01 4.767317e-02 -1.759123e+02 7.630376e-02 -3.305353e-02 9.965366e-01 -3.780724e+01
9.784563e-01 1.952010e-01 -6.723036e-02 7.489315e+02 -1.926280e-01 9.803338e-01 4.289901e-02 -1.761865e+02 7.428211e-02 -2.902436e-02 9.968148e-01 -3.788678e+01
9.800925e-01 1.886303e-01 -6.194579e-02 7.502881e+02 -1.863977e-01 9.816563e-01 4.008483e-02 -1.764663e+02 6.837069e-02 -2.774028e-02 9.972742e-01 -3.797913e+01
9.816937e-01 1.815946e-01 -5.745411e-02 7.516581e+02 -1.796795e-01 9.830313e-01 3.694839e-02 -1.767318e+02 6.318881e-02 -2.594867e-02 9.976642e-01 -3.805591e+01
9.831301e-01 1.744374e-01 -5.501610e-02 7.530229e+02 -1.725567e-01 9.842933e-01 3.729596e-02 -1.769833e+02 6.065778e-02 -2.717339e-02 9.977887e-01 -3.814214e+01
9.844970e-01 1.667614e-01 -5.437199e-02 7.544250e+02 -1.649358e-01 9.856279e-01 3.652369e-02 -1.772171e+02 5.968129e-02 -2.698957e-02 9.978526e-01 -3.820871e+01
9.855642e-01 1.599309e-01 -5.554569e-02 7.557823e+02 -1.580395e-01 9.867414e-01 3.694892e-02 -1.774647e+02 6.071850e-02 -2.763711e-02 9.977722e-01 -3.828984e+01
9.867413e-01 1.513965e-01 -5.848709e-02 7.571751e+02 -1.491179e-01 9.879457e-01 4.155971e-02 -1.776656e+02 6.407407e-02 -3.228721e-02 9.974227e-01 -3.840973e+01
9.875327e-01 1.458494e-01 -5.922164e-02 7.585353e+02 -1.437403e-01 9.888679e-01 3.845740e-02 -1.778763e+02 6.417137e-02 -2.946540e-02 9.975038e-01 -3.845089e+01
9.885687e-01 1.391956e-01 -5.793630e-02 7.599155e+02 -1.371641e-01 9.898307e-01 3.769470e-02 -1.780817e+02 6.259408e-02 -2.931701e-02 9.976084e-01 -3.857375e+01
9.896455e-01 1.329940e-01 -5.398541e-02 7.613198e+02 -1.310878e-01 9.906633e-01 3.745222e-02 -1.782865e+02 5.846228e-02 -2.998760e-02 9.978391e-01 -3.858625e+01
9.906201e-01 1.268727e-01 -5.074478e-02 7.627017e+02 -1.252298e-01 9.915329e-01 3.435428e-02 -1.784896e+02 5.467374e-02 -2.767729e-02 9.981206e-01 -3.867528e+01
9.918965e-01 1.204316e-01 -4.046690e-02 7.641083e+02 -1.189553e-01 9.922060e-01 3.710704e-02 -1.786860e+02 4.462036e-02 -3.199259e-02 9.984916e-01 -3.873358e+01
9.928401e-01 1.134658e-01 -3.733596e-02 7.654965e+02 -1.118259e-01 9.927785e-01 4.342262e-02 -1.788585e+02 4.199332e-02 -3.893660e-02 9.983589e-01 -3.883481e+01
9.935964e-01 1.079671e-01 -3.330746e-02 7.668793e+02 -1.064278e-01 9.933031e-01 4.496785e-02 -1.790401e+02 3.793945e-02 -4.113505e-02 9.984331e-01 -3.894307e+01
9.942022e-01 1.031788e-01 -3.026672e-02 7.682780e+02 -1.019727e-01 9.940221e-01 3.900441e-02 -1.791907e+02 3.411023e-02 -3.569189e-02 9.987805e-01 -3.898552e+01
9.948961e-01 9.814504e-02 -2.343674e-02 7.696945e+02 -9.735049e-02 9.947052e-01 3.292915e-02 -1.793564e+02 2.654448e-02 -3.047951e-02 9.991829e-01 -3.907643e+01
9.954911e-01 9.325779e-02 -1.733037e-02 7.711047e+02 -9.266468e-02 9.951718e-01 3.235029e-02 -1.795135e+02 2.026361e-02 -3.059851e-02 9.993263e-01 -3.913463e+01
9.959826e-01 8.854988e-02 -1.332093e-02 7.725097e+02 -8.805910e-02 9.955426e-01 3.377038e-02 -1.796598e+02 1.625192e-02 -3.246169e-02 9.993408e-01 -3.923821e+01
9.962706e-01 8.567352e-02 -1.024412e-02 7.739252e+02 -8.526944e-02 9.957463e-01 3.491102e-02 -1.797993e+02 1.319150e-02 -3.390732e-02 9.993379e-01 -3.927730e+01
9.965487e-01 8.247380e-02 -9.425729e-03 7.753367e+02 -8.207582e-02 9.959464e-01 3.680602e-02 -1.799342e+02 1.242305e-02 -3.590536e-02 9.992779e-01 -3.940107e+01
9.967859e-01 7.969259e-02 -8.181919e-03 7.767507e+02 -7.931421e-02 9.960784e-01 3.920662e-02 -1.800699e+02 1.127431e-02 -3.843166e-02 9.991976e-01 -3.947173e+01
9.970062e-01 7.674283e-02 -9.437243e-03 7.781674e+02 -7.632662e-02 9.963379e-01 3.853561e-02 -1.801847e+02 1.236001e-02 -3.769993e-02 9.992127e-01 -3.956227e+01
9.972543e-01 7.376219e-02 -6.557120e-03 7.795881e+02 -7.350133e-02 9.967248e-01 3.371887e-02 -1.803075e+02 9.022823e-03 -3.314433e-02 9.994099e-01 -3.964275e+01
9.974691e-01 7.064623e-02 -8.031891e-03 7.810248e+02 -7.031508e-02 9.968778e-01 3.592334e-02 -1.804311e+02 1.054466e-02 -3.526766e-02 9.993223e-01 -3.971579e+01
9.977090e-01 6.753097e-02 -4.043320e-03 7.824682e+02 -6.733410e-02 9.970332e-01 3.729434e-02 -1.805431e+02 6.549847e-03 -3.693664e-02 9.992961e-01 -3.978605e+01
9.978720e-01 6.507359e-02 -4.115598e-03 7.838929e+02 -6.485379e-02 9.970688e-01 4.059504e-02 -1.806622e+02 6.745200e-03 -4.024174e-02 9.991672e-01 -3.986523e+01
9.979779e-01 6.345156e-02 -3.740772e-03 7.853090e+02 -6.325768e-02 9.972320e-01 3.907251e-02 -1.807748e+02 6.209630e-03 -3.875687e-02 9.992294e-01 -3.991811e+01
9.982200e-01 5.963359e-02 -8.098191e-04 7.867582e+02 -5.956071e-02 9.975122e-01 3.770956e-02 -1.808780e+02 3.056561e-03 -3.759420e-02 9.992884e-01 -4.003938e+01
9.983819e-01 5.683690e-02 1.796549e-03 7.881990e+02 -5.686448e-02 9.977012e-01 3.686175e-02 -1.809698e+02 3.026885e-04 -3.690427e-02 9.993188e-01 -4.010573e+01
9.985189e-01 5.415647e-02 5.211009e-03 7.896501e+02 -5.432044e-02 9.977425e-01 3.948640e-02 -1.810723e+02 -3.060801e-03 -3.971098e-02 9.992065e-01 -4.020446e+01
9.986403e-01 5.203304e-02 3.175145e-03 7.910823e+02 -5.211750e-02 9.978750e-01 3.910588e-02 -1.811647e+02 -1.133600e-03 -3.921819e-02 9.992300e-01 -4.027865e+01
9.987498e-01 4.981665e-02 4.135424e-03 7.925246e+02 -4.993915e-02 9.980102e-01 3.849502e-02 -1.812646e+02 -2.209503e-03 -3.865341e-02 9.992502e-01 -4.036085e+01
9.988111e-01 4.865917e-02 2.962260e-03 7.939954e+02 -4.873408e-02 9.981711e-01 3.577242e-02 -1.813558e+02 -1.216186e-03 -3.587425e-02 9.993556e-01 -4.043613e+01
9.988251e-01 4.838123e-02 2.757499e-03 7.954333e+02 -4.844845e-02 9.982028e-01 3.526640e-02 -1.814363e+02 -1.046312e-03 -3.535856e-02 9.993742e-01 -4.050209e+01
9.988704e-01 4.749193e-02 1.562921e-03 7.969115e+02 -4.751758e-02 9.982730e-01 3.453938e-02 -1.815267e+02 8.012005e-05 -3.457463e-02 9.994021e-01 -4.058996e+01
9.988703e-01 4.749620e-02 1.528937e-03 7.983676e+02 -4.752073e-02 9.982957e-01 3.387625e-02 -1.816071e+02 8.266215e-05 -3.391064e-02 9.994249e-01 -4.068132e+01
9.988976e-01 4.694204e-02 3.514516e-04 7.998465e+02 -4.692589e-02 9.982939e-01 3.474490e-02 -1.816958e+02 1.280145e-03 -3.472309e-02 9.993961e-01 -4.075535e+01
9.989129e-01 4.659300e-02 1.432976e-03 8.013027e+02 -4.661436e-02 9.982629e-01 3.603137e-02 -1.817726e+02 2.483223e-04 -3.605900e-02 9.993497e-01 -4.083262e+01
9.989125e-01 4.662388e-02 1.842988e-04 8.027915e+02 -4.659859e-02 9.982239e-01 3.711257e-02 -1.818540e+02 1.546361e-03 -3.708080e-02 9.993111e-01 -4.090578e+01
9.989467e-01 4.580804e-02 -2.665118e-03 8.042547e+02 -4.568442e-02 9.983218e-01 3.559212e-02 -1.819414e+02 4.291050e-03 -3.543288e-02 9.993628e-01 -4.099485e+01
9.989555e-01 4.568703e-02 -8.247769e-04 8.057398e+02 -4.563051e-02 9.983494e-01 3.487838e-02 -1.820192e+02 2.416905e-03 -3.480431e-02 9.993912e-01 -4.106662e+01
9.989675e-01 4.525716e-02 -3.960119e-03 8.072350e+02 -4.508938e-02 9.983573e-01 3.534948e-02 -1.820995e+02 5.553431e-03 -3.513443e-02 9.993672e-01 -4.115454e+01
9.989814e-01 4.481033e-02 -5.306588e-03 8.086981e+02 -4.460218e-02 9.984131e-01 3.438342e-02 -1.821735e+02 6.838899e-03 -3.411171e-02 9.993947e-01 -4.122588e+01
9.989445e-01 4.469597e-02 -1.059073e-02 8.102072e+02 -4.430474e-02 9.984162e-01 3.467250e-02 -1.822543e+02 1.212368e-02 -3.416668e-02 9.993426e-01 -4.130508e+01
9.989328e-01 4.467810e-02 -1.170918e-02 8.117030e+02 -4.426876e-02 9.984695e-01 3.315379e-02 -1.823289e+02 1.317251e-02 -3.260005e-02 9.993817e-01 -4.136892e+01
9.988946e-01 4.443313e-02 -1.533885e-02 8.132005e+02 -4.389987e-02 9.984738e-01 3.350806e-02 -1.823969e+02 1.680430e-02 -3.279765e-02 9.993207e-01 -4.146458e+01
9.989721e-01 4.389980e-02 -1.129530e-02 8.146938e+02 -4.349209e-02 9.984714e-01 3.411178e-02 -1.824763e+02 1.277553e-02 -3.358546e-02 9.993542e-01 -4.151134e+01
9.989406e-01 4.468212e-02 -1.101072e-02 8.161826e+02 -4.420188e-02 9.981989e-01 4.055927e-02 -1.825691e+02 1.280316e-02 -4.002960e-02 9.991165e-01 -4.161051e+01
9.989588e-01 4.461740e-02 -9.521241e-03 8.177004e+02 -4.423118e-02 9.983166e-01 3.751373e-02 -1.826503e+02 1.117898e-02 -3.705354e-02 9.992508e-01 -4.168546e+01
9.989533e-01 4.472982e-02 -9.564262e-03 8.192156e+02 -4.435073e-02 9.983405e-01 3.672956e-02 -1.827365e+02 1.119130e-02 -3.626693e-02 9.992795e-01 -4.177450e+01
9.989605e-01 4.472877e-02 -8.791393e-03 8.207189e+02 -4.441854e-02 9.984750e-01 3.278083e-02 -1.828069e+02 1.024423e-02 -3.235625e-02 9.994239e-01 -4.185759e+01
9.989290e-01 4.537739e-02 -9.043800e-03 8.222161e+02 -4.500414e-02 9.982672e-01 3.790778e-02 -1.828951e+02 1.074829e-02 -3.746017e-02 9.992403e-01 -4.194023e+01
9.989557e-01 4.488144e-02 -8.556863e-03 8.237458e+02 -4.453364e-02 9.983138e-01 3.723627e-02 -1.829702e+02 1.021365e-02 -3.681631e-02 9.992698e-01 -4.200645e+01
9.989082e-01 4.628170e-02 -6.355640e-03 8.252577e+02 -4.597082e-02 9.980373e-01 4.252049e-02 -1.830674e+02 8.311088e-03 -4.218189e-02 9.990754e-01 -4.209882e+01
9.989232e-01 4.624369e-02 -3.718450e-03 8.267891e+02 -4.605984e-02 9.981477e-01 3.974447e-02 -1.831328e+02 5.549494e-03 -3.953041e-02 9.992030e-01 -4.217525e+01
9.988685e-01 4.744151e-02 -3.321581e-03 8.282761e+02 -4.726512e-02 9.980348e-01 4.113646e-02 -1.832379e+02 5.266629e-03 -4.093292e-02 9.991480e-01 -4.229386e+01
9.988367e-01 4.819760e-02 -1.518026e-03 8.297896e+02 -4.810556e-02 9.981230e-01 3.789977e-02 -1.833213e+02 3.341855e-03 -3.778266e-02 9.992804e-01 -4.233678e+01
9.988328e-01 4.828950e-02 -1.033172e-03 8.312777e+02 -4.821122e-02 9.980577e-01 3.945325e-02 -1.834075e+02 2.936342e-03 -3.935739e-02 9.992209e-01 -4.245757e+01
9.987917e-01 4.914447e-02 -7.456623e-05 8.327927e+02 -4.910598e-02 9.980671e-01 3.808846e-02 -1.835013e+02 1.946259e-03 -3.803877e-02 9.992744e-01 -4.252555e+01
9.987424e-01 4.994282e-02 4.394258e-03 8.342870e+02 -5.007591e-02 9.979924e-01 3.877377e-02 -1.835902e+02 -2.448965e-03 -3.894505e-02 9.992384e-01 -4.260110e+01
9.987099e-01 5.054896e-02 4.833482e-03 8.357823e+02 -5.069458e-02 9.980153e-01 3.735225e-02 -1.836741e+02 -2.935773e-03 -3.754909e-02 9.992905e-01 -4.270427e+01
9.986871e-01 5.088429e-02 5.899011e-03 8.372831e+02 -5.106052e-02 9.980794e-01 3.507898e-02 -1.837700e+02 -4.102712e-03 -3.533413e-02 9.993671e-01 -4.276917e+01
9.986548e-01 5.137971e-02 6.969964e-03 8.387875e+02 -5.159902e-02 9.980134e-01 3.615158e-02 -1.838729e+02 -5.098659e-03 -3.646259e-02 9.993220e-01 -4.285612e+01
9.986038e-01 5.234126e-02 7.124455e-03 8.402575e+02 -5.256816e-02 9.979448e-01 3.664628e-02 -1.839709e+02 -5.191700e-03 -3.696964e-02 9.993029e-01 -4.292717e+01
9.985455e-01 5.319230e-02 8.808343e-03 8.417761e+02 -5.348428e-02 9.978782e-01 3.712993e-02 -1.840687e+02 -6.814627e-03 -3.754703e-02 9.992716e-01 -4.301713e+01
9.985333e-01 5.326539e-02 9.699643e-03 8.432430e+02 -5.359998e-02 9.978269e-01 3.832432e-02 -1.841566e+02 -7.637204e-03 -3.878800e-02 9.992183e-01 -4.308630e+01
9.984960e-01 5.420713e-02 8.202237e-03 8.447167e+02 -5.448639e-02 9.977573e-01 3.887742e-02 -1.842548e+02 -6.076409e-03 -3.926586e-02 9.992103e-01 -4.320107e+01
9.985131e-01 5.403689e-02 7.185936e-03 8.461978e+02 -5.427895e-02 9.977489e-01 3.938149e-02 -1.843345e+02 -5.041707e-03 -3.971298e-02 9.991984e-01 -4.327396e+01
9.984614e-01 5.484558e-02 8.180661e-03 8.476749e+02 -5.514785e-02 9.975523e-01 4.298708e-02 -1.844357e+02 -5.802988e-03 -4.337208e-02 9.990422e-01 -4.337276e+01
9.984231e-01 5.573396e-02 6.710594e-03 8.491526e+02 -5.598889e-02 9.973204e-01 4.708785e-02 -1.845347e+02 -4.068219e-03 -4.738932e-02 9.988682e-01 -4.345489e+01
9.983875e-01 5.626113e-02 7.557217e-03 8.506313e+02 -5.655992e-02 9.972461e-01 4.797012e-02 -1.846224e+02 -4.837552e-03 -4.832020e-02 9.988202e-01 -4.354745e+01
9.983905e-01 5.624193e-02 7.296346e-03 8.520964e+02 -5.653331e-02 9.971921e-01 4.910630e-02 -1.847192e+02 -4.514027e-03 -4.943975e-02 9.987669e-01 -4.363867e+01
9.983428e-01 5.699294e-02 7.970123e-03 8.535679e+02 -5.732828e-02 9.970326e-01 5.137246e-02 -1.848146e+02 -5.018606e-03 -5.174423e-02 9.986477e-01 -4.375229e+01
9.982606e-01 5.857968e-02 6.655206e-03 8.549939e+02 -5.883367e-02 9.970965e-01 4.834428e-02 -1.849076e+02 -3.803891e-03 -4.865174e-02 9.988086e-01 -4.383667e+01
9.982427e-01 5.891529e-02 6.364599e-03 8.564636e+02 -5.913466e-02 9.973296e-01 4.286063e-02 -1.850041e+02 -3.822456e-03 -4.316168e-02 9.990608e-01 -4.394822e+01
9.982495e-01 5.901843e-02 3.833895e-03 8.579258e+02 -5.912824e-02 9.973437e-01 4.253827e-02 -1.851031e+02 -1.313169e-03 -4.269050e-02 9.990875e-01 -4.404441e+01
9.982311e-01 5.936418e-02 3.261379e-03 8.593817e+02 -5.944865e-02 9.973586e-01 4.173586e-02 -1.852046e+02 -7.751486e-04 -4.185592e-02 9.991233e-01 -4.412787e+01
9.981962e-01 5.999883e-02 2.089047e-03 8.608374e+02 -6.003292e-02 9.972521e-01 4.340776e-02 -1.853075e+02 5.211083e-04 -4.345488e-02 9.990553e-01 -4.423514e+01
9.981566e-01 6.068409e-02 9.308575e-04 8.622913e+02 -6.066940e-02 9.972690e-01 4.211556e-02 -1.853996e+02 1.627429e-03 -4.209440e-02 9.991123e-01 -4.427897e+01
9.981487e-01 6.078216e-02 2.175380e-03 8.637355e+02 -6.081975e-02 9.972516e-01 4.230760e-02 -1.854923e+02 4.021461e-04 -4.236158e-02 9.991022e-01 -4.437634e+01
9.980336e-01 6.250504e-02 -4.694219e-03 8.651682e+02 -6.225652e-02 9.971918e-01 4.162715e-02 -1.856223e+02 7.282943e-03 -4.125305e-02 9.991222e-01 -4.451903e+01
9.981331e-01 6.106953e-02 9.752522e-04 8.666374e+02 -6.105482e-02 9.972048e-01 4.306892e-02 -1.857030e+02 1.657672e-03 -4.304806e-02 9.990716e-01 -4.451829e+01
9.980866e-01 6.175734e-02 -3.017846e-03 8.680556e+02 -6.150887e-02 9.966787e-01 5.336676e-02 -1.858052e+02 6.303613e-03 -5.307902e-02 9.985704e-01 -4.469980e+01
9.980759e-01 6.200379e-02 5.693757e-06 8.694808e+02 -6.194122e-02 9.970645e-01 4.500672e-02 -1.859017e+02 2.784910e-03 -4.492048e-02 9.989867e-01 -4.466494e+01
9.979565e-01 6.383006e-02 2.936398e-03 8.708977e+02 -6.389738e-02 9.967874e-01 4.829095e-02 -1.860173e+02 1.554494e-04 -4.837989e-02 9.988290e-01 -4.488533e+01
9.980767e-01 6.194289e-02 2.457513e-03 8.723499e+02 -6.199162e-02 9.972756e-01 3.998068e-02 -1.861191e+02 2.570089e-05 -4.005614e-02 9.991974e-01 -4.485888e+01
9.980232e-01 6.260095e-02 5.545859e-03 8.737534e+02 -6.279310e-02 9.969152e-01 4.708722e-02 -1.862384e+02 -2.581046e-03 -4.734238e-02 9.988754e-01 -4.510693e+01
9.981160e-01 6.134509e-02 1.121213e-03 8.751888e+02 -6.133674e-02 9.971969e-01 4.284764e-02 -1.863304e+02 1.510422e-03 -4.283569e-02 9.990810e-01 -4.507996e+01
9.981356e-01 6.077383e-02 5.644322e-03 8.765992e+02 -6.097755e-02 9.969413e-01 4.888203e-02 -1.864250e+02 -2.656311e-03 -4.913507e-02 9.987886e-01 -4.526237e+01
9.981661e-01 6.044455e-02 3.298044e-03 8.780111e+02 -6.053208e-02 9.971273e-01 4.552930e-02 -1.865253e+02 -5.365720e-04 -4.564544e-02 9.989576e-01 -4.523226e+01
9.980984e-01 6.052430e-02 1.168062e-02 8.794062e+02 -6.103459e-02 9.968890e-01 4.987098e-02 -1.866342e+02 -8.625874e-03 -5.048906e-02 9.986874e-01 -4.536560e+01
9.980984e-01 6.070630e-02 1.069371e-02 8.808259e+02 -6.114112e-02 9.970413e-01 4.658350e-02 -1.867333e+02 -7.834164e-03 -4.714874e-02 9.988571e-01 -4.542433e+01
9.979264e-01 6.239611e-02 1.579797e-02 8.822313e+02 -6.301424e-02 9.971184e-01 4.223693e-02 -1.868434e+02 -1.311703e-02 -4.314484e-02 9.989827e-01 -4.556005e+01
9.977471e-01 6.565790e-02 1.377378e-02 8.836221e+02 -6.613927e-02 9.970856e-01 3.802219e-02 -1.869350e+02 -1.123719e-02 -3.884752e-02 9.991820e-01 -4.561181e+01
9.974857e-01 6.919051e-02 1.532747e-02 8.850319e+02 -6.964716e-02 9.970715e-01 3.158757e-02 -1.870651e+02 -1.309702e-02 -3.257567e-02 9.993834e-01 -4.574327e+01
9.971247e-01 7.417616e-02 1.550100e-02 8.864266e+02 -7.463247e-02 9.967202e-01 3.128851e-02 -1.872023e+02 -1.312930e-02 -3.235542e-02 9.993902e-01 -4.581637e+01
9.968684e-01 7.784797e-02 1.389701e-02 8.878281e+02 -7.824595e-02 9.964565e-01 3.085618e-02 -1.873098e+02 -1.144567e-02 -3.184694e-02 9.994272e-01 -4.589643e+01
9.965520e-01 8.176748e-02 1.408043e-02 8.892332e+02 -8.219073e-02 9.960803e-01 3.269534e-02 -1.874396e+02 -1.135182e-02 -3.373989e-02 9.993662e-01 -4.593726e+01
9.961863e-01 8.620091e-02 1.350165e-02 8.906097e+02 -8.667640e-02 9.954391e-01 3.985407e-02 -1.875766e+02 -1.000461e-02 -4.087235e-02 9.991143e-01 -4.604625e+01
9.956934e-01 9.241449e-02 7.355435e-03 8.919961e+02 -9.263871e-02 9.948653e-01 4.075558e-02 -1.877192e+02 -3.551261e-03 -4.126146e-02 9.991421e-01 -4.610910e+01
9.949638e-01 1.000323e-01 6.379338e-03 8.933569e+02 -1.002117e-01 9.940991e-01 4.152712e-02 -1.878655e+02 -2.187639e-03 -4.195727e-02 9.991170e-01 -4.619972e+01
9.940892e-01 1.085664e-01 -1.663505e-04 8.947434e+02 -1.084770e-01 9.933301e-01 3.908881e-02 -1.880257e+02 4.408974e-03 -3.883972e-02 9.992357e-01 -4.627624e+01
9.931181e-01 1.170819e-01 2.864433e-03 8.961227e+02 -1.171072e-01 9.924221e-01 3.720194e-02 -1.881963e+02 1.512949e-03 -3.728136e-02 9.993036e-01 -4.634834e+01
9.920812e-01 1.255980e-01 -1.559150e-05 8.974999e+02 -1.255022e-01 9.913291e-01 3.893324e-02 -1.883846e+02 4.905393e-03 -3.862298e-02 9.992418e-01 -4.644457e+01
9.912655e-01 1.317811e-01 5.134367e-03 8.988636e+02 -1.318809e-01 9.905769e-01 3.694088e-02 -1.885626e+02 -2.178771e-04 -3.729535e-02 9.993042e-01 -4.647213e+01
9.904424e-01 1.377298e-01 7.370958e-03 9.002315e+02 -1.379191e-01 9.895397e-01 4.229986e-02 -1.887693e+02 -1.467905e-03 -4.291217e-02 9.990778e-01 -4.658736e+01
9.896753e-01 1.430963e-01 8.134807e-03 9.016055e+02 -1.433125e-01 9.887946e-01 4.179563e-02 -1.889702e+02 -2.062853e-03 -4.252992e-02 9.990931e-01 -4.663219e+01
9.887885e-01 1.489980e-01 9.841627e-03 9.029490e+02 -1.492925e-01 9.877639e-01 4.510268e-02 -1.891920e+02 -3.000996e-03 -4.606629e-02 9.989339e-01 -4.677473e+01
9.879899e-01 1.543013e-01 8.186554e-03 9.043173e+02 -1.545142e-01 9.869624e-01 4.506078e-02 -1.894119e+02 -1.126885e-03 -4.578453e-02 9.989507e-01 -4.680355e+01
9.869240e-01 1.608683e-01 1.011712e-02 9.056579e+02 -1.611667e-01 9.858351e-01 4.641616e-02 -1.896451e+02 -2.506921e-03 -4.743977e-02 9.988710e-01 -4.693992e+01
9.860099e-01 1.664102e-01 9.600141e-03 9.070082e+02 -1.666774e-01 9.849339e-01 4.608363e-02 -1.898839e+02 -1.786716e-03 -4.703904e-02 9.988915e-01 -4.697169e+01
9.849657e-01 1.722764e-01 1.278047e-02 9.083502e+02 -1.726911e-01 9.838613e-01 4.684539e-02 -1.901374e+02 -4.503851e-03 -4.834818e-02 9.988204e-01 -4.710497e+01
9.839292e-01 1.782136e-01 1.110351e-02 9.097082e+02 -1.785386e-01 9.828558e-01 4.602357e-02 -1.903823e+02 -2.711122e-03 -4.726634e-02 9.988787e-01 -4.717432e+01
9.826173e-01 1.852680e-01 1.179053e-02 9.110424e+02 -1.856192e-01 9.815215e-01 4.648877e-02 -1.906459e+02 -2.959773e-03 -4.786922e-02 9.988492e-01 -4.728143e+01
9.811661e-01 1.929475e-01 9.184135e-03 9.123859e+02 -1.931659e-01 9.800863e-01 4.601858e-02 -1.909226e+02 -1.220750e-04 -4.692593e-02 9.988984e-01 -4.735158e+01
9.793053e-01 2.020596e-01 1.153167e-02 9.137337e+02 -2.023835e-01 9.780846e-01 4.890217e-02 -1.912065e+02 -1.397797e-03 -5.022398e-02 9.987370e-01 -4.743086e+01
9.791527e-01 2.027865e-01 1.172962e-02 9.136810e+02 -2.031192e-01 9.779401e-01 4.874229e-02 -1.912254e+02 -1.586585e-03 -5.010866e-02 9.987425e-01 -4.742802e+01