1.000000e+00 0.000000e+00 0.000000e+00 0.000000e+00 0.000000e+00 1.000000e+00 0.000000e+00 0.000000e+00 0.000000e+00 0.000000e+00 1.000000e+00 0.000000e+00
9.999966e-01 -2.484120e-03 7.602677e-04 1.450795e+00 2.484357e-03 9.999969e-01 -3.107602e-04 2.833194e-02 -7.594933e-04 3.126479e-04 9.999996e-01 1.785849e-03
9.999915e-01 -3.681384e-03 1.835858e-03 2.617234e+00 3.681496e-03 9.999933e-01 -5.754312e-05 1.633863e-02 -1.835634e-03 6.430134e-05 9.999983e-01 -2.375564e-02
9.999883e-01 -4.758622e-03 8.483144e-04 3.776603e+00 4.760043e-03 9.999872e-01 -1.681453e-03 -9.096701e-03 -8.403023e-04 1.685471e-03 9.999982e-01 -5.188682e-02
9.999871e-01 -4.886980e-03 1.393075e-03 4.915916e+00 4.885627e-03 9.999876e-01 9.723552e-04 -1.482987e-02 -1.397810e-03 -9.655366e-04 9.999986e-01 -6.891856e-02
9.999825e-01 -5.384066e-03 2.443506e-03 6.033082e+00 5.380872e-03 9.999846e-01 1.312039e-03 -3.536367e-02 -2.450533e-03 -1.298868e-03 9.999961e-01 -1.068425e-01
9.999837e-01 -5.087011e-03 2.609160e-03 7.149941e+00 5.083103e-03 9.999861e-01 1.502083e-03 -3.917905e-02 -2.616764e-03 -1.488796e-03 9.999955e-01 -9.581297e-02
9.999832e-01 -5.403072e-03 2.101088e-03 8.266047e+00 5.402938e-03 9.999856e-01 6.939622e-05 -4.768170e-02 -2.101432e-03 -5.804301e-05 9.999978e-01 -1.451534e-01
9.999771e-01 -5.070137e-03 4.491624e-03 9.384005e+00 5.067213e-03 9.999870e-01 6.621320e-04 -4.800055e-02 -4.494923e-03 -6.393568e-04 9.999897e-01 -1.514092e-01
9.999778e-01 -5.270324e-03 4.082027e-03 1.050445e+01 5.264600e-03 9.999852e-01 1.411616e-03 -6.254426e-02 -4.089406e-03 -1.390095e-03 9.999907e-01 -1.680882e-01
9.999713e-01 -5.269993e-03 5.445075e-03 1.160677e+01 5.257373e-03 9.999834e-01 2.329397e-03 -7.629249e-02 -5.457261e-03 -2.300704e-03 9.999825e-01 -2.057313e-01
9.999813e-01 -4.294396e-03 4.349986e-03 1.270168e+01 4.277186e-03 9.999831e-01 3.958236e-03 -9.119146e-02 -4.366910e-03 -3.939557e-03 9.999827e-01 -2.209541e-01
9.999818e-01 -3.313132e-03 5.041112e-03 1.381690e+01 3.291460e-03 9.999853e-01 4.301280e-03 -1.039351e-01 -5.055289e-03 -4.284610e-03 9.999781e-01 -2.493764e-01
9.999882e-01 -1.965448e-03 4.442690e-03 1.492915e+01 1.935544e-03 9.999756e-01 6.725349e-03 -1.164118e-01 -4.455800e-03 -6.716670e-03 9.999675e-01 -2.818074e-01
9.999890e-01 -8.624874e-04 4.616011e-03 1.604150e+01 8.213989e-04 9.999602e-01 8.895814e-03 -1.326076e-01 -4.623500e-03 -8.891925e-03 9.999498e-01 -3.018448e-01
9.999934e-01 -3.598640e-05 3.614566e-03 1.714855e+01 6.120717e-08 9.999505e-01 9.938513e-03 -1.447701e-01 -3.614746e-03 -9.938448e-03 9.999441e-01 -3.339943e-01
9.999934e-01 2.153171e-03 2.917923e-03 1.826836e+01 -2.183157e-03 9.999443e-01 1.031247e-02 -1.626861e-01 -2.895556e-03 -1.031877e-02 9.999425e-01 -3.692740e-01
9.999906e-01 3.819966e-03 2.071508e-03 1.938544e+01 -3.842994e-03 9.999297e-01 1.122911e-02 -1.731083e-01 -2.028468e-03 -1.123696e-02 9.999348e-01 -3.951910e-01
9.999861e-01 5.229772e-03 7.130454e-04 2.049858e+01 -5.237553e-03 9.999216e-01 1.138599e-02 -1.986826e-01 -6.534433e-04 -1.138956e-02 9.999349e-01 -4.338507e-01
9.999692e-01 7.847349e-03 3.190236e-04 2.161468e+01 -7.850540e-03 9.999011e-01 1.167433e-02 -2.203138e-01 -2.273794e-04 -1.167648e-02 9.999318e-01 -4.609807e-01
9.999468e-01 1.025137e-02 -1.088310e-03 2.274827e+01 -1.023640e-02 9.998636e-01 1.296816e-02 -2.483903e-01 1.221103e-03 -1.295633e-02 9.999153e-01 -4.901076e-01
9.999291e-01 1.189923e-02 3.119710e-04 2.386732e+01 -1.190241e-02 9.998333e-01 1.384818e-02 -2.743864e-01 -1.471362e-04 -1.385091e-02 9.999040e-01 -5.297772e-01
9.999112e-01 1.328451e-02 -1.016622e-03 2.499409e+01 -1.326692e-02 9.997886e-01 1.569687e-02 -3.074133e-01 1.224932e-03 -1.568199e-02 9.998763e-01 -5.602286e-01
9.998798e-01 1.550233e-02 -1.583838e-04 2.614016e+01 -1.549785e-02 9.997532e-01 1.590609e-02 -3.458335e-01 4.049262e-04 -1.590172e-02 9.998735e-01 -5.924611e-01
9.998568e-01 1.691885e-02 -3.973669e-04 2.727353e+01 -1.690974e-02 9.997145e-01 1.687812e-02 -3.839663e-01 6.828118e-04 -1.686898e-02 9.998575e-01 -6.296851e-01
9.998255e-01 1.867356e-02 -4.696605e-04 2.842264e+01 -1.866333e-02 9.996910e-01 1.642246e-02 -4.135613e-01 7.761810e-04 -1.641083e-02 9.998651e-01 -6.688128e-01
9.997970e-01 2.014590e-02 2.228314e-04 2.957895e+01 -2.014677e-02 9.996519e-01 1.703062e-02 -4.530548e-01 1.203433e-04 -1.703165e-02 9.998549e-01 -7.062217e-01
9.997547e-01 2.214614e-02 -1.114294e-04 3.074816e+01 -2.214120e-02 9.996157e-01 1.668428e-02 -4.906513e-01 4.808789e-04 -1.667772e-02 9.998608e-01 -7.378681e-01
9.997175e-01 2.376489e-02 5.047626e-04 3.191465e+01 -2.377005e-02 9.995711e-01 1.710225e-02 -5.328485e-01 -9.811315e-05 -1.710941e-02 9.998536e-01 -7.854011e-01
9.996763e-01 2.544191e-02 -2.710515e-04 3.307534e+01 -2.543324e-02 9.995226e-01 1.753725e-02 -5.795626e-01 7.171032e-04 -1.752467e-02 9.998462e-01 -8.135766e-01
9.996271e-01 2.730625e-02 1.173356e-04 3.425768e+01 -2.730423e-02 9.994791e-01 1.720547e-02 -6.237649e-01 3.525424e-04 -1.720226e-02 9.998519e-01 -8.614842e-01
9.995789e-01 2.901762e-02 -3.814290e-05 3.544320e+01 -2.901279e-02 9.994349e-01 1.697256e-02 -6.730623e-01 5.306246e-04 -1.696431e-02 9.998559e-01 -8.999612e-01
9.995438e-01 3.019752e-02 5.020133e-04 3.662193e+01 -3.020169e-02 9.994092e-01 1.639560e-02 -7.138492e-01 -6.610295e-06 -1.640328e-02 9.998655e-01 -9.372091e-01
9.994633e-01 3.275821e-02 3.400604e-04 3.782795e+01 -3.275933e-02 9.993250e-01 1.661287e-02 -7.815426e-01 2.043769e-04 -1.661509e-02 9.998620e-01 -9.773837e-01
9.993750e-01 3.533811e-02 9.014694e-04 3.902161e+01 -3.534787e-02 9.992541e-01 1.555303e-02 -8.296735e-01 -3.511822e-04 -1.557517e-02 9.998786e-01 -1.010417e+00
9.993002e-01 3.740194e-02 5.444856e-04 4.023421e+01 -3.740590e-02 9.991864e-01 1.508491e-02 -9.020323e-01 2.016255e-05 -1.509473e-02 9.998861e-01 -1.055187e+00
9.992288e-01 3.923035e-02 1.648062e-03 4.144559e+01 -3.924981e-02 9.991289e-01 1.417077e-02 -9.631970e-01 -1.090702e-03 -1.422453e-02 9.998983e-01 -1.084210e+00
9.991750e-01 4.058893e-02 1.412068e-03 4.265365e+01 -4.060533e-02 9.990671e-01 1.469645e-02 -1.023877e+00 -8.142373e-04 -1.474166e-02 9.998910e-01 -1.129926e+00
9.990953e-01 4.249150e-02 1.736157e-03 4.387880e+01 -4.251250e-02 9.989873e-01 1.472631e-02 -1.094751e+00 -1.108656e-03 -1.478679e-02 9.998900e-01 -1.158521e+00
9.990558e-01 4.340267e-02 1.915567e-03 4.510695e+01 -4.342685e-02 9.989407e-01 1.522058e-02 -1.160877e+00 -1.252923e-03 -1.528940e-02 9.998823e-01 -1.199029e+00
9.989909e-01 4.480941e-02 3.059224e-03 4.634130e+01 -4.485273e-02 9.988658e-01 1.597564e-02 -1.220227e+00 -2.339895e-03 -1.609674e-02 9.998677e-01 -1.234286e+00
9.990085e-01 4.435915e-02 3.786395e-03 4.758477e+01 -4.441722e-02 9.988692e-01 1.695236e-02 -1.296514e+00 -3.030121e-03 -1.710373e-02 9.998491e-01 -1.270871e+00
9.989951e-01 4.460077e-02 4.413319e-03 4.883511e+01 -4.467005e-02 9.988555e-01 1.709380e-02 -1.369027e+00 -3.645872e-03 -1.727376e-02 9.998441e-01 -1.313617e+00
9.989888e-01 4.464500e-02 5.307466e-03 5.009422e+01 -4.472610e-02 9.988662e-01 1.629621e-02 -1.436024e+00 -4.573905e-03 -1.651711e-02 9.998531e-01 -1.349782e+00
9.989740e-01 4.513605e-02 3.712196e-03 5.136332e+01 -4.518907e-02 9.988546e-01 1.571536e-02 -1.515309e+00 -2.998616e-03 -1.586699e-02 9.998696e-01 -1.400487e+00
9.989876e-01 4.471342e-02 4.959589e-03 5.262709e+01 -4.479032e-02 9.988574e-01 1.666205e-02 -1.586663e+00 -4.208905e-03 -1.686732e-02 9.998489e-01 -1.434678e+00
9.989701e-01 4.528143e-02 2.894399e-03 5.389717e+01 -4.532745e-02 9.988000e-01 1.854554e-02 -1.664392e+00 -2.051158e-03 -1.865763e-02 9.998238e-01 -1.491524e+00
9.989520e-01 4.576894e-02 1.723071e-04 5.518829e+01 -4.576374e-02 9.987662e-01 1.928718e-02 -1.739326e+00 7.106591e-04 -1.927485e-02 9.998140e-01 -1.523349e+00
9.989192e-01 4.642641e-02 -2.242073e-03 5.647562e+01 -4.637676e-02 9.987504e-01 1.862526e-02 -1.807228e+00 3.103975e-03 -1.850115e-02 9.998240e-01 -1.569106e+00
9.988533e-01 4.768028e-02 -4.323601e-03 5.777429e+01 -4.759682e-02 9.987099e-01 1.769844e-02 -1.888016e+00 5.161889e-03 -1.747235e-02 9.998340e-01 -1.609173e+00
9.988056e-01 4.846456e-02 -6.200543e-03 5.905929e+01 -4.834808e-02 9.986732e-01 1.772669e-02 -1.962702e+00 7.051433e-03 -1.740574e-02 9.998236e-01 -1.659882e+00
9.986920e-01 5.058958e-02 -7.417256e-03 6.038197e+01 -5.043875e-02 9.985411e-01 1.927940e-02 -2.044836e+00 8.381771e-03 -1.888006e-02 9.997866e-01 -1.696714e+00
9.985816e-01 5.241503e-02 -9.348623e-03 6.171500e+01 -5.223604e-02 9.984641e-01 1.845950e-02 -2.128079e+00 1.030182e-02 -1.794498e-02 9.997859e-01 -1.734637e+00
9.985206e-01 5.371260e-02 -8.466901e-03 6.301655e+01 -5.354722e-02 9.983907e-01 1.867934e-02 -2.207702e+00 9.456590e-03 -1.819832e-02 9.997897e-01 -1.785079e+00
9.984186e-01 5.542657e-02 -9.394594e-03 6.436828e+01 -5.525358e-02 9.983143e-01 1.776882e-02 -2.299177e+00 1.036362e-02 -1.722164e-02 9.997980e-01 -1.827531e+00
9.983063e-01 5.733347e-02 -9.864459e-03 6.569508e+01 -5.714653e-02 9.981983e-01 1.828993e-02 -2.392466e+00 1.089531e-02 -1.769524e-02 9.997841e-01 -1.877986e+00
9.980907e-01 6.062438e-02 -1.181299e-02 6.703375e+01 -6.041151e-02 9.980181e-01 1.761325e-02 -2.504389e+00 1.285737e-02 -1.686598e-02 9.997751e-01 -1.915054e+00
9.979077e-01 6.338973e-02 -1.272574e-02 6.839206e+01 -6.314885e-02 9.978323e-01 1.851334e-02 -2.605220e+00 1.387171e-02 -1.767099e-02 9.997476e-01 -1.957128e+00
9.976597e-01 6.667328e-02 -1.515965e-02 6.972948e+01 -6.639451e-02 9.976274e-01 1.820421e-02 -2.700127e+00 1.633741e-02 -1.715509e-02 9.997194e-01 -2.009187e+00
9.974866e-01 6.915210e-02 -1.544254e-02 7.109823e+01 -6.886773e-02 9.974588e-01 1.824495e-02 -2.809102e+00 1.666497e-02 -1.713560e-02 9.997143e-01 -2.053883e+00
9.973105e-01 7.161605e-02 -1.558604e-02 7.245935e+01 -7.134022e-02 9.972970e-01 1.758745e-02 -2.917812e+00 1.680345e-02 -1.642824e-02 9.997239e-01 -2.097913e+00
9.971731e-01 7.316435e-02 -1.711061e-02 7.383879e+01 -7.286345e-02 9.971865e-01 1.759399e-02 -3.038662e+00 1.834973e-02 -1.629751e-02 9.996988e-01 -2.153116e+00
9.970421e-01 7.522757e-02 -1.574209e-02 7.520567e+01 -7.496025e-02 9.970427e-01 1.693335e-02 -3.152274e+00 1.696939e-02 -1.570323e-02 9.997327e-01 -2.195135e+00
9.969550e-01 7.610796e-02 -1.698139e-02 7.656197e+01 -7.583000e-02 9.969852e-01 1.645368e-02 -3.270088e+00 1.818244e-02 -1.511588e-02 9.997204e-01 -2.246735e+00
9.968548e-01 7.732753e-02 -1.734515e-02 7.793559e+01 -7.706306e-02 9.969066e-01 1.543092e-02 -3.387754e+00 1.848473e-02 -1.404572e-02 9.997305e-01 -2.282486e+00
9.966859e-01 7.931446e-02 -1.806717e-02 7.930112e+01 -7.907340e-02 9.967748e-01 1.368842e-02 -3.510474e+00 1.909459e-02 -1.221442e-02 9.997430e-01 -2.331777e+00
9.966092e-01 8.004085e-02 -1.906526e-02 8.067894e+01 -7.980242e-02 9.967266e-01 1.295601e-02 -3.634637e+00 2.003986e-02 -1.139062e-02 9.997343e-01 -2.381549e+00
9.964880e-01 8.136097e-02 -1.980313e-02 8.205116e+01 -8.112024e-02 9.966238e-01 1.267153e-02 -3.769254e+00 2.076724e-02 -1.102060e-02 9.997236e-01 -2.411052e+00
9.963777e-01 8.257650e-02 -2.031366e-02 8.341447e+01 -8.230938e-02 9.965132e-01 1.365328e-02 -3.896728e+00 2.137027e-02 -1.193182e-02 9.997004e-01 -2.463139e+00
9.962838e-01 8.385997e-02 -1.964756e-02 8.477670e+01 -8.358894e-02 9.963986e-01 1.423371e-02 -4.026102e+00 2.077044e-02 -1.253850e-02 9.997057e-01 -2.496541e+00
9.961687e-01 8.502891e-02 -2.044619e-02 8.614742e+01 -8.475124e-02 9.963027e-01 1.408528e-02 -4.156186e+00 2.156825e-02 -1.229847e-02 9.996917e-01 -2.542746e+00
9.960939e-01 8.609132e-02 -1.962425e-02 8.751114e+01 -8.580781e-02 9.962008e-01 1.485987e-02 -4.291841e+00 2.082900e-02 -1.311791e-02 9.996970e-01 -2.586362e+00
9.959362e-01 8.797135e-02 -1.929114e-02 8.888668e+01 -8.768780e-02 9.960338e-01 1.508406e-02 -4.427151e+00 2.054159e-02 -1.333116e-02 9.997001e-01 -2.627676e+00
9.958966e-01 8.860070e-02 -1.843381e-02 9.026373e+01 -8.829241e-02 9.959509e-01 1.691639e-02 -4.569507e+00 1.985797e-02 -1.521941e-02 9.996870e-01 -2.676235e+00
9.958304e-01 8.945475e-02 -1.787664e-02 9.163357e+01 -8.915003e-02 9.958701e-01 1.717314e-02 -4.701020e+00 1.933903e-02 -1.550783e-02 9.996927e-01 -2.723706e+00
9.958060e-01 8.983392e-02 -1.732487e-02 9.300032e+01 -8.953365e-02 9.958321e-01 1.739303e-02 -4.843627e+00 1.881514e-02 -1.576892e-02 9.996986e-01 -2.776896e+00
9.958079e-01 8.993056e-02 -1.670779e-02 9.436978e+01 -8.965725e-02 9.958370e-01 1.644587e-02 -4.988220e+00 1.811722e-02 -1.487895e-02 9.997252e-01 -2.813622e+00
9.956831e-01 9.124258e-02 -1.702691e-02 9.573857e+01 -9.096861e-02 9.957217e-01 1.622725e-02 -5.131285e+00 1.843468e-02 -1.460828e-02 9.997233e-01 -2.869226e+00
9.956761e-01 9.161694e-02 -1.534244e-02 9.711073e+01 -9.136800e-02 9.956853e-01 1.621023e-02 -5.272258e+00 1.676137e-02 -1.473833e-02 9.997509e-01 -2.918542e+00
9.955983e-01 9.245202e-02 -1.538670e-02 9.846319e+01 -9.219682e-02 9.956033e-01 1.654324e-02 -5.412898e+00 1.684851e-02 -1.505182e-02 9.997448e-01 -2.963628e+00
9.955626e-01 9.296247e-02 -1.459993e-02 9.982390e+01 -9.272519e-02 9.955605e-01 1.616750e-02 -5.548676e+00 1.603808e-02 -1.474197e-02 9.997627e-01 -3.022635e+00
9.955078e-01 9.347175e-02 -1.507139e-02 1.011690e+02 -9.322968e-02 9.955153e-01 1.603648e-02 -5.698981e+00 1.650276e-02 -1.455934e-02 9.997578e-01 -3.062275e+00
9.954805e-01 9.390381e-02 -1.416691e-02 1.025141e+02 -9.367165e-02 9.954705e-01 1.624807e-02 -5.831715e+00 1.562850e-02 -1.484760e-02 9.997676e-01 -3.116617e+00
9.954600e-01 9.413701e-02 -1.405809e-02 1.038658e+02 -9.388901e-02 9.954311e-01 1.736771e-02 -5.972960e+00 1.562881e-02 -1.596896e-02 9.997503e-01 -3.160579e+00
9.953460e-01 9.527826e-02 -1.443567e-02 1.052030e+02 -9.501883e-02 9.953181e-01 1.770370e-02 -6.120083e+00 1.605486e-02 -1.624965e-02 9.997391e-01 -3.215260e+00
9.951409e-01 9.728082e-02 -1.520217e-02 1.065580e+02 -9.699366e-02 9.951110e-01 1.860730e-02 -6.262496e+00 1.693798e-02 -1.704237e-02 9.997113e-01 -3.265616e+00
9.949806e-01 9.887418e-02 -1.541068e-02 1.079004e+02 -9.858663e-02 9.949580e-01 1.842024e-02 -6.413256e+00 1.715426e-02 -1.680850e-02 9.997116e-01 -3.316473e+00
9.947662e-01 1.009988e-01 -1.547466e-02 1.092363e+02 -1.007006e-01 9.947358e-01 1.897183e-02 -6.569507e+00 1.730933e-02 -1.731423e-02 9.997002e-01 -3.364520e+00
9.947089e-01 1.018003e-01 -1.381837e-02 1.105736e+02 -1.015250e-01 9.946446e-01 1.934981e-02 -6.718988e+00 1.571419e-02 -1.784452e-02 9.997173e-01 -3.410372e+00
9.946213e-01 1.027231e-01 -1.328558e-02 1.119242e+02 -1.024495e-01 9.945400e-01 1.985731e-02 -6.876860e+00 1.525285e-02 -1.838940e-02 9.997146e-01 -3.460897e+00
9.945657e-01 1.032804e-01 -1.312526e-02 1.132743e+02 -1.030099e-01 9.944824e-01 1.984653e-02 -7.035300e+00 1.510260e-02 -1.838664e-02 9.997169e-01 -3.510794e+00
9.945851e-01 1.032837e-01 -1.153113e-02 1.146188e+02 -1.030372e-01 9.944714e-01 2.024704e-02 -7.188920e+00 1.355857e-02 -1.894927e-02 9.997285e-01 -3.559932e+00
9.945553e-01 1.032967e-01 -1.376722e-02 1.159767e+02 -1.030039e-01 9.944695e-01 2.051030e-02 -7.341320e+00 1.580973e-02 -1.898055e-02 9.996948e-01 -3.613223e+00
9.945697e-01 1.033592e-01 -1.216731e-02 1.173394e+02 -1.030787e-01 9.944347e-01 2.178316e-02 -7.502511e+00 1.435109e-02 -2.041068e-02 9.996887e-01 -3.661721e+00
9.945245e-01 1.034497e-01 -1.480536e-02 1.186907e+02 -1.030944e-01 9.944049e-01 2.302979e-02 -7.656944e+00 1.710495e-02 -2.137734e-02 9.996251e-01 -3.731818e+00
9.945855e-01 1.030429e-01 -1.348938e-02 1.200542e+02 -1.027039e-01 9.944274e-01 2.378524e-02 -7.804667e+00 1.586511e-02 -2.227104e-02 9.996261e-01 -3.764525e+00
9.945245e-01 1.033875e-01 -1.523307e-02 1.214333e+02 -1.030150e-01 9.944023e-01 2.349318e-02 -7.968071e+00 1.757670e-02 -2.179531e-02 9.996079e-01 -3.832346e+00
9.945124e-01 1.035788e-01 -1.471600e-02 1.228019e+02 -1.032400e-01 9.944092e-01 2.217343e-02 -8.123602e+00 1.693043e-02 -2.053246e-02 9.996458e-01 -3.886176e+00
9.944912e-01 1.036784e-01 -1.543233e-02 1.241799e+02 -1.033250e-01 9.944006e-01 2.216627e-02 -8.281731e+00 1.764408e-02 -2.044962e-02 9.996352e-01 -3.939718e+00
9.944550e-01 1.040232e-01 -1.544359e-02 1.255551e+02 -1.036772e-01 9.943736e-01 2.173245e-02 -8.441443e+00 1.761737e-02 -2.001080e-02 9.996445e-01 -3.997794e+00
9.944254e-01 1.041621e-01 -1.638189e-02 1.269475e+02 -1.037748e-01 9.943362e-01 2.294498e-02 -8.602448e+00 1.867910e-02 -2.111704e-02 9.996025e-01 -4.044241e+00
9.943376e-01 1.046973e-01 -1.820244e-02 1.283280e+02 -1.042494e-01 9.942610e-01 2.402456e-02 -8.759065e+00 2.061328e-02 -2.199093e-02 9.995456e-01 -4.110036e+00
9.942231e-01 1.054874e-01 -1.982280e-02 1.297297e+02 -1.049999e-01 9.941775e-01 2.420800e-02 -8.918428e+00 2.226102e-02 -2.198676e-02 9.995104e-01 -4.161632e+00
9.941341e-01 1.062104e-01 -2.041361e-02 1.311209e+02 -1.057320e-01 9.941230e-01 2.324004e-02 -9.077796e+00 2.276198e-02 -2.094534e-02 9.995215e-01 -4.221232e+00
9.940348e-01 1.072254e-01 -1.993609e-02 1.325299e+02 -1.067742e-01 9.940295e-01 2.246713e-02 -9.245567e+00 2.222611e-02 -2.020445e-02 9.995488e-01 -4.280256e+00
9.939789e-01 1.077915e-01 -1.967143e-02 1.339303e+02 -1.073841e-01 9.940020e-01 2.071250e-02 -9.422525e+00 2.178607e-02 -1.847539e-02 9.995919e-01 -4.322072e+00
9.938509e-01 1.089610e-01 -1.969168e-02 1.353445e+02 -1.085863e-01 9.939018e-01 1.919141e-02 -9.592495e+00 2.166270e-02 -1.693515e-02 9.996219e-01 -4.376330e+00
9.938184e-01 1.094916e-01 -1.834450e-02 1.367417e+02 -1.091281e-01 9.938310e-01 1.977099e-02 -9.757275e+00 2.039609e-02 -1.764687e-02 9.996362e-01 -4.429308e+00
9.936542e-01 1.110965e-01 -1.757478e-02 1.381562e+02 -1.106998e-01 9.936075e-01 2.212927e-02 -9.936091e+00 1.992092e-02 -2.004332e-02 9.996006e-01 -4.485055e+00
9.935622e-01 1.119402e-01 -1.742362e-02 1.395584e+02 -1.115214e-01 9.934865e-01 2.339558e-02 -1.010546e+01 1.992904e-02 -2.130185e-02 9.995744e-01 -4.550735e+00
9.934463e-01 1.129651e-01 -1.741751e-02 1.409739e+02 -1.125659e-01 9.933915e-01 2.241121e-02 -1.028178e+01 1.983409e-02 -2.030372e-02 9.995971e-01 -4.596804e+00
9.933175e-01 1.141232e-01 -1.721284e-02 1.423875e+02 -1.137187e-01 9.932492e-01 2.288547e-02 -1.046851e+01 1.970840e-02 -2.077512e-02 9.995899e-01 -4.655119e+00
9.931670e-01 1.152115e-01 -1.858979e-02 1.438102e+02 -1.147595e-01 9.931084e-01 2.378570e-02 -1.064580e+01 2.120207e-02 -2.148981e-02 9.995442e-01 -4.714206e+00
9.930552e-01 1.163688e-01 -1.731282e-02 1.452272e+02 -1.159220e-01 9.929463e-01 2.489808e-02 -1.082853e+01 2.008806e-02 -2.271823e-02 9.995401e-01 -4.775998e+00
9.929886e-01 1.170157e-01 -1.676033e-02 1.466576e+02 -1.165694e-01 9.928547e-01 2.551142e-02 -1.100856e+01 1.962581e-02 -2.337881e-02 9.995340e-01 -4.831816e+00
9.929793e-01 1.173971e-01 -1.449134e-02 1.480777e+02 -1.170114e-01 9.928136e-01 2.508774e-02 -1.120202e+01 1.733243e-02 -2.321595e-02 9.995802e-01 -4.882380e+00
9.929309e-01 1.181484e-01 -1.136809e-02 1.495046e+02 -1.178041e-01 9.926623e-01 2.727287e-02 -1.138942e+01 1.450692e-02 -2.574087e-02 9.995634e-01 -4.954055e+00
9.928806e-01 1.187269e-01 -9.587863e-03 1.509393e+02 -1.184213e-01 9.925733e-01 2.783736e-02 -1.158752e+01 1.282170e-02 -2.650377e-02 9.995665e-01 -5.003871e+00
9.927329e-01 1.201583e-01 -6.591791e-03 1.523701e+02 -1.199185e-01 9.923542e-01 2.920528e-02 -1.177474e+01 1.005065e-02 -2.820257e-02 9.995517e-01 -5.093428e+00
9.927326e-01 1.202678e-01 -4.190031e-03 1.538053e+02 -1.201120e-01 9.923905e-01 2.709839e-02 -1.197073e+01 7.417212e-03 -2.639819e-02 9.996240e-01 -5.136872e+00
9.926708e-01 1.208485e-01 -4.779737e-04 1.552267e+02 -1.207890e-01 9.922916e-01 2.769555e-02 -1.216619e+01 3.821255e-03 -2.743483e-02 9.996163e-01 -5.221754e+00
9.926978e-01 1.206272e-01 2.875212e-04 1.566588e+02 -1.205938e-01 9.923618e-01 2.598571e-02 -1.235120e+01 2.849257e-03 -2.583063e-02 9.996623e-01 -5.266896e+00
9.925171e-01 1.220906e-01 1.915408e-03 1.580957e+02 -1.220988e-01 9.921739e-01 2.613018e-02 -1.254517e+01 1.289831e-03 -2.616852e-02 9.996567e-01 -5.359215e+00
9.924492e-01 1.226460e-01 1.612610e-03 1.595142e+02 -1.226484e-01 9.921447e-01 2.462697e-02 -1.274329e+01 1.420457e-03 -2.463880e-02 9.996954e-01 -5.398499e+00
9.921425e-01 1.250695e-01 3.303369e-03 1.609444e+02 -1.251130e-01 9.918293e-01 2.492506e-02 -1.294349e+01 -1.590131e-04 -2.514250e-02 9.996839e-01 -5.487360e+00
9.919259e-01 1.267869e-01 2.843258e-03 1.623651e+02 -1.268186e-01 9.916420e-01 2.372675e-02 -1.315131e+01 1.887458e-04 -2.389575e-02 9.997144e-01 -5.528557e+00
9.917180e-01 1.283635e-01 4.267300e-03 1.637856e+02 -1.284278e-01 9.914560e-01 2.282905e-02 -1.335206e+01 -1.300425e-03 -2.318802e-02 9.997303e-01 -5.593138e+00
9.915532e-01 1.296139e-01 4.733565e-03 1.652063e+02 -1.296867e-01 9.913174e-01 2.170058e-02 -1.355772e+01 -1.879769e-03 -2.213116e-02 9.997533e-01 -5.646971e+00
9.911739e-01 1.323729e-01 7.189075e-03 1.666196e+02 -1.325018e-01 9.909350e-01 2.216012e-02 -1.376925e+01 -4.190505e-03 -2.291710e-02 9.997286e-01 -5.705544e+00
9.908727e-01 1.345695e-01 7.889885e-03 1.680306e+02 -1.347232e-01 9.905891e-01 2.413663e-02 -1.398330e+01 -4.567582e-03 -2.497928e-02 9.996775e-01 -5.770917e+00
9.905198e-01 1.372718e-01 5.200001e-03 1.694305e+02 -1.373595e-01 9.902066e-01 2.496470e-02 -1.418852e+01 -1.722126e-03 -2.544229e-02 9.996748e-01 -5.835537e+00
9.901249e-01 1.400822e-01 5.444943e-03 1.708441e+02 -1.401748e-01 9.898171e-01 2.476170e-02 -1.440594e+01 -1.920824e-03 -2.528042e-02 9.996786e-01 -5.908770e+00
9.896485e-01 1.434983e-01 2.026256e-03 1.722365e+02 -1.435046e-01 9.893466e-01 2.448278e-02 -1.462687e+01 1.508567e-03 -2.452013e-02 9.996982e-01 -5.950948e+00
9.890298e-01 1.476850e-01 3.030942e-03 1.736347e+02 -1.477143e-01 9.887087e-01 2.521533e-02 -1.483957e+01 7.272053e-04 -2.538642e-02 9.996774e-01 -6.032531e+00
9.885737e-01 1.507364e-01 7.794913e-04 1.750166e+02 -1.507114e-01 9.882857e-01 2.403697e-02 -1.507707e+01 2.852886e-03 -2.387980e-02 9.997107e-01 -6.083399e+00
9.881276e-01 1.536213e-01 2.071706e-03 1.764082e+02 -1.536298e-01 9.878887e-01 2.176834e-02 -1.530723e+01 1.297465e-03 -2.182817e-02 9.997609e-01 -6.137795e+00
9.876136e-01 1.568840e-01 2.630882e-03 1.777895e+02 -1.569039e-01 9.873742e-01 2.175300e-02 -1.554191e+01 8.150310e-04 -2.189635e-02 9.997599e-01 -6.204462e+00
9.871334e-01 1.598437e-01 4.206902e-03 1.791589e+02 -1.598976e-01 9.868948e-01 2.170991e-02 -1.577595e+01 -6.815793e-04 -2.210324e-02 9.997554e-01 -6.248046e+00
9.864734e-01 1.638757e-01 3.875103e-03 1.805325e+02 -1.639215e-01 9.862121e-01 2.270527e-02 -1.602260e+01 -1.008307e-04 -2.303336e-02 9.997347e-01 -6.312435e+00
9.858117e-01 1.676960e-01 7.311528e-03 1.818883e+02 -1.678213e-01 9.855531e-01 2.282960e-02 -1.627529e+01 -3.377466e-03 -2.373272e-02 9.997126e-01 -6.373471e+00
9.851087e-01 1.717040e-01 8.862739e-03 1.832670e+02 -1.718605e-01 9.848791e-01 2.183829e-02 -1.652925e+01 -4.979006e-03 -2.303625e-02 9.997222e-01 -6.416224e+00
9.843730e-01 1.757189e-01 1.152021e-02 1.846203e+02 -1.759358e-01 9.841610e-01 2.176720e-02 -1.678744e+01 -7.512832e-03 -2.345386e-02 9.996967e-01 -6.491641e+00
9.834887e-01 1.804357e-01 1.388758e-02 1.859685e+02 -1.807112e-01 9.832876e-01 2.212222e-02 -1.705882e+01 -9.663842e-03 -2.426659e-02 9.996588e-01 -6.533235e+00
9.824759e-01 1.858879e-01 1.366368e-02 1.873046e+02 -1.861603e-01 9.822615e-01 2.250655e-02 -1.733723e+01 -9.237615e-03 -2.465578e-02 9.996533e-01 -6.596422e+00
9.814289e-01 1.911912e-01 1.559956e-02 1.886374e+02 -1.914992e-01 9.812579e-01 2.146824e-02 -1.761208e+01 -1.120265e-02 -2.405685e-02 9.996478e-01 -6.656759e+00
9.804190e-01 1.962409e-01 1.637226e-02 1.899469e+02 -1.965513e-01 9.802856e-01 2.018611e-02 -1.789156e+01 -1.208815e-02 -2.300883e-02 9.996622e-01 -6.703662e+00
9.793019e-01 2.016461e-01 1.751316e-02 1.912637e+02 -2.019991e-01 9.791501e-01 2.148647e-02 -1.817324e+01 -1.281535e-02 -2.457939e-02 9.996157e-01 -6.779774e+00
9.782018e-01 2.069407e-01 1.722738e-02 1.925677e+02 -2.072894e-01 9.780372e-01 2.177420e-02 -1.847048e+01 -1.234305e-02 -2.487062e-02 9.996145e-01 -6.817995e+00
9.771243e-01 2.119804e-01 1.709883e-02 1.938327e+02 -2.123459e-01 9.769111e-01 2.353197e-02 -1.876383e+01 -1.171573e-02 -2.662453e-02 9.995769e-01 -6.889339e+00
9.761802e-01 2.162941e-01 1.700106e-02 1.950945e+02 -2.166716e-01 9.759270e-01 2.489580e-02 -1.905331e+01 -1.120698e-02 -2.798643e-02 9.995455e-01 -6.944308e+00
9.751791e-01 2.207234e-01 1.751693e-02 1.963272e+02 -2.211270e-01 9.748982e-01 2.601214e-02 -1.935627e+01 -1.133573e-02 -2.923997e-02 9.995081e-01 -7.003752e+00
9.742917e-01 2.245900e-01 1.775054e-02 1.975527e+02 -2.249985e-01 9.740140e-01 2.593353e-02 -1.965717e+01 -1.146486e-02 -2.926066e-02 9.995061e-01 -7.071258e+00
9.739348e-01 2.260141e-01 1.920084e-02 1.987512e+02 -2.264617e-01 9.736812e-01 2.568347e-02 -1.994414e+01 -1.289067e-02 -2.936228e-02 9.994857e-01 -7.125461e+00
9.733920e-01 2.284492e-01 1.786379e-02 1.999296e+02 -2.288578e-01 9.731193e-01 2.575077e-02 -2.024653e+01 -1.150085e-02 -2.915386e-02 9.995088e-01 -7.199319e+00
9.727857e-01 2.310246e-01 1.776427e-02 2.010710e+02 -2.314059e-01 9.725683e-01 2.371037e-02 -2.053975e+01 -1.179929e-02 -2.717586e-02 9.995610e-01 -7.243323e+00
9.723688e-01 2.327184e-01 1.846920e-02 2.021954e+02 -2.331207e-01 9.721545e-01 2.388484e-02 -2.081630e+01 -1.239647e-02 -2.753043e-02 9.995441e-01 -7.309021e+00
9.717182e-01 2.353523e-01 1.931442e-02 2.032891e+02 -2.357750e-01 9.715186e-01 2.369934e-02 -2.109771e+01 -1.318662e-02 -2.758294e-02 9.995325e-01 -7.364606e+00
9.710555e-01 2.380605e-01 1.945181e-02 2.043688e+02 -2.385076e-01 9.708105e-01 2.531518e-02 -2.138568e+01 -1.285748e-02 -2.922185e-02 9.994903e-01 -7.410305e+00
9.705292e-01 2.402138e-01 1.924560e-02 2.054235e+02 -2.406811e-01 9.702150e-01 2.748709e-02 -2.165312e+01 -1.206959e-02 -3.130908e-02 9.994369e-01 -7.478519e+00
9.698219e-01 2.431587e-01 1.786705e-02 2.064572e+02 -2.436053e-01 9.694189e-01 2.972512e-02 -2.192909e+01 -1.009273e-02 -3.318058e-02 9.993984e-01 -7.530945e+00
9.687849e-01 2.474410e-01 1.512307e-02 2.074799e+02 -2.477999e-01 9.683361e-01 3.033743e-02 -2.220271e+01 -7.137494e-03 -3.313794e-02 9.994253e-01 -7.587418e+00
9.670920e-01 2.541549e-01 1.176323e-02 2.084803e+02 -2.544017e-01 9.666138e-01 3.061927e-02 -2.248558e+01 -3.588463e-03 -3.260423e-02 9.994619e-01 -7.639913e+00
9.647731e-01 2.629474e-01 8.465219e-03 2.094755e+02 -2.630836e-01 9.642633e-01 3.135620e-02 -2.276118e+01 8.233171e-05 -3.247868e-02 9.994724e-01 -7.700441e+00
9.619521e-01 2.731250e-01 7.134910e-03 2.104602e+02 -2.732120e-01 9.614263e-01 3.185790e-02 -2.305571e+01 1.841499e-03 -3.259512e-02 9.994670e-01 -7.744586e+00
9.592899e-01 2.823244e-01 7.470360e-03 2.114567e+02 -2.824157e-01 9.587353e-01 3.267280e-02 -2.335450e+01 2.062229e-03 -3.345243e-02 9.994382e-01 -7.799195e+00
9.571790e-01 2.893050e-01 1.053272e-02 2.124424e+02 -2.894964e-01 9.565991e-01 3.331514e-02 -2.368159e+01 -4.373481e-04 -3.493774e-02 9.993894e-01 -7.845804e+00
9.560364e-01 2.929821e-01 1.248771e-02 2.134161e+02 -2.932391e-01 9.554741e-01 3.286320e-02 -2.398750e+01 -2.303349e-03 -3.508030e-02 9.993818e-01 -7.897470e+00
9.553083e-01 2.952600e-01 1.441073e-02 2.143966e+02 -2.955783e-01 9.547955e-01 3.161336e-02 -2.430589e+01 -4.425141e-03 -3.446001e-02 9.993963e-01 -7.964901e+00
9.551833e-01 2.956991e-01 1.367609e-02 2.153716e+02 -2.959899e-01 9.546850e-01 3.108981e-02 -2.461916e+01 -3.863133e-03 -3.374445e-02 9.994230e-01 -8.011772e+00
9.551263e-01 2.959155e-01 1.294952e-02 2.163396e+02 -2.961821e-01 9.546229e-01 3.116585e-02 -2.492432e+01 -3.139446e-03 -3.360274e-02 9.994304e-01 -8.079000e+00
9.551284e-01 2.959721e-01 1.141174e-02 2.173115e+02 -2.961883e-01 9.545989e-01 3.183347e-02 -2.523950e+01 -1.471817e-03 -3.378508e-02 9.994280e-01 -8.121892e+00
9.553120e-01 2.954078e-01 1.064528e-02 2.182739e+02 -2.955986e-01 9.547790e-01 3.190864e-02 -2.554946e+01 -7.378277e-04 -3.362944e-02 9.994341e-01 -8.164315e+00
9.558783e-01 2.935288e-01 1.173084e-02 2.192602e+02 -2.937558e-01 9.553730e-01 3.113824e-02 -2.585627e+01 -2.067360e-03 -3.321037e-02 9.994463e-01 -8.223856e+00
9.564490e-01 2.917367e-01 9.746494e-03 2.202271e+02 -2.918991e-01 9.559641e-01 3.045687e-02 -2.616390e+01 -4.319143e-04 -3.197543e-02 9.994885e-01 -8.272090e+00
9.570822e-01 2.896592e-01 9.546634e-03 2.211930e+02 -2.898159e-01 9.566252e-01 2.958100e-02 -2.646639e+01 -5.641384e-04 -3.107822e-02 9.995168e-01 -8.324849e+00
9.575175e-01 2.882536e-01 8.373874e-03 2.221725e+02 -2.883746e-01 9.570487e-01 2.996193e-02 -2.678004e+01 6.224297e-04 -3.110388e-02 9.995160e-01 -8.372255e+00
9.580322e-01 2.865599e-01 7.601404e-03 2.231502e+02 -2.866563e-01 9.575332e-01 3.095492e-02 -2.709004e+01 1.591844e-03 -3.183480e-02 9.994919e-01 -8.416754e+00
9.584249e-01 2.852616e-01 6.894870e-03 2.241517e+02 -2.853346e-01 9.579049e-01 3.165632e-02 -2.738857e+01 2.425704e-03 -3.230756e-02 9.994750e-01 -8.466154e+00
9.587449e-01 2.842151e-01 5.486894e-03 2.251422e+02 -2.842439e-01 9.582329e-01 3.154856e-02 -2.769500e+01 3.708853e-03 -3.180663e-02 9.994872e-01 -8.518418e+00
9.591480e-01 2.828768e-01 3.971042e-03 2.261388e+02 -2.828574e-01 9.586366e-01 3.174642e-02 -2.800184e+01 5.173539e-03 -3.157275e-02 9.994881e-01 -8.570575e+00
9.590917e-01 2.830917e-01 1.498420e-03 2.271487e+02 -2.829949e-01 9.585955e-01 3.175574e-02 -2.831042e+01 7.553407e-03 -3.088071e-02 9.994946e-01 -8.622863e+00
9.588799e-01 2.838120e-01 5.429238e-05 2.281648e+02 -2.836679e-01 9.583871e-01 3.203953e-02 -2.862379e+01 9.041168e-03 -3.073746e-02 9.994866e-01 -8.670770e+00
9.587127e-01 2.843745e-01 -1.039477e-03 2.291820e+02 -2.842023e-01 9.582472e-01 3.148445e-02 -2.894011e+01 9.949453e-03 -2.988912e-02 9.995037e-01 -8.719396e+00
9.586790e-01 2.844894e-01 -5.916259e-04 2.302234e+02 -2.843294e-01 9.582057e-01 3.159671e-02 -2.926321e+01 9.555828e-03 -3.012289e-02 9.995005e-01 -8.765696e+00
9.585661e-01 2.848588e-01 -2.562968e-03 2.312534e+02 -2.846380e-01 9.581089e-01 3.175662e-02 -2.957976e+01 1.150175e-02 -2.971130e-02 9.994923e-01 -8.816905e+00
9.583975e-01 2.854329e-01 -1.505719e-03 2.322928e+02 -2.852427e-01 9.579269e-01 3.182291e-02 -2.990609e+01 1.052567e-02 -3.006950e-02 9.994924e-01 -8.868581e+00
9.583153e-01 2.857098e-01 -1.339280e-03 2.333487e+02 -2.855081e-01 9.577953e-01 3.336546e-02 -3.023406e+01 1.081559e-02 -3.159225e-02 9.994423e-01 -8.919765e+00
9.581359e-01 2.863106e-01 -1.362914e-03 2.343991e+02 -2.861046e-01 9.576068e-01 3.366514e-02 -3.055592e+01 1.094382e-02 -3.186584e-02 9.994323e-01 -8.979947e+00
9.579816e-01 2.868286e-01 -7.326868e-04 2.354639e+02 -2.866313e-01 9.574112e-01 3.473380e-02 -3.090216e+01 1.066413e-02 -3.306434e-02 9.993963e-01 -9.026577e+00
9.577410e-01 2.876271e-01 -1.702498e-03 2.365245e+02 -2.873887e-01 9.571571e-01 3.547081e-02 -3.123049e+01 1.183192e-02 -3.348257e-02 9.993693e-01 -9.090670e+00
9.574022e-01 2.887578e-01 -2.159048e-04 2.376079e+02 -2.885617e-01 9.567790e-01 3.613937e-02 -3.158447e+01 1.064210e-02 -3.453761e-02 9.993467e-01 -9.135599e+00
9.572160e-01 2.893732e-01 -9.076158e-04 2.386906e+02 -2.891263e-01 9.565198e-01 3.841775e-02 -3.192517e+01 1.198522e-02 -3.651167e-02 9.992614e-01 -9.201317e+00
9.570071e-01 2.900614e-01 1.316041e-03 2.397831e+02 -2.898887e-01 9.562597e-01 3.913928e-02 -3.226433e+01 1.009432e-02 -3.783807e-02 9.992329e-01 -9.265034e+00
9.566489e-01 2.912382e-01 1.763113e-03 2.408777e+02 -2.910701e-01 9.558526e-01 4.029664e-02 -3.262653e+01 1.005065e-02 -3.906292e-02 9.991862e-01 -9.312579e+00
9.564085e-01 2.920214e-01 2.502972e-03 2.419861e+02 -2.918927e-01 9.556522e-01 3.908496e-02 -3.297528e+01 9.021672e-03 -3.811179e-02 9.992328e-01 -9.390924e+00
9.562734e-01 2.924515e-01 3.655523e-03 2.430854e+02 -2.923667e-01 9.555079e-01 3.906935e-02 -3.332455e+01 7.933007e-03 -3.842973e-02 9.992298e-01 -9.437103e+00
9.561530e-01 2.928409e-01 3.940107e-03 2.442080e+02 -2.927749e-01 9.554262e-01 3.799885e-02 -3.369731e+01 7.363136e-03 -3.748628e-02 9.992700e-01 -9.514177e+00
9.560543e-01 2.931431e-01 5.213042e-03 2.453320e+02 -2.931339e-01 9.553761e-01 3.645217e-02 -3.405907e+01 5.705286e-03 -3.637837e-02 9.993218e-01 -9.565716e+00
9.559387e-01 2.935422e-01 3.756484e-03 2.464602e+02 -2.934934e-01 9.553381e-01 3.450288e-02 -3.441706e+01 6.539340e-03 -3.408514e-02 9.993975e-01 -9.632861e+00
9.559034e-01 2.936573e-01 3.748106e-03 2.475998e+02 -2.936154e-01 9.553413e-01 3.336421e-02 -3.477938e+01 6.216923e-03 -3.299346e-02 9.994363e-01 -9.693530e+00
9.559207e-01 2.936236e-01 9.082691e-04 2.487419e+02 -2.934929e-01 9.553933e-01 3.294563e-02 -3.513471e+01 8.805860e-03 -3.175998e-02 9.994567e-01 -9.757914e+00
9.558787e-01 2.937599e-01 9.612022e-04 2.498739e+02 -2.936400e-01 9.553843e-01 3.188493e-02 -3.550969e+01 8.448199e-03 -3.076038e-02 9.994911e-01 -9.812507e+00
9.557742e-01 2.941015e-01 -1.867488e-04 2.510188e+02 -2.939436e-01 9.552815e-01 3.216148e-02 -3.586864e+01 9.637138e-03 -3.068422e-02 9.994827e-01 -9.870186e+00
9.557582e-01 2.941524e-01 8.159583e-04 2.521636e+02 -2.940102e-01 9.552023e-01 3.385707e-02 -3.623258e+01 9.179734e-03 -3.259907e-02 9.994264e-01 -9.934630e+00
9.558272e-01 2.939289e-01 3.116438e-04 2.533188e+02 -2.937512e-01 9.552114e-01 3.579768e-02 -3.660348e+01 1.022429e-02 -3.430795e-02 9.993590e-01 -9.993658e+00
9.558135e-01 2.939731e-01 -5.068439e-04 2.544791e+02 -2.937684e-01 9.552096e-01 3.570366e-02 -3.698323e+01 1.098006e-02 -3.397714e-02 9.993623e-01 -1.005773e+01
9.557893e-01 2.940419e-01 -2.476362e-03 2.556414e+02 -2.937966e-01 9.552754e-01 3.365261e-02 -3.735719e+01 1.226089e-02 -3.143726e-02 9.994305e-01 -1.011744e+01
9.558000e-01 2.940134e-01 -1.561719e-03 2.568209e+02 -2.938209e-01 9.553416e-01 3.149084e-02 -3.774180e+01 1.075070e-02 -2.964008e-02 9.995028e-01 -1.016719e+01
9.557655e-01 2.941296e-01 -2.018972e-04 2.579939e+02 -2.939668e-01 9.552590e-01 3.261689e-02 -3.811763e+01 9.786455e-03 -3.111475e-02 9.994679e-01 -1.023368e+01
9.557124e-01 2.943020e-01 5.390029e-05 2.591834e+02 -2.941391e-01 9.551773e-01 3.344288e-02 -3.850229e+01 9.790822e-03 -3.197763e-02 9.994406e-01 -1.028196e+01
9.555731e-01 2.947519e-01 -1.166000e-03 2.603819e+02 -2.945612e-01 9.550833e-01 3.240049e-02 -3.888688e+01 1.066373e-02 -3.061758e-02 9.994743e-01 -1.036123e+01
9.554608e-01 2.951159e-01 1.072441e-03 2.615831e+02 -2.949962e-01 9.549564e-01 3.217834e-02 -3.927794e+01 8.472205e-03 -3.106151e-02 9.994816e-01 -1.041028e+01
9.551380e-01 2.961594e-01 9.722137e-04 2.627924e+02 -2.960297e-01 9.546118e-01 3.290656e-02 -3.966578e+01 8.817500e-03 -3.171811e-02 9.994580e-01 -1.047486e+01
9.547961e-01 2.972548e-01 -1.987192e-03 2.639966e+02 -2.970293e-01 9.542933e-01 3.313328e-02 -4.005325e+01 1.174539e-02 -3.104527e-02 9.994490e-01 -1.054199e+01
9.542091e-01 2.990709e-01 -6.447659e-03 2.652083e+02 -2.987275e-01 9.538027e-01 3.196908e-02 -4.044086e+01 1.571082e-02 -2.857910e-02 9.994681e-01 -1.060434e+01
9.538174e-01 3.003005e-01 -7.201263e-03 2.664306e+02 -2.999381e-01 9.534286e-01 3.179526e-02 -4.083329e+01 1.641402e-02 -2.816694e-02 9.994684e-01 -1.066901e+01
9.529814e-01 3.028168e-01 -1.133446e-02 2.676495e+02 -3.023210e-01 9.526449e-01 3.270438e-02 -4.123092e+01 2.070116e-02 -2.774002e-02 9.994008e-01 -1.073101e+01
9.527128e-01 3.036833e-01 -1.071219e-02 2.688647e+02 -3.031561e-01 9.522955e-01 3.506239e-02 -4.162442e+01 2.084904e-02 -3.015692e-02 9.993277e-01 -1.079682e+01
9.526348e-01 3.039970e-01 -8.538228e-03 2.700838e+02 -3.035092e-01 9.521304e-01 3.646496e-02 -4.202554e+01 1.921474e-02 -3.214635e-02 9.992985e-01 -1.084896e+01
9.526243e-01 3.040140e-01 -9.082939e-03 2.713051e+02 -3.034891e-01 9.520985e-01 3.745627e-02 -4.243286e+01 2.003508e-02 -3.292518e-02 9.992570e-01 -1.093355e+01
9.527971e-01 3.035107e-01 -7.673686e-03 2.725284e+02 -3.030354e-01 9.522486e-01 3.731254e-02 -4.284048e+01 1.863201e-02 -3.322588e-02 9.992742e-01 -1.100519e+01
9.528576e-01 3.033091e-01 -8.121919e-03 2.737407e+02 -3.028296e-01 9.523355e-01 3.676329e-02 -4.324647e+01 1.888543e-02 -3.257063e-02 9.992910e-01 -1.107090e+01
9.529680e-01 3.029721e-01 -7.735888e-03 2.749696e+02 -3.025265e-01 9.524755e-01 3.561227e-02 -4.364452e+01 1.815777e-02 -3.159704e-02 9.993358e-01 -1.114338e+01
9.530507e-01 3.027314e-01 -6.927998e-03 2.761956e+02 -3.023100e-01 9.525409e-01 3.569925e-02 -4.404774e+01 1.740649e-02 -3.192879e-02 9.993386e-01 -1.120907e+01
9.531057e-01 3.025999e-01 -4.768066e-03 2.774188e+02 -3.022678e-01 9.526020e-01 3.440681e-02 -4.445438e+01 1.495356e-02 -3.135210e-02 9.993966e-01 -1.127787e+01
9.533187e-01 3.019419e-01 -3.822022e-03 2.786454e+02 -3.016462e-01 9.528148e-01 3.396158e-02 -4.485734e+01 1.389610e-02 -3.122331e-02 9.994158e-01 -1.134475e+01
9.533930e-01 3.017243e-01 -2.037855e-03 2.798696e+02 -3.014719e-01 9.528321e-01 3.501362e-02 -4.526615e+01 1.250619e-02 -3.276739e-02 9.993848e-01 -1.142165e+01
9.535474e-01 3.012298e-01 -2.805938e-03 2.811177e+02 -3.009385e-01 9.529612e-01 3.607072e-02 -4.568055e+01 1.353953e-02 -3.355072e-02 9.993453e-01 -1.149388e+01
9.535294e-01 3.012886e-01 -2.601593e-03 2.823436e+02 -3.009990e-01 9.529276e-01 3.645112e-02 -4.608315e+01 1.346144e-02 -3.397414e-02 9.993321e-01 -1.156591e+01
9.536639e-01 3.008596e-01 -2.944720e-03 2.835764e+02 -3.005466e-01 9.530369e-01 3.731126e-02 -4.648883e+01 1.403188e-02 -3.469737e-02 9.992993e-01 -1.163302e+01
9.538893e-01 3.001177e-01 -4.949040e-03 2.848028e+02 -2.997171e-01 9.532510e-01 3.849920e-02 -4.688403e+01 1.627197e-02 -3.524066e-02 9.992464e-01 -1.171149e+01
9.538736e-01 3.001739e-01 -4.568797e-03 2.860285e+02 -2.997757e-01 9.532045e-01 3.918825e-02 -4.728227e+01 1.611829e-02 -3.601102e-02 9.992214e-01 -1.177376e+01
9.540085e-01 2.997416e-01 -4.781274e-03 2.872726e+02 -2.993630e-01 9.534020e-01 3.750357e-02 -4.768730e+01 1.579985e-02 -3.434738e-02 9.992850e-01 -1.185893e+01
9.540889e-01 2.995210e-01 -1.240166e-03 2.885033e+02 -2.992995e-01 9.535270e-01 3.473058e-02 -4.809179e+01 1.158507e-02 -3.276487e-02 9.993960e-01 -1.191265e+01
9.540904e-01 2.995181e-01 6.925077e-04 2.897320e+02 -2.993677e-01 9.535329e-01 3.397468e-02 -4.849667e+01 9.515703e-03 -3.262223e-02 9.994224e-01 -1.198804e+01
9.542871e-01 2.988611e-01 4.252693e-03 2.909583e+02 -2.988161e-01 9.536308e-01 3.601501e-02 -4.890128e+01 6.707988e-03 -3.563944e-02 9.993422e-01 -1.204681e+01
9.542655e-01 2.988400e-01 8.488023e-03 2.921792e+02 -2.989426e-01 9.535117e-01 3.806140e-02 -4.930257e+01 3.280842e-03 -3.885812e-02 9.992393e-01 -1.212364e+01
9.542052e-01 2.990769e-01 6.748253e-03 2.934141e+02 -2.991051e-01 9.534055e-01 3.942113e-02 -4.970617e+01 5.356126e-03 -3.963428e-02 9.991999e-01 -1.220651e+01
9.541646e-01 2.990278e-01 1.234386e-02 2.946295e+02 -2.992825e-01 9.533513e-01 3.938742e-02 -5.010601e+01 9.901356e-06 -4.127638e-02 9.991478e-01 -1.226686e+01
9.540666e-01 2.994561e-01 9.102050e-03 2.958593e+02 -2.995739e-01 9.532053e-01 4.068425e-02 -5.052035e+01 3.507024e-03 -4.154222e-02 9.991306e-01 -1.234697e+01
9.540932e-01 2.991861e-01 1.392285e-02 2.970808e+02 -2.995055e-01 9.533008e-01 3.891123e-02 -5.091893e+01 -1.630961e-03 -4.129491e-02 9.991457e-01 -1.241101e+01
9.538554e-01 3.000742e-01 1.074046e-02 2.983014e+02 -3.002603e-01 9.529992e-01 4.045168e-02 -5.132025e+01 1.902855e-03 -4.180999e-02 9.991238e-01 -1.251771e+01
9.539472e-01 2.996854e-01 1.316348e-02 2.995344e+02 -2.999732e-01 9.531455e-01 3.910879e-02 -5.171721e+01 -8.263802e-04 -4.125642e-02 9.991482e-01 -1.256467e+01
9.540020e-01 2.997695e-01 4.290609e-03 3.007754e+02 -2.996873e-01 9.531524e-01 4.108626e-02 -5.212513e+01 8.226804e-03 -4.048222e-02 9.991464e-01 -1.264237e+01
9.538995e-01 3.000437e-01 7.033573e-03 3.020164e+02 -3.000968e-01 9.532164e-01 3.633806e-02 -5.253199e+01 4.198493e-03 -3.677362e-02 9.993148e-01 -1.269137e+01
9.537622e-01 3.005444e-01 3.280937e-03 3.032556e+02 -3.004492e-01 9.530470e-01 3.783840e-02 -5.293769e+01 8.245232e-03 -3.707459e-02 9.992785e-01 -1.278242e+01
9.537992e-01 3.003519e-01 7.473854e-03 3.045113e+02 -3.004250e-01 9.531553e-01 3.521202e-02 -5.334326e+01 3.452253e-03 -3.583053e-02 9.993519e-01 -1.284440e+01
9.537769e-01 3.003993e-01 8.356106e-03 3.057473e+02 -3.004980e-01 9.530526e-01 3.730363e-02 -5.375478e+01 3.242177e-03 -3.809034e-02 9.992691e-01 -1.290530e+01
9.537427e-01 3.004211e-01 1.104575e-02 3.070156e+02 -3.006240e-01 9.530615e-01 3.604061e-02 -5.417675e+01 3.000777e-04 -3.769409e-02 9.992893e-01 -1.297273e+01
9.536649e-01 3.007457e-01 8.673452e-03 3.082857e+02 -3.008476e-01 9.528371e-01 3.990337e-02 -5.459475e+01 3.736381e-03 -4.066382e-02 9.991659e-01 -1.305860e+01
9.536788e-01 3.007511e-01 6.738533e-03 3.095494e+02 -3.007838e-01 9.529262e-01 3.821733e-02 -5.500094e+01 5.072579e-03 -3.847390e-02 9.992467e-01 -1.312288e+01
9.534166e-01 3.016094e-01 5.330313e-03 3.108112e+02 -3.015865e-01 9.526659e-01 3.838237e-02 -5.542176e+01 6.498476e-03 -3.820194e-02 9.992489e-01 -1.320105e+01
9.535431e-01 3.012478e-01 2.321130e-03 3.121154e+02 -3.011292e-01 9.528869e-01 3.643842e-02 -5.584807e+01 8.765221e-03 -3.544456e-02 9.993332e-01 -1.326957e+01
9.536040e-01 3.010381e-01 3.948342e-03 3.133859e+02 -3.009732e-01 9.529126e-01 3.704984e-02 -5.626388e+01 7.390988e-03 -3.651922e-02 9.993056e-01 -1.334580e+01
9.536493e-01 3.008685e-01 5.575839e-03 3.146716e+02 -3.008580e-01 9.529115e-01 3.799946e-02 -5.669218e+01 6.119561e-03 -3.791570e-02 9.992622e-01 -1.340681e+01
9.537764e-01 3.004760e-01 4.969511e-03 3.159706e+02 -3.004352e-01 9.530003e-01 3.910368e-02 -5.711947e+01 7.013770e-03 -3.878918e-02 9.992228e-01 -1.347272e+01
9.541587e-01 2.992700e-01 4.317389e-03 3.172744e+02 -2.991937e-01 9.533305e-01 4.054661e-02 -5.753190e+01 8.018487e-03 -3.997964e-02 9.991683e-01 -1.355892e+01
9.541430e-01 2.993337e-01 3.242643e-03 3.185651e+02 -2.992154e-01 9.533277e-01 4.045555e-02 -5.796416e+01 9.018408e-03 -3.957063e-02 9.991761e-01 -1.362194e+01
9.544444e-01 2.983862e-01 1.247834e-03 3.198790e+02 -2.981805e-01 9.536134e-01 4.135074e-02 -5.839212e+01 1.114854e-02 -3.983906e-02 9.991439e-01 -1.370732e+01
9.544013e-01 2.985210e-01 1.845465e-03 3.211875e+02 -2.983454e-01 9.535879e-01 4.074316e-02 -5.882113e+01 1.040288e-02 -3.943591e-02 9.991679e-01 -1.378431e+01
9.546577e-01 2.976996e-01 1.907799e-03 3.225131e+02 -2.975141e-01 9.537936e-01 4.198986e-02 -5.924329e+01 1.068072e-02 -4.065354e-02 9.991162e-01 -1.386474e+01
9.547802e-01 2.972802e-01 4.374090e-03 3.238216e+02 -2.971887e-01 9.538550e-01 4.288663e-02 -5.967795e+01 8.577101e-03 -4.224724e-02 9.990703e-01 -1.394555e+01
9.548327e-01 2.970803e-01 6.145836e-03 3.251647e+02 -2.970447e-01 9.537754e-01 4.557766e-02 -6.012137e+01 7.678479e-03 -4.534463e-02 9.989419e-01 -1.401752e+01
9.551096e-01 2.961905e-01 6.069438e-03 3.264926e+02 -2.961457e-01 9.540137e-01 4.642946e-02 -6.055196e+01 7.961636e-03 -4.614266e-02 9.989032e-01 -1.412002e+01
9.552963e-01 2.955348e-01 8.257433e-03 3.278245e+02 -2.955882e-01 9.541522e-01 4.713053e-02 -6.098117e+01 6.049863e-03 -4.746442e-02 9.988546e-01 -1.420250e+01
9.554654e-01 2.950306e-01 6.536436e-03 3.291494e+02 -2.949987e-01 9.543048e-01 4.772823e-02 -6.141072e+01 7.843536e-03 -4.753092e-02 9.988390e-01 -1.429811e+01
9.554803e-01 2.949305e-01 8.569147e-03 3.304995e+02 -2.949945e-01 9.542938e-01 4.797353e-02 -6.185032e+01 5.971371e-03 -4.836562e-02 9.988118e-01 -1.439393e+01
9.553913e-01 2.951896e-01 9.517142e-03 3.318430e+02 -2.953072e-01 9.542782e-01 4.633211e-02 -6.229437e+01 4.594753e-03 -4.707577e-02 9.988807e-01 -1.447072e+01
9.552607e-01 2.954580e-01 1.347726e-02 3.332092e+02 -2.957640e-01 9.541332e-01 4.641002e-02 -6.274456e+01 8.531120e-04 -4.831976e-02 9.988316e-01 -1.455363e+01
9.553657e-01 2.950771e-01 1.434942e-02 3.345698e+02 -2.954258e-01 9.542643e-01 4.586281e-02 -6.319003e+01 -1.600720e-04 -4.805494e-02 9.988447e-01 -1.464420e+01
9.553236e-01 2.951668e-01 1.527445e-02 3.359191e+02 -2.955613e-01 9.541311e-01 4.772042e-02 -6.362548e+01 -4.883423e-04 -5.010298e-02 9.987440e-01 -1.474310e+01
9.551752e-01 2.956627e-01 1.496285e-02 3.372849e+02 -2.960405e-01 9.540489e-01 4.637583e-02 -6.407528e+01 -5.636909e-04 -4.872665e-02 9.988120e-01 -1.483622e+01
9.550430e-01 2.960197e-01 1.628673e-02 3.386537e+02 -2.964622e-01 9.539101e-01 4.654132e-02 -6.451625e+01 -1.758930e-03 -4.927736e-02 9.987836e-01 -1.492493e+01
9.550555e-01 2.960356e-01 1.522749e-02 3.400276e+02 -2.964256e-01 9.539459e-01 4.603096e-02 -6.496280e+01 -8.993950e-04 -4.847594e-02 9.988239e-01 -1.502258e+01
9.549215e-01 2.964288e-01 1.596646e-02 3.413817e+02 -2.968573e-01 9.536889e-01 4.851092e-02 -6.540175e+01 -8.469964e-04 -5.106388e-02 9.986950e-01 -1.509279e+01
9.550878e-01 2.961068e-01 1.131853e-02 3.427616e+02 -2.962941e-01 9.537642e-01 5.043393e-02 -6.584060e+01 4.138623e-03 -5.152244e-02 9.986632e-01 -1.519667e+01
9.550322e-01 2.962928e-01 1.113662e-02 3.441365e+02 -2.964614e-01 9.536071e-01 5.238587e-02 -6.628870e+01 4.901594e-03 -5.333177e-02 9.985648e-01 -1.528673e+01
9.550704e-01 2.963241e-01 5.697289e-03 3.455316e+02 -2.961973e-01 9.536359e-01 5.334220e-02 -6.673630e+01 1.037344e-02 -5.263309e-02 9.985600e-01 -1.539866e+01
9.549947e-01 2.965235e-01 7.684660e-03 3.469229e+02 -2.965040e-01 9.535571e-01 5.305038e-02 -6.719477e+01 8.402918e-03 -5.294136e-02 9.985623e-01 -1.548457e+01
9.550431e-01 2.963887e-01 6.809395e-03 3.483084e+02 -2.963185e-01 9.535865e-01 5.355593e-02 -6.764810e+01 9.380028e-03 -5.316597e-02 9.985417e-01 -1.558130e+01
9.551589e-01 2.959259e-01 9.962883e-03 3.497056e+02 -2.960173e-01 9.536090e-01 5.480473e-02 -6.810749e+01 6.717442e-03 -5.529641e-02 9.984474e-01 -1.569923e+01
9.550769e-01 2.961091e-01 1.214694e-02 3.510908e+02 -2.963247e-01 9.535511e-01 5.415198e-02 -6.855750e+01 4.452164e-03 -5.531874e-02 9.984588e-01 -1.579269e+01
9.549311e-01 2.965708e-01 1.234160e-02 3.524946e+02 -2.967972e-01 9.534136e-01 5.397760e-02 -6.901558e+01 4.241534e-03 -5.520784e-02 9.984659e-01 -1.590029e+01
9.550288e-01 2.962913e-01 1.146503e-02 3.538931e+02 -2.964449e-01 9.532664e-01 5.834228e-02 -6.946102e+01 6.357087e-03 -5.911730e-02 9.982308e-01 -1.602163e+01
9.548621e-01 2.969880e-01 6.038135e-03 3.552999e+02 -2.967572e-01 9.528245e-01 6.372359e-02 -6.992087e+01 1.317186e-02 -6.263909e-02 9.979493e-01 -1.613220e+01
9.546740e-01 2.976532e-01 4.446143e-04 3.567025e+02 -2.970771e-01 9.527314e-01 6.362553e-02 -7.036343e+01 1.851474e-02 -6.087372e-02 9.979737e-01 -1.624479e+01
9.548619e-01 2.970492e-01 6.702291e-04 3.581265e+02 -2.965220e-01 9.530281e-01 6.174503e-02 -7.081841e+01 1.770256e-02 -5.915672e-02 9.980918e-01 -1.636458e+01
9.549519e-01 2.967587e-01 -1.083961e-03 3.595613e+02 -2.961402e-01 9.531851e-01 6.114857e-02 -7.128609e+01 1.917958e-02 -5.807294e-02 9.981281e-01 -1.647767e+01
9.548184e-01 2.971884e-01 -8.808561e-04 3.609673e+02 -2.965718e-01 9.530199e-01 6.162852e-02 -7.175175e+01 1.915476e-02 -5.858281e-02 9.980988e-01 -1.659217e+01
9.548407e-01 2.971184e-01 3.601331e-05 3.623761e+02 -2.965438e-01 9.529864e-01 6.227950e-02 -7.220770e+01 1.847006e-02 -5.947768e-02 9.980587e-01 -1.670850e+01
9.548349e-01 2.971359e-01 6.698333e-04 3.637971e+02 -2.965980e-01 9.529659e-01 6.233330e-02 -7.267339e+01 1.788314e-02 -5.971669e-02 9.980552e-01 -1.683102e+01
9.549173e-01 2.968436e-01 4.115020e-03 3.652194e+02 -2.965067e-01 9.529629e-01 6.281529e-02 -7.313815e+01 1.472485e-02 -6.120354e-02 9.980167e-01 -1.692904e+01
9.548023e-01 2.971453e-01 7.565952e-03 3.666549e+02 -2.970003e-01 9.526927e-01 6.455672e-02 -7.360716e+01 1.197470e-02 -6.388599e-02 9.978853e-01 -1.706206e+01
9.547460e-01 2.973185e-01 7.857296e-03 3.680870e+02 -2.971703e-01 9.525166e-01 6.634831e-02 -7.407837e+01 1.224238e-02 -6.568074e-02 9.977656e-01 -1.717961e+01
9.546568e-01 2.976364e-01 6.556625e-03 3.694984e+02 -2.973644e-01 9.522629e-01 6.906406e-02 -7.453574e+01 1.431235e-02 -6.788217e-02 9.975907e-01 -1.731419e+01
9.543981e-01 2.984452e-01 7.403445e-03 3.709469e+02 -2.982166e-01 9.519321e-01 6.994438e-02 -7.500616e+01 1.382698e-02 -6.896262e-02 9.975234e-01 -1.745045e+01
9.542895e-01 2.988186e-01 6.247148e-03 3.723846e+02 -2.984970e-01 9.517828e-01 7.077482e-02 -7.547605e+01 1.520291e-02 -6.940442e-02 9.974728e-01 -1.757335e+01
9.541734e-01 2.992054e-01 5.411981e-03 3.738062e+02 -2.988018e-01 9.515806e-01 7.219122e-02 -7.593928e+01 1.645007e-02 -7.050006e-02 9.973761e-01 -1.771700e+01
9.542500e-01 2.989141e-01 7.568678e-03 3.752440e+02 -2.986607e-01 9.516073e-01 7.242403e-02 -7.641896e+01 1.444615e-02 -7.137110e-02 9.973452e-01 -1.785000e+01
9.540502e-01 2.995234e-01 8.594369e-03 3.766748e+02 -2.993542e-01 9.514599e-01 7.149055e-02 -7.687502e+01 1.323589e-02 -7.077833e-02 9.974043e-01 -1.798370e+01
9.538762e-01 3.000596e-01 9.188566e-03 3.781209e+02 -2.999488e-01 9.513781e-01 7.007446e-02 -7.736034e+01 1.228471e-02 -6.959846e-02 9.974995e-01 -1.811185e+01
9.539153e-01 2.999373e-01 9.121420e-03 3.795709e+02 -2.998107e-01 9.513537e-01 7.098958e-02 -7.783540e+01 1.261473e-02 -7.045275e-02 9.974353e-01 -1.824854e+01
9.537724e-01 3.003642e-01 9.982207e-03 3.810014e+02 -3.003053e-01 9.512494e-01 7.029631e-02 -7.830363e+01 1.161893e-02 -7.004439e-02 9.974762e-01 -1.838191e+01
9.536384e-01 3.007936e-01 9.847419e-03 3.824481e+02 -3.007325e-01 9.511667e-01 6.958278e-02 -7.878473e+01 1.156352e-02 -6.931825e-02 9.975276e-01 -1.850903e+01
9.536454e-01 3.007547e-01 1.034389e-02 3.838987e+02 -3.007209e-01 9.511224e-01 7.023536e-02 -7.925923e+01 1.128531e-02 -7.009026e-02 9.974768e-01 -1.864568e+01
9.533959e-01 3.015741e-01 9.451293e-03 3.853460e+02 -3.014671e-01 9.508346e-01 7.093017e-02 -7.973392e+01 1.240408e-02 -7.047379e-02 9.974365e-01 -1.877652e+01
9.530904e-01 3.025908e-01 7.577349e-03 3.867826e+02 -3.023528e-01 9.505699e-01 7.070872e-02 -8.020866e+01 1.419301e-02 -6.968284e-02 9.974682e-01 -1.890696e+01
9.528936e-01 3.032141e-01 7.423515e-03 3.882331e+02 -3.029455e-01 9.502877e-01 7.195422e-02 -8.068822e+01 1.476306e-02 -7.081363e-02 9.973803e-01 -1.902494e+01
9.526005e-01 3.041663e-01 5.923111e-03 3.896805e+02 -3.037829e-01 9.499911e-01 7.233991e-02 -8.117076e+01 1.637646e-02 -7.071038e-02 9.973624e-01 -1.917648e+01
9.522223e-01 3.052277e-01 1.042129e-02 3.911340e+02 -3.051535e-01 9.494959e-01 7.306652e-02 -8.165854e+01 1.240695e-02 -7.275566e-02 9.972726e-01 -1.930596e+01
9.520490e-01 3.057285e-01 1.152592e-02 3.925621e+02 -3.057227e-01 9.492416e-01 7.398669e-02 -8.213875e+01 1.167896e-02 -7.396268e-02 9.971926e-01 -1.944816e+01
9.514588e-01 3.073982e-01 1.525064e-02 3.939902e+02 -3.076544e-01 9.485198e-01 7.522508e-02 -8.262301e+01 8.658522e-03 -7.626549e-02 9.970499e-01 -1.958882e+01
9.506682e-01 3.098768e-01 1.436365e-02 3.954296e+02 -3.100626e-01 9.477743e-01 7.473251e-02 -8.311890e+01 9.544377e-03 -7.549946e-02 9.971002e-01 -1.972733e+01
9.497951e-01 3.125049e-01 1.516666e-02 3.968535e+02 -3.127436e-01 9.468945e-01 7.471567e-02 -8.360103e+01 8.987783e-03 -7.570785e-02 9.970895e-01 -1.987260e+01
9.481728e-01 3.174632e-01 1.361989e-02 3.982621e+02 -3.175732e-01 9.453086e-01 7.442372e-02 -8.409483e+01 1.075179e-02 -7.489185e-02 9.971337e-01 -2.001116e+01
9.467217e-01 3.218814e-01 1.051033e-02 3.996856e+02 -3.217795e-01 9.440693e-01 7.204926e-02 -8.459460e+01 1.326884e-02 -7.159260e-02 9.973457e-01 -2.015979e+01
9.453386e-01 3.257243e-01 1.544487e-02 4.010852e+02 -3.259769e-01 9.427010e-01 7.109341e-02 -8.508650e+01 8.596960e-03 -7.224202e-02 9.973501e-01 -2.027288e+01
9.438584e-01 3.298686e-01 1.783027e-02 4.024733e+02 -3.302839e-01 9.412129e-01 7.092795e-02 -8.560050e+01 6.614817e-03 -7.283500e-02 9.973221e-01 -2.039787e+01
9.423818e-01 3.336863e-01 2.387476e-02 4.038410e+02 -3.345328e-01 9.395144e-01 7.348703e-02 -8.610102e+01 2.090933e-03 -7.723972e-02 9.970104e-01 -2.055405e+01
9.408559e-01 3.375849e-01 2.875125e-02 4.052315e+02 -3.388031e-01 9.378618e-01 7.501803e-02 -8.663402e+01 -1.639749e-03 -8.032217e-02 9.967676e-01 -2.067963e+01
9.391588e-01 3.420884e-01 3.092353e-02 4.065969e+02 -3.434690e-01 9.361260e-01 7.547834e-02 -8.715993e+01 -3.128056e-03 -8.150742e-02 9.966678e-01 -2.082539e+01
9.375724e-01 3.462301e-01 3.290299e-02 4.079701e+02 -3.477520e-01 9.346640e-01 7.396908e-02 -8.769163e+01 -5.142918e-03 -8.079346e-02 9.967176e-01 -2.095849e+01
9.360105e-01 3.503546e-01 3.370565e-02 4.093156e+02 -3.519325e-01 9.330415e-01 7.468125e-02 -8.821571e+01 -5.283853e-03 -8.176455e-02 9.966376e-01 -2.108781e+01
9.346423e-01 3.539241e-01 3.437158e-02 4.106693e+02 -3.555636e-01 9.313600e-01 7.837782e-02 -8.875842e+01 -4.272511e-03 -8.547651e-02 9.963310e-01 -2.122556e+01
9.330785e-01 3.579530e-01 3.513005e-02 4.120248e+02 -3.596478e-01 9.297031e-01 7.940553e-02 -8.929057e+01 -4.237074e-03 -8.672604e-02 9.962232e-01 -2.137254e+01
9.316743e-01 3.613952e-01 3.710186e-02 4.133565e+02 -3.632466e-01 9.283414e-01 7.895718e-02 -8.983304e+01 -5.908455e-03 -8.703949e-02 9.961873e-01 -2.152566e+01
9.299495e-01 3.658436e-01 3.677358e-02 4.146967e+02 -3.676417e-01 9.267448e-01 7.735423e-02 -9.038969e+01 -5.780174e-03 -8.545504e-02 9.963253e-01 -2.165493e+01
9.280310e-01 3.705502e-01 3.809279e-02 4.160287e+02 -3.724388e-01 9.249064e-01 7.640313e-02 -9.094267e+01 -6.921069e-03 -8.509170e-02 9.963491e-01 -2.179446e+01
9.259914e-01 3.760490e-01 3.357199e-02 4.173475e+02 -3.775348e-01 9.229381e-01 7.518309e-02 -9.149310e+01 -2.712350e-03 -8.229349e-02 9.966044e-01 -2.191594e+01
9.233166e-01 3.824210e-01 3.522154e-02 4.186592e+02 -3.840176e-01 9.203548e-01 7.401127e-02 -9.206591e+01 -4.112843e-03 -8.186153e-02 9.966352e-01 -2.205949e+01
9.209931e-01 3.882481e-01 3.217435e-02 4.199820e+02 -3.895790e-01 9.178144e-01 7.645147e-02 -9.263818e+01 1.520533e-04 -8.294572e-02 9.965541e-01 -2.219302e+01
9.186671e-01 3.935855e-01 3.378213e-02 4.212915e+02 -3.950301e-01 9.156030e-01 7.498265e-02 -9.322890e+01 -1.418933e-03 -8.222906e-02 9.966124e-01 -2.232584e+01
9.163433e-01 3.989055e-01 3.448816e-02 4.225988e+02 -4.003925e-01 9.131403e-01 7.655410e-02 -9.381914e+01 -9.546764e-04 -8.395864e-02 9.964688e-01 -2.245377e+01
9.136564e-01 4.049538e-01 3.527614e-02 4.239008e+02 -4.064858e-01 9.104464e-01 7.653023e-02 -9.441682e+01 -1.125824e-03 -8.426158e-02 9.964430e-01 -2.259740e+01
9.110457e-01 4.107211e-01 3.610940e-02 4.251987e+02 -4.123024e-01 9.078690e-01 7.603103e-02 -9.502998e+01 -1.555057e-03 -8.415574e-02 9.964514e-01 -2.273208e+01
9.081890e-01 4.167528e-01 3.885648e-02 4.264855e+02 -4.185416e-01 9.051054e-01 7.488148e-02 -9.564191e+01 -3.962142e-03 -8.426958e-02 9.964351e-01 -2.284775e+01
9.053165e-01 4.227832e-01 4.069880e-02 4.277628e+02 -4.247156e-01 9.020789e-01 7.661860e-02 -9.626685e+01 -4.320467e-03 -8.664950e-02 9.962295e-01 -2.299225e+01
9.025050e-01 4.284013e-01 4.423892e-02 4.290288e+02 -4.306401e-01 8.990376e-01 7.925030e-02 -9.689543e+01 -5.821528e-03 -9.057484e-02 9.958726e-01 -2.311766e+01
8.995817e-01 4.345129e-01 4.417306e-02 4.303153e+02 -4.367284e-01 8.959811e-01 8.053579e-02 -9.754907e+01 -4.584383e-03 -9.174015e-02 9.957724e-01 -2.325171e+01
8.966517e-01 4.401597e-01 4.769809e-02 4.315820e+02 -4.426738e-01 8.931212e-01 7.983879e-02 -9.820812e+01 -7.458357e-03 -9.270228e-02 9.956660e-01 -2.339160e+01
8.936241e-01 4.463339e-01 4.713896e-02 4.328493e+02 -4.487707e-01 8.900883e-01 7.967275e-02 -9.885332e+01 -6.397186e-03 -9.235207e-02 9.957058e-01 -2.352151e+01
8.901474e-01 4.529411e-01 4.981809e-02 4.341201e+02 -4.556105e-01 8.864964e-01 8.088869e-02 -9.953277e+01 -7.525750e-03 -9.470050e-02 9.954774e-01 -2.366866e+01
8.865941e-01 4.601481e-01 4.705977e-02 4.353809e+02 -4.625350e-01 8.827397e-01 8.265679e-02 -1.002172e+02 -3.507160e-03 -9.504982e-02 9.954664e-01 -2.380669e+01
8.828237e-01 4.673316e-01 4.715393e-02 4.366427e+02 -4.696965e-01 8.789349e-01 8.281694e-02 -1.009077e+02 -2.742255e-03 -9.526080e-02 9.954486e-01 -2.395078e+01
8.787962e-01 4.751959e-01 4.366060e-02 4.379094e+02 -4.771957e-01 8.748654e-01 8.303363e-02 -1.016067e+02 1.260085e-03 -9.380428e-02 9.955899e-01 -2.409440e+01
8.744073e-01 4.834234e-01 4.139727e-02 4.391600e+02 -4.851742e-01 8.704425e-01 8.328154e-02 -1.023227e+02 4.226301e-03 -9.290687e-02 9.956658e-01 -2.424651e+01
8.699281e-01 4.916161e-01 3.922679e-02 4.404218e+02 -4.931240e-01 8.658926e-01 8.401641e-02 -1.030455e+02 7.337634e-03 -9.243190e-02 9.956920e-01 -2.438507e+01
8.651109e-01 5.000452e-01 3.921722e-02 4.416627e+02 -5.015211e-01 8.611538e-01 8.301022e-02 -1.037860e+02 7.736806e-03 -9.148131e-02 9.957767e-01 -2.451734e+01
8.605111e-01 5.079556e-01 3.875338e-02 4.429073e+02 -5.093495e-01 8.565124e-01 8.336358e-02 -1.045398e+02 9.152244e-03 -9.147429e-02 9.957654e-01 -2.466559e+01
8.556427e-01 5.158740e-01 4.182833e-02 4.441293e+02 -5.175200e-01 8.516780e-01 8.256831e-02 -1.053031e+02 6.970575e-03 -9.229597e-02 9.957072e-01 -2.479123e+01
8.510616e-01 5.233631e-01 4.225028e-02 4.453523e+02 -5.249949e-01 8.468648e-01 8.485720e-02 -1.060852e+02 8.630861e-03 -9.439988e-02 9.954969e-01 -2.495141e+01
8.462607e-01 5.309042e-01 4.453703e-02 4.465996e+02 -5.327189e-01 8.420724e-01 8.440823e-02 -1.068874e+02 7.309278e-03 -9.515708e-02 9.954354e-01 -2.509139e+01
8.419450e-01 5.376696e-01 4.516596e-02 4.478024e+02 -5.395002e-01 8.376110e-01 8.571756e-02 -1.076897e+02 8.256221e-03 -9.653652e-02 9.952952e-01 -2.524066e+01
8.377023e-01 5.441624e-01 4.628376e-02 4.490156e+02 -5.460684e-01 8.333564e-01 8.559425e-02 -1.085055e+02 8.006305e-03 -9.697661e-02 9.952545e-01 -2.537651e+01
8.335749e-01 5.505558e-01 4.517944e-02 4.502404e+02 -5.522993e-01 8.290101e-01 8.779407e-02 -1.093330e+02 1.088132e-02 -9.813550e-02 9.951136e-01 -2.554252e+01
8.292142e-01 5.572277e-01 4.360139e-02 4.514473e+02 -5.587834e-01 8.246770e-01 8.757471e-02 -1.101685e+02 1.284199e-02 -9.698194e-02 9.952033e-01 -2.568443e+01
8.246951e-01 5.639323e-01 4.310961e-02 4.526414e+02 -5.654047e-01 8.201592e-01 8.750143e-02 -1.110106e+02 1.398814e-02 -9.653638e-02 9.952312e-01 -2.583569e+01
8.216553e-01 5.683946e-01 4.254546e-02 4.538378e+02 -5.697874e-01 8.171163e-01 8.754154e-02 -1.118692e+02 1.499356e-02 -9.617084e-02 9.952519e-01 -2.597671e+01
8.191442e-01 5.720159e-01 4.243233e-02 4.550285e+02 -5.733710e-01 8.145581e-01 8.797932e-02 -1.127226e+02 1.576197e-02 -9.639723e-02 9.952182e-01 -2.614088e+01
8.174725e-01 5.743329e-01 4.336536e-02 4.562248e+02 -5.757894e-01 8.130264e-01 8.633873e-02 -1.135994e+02 1.432998e-02 -9.554885e-02 9.953216e-01 -2.629139e+01
8.163013e-01 5.759250e-01 4.430135e-02 4.574194e+02 -5.774655e-01 8.118608e-01 8.611336e-02 -1.144703e+02 1.362830e-02 -9.587695e-02 9.952999e-01 -2.644665e+01
8.153839e-01 5.773531e-01 4.257450e-02 4.586206e+02 -5.787212e-01 8.109647e-01 8.612887e-02 -1.153487e+02 1.520036e-02 -9.486685e-02 9.953739e-01 -2.660188e+01
8.147249e-01 5.783265e-01 4.197307e-02 4.598181e+02 -5.796232e-01 8.102589e-01 8.670416e-02 -1.162266e+02 1.613427e-02 -9.496860e-02 9.953495e-01 -2.675163e+01
8.138627e-01 5.797884e-01 3.837819e-02 4.610192e+02 -5.807388e-01 8.094542e-01 8.675649e-02 -1.171111e+02 1.923503e-02 -9.289557e-02 9.954900e-01 -2.690515e+01
8.134553e-01 5.803871e-01 3.796275e-02 4.622320e+02 -5.813209e-01 8.091749e-01 8.545223e-02 -1.180058e+02 1.887687e-02 -9.158012e-02 9.956188e-01 -2.704343e+01
8.126644e-01 5.816166e-01 3.603806e-02 4.634120e+02 -5.823735e-01 8.084408e-01 8.523222e-02 -1.188880e+02 2.043784e-02 -9.025279e-02 9.957092e-01 -2.719682e+01
8.122141e-01 5.822322e-01 3.624561e-02 4.646174e+02 -5.830243e-01 8.080734e-01 8.426199e-02 -1.197782e+02 1.977093e-02 -8.957086e-02 9.957842e-01 -2.734506e+01
8.114703e-01 5.832691e-01 3.623695e-02 4.658288e+02 -5.840349e-01 8.072393e-01 8.525243e-02 -1.206809e+02 2.047323e-02 -9.034346e-02 9.957002e-01 -2.748908e+01
8.112503e-01 5.835604e-01 3.647257e-02 4.670425e+02 -5.843611e-01 8.070822e-01 8.450027e-02 -1.215876e+02 1.987465e-02 -8.986402e-02 9.957557e-01 -2.765118e+01
8.108034e-01 5.840899e-01 3.790535e-02 4.682366e+02 -5.850290e-01 8.066646e-01 8.386296e-02 -1.224861e+02 1.840659e-02 -9.017211e-02 9.957561e-01 -2.779840e+01
8.101754e-01 5.849841e-01 3.754307e-02 4.694451e+02 -5.858639e-01 8.059372e-01 8.502227e-02 -1.233818e+02 1.947932e-02 -9.087807e-02 9.956715e-01 -2.794437e+01
8.100550e-01 5.850703e-01 3.877709e-02 4.706725e+02 -5.860699e-01 8.058320e-01 8.459692e-02 -1.242994e+02 1.824732e-02 -9.125424e-02 9.956604e-01 -2.810707e+01
8.095747e-01 5.857886e-01 3.795408e-02 4.718956e+02 -5.867239e-01 8.054352e-01 8.384106e-02 -1.252163e+02 1.854359e-02 -9.014416e-02 9.957561e-01 -2.824475e+01
8.090649e-01 5.864807e-01 3.813758e-02 4.731098e+02 -5.874494e-01 8.050219e-01 8.272330e-02 -1.261243e+02 1.781404e-02 -8.933242e-02 9.958426e-01 -2.840256e+01
8.086845e-01 5.870333e-01 3.769878e-02 4.743317e+02 -5.879690e-01 8.046929e-01 8.223135e-02 -1.270333e+02 1.793660e-02 -8.866494e-02 9.959000e-01 -2.855357e+01
8.082526e-01 5.877125e-01 3.635623e-02 4.755406e+02 -5.885316e-01 8.043087e-01 8.196311e-02 -1.279473e+02 1.892911e-02 -8.764368e-02 9.959720e-01 -2.869282e+01
8.082035e-01 5.879577e-01 3.335885e-02 4.767707e+02 -5.885410e-01 8.044229e-01 8.076607e-02 -1.288660e+02 2.065242e-02 -8.490847e-02 9.961747e-01 -2.886194e+01
8.077426e-01 5.886519e-01 3.226294e-02 4.779888e+02 -5.891616e-01 8.040725e-01 7.972348e-02 -1.297878e+02 2.098763e-02 -8.340415e-02 9.962948e-01 -2.899697e+01
8.074927e-01 5.891230e-01 2.982627e-02 4.792073e+02 -5.894349e-01 8.038962e-01 7.948248e-02 -1.307043e+02 2.284773e-02 -8.176216e-02 9.963899e-01 -2.913911e+01
8.071978e-01 5.895725e-01 2.891220e-02 4.804351e+02 -5.897834e-01 8.035384e-01 8.050660e-02 -1.316263e+02 2.423242e-02 -8.203668e-02 9.963347e-01 -2.930131e+01
8.071128e-01 5.898213e-01 2.607247e-02 4.816629e+02 -5.897800e-01 8.034633e-01 8.127925e-02 -1.325472e+02 2.699196e-02 -8.097854e-02 9.963503e-01 -2.944863e+01
8.074948e-01 5.893724e-01 2.433772e-02 4.828905e+02 -5.891604e-01 8.038002e-01 8.243173e-02 -1.334490e+02 2.902032e-02 -8.090201e-02 9.962995e-01 -2.958885e+01
8.072158e-01 5.898004e-01 2.319838e-02 4.841054e+02 -5.894623e-01 8.034688e-01 8.349932e-02 -1.343758e+02 3.060876e-02 -8.107654e-02 9.962378e-01 -2.974663e+01
8.075800e-01 5.893108e-01 2.296379e-02 4.853494e+02 -5.889693e-01 8.038753e-01 8.306532e-02 -1.353021e+02 3.049126e-02 -8.060686e-02 9.962795e-01 -2.989698e+01
8.077028e-01 5.892214e-01 2.084009e-02 4.865674e+02 -5.887220e-01 8.040926e-01 8.271168e-02 -1.362231e+02 3.197813e-02 -7.907547e-02 9.963556e-01 -3.003336e+01
8.079422e-01 5.888556e-01 2.187590e-02 4.877926e+02 -5.884786e-01 8.043987e-01 8.145948e-02 -1.371414e+02 3.037092e-02 -7.868804e-02 9.964365e-01 -3.020186e+01
8.080124e-01 5.888013e-01 2.071062e-02 4.890079e+02 -5.883049e-01 8.044344e-01 8.235679e-02 -1.380530e+02 3.183144e-02 -7.872947e-02 9.963877e-01 -3.034297e+01
8.080009e-01 5.888322e-01 2.027671e-02 4.902219e+02 -5.883145e-01 8.044684e-01 8.195559e-02 -1.389638e+02 3.194612e-02 -7.814928e-02 9.964297e-01 -3.049874e+01
8.076880e-01 5.892101e-01 2.171565e-02 4.914420e+02 -5.888409e-01 8.042065e-01 8.073745e-02 -1.398818e+02 3.010746e-02 -7.799774e-02 9.964988e-01 -3.063770e+01
8.074026e-01 5.897382e-01 1.760264e-02 4.926590e+02 -5.890408e-01 8.040285e-01 8.104946e-02 -1.407954e+02 3.364493e-02 -7.580821e-02 9.965546e-01 -3.080187e+01
8.071498e-01 5.899857e-01 2.064167e-02 4.938642e+02 -5.895524e-01 8.037578e-01 8.000825e-02 -1.417085e+02 3.061282e-02 -7.674798e-02 9.965805e-01 -3.094547e+01
8.067362e-01 5.905839e-01 1.967922e-02 4.950609e+02 -5.900335e-01 8.032756e-01 8.129376e-02 -1.426079e+02 3.220295e-02 -7.719402e-02 9.964959e-01 -3.108694e+01
8.062875e-01 5.912099e-01 1.927077e-02 4.962500e+02 -5.906382e-01 8.028708e-01 8.090165e-02 -1.435071e+02 3.235791e-02 -7.661203e-02 9.965358e-01 -3.124455e+01
8.055933e-01 5.921460e-01 1.955894e-02 4.974496e+02 -5.915995e-01 8.021851e-01 8.067846e-02 -1.444214e+02 3.208353e-02 -7.656508e-02 9.965482e-01 -3.138485e+01
8.052996e-01 5.925749e-01 1.864136e-02 4.986369e+02 -5.919465e-01 8.018980e-01 8.098542e-02 -1.453232e+02 3.304146e-02 -7.625221e-02 9.965410e-01 -3.153312e+01
8.046310e-01 5.934926e-01 1.831739e-02 4.998387e+02 -5.928791e-01 8.013401e-01 7.967725e-02 -1.462353e+02 3.260940e-02 -7.497078e-02 9.966524e-01 -3.166297e+01
8.045334e-01 5.935534e-01 2.050203e-02 5.010255e+02 -5.931175e-01 8.012047e-01 7.926449e-02 -1.471390e+02 3.062139e-02 -7.593104e-02 9.966428e-01 -3.182537e+01
8.048756e-01 5.929652e-01 2.382119e-02 5.022069e+02 -5.927948e-01 8.014716e-01 7.897902e-02 -1.480330e+02 2.773980e-02 -7.768936e-02 9.965916e-01 -3.195210e+01
8.048388e-01 5.929692e-01 2.494028e-02 5.033877e+02 -5.929080e-01 8.014681e-01 7.816032e-02 -1.489335e+02 2.635783e-02 -7.769375e-02 9.966288e-01 -3.210883e+01
8.047936e-01 5.929971e-01 2.572477e-02 5.045759e+02 -5.930102e-01 8.014437e-01 7.763419e-02 -1.498396e+02 2.541989e-02 -7.773455e-02 9.966500e-01 -3.224467e+01
8.046851e-01 5.930397e-01 2.803060e-02 5.057587e+02 -5.932612e-01 8.013724e-01 7.644071e-02 -1.507444e+02 2.286942e-02 -7.814017e-02 9.966800e-01 -3.237392e+01
8.047043e-01 5.928395e-01 3.150178e-02 5.069418e+02 -5.933452e-01 8.013521e-01 7.600041e-02 -1.516389e+02 1.981202e-02 -7.984929e-02 9.966100e-01 -3.252819e+01
8.045259e-01 5.929386e-01 3.408610e-02 5.081193e+02 -5.936549e-01 8.011383e-01 7.583748e-02 -1.525418e+02 1.765928e-02 -8.124860e-02 9.965374e-01 -3.265606e+01
8.047498e-01 5.926784e-01 3.331764e-02 5.093028e+02 -5.932961e-01 8.012141e-01 7.781810e-02 -1.534324e+02 1.942654e-02 -8.239133e-02 9.964107e-01 -3.279086e+01
8.044992e-01 5.930703e-01 3.238413e-02 5.104818e+02 -5.935950e-01 8.009230e-01 7.853360e-02 -1.543299e+02 2.063874e-02 -8.240328e-02 9.963853e-01 -3.295201e+01
8.039535e-01 5.939451e-01 2.979957e-02 5.116736e+02 -5.942631e-01 8.004609e-01 7.819022e-02 -1.552387e+02 2.258731e-02 -8.057009e-02 9.964930e-01 -3.305948e+01
8.036810e-01 5.945789e-01 2.393309e-02 5.128553e+02 -5.943698e-01 8.001615e-01 8.041227e-02 -1.561367e+02 2.866110e-02 -7.885091e-02 9.964743e-01 -3.323772e+01
8.028429e-01 5.955963e-01 2.661722e-02 5.140380e+02 -5.955967e-01 7.992506e-01 8.039270e-02 -1.570432e+02 2.660776e-02 -8.039583e-02 9.964078e-01 -3.337049e+01
8.018835e-01 5.969998e-01 2.396260e-02 5.152530e+02 -5.968909e-01 7.986666e-01 7.650501e-02 -1.579719e+02 2.653534e-02 -7.565116e-02 9.967812e-01 -3.348771e+01
8.014624e-01 5.975730e-01 2.376268e-02 5.164245e+02 -5.975245e-01 7.984742e-01 7.350910e-02 -1.588731e+02 2.495317e-02 -7.311357e-02 9.970114e-01 -3.365582e+01
8.007793e-01 5.983458e-01 2.710599e-02 5.176185e+02 -5.985791e-01 7.978383e-01 7.181162e-02 -1.598023e+02 2.134198e-02 -7.373033e-02 9.970498e-01 -3.376390e+01
8.000107e-01 5.995307e-01 2.336171e-02 5.188037e+02 -5.994521e-01 7.970514e-01 7.325220e-02 -1.607066e+02 2.529646e-02 -7.260677e-02 9.970398e-01 -3.391182e+01
7.988789e-01 6.009717e-01 2.501028e-02 5.199813e+02 -6.009859e-01 7.958113e-01 7.416502e-02 -1.616244e+02 2.466762e-02 -7.427970e-02 9.969323e-01 -3.403184e+01
7.981060e-01 6.021214e-01 2.183357e-02 5.211644e+02 -6.019388e-01 7.952291e-01 7.266562e-02 -1.625280e+02 2.639083e-02 -7.113735e-02 9.971173e-01 -3.415553e+01
7.969992e-01 6.034949e-01 2.421337e-02 5.223305e+02 -6.034948e-01 7.941108e-01 7.198660e-02 -1.634467e+02 2.421545e-02 -7.198590e-02 9.971117e-01 -3.432756e+01
7.954816e-01 6.055535e-01 2.267022e-02 5.235173e+02 -6.054168e-01 7.925797e-01 7.271841e-02 -1.643814e+02 2.606693e-02 -7.157110e-02 9.970948e-01 -3.443635e+01
7.939117e-01 6.075319e-01 2.468353e-02 5.246728e+02 -6.075668e-01 7.910595e-01 7.132670e-02 -1.652931e+02 2.380710e-02 -7.162399e-02 9.971476e-01 -3.457883e+01
7.920439e-01 6.098718e-01 2.688540e-02 5.258406e+02 -6.100535e-01 7.891279e-01 7.149586e-02 -1.662252e+02 2.238729e-02 -7.302940e-02 9.970785e-01 -3.471790e+01
7.898505e-01 6.126266e-01 2.871964e-02 5.270018e+02 -6.129317e-01 7.868898e-01 7.154949e-02 -1.671406e+02 2.123393e-02 -7.411657e-02 9.970235e-01 -3.484684e+01
7.872258e-01 6.159537e-01 2.960758e-02 5.281503e+02 -6.163402e-01 7.843462e-01 7.018499e-02 -1.680732e+02 2.000811e-02 -7.349978e-02 9.970945e-01 -3.498779e+01
7.850704e-01 6.187627e-01 2.823784e-02 5.292921e+02 -6.190868e-01 7.823844e-01 6.787026e-02 -1.689959e+02 1.990274e-02 -7.076460e-02 9.972945e-01 -3.511229e+01
7.827842e-01 6.214502e-01 3.238071e-02 5.304290e+02 -6.220865e-01 7.801228e-01 6.645811e-02 -1.699247e+02 1.603948e-02 -7.216597e-02 9.972637e-01 -3.523715e+01
7.803421e-01 6.243000e-01 3.627335e-02 5.315486e+02 -6.252544e-01 7.778764e-01 6.297179e-02 -1.708557e+02 1.109711e-02 -7.181961e-02 9.973559e-01 -3.534290e+01
7.779177e-01 6.272243e-01 3.786290e-02 5.326854e+02 -6.283066e-01 7.756014e-01 6.060556e-02 -1.718040e+02 8.646761e-03 -7.093566e-02 9.974434e-01 -3.547182e+01
7.757368e-01 6.298055e-01 3.971715e-02 5.337842e+02 -6.310108e-01 7.733853e-01 6.083253e-02 -1.727349e+02 7.595999e-03 -7.225198e-02 9.973575e-01 -3.558756e+01
7.733933e-01 6.326101e-01 4.083117e-02 5.349022e+02 -6.338986e-01 7.711494e-01 5.916934e-02 -1.736764e+02 5.944185e-03 -7.164399e-02 9.974126e-01 -3.570870e+01
7.717354e-01 6.346540e-01 4.048081e-02 5.359980e+02 -6.359030e-01 7.694011e-01 6.041072e-02 -1.745903e+02 7.193929e-03 -7.236297e-02 9.973524e-01 -3.585386e+01
7.691640e-01 6.377478e-01 4.079972e-02 5.371143e+02 -6.390284e-01 7.670248e-01 5.758164e-02 -1.755303e+02 5.428167e-03 -7.036190e-02 9.975067e-01 -3.590519e+01
7.671561e-01 6.402277e-01 3.974929e-02 5.381986e+02 -6.414155e-01 7.648946e-01 5.935001e-02 -1.764592e+02 7.593507e-03 -7.102653e-02 9.974455e-01 -3.604976e+01
7.648292e-01 6.426735e-01 4.480059e-02 5.392784e+02 -6.442231e-01 7.625779e-01 5.875144e-02 -1.774032e+02 3.594061e-03 -7.379638e-02 9.972668e-01 -3.612259e+01
7.633252e-01 6.442263e-01 4.803180e-02 5.403710e+02 -6.460106e-01 7.609558e-01 6.013816e-02 -1.783484e+02 2.192507e-03 -7.693403e-02 9.970338e-01 -3.626376e+01
7.608354e-01 6.468266e-01 5.239132e-02 5.414192e+02 -6.489410e-01 7.586288e-01 5.794828e-02 -1.792900e+02 -2.263082e-03 -7.808798e-02 9.969439e-01 -3.635760e+01
7.586437e-01 6.490676e-01 5.631211e-02 5.424920e+02 -6.514669e-01 7.567034e-01 5.468846e-02 -1.802416e+02 -7.115064e-03 -7.817454e-02 9.969143e-01 -3.647048e+01
7.557574e-01 6.524957e-01 5.549861e-02 5.435444e+02 -6.547996e-01 7.540481e-01 5.146858e-02 -1.811801e+02 -8.265594e-03 -7.523823e-02 9.971313e-01 -3.657774e+01
7.524624e-01 6.561719e-01 5.691047e-02 5.445944e+02 -6.585709e-01 7.507824e-01 5.108989e-02 -1.821234e+02 -9.203630e-03 -7.592279e-02 9.970712e-01 -3.669156e+01
7.474662e-01 6.617387e-01 5.827712e-02 5.456466e+02 -6.642383e-01 7.457099e-01 5.200147e-02 -1.830764e+02 -9.046445e-03 -7.757923e-02 9.969451e-01 -3.675868e+01
7.419180e-01 6.679418e-01 5.840793e-02 5.466587e+02 -6.704494e-01 7.400192e-01 5.356573e-02 -1.840260e+02 -7.444195e-03 -7.890093e-02 9.968547e-01 -3.690375e+01
7.367277e-01 6.731679e-01 6.385364e-02 5.476975e+02 -6.760706e-01 7.350785e-01 5.087566e-02 -1.850021e+02 -1.268957e-02 -8.065107e-02 9.966616e-01 -3.696354e+01
7.309146e-01 6.793566e-01 6.510425e-02 5.486978e+02 -6.823013e-01 7.295171e-01 4.764448e-02 -1.859770e+02 -1.512706e-02 -7.924476e-02 9.967404e-01 -3.706297e+01
7.253553e-01 6.848808e-01 6.926706e-02 5.497012e+02 -6.880910e-01 7.242649e-01 4.439837e-02 -1.869586e+02 -1.976010e-02 -7.986663e-02 9.966097e-01 -3.715605e+01
7.191582e-01 6.910561e-01 7.247790e-02 5.506879e+02 -6.944683e-01 7.182865e-01 4.216800e-02 -1.879493e+02 -2.291945e-02 -8.065906e-02 9.964782e-01 -3.722031e+01
7.128139e-01 6.969182e-01 7.874944e-02 5.516642e+02 -7.009160e-01 7.118292e-01 4.490212e-02 -1.889507e+02 -2.476304e-02 -8.720359e-02 9.958827e-01 -3.731272e+01
7.070197e-01 7.026115e-01 8.037497e-02 5.526076e+02 -7.069284e-01 7.052884e-01 5.310745e-02 -1.899343e+02 -1.937363e-02 -9.436736e-02 9.953489e-01 -3.741899e+01
7.006276e-01 7.089995e-01 8.025363e-02 5.535417e+02 -7.133911e-01 6.982458e-01 5.938173e-02 -1.909357e+02 -1.393513e-02 -9.885670e-02 9.950041e-01 -3.754218e+01
6.953858e-01 7.147283e-01 7.484721e-02 5.544767e+02 -7.185984e-01 6.926409e-01 6.216830e-02 -1.919012e+02 -7.408798e-03 -9.701604e-02 9.952552e-01 -3.764459e+01
6.884391e-01 7.216959e-01 7.215731e-02 5.554210e+02 -7.252618e-01 6.859335e-01 5.908334e-02 -1.929196e+02 -6.854896e-03 -9.300822e-02 9.956418e-01 -3.776496e+01
6.828029e-01 7.273930e-01 6.840739e-02 5.563347e+02 -7.305893e-01 6.803572e-01 5.790726e-02 -1.939145e+02 -4.420117e-03 -8.951695e-02 9.959755e-01 -3.786528e+01
6.770140e-01 7.332676e-01 6.301351e-02 5.572549e+02 -7.359558e-01 6.750503e-01 5.173441e-02 -1.949325e+02 -4.602108e-03 -8.140007e-02 9.966709e-01 -3.795635e+01
6.720816e-01 7.379196e-01 6.148943e-02 5.581483e+02 -7.404765e-01 6.698620e-01 5.458581e-02 -1.959469e+02 -9.094886e-04 -8.221760e-02 9.966140e-01 -3.808842e+01
6.671942e-01 7.426059e-01 5.820837e-02 5.590366e+02 -7.448837e-01 6.651506e-01 5.217923e-02 -1.969665e+02 3.126822e-05 -7.817215e-02 9.969399e-01 -3.814920e+01
6.620860e-01 7.475072e-01 5.362190e-02 5.599313e+02 -7.494279e-01 6.604216e-01 4.691833e-02 -1.979747e+02 -3.412776e-04 -7.124971e-02 9.974585e-01 -3.823549e+01
6.562002e-01 7.527227e-01 5.300694e-02 5.607977e+02 -7.545801e-01 6.548676e-01 4.191651e-02 -1.990178e+02 -3.161024e-03 -6.750361e-02 9.977140e-01 -3.833870e+01
6.511524e-01 7.573907e-01 4.857905e-02 5.616748e+02 -7.589328e-01 6.494130e-01 4.778788e-02 -2.000536e+02 4.646225e-03 -6.798543e-02 9.976755e-01 -3.840860e+01
6.457311e-01 7.621078e-01 4.714919e-02 5.625439e+02 -7.635274e-01 6.438550e-01 4.976877e-02 -2.011005e+02 7.571936e-03 -6.813693e-02 9.976472e-01 -3.850534e+01
6.410939e-01 7.661482e-01 4.489416e-02 5.633959e+02 -7.673802e-01 6.390712e-01 5.210959e-02 -2.021509e+02 1.123310e-02 -6.785803e-02 9.976317e-01 -3.859415e+01
6.363210e-01 7.702250e-01 4.299947e-02 5.642720e+02 -7.713388e-01 6.344312e-01 5.033170e-02 -2.032101e+02 1.148653e-02 -6.519428e-02 9.978065e-01 -3.868411e+01
6.314409e-01 7.744111e-01 3.961977e-02 5.651230e+02 -7.752676e-01 6.294628e-01 5.231126e-02 -2.042750e+02 1.557125e-02 -6.374739e-02 9.978446e-01 -3.879067e+01
6.264650e-01 7.786829e-01 3.456156e-02 5.659617e+02 -7.792298e-01 6.246196e-01 5.149261e-02 -2.053408e+02 1.850859e-02 -5.918971e-02 9.980751e-01 -3.886631e+01
6.216357e-01 7.826624e-01 3.175821e-02 5.668020e+02 -7.830633e-01 6.199216e-01 5.009089e-02 -2.064272e+02 1.951666e-02 -5.600698e-02 9.982396e-01 -3.900261e+01
6.166812e-01 7.864742e-01 3.409793e-02 5.676427e+02 -7.870968e-01 6.152674e-01 4.386787e-02 -2.075266e+02 1.352160e-02 -5.389087e-02 9.984553e-01 -3.902059e+01
6.123224e-01 7.898724e-01 3.410248e-02 5.684684e+02 -7.905080e-01 6.109885e-01 4.231150e-02 -2.086156e+02 1.258446e-02 -5.286656e-02 9.985223e-01 -3.913013e+01
6.074349e-01 7.933137e-01 4.094088e-02 5.692964e+02 -7.943687e-01 6.066962e-01 2.996579e-02 -2.097357e+02 -1.066400e-03 -5.072442e-02 9.987121e-01 -3.920554e+01
6.041607e-01 7.955987e-01 4.486075e-02 5.701014e+02 -7.968602e-01 6.030661e-01 3.639900e-02 -2.108580e+02 1.904998e-03 -5.773859e-02 9.983299e-01 -3.929244e+01
6.003840e-01 7.982773e-01 4.787936e-02 5.709183e+02 -7.997082e-01 5.991248e-01 3.893638e-02 -2.119726e+02 2.396317e-03 -6.166630e-02 9.980940e-01 -3.933712e+01
5.975484e-01 8.004346e-01 4.733413e-02 5.717236e+02 -8.017678e-01 5.957056e-01 4.799331e-02 -2.130789e+02 1.021830e-02 -6.662931e-02 9.977255e-01 -3.946832e+01
5.949026e-01 8.025218e-01 4.527142e-02 5.725315e+02 -8.036911e-01 5.929621e-01 4.976323e-02 -2.141957e+02 1.309184e-02 -6.598851e-02 9.977345e-01 -3.951654e+01
5.930395e-01 8.038968e-01 4.532189e-02 5.733426e+02 -8.050717e-01 5.911293e-01 4.925372e-02 -2.153299e+02 1.280382e-02 -6.569676e-02 9.977575e-01 -3.963332e+01
5.916915e-01 8.049023e-01 4.509544e-02 5.741552e+02 -8.060701e-01 5.898399e-01 4.837193e-02 -2.164627e+02 1.233559e-02 -6.497134e-02 9.978109e-01 -3.971828e+01
5.902072e-01 8.059237e-01 4.628678e-02 5.749553e+02 -8.071623e-01 5.883169e-01 4.870472e-02 -2.176003e+02 1.202099e-02 -6.610681e-02 9.977401e-01 -3.981953e+01
5.891016e-01 8.067721e-01 4.558468e-02 5.757582e+02 -8.079447e-01 5.871316e-01 5.001854e-02 -2.187452e+02 1.358937e-02 -6.629590e-02 9.977075e-01 -3.989433e+01
5.877556e-01 8.076178e-01 4.792611e-02 5.765771e+02 -8.089575e-01 5.858260e-01 4.894464e-02 -2.198964e+02 1.145220e-02 -6.753767e-02 9.976510e-01 -3.998679e+01
5.869958e-01 8.083162e-01 4.539672e-02 5.773846e+02 -8.094569e-01 5.849596e-01 5.100817e-02 -2.210571e+02 1.467549e-02 -6.668828e-02 9.976659e-01 -4.009156e+01
5.849655e-01 8.097494e-01 4.605751e-02 5.782024e+02 -8.109294e-01 5.829167e-01 5.100528e-02 -2.222164e+02 1.445380e-02 -6.718571e-02 9.976358e-01 -4.017695e+01
5.835711e-01 8.109025e-01 4.338052e-02 5.790091e+02 -8.118842e-01 5.814921e-01 5.206609e-02 -2.233884e+02 1.699509e-02 -6.560422e-02 9.977010e-01 -4.029420e+01
5.811849e-01 8.125730e-01 4.415055e-02 5.798420e+02 -8.136140e-01 5.791488e-01 5.117586e-02 -2.245638e+02 1.601438e-02 -6.566414e-02 9.977133e-01 -4.037707e+01
5.788815e-01 8.142043e-01 4.435623e-02 5.806573e+02 -8.152614e-01 5.768737e-01 5.065168e-02 -2.257543e+02 1.565288e-02 -6.548324e-02 9.977309e-01 -4.047654e+01
5.768677e-01 8.155414e-01 4.599815e-02 5.814739e+02 -8.167114e-01 5.748730e-01 5.003481e-02 -2.269569e+02 1.436236e-02 -6.643067e-02 9.976877e-01 -4.057075e+01
5.753113e-01 8.165738e-01 4.716033e-02 5.822987e+02 -8.178038e-01 5.732319e-01 5.101224e-02 -2.281528e+02 1.462146e-02 -6.791581e-02 9.975839e-01 -4.067365e+01
5.743074e-01 8.170781e-01 5.053984e-02 5.831187e+02 -8.185531e-01 5.722536e-01 4.996531e-02 -2.293541e+02 1.190396e-02 -7.006499e-02 9.974714e-01 -4.075940e+01
5.730472e-01 8.177480e-01 5.390010e-02 5.839315e+02 -8.194581e-01 5.709376e-01 5.018570e-02 -2.305797e+02 1.026565e-02 -7.292765e-02 9.972844e-01 -4.084990e+01
5.731443e-01 8.175274e-01 5.616574e-02 5.847620e+02 -8.194146e-01 5.710928e-01 4.911942e-02 -2.317975e+02 8.080620e-03 -7.417555e-02 9.972125e-01 -4.095005e+01
5.725342e-01 8.177831e-01 5.861213e-02 5.855821e+02 -8.198429e-01 5.703552e-01 5.052355e-02 -2.330263e+02 7.887574e-03 -7.697919e-02 9.970015e-01 -4.103925e+01
5.720130e-01 8.180462e-01 6.001215e-02 5.864061e+02 -8.202131e-01 5.698172e-01 5.058347e-02 -2.342504e+02 7.183654e-03 -7.815716e-02 9.969152e-01 -4.114959e+01
5.708277e-01 8.186427e-01 6.308501e-02 5.872394e+02 -8.210400e-01 5.684649e-01 5.235399e-02 -2.354838e+02 6.997610e-03 -8.168043e-02 9.966340e-01 -4.123080e+01
5.696914e-01 8.194344e-01 6.307846e-02 5.880672e+02 -8.218033e-01 5.670819e-01 5.529507e-02 -2.367286e+02 9.540031e-03 -8.333921e-02 9.964756e-01 -4.134906e+01
5.681405e-01 8.202723e-01 6.610398e-02 5.889017e+02 -8.228803e-01 5.653728e-01 5.675778e-02 -2.379702e+02 9.183440e-03 -8.664206e-02 9.961972e-01 -4.144350e+01
5.664407e-01 8.213664e-01 6.709881e-02 5.897292e+02 -8.240535e-01 5.636380e-01 5.699302e-02 -2.392188e+02 8.992720e-03 -8.757617e-02 9.961172e-01 -4.155646e+01
5.644447e-01 8.224958e-01 7.002023e-02 5.905616e+02 -8.254412e-01 5.616707e-01 5.632950e-02 -2.404925e+02 7.002473e-03 -8.959247e-02 9.959539e-01 -4.166467e+01
5.620195e-01 8.240017e-01 7.180043e-02 5.913787e+02 -8.271041e-01 5.592819e-01 5.569991e-02 -2.417377e+02 5.740128e-03 -9.069086e-02 9.958625e-01 -4.177793e+01
5.599489e-01 8.254132e-01 7.176585e-02 5.922059e+02 -8.285081e-01 5.572435e-01 5.526368e-02 -2.430074e+02 5.624320e-03 -9.040342e-02 9.958894e-01 -4.189357e+01
5.572954e-01 8.269172e-01 7.503235e-02 5.930074e+02 -8.303050e-01 5.545797e-01 5.509258e-02 -2.442578e+02 3.945589e-03 -9.300258e-02 9.956580e-01 -4.198487e+01
5.544784e-01 8.284718e-01 7.866574e-02 5.938251e+02 -8.321965e-01 5.518068e-01 5.439176e-02 -2.455311e+02 1.653746e-03 -9.562440e-02 9.954161e-01 -4.210031e+01
5.513957e-01 8.300937e-01 8.311015e-02 5.946315e+02 -8.342437e-01 5.485995e-01 5.546103e-02 -2.468008e+02 4.436597e-04 -9.991509e-02 9.949959e-01 -4.221405e+01
5.480008e-01 8.320365e-01 8.608374e-02 5.954120e+02 -8.364775e-01 5.450126e-01 5.715338e-02 -2.480635e+02 6.369762e-04 -1.033272e-01 9.946472e-01 -4.233456e+01
5.435199e-01 8.345962e-01 8.963983e-02 5.962057e+02 -8.393960e-01 5.404984e-01 5.723485e-02 -2.493315e+02 -6.822012e-04 -1.063516e-01 9.943284e-01 -4.242619e+01
5.390431e-01 8.372767e-01 9.165348e-02 5.969963e+02 -8.422774e-01 5.359890e-01 5.731028e-02 -2.506173e+02 -1.140703e-03 -1.080904e-01 9.941404e-01 -4.254821e+01
5.348632e-01 8.397771e-01 9.325141e-02 5.977709e+02 -8.449386e-01 5.316476e-01 5.856290e-02 -2.518958e+02 -3.971159e-04 -1.101149e-01 9.939188e-01 -4.266947e+01
5.307850e-01 8.420674e-01 9.586386e-02 5.985393e+02 -8.475062e-01 5.272686e-01 6.100129e-02 -2.531778e+02 8.211955e-04 -1.136238e-01 9.935235e-01 -4.275985e+01
5.262557e-01 8.449466e-01 9.549866e-02 5.993071e+02 -8.503222e-01 5.225756e-01 6.218293e-02 -2.544642e+02 2.635986e-03 -1.139288e-01 9.934855e-01 -4.289636e+01
5.212567e-01 8.476490e-01 9.890717e-02 6.000845e+02 -8.533997e-01 5.176580e-01 6.114904e-02 -2.557803e+02 6.328411e-04 -1.162817e-01 9.932161e-01 -4.301008e+01
5.166521e-01 8.504495e-01 9.902635e-02 6.008400e+02 -8.561935e-01 5.129364e-01 6.188017e-02 -2.570975e+02 1.831748e-03 -1.167562e-01 9.931589e-01 -4.312957e+01
5.122316e-01 8.531163e-01 9.905161e-02 6.016000e+02 -8.588408e-01 5.083581e-01 6.296464e-02 -2.584078e+02 3.362481e-03 -1.173220e-01 9.930882e-01 -4.323836e+01
5.082068e-01 8.557789e-01 9.679028e-02 6.023466e+02 -8.612110e-01 5.041324e-01 6.454510e-02 -2.597283e+02 6.441209e-03 -1.161591e-01 9.932097e-01 -4.336677e+01
5.034338e-01 8.587662e-01 9.526287e-02 6.030954e+02 -8.639961e-01 4.993131e-01 6.478563e-02 -2.610606e+02 8.069709e-03 -1.149220e-01 9.933417e-01 -4.348647e+01
4.986734e-01 8.616849e-01 9.393618e-02 6.038543e+02 -8.667362e-01 4.944983e-01 6.511344e-02 -2.624139e+02 9.655982e-03 -1.138882e-01 9.934466e-01 -4.360774e+01
4.942077e-01 8.642898e-01 9.360514e-02 6.045858e+02 -8.692786e-01 4.899780e-01 6.539541e-02 -2.637546e+02 1.065614e-02 -1.136879e-01 9.934593e-01 -4.372726e+01
4.894971e-01 8.669657e-01 9.361081e-02 6.053100e+02 -8.718928e-01 4.848837e-01 6.848977e-02 -2.651092e+02 1.398792e-02 -1.151441e-01 9.932503e-01 -4.384946e+01
4.847423e-01 8.695920e-01 9.399350e-02 6.060468e+02 -8.745029e-01 4.798328e-01 7.074784e-02 -2.664792e+02 1.642059e-02 -1.164921e-01 9.930559e-01 -4.398926e+01
4.799397e-01 8.722770e-01 9.375900e-02 6.067503e+02 -8.770949e-01 4.747592e-01 7.285795e-02 -2.678327e+02 1.903937e-02 -1.172030e-01 9.929255e-01 -4.412833e+01
4.753956e-01 8.747207e-01 9.414248e-02 6.074746e+02 -8.795317e-01 4.700352e-01 7.410069e-02 -2.692117e+02 2.056713e-02 -1.180284e-01 9.927972e-01 -4.424046e+01
4.705033e-01 8.774958e-01 9.288517e-02 6.081699e+02 -8.820941e-01 4.649645e-01 7.561723e-02 -2.705853e+02 2.316549e-02 -1.175116e-01 9.928012e-01 -4.440424e+01
4.650263e-01 8.805422e-01 9.162989e-02 6.088584e+02 -8.849360e-01 4.593850e-01 7.650910e-02 -2.719680e+02 2.527608e-02 -1.166653e-01 9.928496e-01 -4.454408e+01
4.605717e-01 8.832492e-01 8.800330e-02 6.095645e+02 -8.871591e-01 4.548597e-01 7.779007e-02 -2.733536e+02 2.867885e-02 -1.139008e-01 9.930781e-01 -4.467537e+01
4.553861e-01 8.862959e-01 8.428026e-02 6.102311e+02 -8.897454e-01 4.497389e-01 7.802497e-02 -2.747398e+02 3.124910e-02 -1.105195e-01 9.933826e-01 -4.483641e+01
4.501107e-01 8.892353e-01 8.161500e-02 6.109114e+02 -8.924026e-01 4.446752e-01 7.669026e-02 -2.761319e+02 3.190351e-02 -1.073525e-01 9.937090e-01 -4.497552e+01
4.445093e-01 8.921066e-01 8.097790e-02 6.115822e+02 -8.952380e-01 4.392966e-01 7.461614e-02 -2.775286e+02 3.099224e-02 -1.056621e-01 9.939190e-01 -4.512359e+01
4.400857e-01 8.944021e-01 7.980758e-02 6.122382e+02 -8.974533e-01 4.351261e-01 7.240558e-02 -2.789209e+02 3.003335e-02 -1.034882e-01 9.941772e-01 -4.525068e+01
4.354090e-01 8.968854e-01 7.756007e-02 6.128962e+02 -8.997236e-01 4.306476e-01 7.099164e-02 -2.803221e+02 3.027030e-02 -1.006930e-01 9.944569e-01 -4.539219e+01
4.305577e-01 8.992198e-01 7.761299e-02 6.135341e+02 -9.020870e-01 4.259441e-01 6.935863e-02 -2.817176e+02 2.930986e-02 -9.987657e-02 9.945680e-01 -4.553386e+01
4.255863e-01 9.018708e-01 7.419676e-02 6.141661e+02 -9.044126e-01 4.211773e-01 6.817228e-02 -2.831088e+02 3.023261e-02 -9.611768e-02 9.949107e-01 -4.566642e+01
4.208145e-01 9.040726e-01 7.461880e-02 6.147906e+02 -9.066588e-01 4.164652e-01 6.728030e-02 -2.845220e+02 2.975014e-02 -9.596632e-02 9.949399e-01 -4.580051e+01
4.163169e-01 9.063523e-01 7.215129e-02 6.154102e+02 -9.086878e-01 4.120477e-01 6.710459e-02 -2.859085e+02 3.109063e-02 -9.349978e-02 9.951338e-01 -4.592382e+01
4.116043e-01 9.083906e-01 7.354187e-02 6.160101e+02 -9.108589e-01 4.073529e-01 6.632994e-02 -2.872982e+02 3.029600e-02 -9.428796e-02 9.950839e-01 -4.606671e+01
4.074078e-01 9.104759e-01 7.108206e-02 6.165992e+02 -9.126722e-01 4.031570e-01 6.703728e-02 -2.886930e+02 3.237858e-02 -9.218613e-02 9.952152e-01 -4.619371e+01
4.047903e-01 9.116302e-01 7.124124e-02 6.171979e+02 -9.137795e-01 4.003903e-01 6.851812e-02 -2.900895e+02 3.393888e-02 -9.283426e-02 9.951030e-01 -4.632113e+01
4.032044e-01 9.124294e-01 6.999190e-02 6.177736e+02 -9.144482e-01 3.988246e-01 6.872781e-02 -2.914746e+02 3.479478e-02 -9.171532e-02 9.951772e-01 -4.647248e+01
4.020562e-01 9.129989e-01 6.916524e-02 6.183645e+02 -9.149551e-01 3.977510e-01 6.820035e-02 -2.928443e+02 3.475630e-02 -9.070346e-02 9.952713e-01 -4.658699e+01
4.011855e-01 9.135118e-01 6.742752e-02 6.189382e+02 -9.152944e-01 3.969080e-01 6.855866e-02 -2.942301e+02 3.586661e-02 -8.922077e-02 9.953659e-01 -4.673007e+01
4.002326e-01 9.141108e-01 6.492409e-02 6.195150e+02 -9.156553e-01 3.960153e-01 6.889900e-02 -2.956006e+02 3.727039e-02 -8.702373e-02 9.955088e-01 -4.685196e+01
3.993196e-01 9.145442e-01 6.444145e-02 6.200853e+02 -9.160227e-01 3.950738e-01 6.942027e-02 -2.969703e+02 3.802878e-02 -8.675071e-02 9.955040e-01 -4.699498e+01
3.989784e-01 9.148365e-01 6.237339e-02 6.206512e+02 -9.161305e-01 3.948010e-01 6.954864e-02 -2.983179e+02 3.900056e-02 -8.489058e-02 9.956267e-01 -4.712018e+01
3.987010e-01 9.148429e-01 6.403136e-02 6.212189e+02 -9.163101e-01 3.945316e-01 6.870638e-02 -2.996817e+02 3.759315e-02 -8.606589e-02 9.955800e-01 -4.723869e+01
3.984408e-01 9.149741e-01 6.377555e-02 6.217770e+02 -9.164119e-01 3.942665e-01 6.887094e-02 -3.010416e+02 3.787056e-02 -8.588567e-02 9.955850e-01 -4.737650e+01
3.980262e-01 9.151597e-01 6.370088e-02 6.223364e+02 -9.166031e-01 3.938856e-01 6.850532e-02 -3.023984e+02 3.760245e-02 -8.565533e-02 9.956150e-01 -4.749902e+01
3.977199e-01 9.154142e-01 6.193379e-02 6.228813e+02 -9.167056e-01 3.936458e-01 6.851282e-02 -3.037463e+02 3.833763e-02 -8.402396e-02 9.957260e-01 -4.764451e+01
3.975767e-01 9.155229e-01 6.124096e-02 6.234483e+02 -9.168065e-01 3.936403e-01 6.718024e-02 -3.050956e+02 3.739813e-02 -8.285541e-02 9.958596e-01 -4.774869e+01
3.976812e-01 9.156499e-01 5.860809e-02 6.240121e+02 -9.167254e-01 3.938597e-01 6.700039e-02 -3.064072e+02 3.826553e-02 -8.037232e-02 9.960302e-01 -4.790773e+01
3.976942e-01 9.157277e-01 5.728832e-02 6.245613e+02 -9.167279e-01 3.939859e-01 6.621905e-02 -3.077436e+02 3.806783e-02 -7.885274e-02 9.961592e-01 -4.802201e+01
3.984862e-01 9.155867e-01 5.394297e-02 6.251257e+02 -9.162952e-01 3.948406e-01 6.711158e-02 -3.090707e+02 4.014760e-02 -7.617073e-02 9.962862e-01 -4.814498e+01
3.988563e-01 9.156021e-01 5.085748e-02 6.256747e+02 -9.160529e-01 3.952876e-01 6.778417e-02 -3.103847e+02 4.195999e-02 -7.362429e-02 9.964029e-01 -4.826353e+01
4.002799e-01 9.150198e-01 5.014832e-02 6.262314e+02 -9.153664e-01 3.966429e-01 6.912898e-02 -3.117009e+02 4.336341e-02 -7.357503e-02 9.963465e-01 -4.839946e+01
4.022453e-01 9.142256e-01 4.889092e-02 6.267867e+02 -9.143947e-01 3.985116e-01 7.120837e-02 -3.130142e+02 4.561691e-02 -7.334883e-02 9.962626e-01 -4.851401e+01
4.054614e-01 9.127451e-01 4.997454e-02 6.273459e+02 -9.128649e-01 4.014477e-01 7.428003e-02 -3.143095e+02 4.773657e-02 -7.573769e-02 9.959844e-01 -4.864184e+01
4.088966e-01 9.112922e-01 4.847717e-02 6.279122e+02 -9.111661e-01 4.047297e-01 7.726619e-02 -3.155970e+02 5.079193e-02 -7.576463e-02 9.958313e-01 -4.878802e+01
4.112201e-01 9.102982e-01 4.748898e-02 6.284539e+02 -9.100084e-01 4.069585e-01 7.917994e-02 -3.168727e+02 5.275132e-02 -7.577576e-02 9.957286e-01 -4.891249e+01
4.140123e-01 9.092731e-01 4.261715e-02 6.290146e+02 -9.086404e-01 4.100161e-01 7.911636e-02 -3.181601e+02 5.446466e-02 -7.147880e-02 9.959540e-01 -4.905864e+01
4.171134e-01 9.078429e-01 4.286851e-02 6.295789e+02 -9.071999e-01 4.130459e-01 7.988486e-02 -3.194258e+02 5.481625e-02 -7.221135e-02 9.958819e-01 -4.919064e+01
4.192569e-01 9.071429e-01 3.626844e-02 6.301383e+02 -9.059415e-01 4.154327e-01 8.176574e-02 -3.206770e+02 5.910612e-02 -6.713794e-02 9.959915e-01 -4.933428e+01
4.217644e-01 9.060010e-01 3.573493e-02 6.307096e+02 -9.049343e-01 4.181513e-01 7.901515e-02 -3.219406e+02 5.664520e-02 -6.566355e-02 9.962327e-01 -4.949369e+01
4.241523e-01 9.050165e-01 3.224979e-02 6.312654e+02 -9.041112e-01 4.211557e-01 7.218577e-02 -3.231947e+02 5.174714e-02 -5.977516e-02 9.968697e-01 -4.961642e+01
4.270670e-01 9.036692e-01 3.155730e-02 6.318405e+02 -9.025930e-01 4.239463e-01 7.480362e-02 -3.244417e+02 5.421913e-02 -6.042955e-02 9.966989e-01 -4.974977e+01
4.295501e-01 9.027268e-01 2.389793e-02 6.324154e+02 -9.008490e-01 4.265127e-01 8.098070e-02 -3.256740e+02 6.291068e-02 -5.631369e-02 9.964291e-01 -4.984850e+01
4.313945e-01 9.018815e-01 2.255244e-02 6.329847e+02 -8.995168e-01 4.280810e-01 8.726947e-02 -3.268850e+02 6.905244e-02 -5.793387e-02 9.959294e-01 -5.001984e+01
4.334172e-01 9.010727e-01 1.474533e-02 6.335736e+02 -8.984410e-01 4.307578e-01 8.515561e-02 -3.281189e+02 7.037973e-02 -5.015571e-02 9.962586e-01 -5.011677e+01
4.364994e-01 8.996239e-01 1.204733e-02 6.341618e+02 -8.972208e-01 4.342611e-01 8.007626e-02 -3.293461e+02 6.680683e-02 -4.576236e-02 9.967160e-01 -5.030585e+01
4.393872e-01 8.982467e-01 9.579100e-03 6.347360e+02 -8.962253e-01 4.376246e-01 7.256054e-02 -3.305751e+02 6.098522e-02 -4.046720e-02 9.973180e-01 -5.039695e+01
4.425036e-01 8.967302e-01 8.085422e-03 6.353326e+02 -8.947663e-01 4.408964e-01 7.073439e-02 -3.317937e+02 5.986483e-02 -3.853478e-02 9.974624e-01 -5.053139e+01
4.452914e-01 8.953385e-01 9.189775e-03 6.359167e+02 -8.934865e-01 4.436555e-01 6.965457e-02 -3.330125e+02 5.828732e-02 -3.922752e-02 9.975289e-01 -5.064036e+01
4.482303e-01 8.938500e-01 1.103166e-02 6.365099e+02 -8.917716e-01 4.462651e-01 7.477123e-02 -3.342197e+02 6.191122e-02 -4.335244e-02 9.971397e-01 -5.076694e+01
4.509178e-01 8.924511e-01 1.428801e-02 6.370839e+02 -8.903900e-01 4.486442e-01 7.696726e-02 -3.354237e+02 6.227928e-02 -4.742781e-02 9.969313e-01 -5.086802e+01
4.547138e-01 8.905094e-01 1.511036e-02 6.376777e+02 -8.882849e-01 4.522148e-01 8.032157e-02 -3.366262e+02 6.469398e-02 -4.994563e-02 9.966545e-01 -5.101146e+01
4.579411e-01 8.888786e-01 1.359830e-02 6.382771e+02 -8.866329e-01 4.555659e-01 7.963559e-02 -3.378336e+02 6.459145e-02 -4.852511e-02 9.967313e-01 -5.114847e+01
4.612224e-01 8.871682e-01 1.437396e-02 6.388798e+02 -8.850322e-01 4.588376e-01 7.865149e-02 -3.390232e+02 6.318178e-02 -4.899724e-02 9.967985e-01 -5.129358e+01
4.648966e-01 8.852587e-01 1.371091e-02 6.394923e+02 -8.831651e-01 4.625949e-01 7.762360e-02 -3.402270e+02 6.237438e-02 -4.819595e-02 9.968885e-01 -5.140887e+01
4.685470e-01 8.833115e-01 1.498188e-02 6.401082e+02 -8.813841e-01 4.662342e-01 7.607663e-02 -3.414185e+02 6.021430e-02 -4.885027e-02 9.969894e-01 -5.154291e+01
4.729594e-01 8.809470e-01 1.555059e-02 6.407114e+02 -8.791107e-01 4.706458e-01 7.521302e-02 -3.426005e+02 5.893987e-02 -4.924339e-02 9.970462e-01 -5.165815e+01
4.782219e-01 8.780680e-01 1.733578e-02 6.413473e+02 -8.762062e-01 4.756798e-01 7.740536e-02 -3.437821e+02 5.972089e-02 -5.220665e-02 9.968490e-01 -5.178978e+01
4.836930e-01 8.750712e-01 1.706876e-02 6.419779e+02 -8.729780e-01 4.809520e-01 8.120663e-02 -3.449685e+02 6.285233e-02 -5.417974e-02 9.965511e-01 -5.191029e+01
4.877481e-01 8.727919e-01 1.833076e-02 6.426071e+02 -8.705922e-01 4.847507e-01 8.417722e-02 -3.461495e+02 6.458335e-02 -5.701589e-02 9.962822e-01 -5.204301e+01
4.922380e-01 8.702238e-01 2.030267e-02 6.432521e+02 -8.681806e-01 4.891281e-01 8.376209e-02 -3.473288e+02 6.296116e-02 -5.885728e-02 9.962789e-01 -5.218040e+01
4.972354e-01 8.673463e-01 2.161569e-02 6.439057e+02 -8.654410e-01 4.940723e-01 8.309191e-02 -3.485226e+02 6.138975e-02 -6.002335e-02 9.963074e-01 -5.231438e+01
5.018636e-01 8.645464e-01 2.631291e-02 6.445585e+02 -8.630494e-01 4.985170e-01 8.140327e-02 -3.496976e+02 5.725947e-02 -6.356268e-02 9.963338e-01 -5.244149e+01
5.063823e-01 8.618498e-01 2.813947e-02 6.452136e+02 -8.604479e-01 5.028774e-01 8.212038e-02 -3.508857e+02 5.662473e-02 -6.579686e-02 9.962251e-01 -5.258199e+01
5.108529e-01 8.591163e-01 3.079838e-02 6.458865e+02 -8.580180e-01 5.073264e-01 8.015651e-02 -3.520723e+02 5.323893e-02 -6.737375e-02 9.963064e-01 -5.270415e+01
5.151026e-01 8.565981e-01 3.014791e-02 6.465684e+02 -8.555343e-01 5.116822e-01 7.900944e-02 -3.532422e+02 5.225319e-02 -6.649054e-02 9.964179e-01 -5.286206e+01
5.190115e-01 8.542476e-01 2.980152e-02 6.472719e+02 -8.533418e-01 5.158181e-01 7.575834e-02 -3.544402e+02 4.934422e-02 -6.475033e-02 9.966807e-01 -5.298197e+01
5.229570e-01 8.519368e-01 2.682815e-02 6.479728e+02 -8.508418e-01 5.198903e-01 7.604119e-02 -3.556351e+02 5.083460e-02 -6.259279e-02 9.967437e-01 -5.311647e+01
5.265383e-01 8.497496e-01 2.613523e-02 6.486744e+02 -8.486389e-01 5.235200e-01 7.575461e-02 -3.568095e+02 5.069014e-02 -6.206707e-02 9.967839e-01 -5.323898e+01
5.306515e-01 8.472280e-01 2.477308e-02 6.493918e+02 -8.460063e-01 5.276477e-01 7.655793e-02 -3.579938e+02 5.179056e-02 -6.158376e-02 9.967573e-01 -5.336118e+01
5.343386e-01 8.447592e-01 2.939784e-02 6.501123e+02 -8.437430e-01 5.309603e-01 7.860434e-02 -3.591794e+02 5.079265e-02 -6.680556e-02 9.964724e-01 -5.348450e+01
5.389296e-01 8.417461e-01 3.191043e-02 6.508284e+02 -8.407021e-01 5.351195e-01 8.286713e-02 -3.603513e+02 5.267719e-02 -7.148671e-02 9.960496e-01 -5.362487e+01
5.437827e-01 8.385441e-01 3.382719e-02 6.515610e+02 -8.376529e-01 5.398554e-01 8.302926e-02 -3.615345e+02 5.136190e-02 -7.348531e-02 9.959728e-01 -5.375650e+01
5.483606e-01 8.355671e-01 3.359040e-02 6.523049e+02 -8.347206e-01 5.444994e-01 8.223289e-02 -3.627088e+02 5.042115e-02 -7.313187e-02 9.960469e-01 -5.391039e+01
5.527676e-01 8.327459e-01 3.134421e-02 6.530489e+02 -8.318405e-01 5.491335e-01 8.058512e-02 -3.638809e+02 4.989477e-02 -7.061823e-02 9.962548e-01 -5.404841e+01
5.563515e-01 8.303521e-01 3.143745e-02 6.538063e+02 -8.294414e-01 5.526694e-01 8.113923e-02 -3.650564e+02 4.999962e-02 -7.121745e-02 9.962069e-01 -5.419014e+01
5.603065e-01 8.277285e-01 3.036578e-02 6.545721e+02 -8.267806e-01 5.567037e-01 8.071393e-02 -3.662238e+02 4.990447e-02 -7.033038e-02 9.962747e-01 -5.432508e+01
5.644575e-01 8.248149e-01 3.268282e-02 6.553423e+02 -8.240295e-01 5.607045e-01 8.115472e-02 -3.673866e+02 4.861221e-02 -7.274000e-02 9.961655e-01 -5.444934e+01
5.680148e-01 8.223130e-01 3.406898e-02 6.561230e+02 -8.216375e-01 5.641788e-01 8.132674e-02 -3.685614e+02 4.765502e-02 -7.418714e-02 9.961051e-01 -5.458662e+01
5.715105e-01 8.198876e-01 3.405825e-02 6.569050e+02 -8.192384e-01 5.676889e-01 8.110218e-02 -3.697284e+02 4.716018e-02 -7.425258e-02 9.961237e-01 -5.473081e+01
5.756908e-01 8.168359e-01 3.686754e-02 6.576913e+02 -8.164353e-01 5.717643e-01 8.074109e-02 -3.708938e+02 4.487267e-02 -7.658186e-02 9.960530e-01 -5.486708e+01
5.788074e-01 8.146418e-01 3.661597e-02 6.584889e+02 -8.142102e-01 5.748450e-01 8.133360e-02 -3.720553e+02 4.520926e-02 -7.688958e-02 9.960141e-01 -5.499155e+01
5.814829e-01 8.127649e-01 3.592876e-02 6.592799e+02 -8.122059e-01 5.774039e-01 8.322418e-02 -3.731903e+02 4.689629e-02 -7.757499e-02 9.958829e-01 -5.514387e+01
5.846669e-01 8.105605e-01 3.400286e-02 6.600938e+02 -8.099388e-01 5.807891e-01 8.175100e-02 -3.743628e+02 4.651565e-02 -7.533735e-02 9.960726e-01 -5.527695e+01
5.863277e-01 8.095680e-01 2.862822e-02 6.609079e+02 -8.086773e-01 5.828767e-01 7.934694e-02 -3.755072e+02 4.755003e-02 -6.967430e-02 9.964359e-01 -5.544553e+01
5.884777e-01 8.081049e-01 2.569812e-02 6.617297e+02 -8.072540e-01 5.854909e-01 7.444006e-02 -3.766600e+02 4.510937e-02 -6.455123e-02 9.968943e-01 -5.555194e+01
5.893673e-01 8.075183e-01 2.367387e-02 6.625495e+02 -8.064610e-01 5.863633e-01 7.614952e-02 -3.778152e+02 4.761064e-02 -6.397209e-02 9.968153e-01 -5.566971e+01
5.900898e-01 8.070007e-01 2.332128e-02 6.633489e+02 -8.056772e-01 5.867786e-01 8.108573e-02 -3.789492e+02 5.175181e-02 -6.663729e-02 9.964343e-01 -5.581806e+01
5.896804e-01 8.072827e-01 2.390952e-02 6.633313e+02 -8.060043e-01 5.863496e-01 8.094119e-02 -3.789255e+02 5.132309e-02 -6.700061e-02 9.964321e-01 -5.581330e+01