1.000000e+00 0.000000e+00 0.000000e+00 0.000000e+00 0.000000e+00 1.000000e+00 0.000000e+00 0.000000e+00 0.000000e+00 0.000000e+00 1.000000e+00 0.000000e+00
1.000000e+00 7.592577e-05 -6.378214e-05 3.609679e-03 -7.593282e-05 1.000000e+00 -1.103808e-04 -3.274421e-03 6.377376e-05 1.103856e-04 1.000000e+00 1.506922e-03
9.999999e-01 4.326133e-04 -5.120645e-05 4.304129e-03 -4.326152e-04 1.000000e+00 -3.593684e-05 -2.327389e-03 5.119091e-05 3.595899e-05 1.000000e+00 2.871770e-04
1.000000e+00 2.367151e-04 5.682115e-06 -1.272180e-03 -2.367147e-04 1.000000e+00 -8.440989e-05 -3.689712e-03 -5.702096e-06 8.440854e-05 1.000000e+00 8.958202e-04
1.000000e+00 6.694852e-05 3.231698e-05 1.182258e-03 -6.694417e-05 1.000000e+00 -1.347985e-04 2.315032e-03 -3.232600e-05 1.347963e-04 1.000000e+00 -8.274652e-04
1.000000e+00 2.254982e-04 -1.267142e-05 2.588172e-03 -2.255008e-04 1.000000e+00 -2.055641e-04 -1.118373e-03 1.262506e-05 2.055669e-04 1.000000e+00 1.481646e-04
9.999999e-01 2.952823e-04 -6.370818e-05 2.462676e-03 -2.952766e-04 1.000000e+00 9.069958e-05 -4.755273e-04 6.373495e-05 -9.068077e-05 1.000000e+00 1.620984e-03
1.000000e+00 1.738850e-04 -1.249593e-04 5.276658e-03 -1.739008e-04 1.000000e+00 -1.263635e-04 -4.188567e-03 1.249373e-04 1.263853e-04 1.000000e+00 1.112925e-03
9.999999e-01 -3.438879e-04 -2.642348e-05 8.553895e-03 3.438819e-04 1.000000e+00 -2.261521e-04 2.159251e-03 2.650125e-05 2.261430e-04 1.000000e+00 1.861781e-03
1.000000e+00 -1.300069e-05 5.649536e-06 1.051223e-03 1.300076e-05 1.000000e+00 -1.183471e-05 2.835897e-03 -5.649382e-06 1.183479e-05 1.000000e+00 1.512587e-03
1.000000e+00 1.200202e-04 4.044159e-06 3.107969e-03 -1.200202e-04 1.000000e+00 1.487284e-05 -2.572941e-03 -4.042374e-06 -1.487333e-05 1.000000e+00 2.498700e-03
1.000000e+00 -1.928079e-04 9.826426e-05 1.123949e-02 1.928212e-04 1.000000e+00 -1.349704e-04 7.884339e-03 -9.823824e-05 1.349893e-04 1.000000e+00 -1.523287e-03
1.000000e+00 2.088670e-04 -2.327137e-05 5.912122e-03 -2.088723e-04 1.000000e+00 -2.284182e-04 1.453532e-03 2.322367e-05 2.284230e-04 1.000000e+00 3.961062e-04
9.999999e-01 2.800555e-04 -7.804628e-05 3.704302e-03 -2.800664e-04 1.000000e+00 -1.396655e-04 -2.558236e-03 7.800716e-05 1.396874e-04 1.000000e+00 1.518618e-03
1.000000e+00 1.699181e-04 -4.753792e-05 7.387996e-04 -1.699175e-04 1.000000e+00 1.241523e-05 -4.141352e-03 4.754003e-05 -1.240715e-05 1.000000e+00 1.265444e-03
9.999999e-01 4.254989e-04 -9.871009e-05 1.801405e-03 -4.255040e-04 1.000000e+00 -5.126252e-05 -7.487715e-04 9.868827e-05 5.130452e-05 1.000000e+00 1.628214e-03
1.000000e+00 4.905458e-05 -5.795146e-05 -2.863945e-03 -4.905490e-05 1.000000e+00 -5.468710e-06 -1.426310e-03 5.795119e-05 5.471553e-06 1.000000e+00 1.779930e-03
1.000000e+00 1.348260e-04 -1.218175e-05 1.574090e-03 -1.348255e-04 1.000000e+00 4.081248e-05 5.456220e-03 1.218725e-05 -4.081084e-05 1.000000e+00 1.053381e-03
9.999999e-01 3.219826e-04 -1.126779e-04 -2.040859e-03 -3.219764e-04 1.000000e+00 5.500389e-05 5.309431e-04 1.126956e-04 -5.496761e-05 1.000000e+00 1.795848e-03
1.000000e+00 -1.716996e-04 6.693221e-05 9.170276e-03 1.717001e-04 1.000000e+00 -7.680525e-06 8.930096e-03 -6.693089e-05 7.692017e-06 1.000000e+00 3.396839e-06
9.999999e-01 -2.634165e-04 -7.144523e-05 6.575190e-03 2.634069e-04 1.000000e+00 -1.334445e-04 7.386721e-03 7.148038e-05 1.334257e-04 1.000000e+00 1.015874e-03
9.999997e-01 7.506060e-04 -2.730750e-05 -6.297894e-03 -7.506094e-04 9.999998e-01 -1.247782e-04 1.395200e-04 2.721383e-05 1.247986e-04 1.000000e+00 -3.652430e-04
1.000000e+00 1.280363e-04 -3.956853e-05 5.582989e-03 -1.280356e-04 1.000000e+00 1.742586e-05 1.375945e-03 3.957076e-05 -1.742080e-05 1.000000e+00 1.362928e-03
1.000000e+00 -1.735232e-04 -4.296365e-05 6.182387e-03 1.735156e-04 1.000000e+00 -1.765688e-04 3.647114e-03 4.299428e-05 1.765613e-04 1.000000e+00 1.054294e-04
9.999999e-01 -2.917493e-04 -7.812228e-05 1.038295e-02 2.917509e-04 1.000000e+00 1.909077e-05 4.866340e-03 7.811670e-05 -1.911356e-05 1.000000e+00 1.953942e-03
9.999999e-01 3.895305e-04 -1.571689e-05 1.734411e-04 -3.895311e-04 1.000000e+00 -3.477753e-05 -1.916412e-03 1.570334e-05 3.478365e-05 1.000000e+00 -7.183902e-04
1.000000e+00 1.864543e-04 -2.937085e-05 4.203483e-03 -1.864589e-04 1.000000e+00 -1.578442e-04 -2.685539e-03 2.934142e-05 1.578496e-04 1.000000e+00 -5.266169e-04
1.000000e+00 5.785630e-05 -5.396901e-05 3.303518e-03 -5.785969e-05 1.000000e+00 -6.263163e-05 4.064451e-03 5.396539e-05 6.263476e-05 1.000000e+00 2.482370e-03
1.000000e+00 2.401886e-04 -2.143901e-06 3.696842e-03 -2.401885e-04 1.000000e+00 4.040855e-05 1.501115e-03 2.153606e-06 -4.040804e-05 1.000000e+00 1.301665e-03
1.000000e+00 9.033189e-05 2.332437e-05 7.893530e-04 -9.032785e-05 1.000000e+00 -1.732469e-04 -1.935855e-03 -2.334002e-05 1.732448e-04 1.000000e+00 3.351909e-04
9.999999e-01 4.140059e-04 -1.400100e-04 -8.734858e-04 -4.140200e-04 1.000000e+00 -1.005863e-04 -3.709409e-04 1.399683e-04 1.006443e-04 1.000000e+00 1.904369e-03
1.000000e+00 2.152861e-04 2.533191e-05 3.483137e-04 -2.152885e-04 1.000000e+00 9.330577e-05 1.058019e-03 -2.531183e-05 -9.331122e-05 1.000000e+00 -2.637866e-04
1.000000e+00 8.072525e-05 -1.638457e-05 3.639398e-03 -8.072666e-05 1.000000e+00 -8.604355e-05 2.354556e-03 1.637763e-05 8.604487e-05 1.000000e+00 5.617288e-04
1.000000e+00 -2.104788e-05 -3.588678e-05 8.264229e-04 2.104608e-05 1.000000e+00 -5.003000e-05 3.546733e-03 3.588783e-05 5.002924e-05 1.000000e+00 8.420789e-04
9.999999e-01 -2.172661e-04 -1.218975e-04 2.308258e-03 2.172680e-04 1.000000e+00 1.556220e-05 3.173539e-03 1.218941e-04 -1.558868e-05 1.000000e+00 1.471644e-03
9.999999e-01 2.230540e-04 -3.392491e-04 1.616442e-03 -2.230497e-04 1.000000e+00 1.254970e-05 2.089272e-03 3.392519e-04 -1.247403e-05 9.999999e-01 -1.110776e-03
9.999999e-01 -1.663769e-04 -4.883747e-04 2.917293e-03 1.663153e-04 9.999999e-01 -1.261703e-04 7.053500e-03 4.883956e-04 1.260891e-04 9.999999e-01 -7.750703e-04
9.999998e-01 -2.288146e-04 -6.897812e-04 6.937009e-03 2.288876e-04 1.000000e+00 1.058485e-04 4.174868e-03 6.897570e-04 -1.060064e-04 9.999998e-01 -5.838147e-04
9.999998e-01 -2.237847e-05 -6.952640e-04 3.941113e-03 2.239803e-05 1.000000e+00 2.812127e-05 1.032902e-02 6.952634e-04 -2.813683e-05 9.999998e-01 6.237855e-04
9.999996e-01 9.683699e-05 -9.018296e-04 1.693622e-03 -9.674117e-05 9.999999e-01 1.062934e-04 1.377830e-03 9.018399e-04 -1.062061e-04 9.999996e-01 4.254798e-05
9.999996e-01 2.176690e-04 -9.116646e-04 1.787864e-03 -2.175083e-04 9.999999e-01 1.763062e-04 3.271084e-03 9.117029e-04 -1.761078e-04 9.999996e-01 1.254133e-03
9.999995e-01 -3.502747e-04 -9.427583e-04 4.211706e-03 3.503739e-04 1.000000e+00 1.051221e-04 4.916145e-03 9.427214e-04 -1.054523e-04 9.999995e-01 2.278284e-03
9.999995e-01 2.887066e-04 -9.637104e-04 6.612872e-03 -2.885771e-04 1.000000e+00 1.344612e-04 4.280064e-03 9.637492e-04 -1.341830e-04 9.999995e-01 1.916356e-03
9.999995e-01 2.275056e-04 -9.287720e-04 5.958678e-04 -2.274050e-04 1.000000e+00 1.083563e-04 3.720737e-03 9.287967e-04 -1.081450e-04 9.999996e-01 1.157565e-03
9.999995e-01 -1.599899e-04 -9.458812e-04 -2.657329e-03 1.602050e-04 1.000000e+00 2.273302e-04 1.144908e-02 9.458448e-04 -2.274816e-04 9.999995e-01 1.725215e-03
9.999994e-01 5.026066e-05 -1.103087e-03 2.433795e-03 -5.019521e-05 9.999999e-01 5.936132e-05 4.045199e-03 1.103090e-03 -5.930592e-05 9.999994e-01 1.755478e-03
9.999995e-01 -7.492648e-05 -9.773667e-04 6.564112e-04 7.510080e-05 1.000000e+00 1.783237e-04 2.313385e-03 9.773534e-04 -1.783971e-04 9.999995e-01 2.646954e-04
9.999995e-01 1.730201e-04 -1.019707e-03 3.545563e-03 -1.729044e-04 1.000000e+00 1.135764e-04 5.608048e-04 1.019727e-03 -1.134001e-04 9.999995e-01 9.771355e-04
9.999995e-01 9.816997e-05 -9.819627e-04 -2.291992e-03 -9.807759e-05 1.000000e+00 9.412396e-05 1.099720e-02 9.819720e-04 -9.402761e-05 9.999995e-01 1.016646e-03
9.999994e-01 -4.374903e-04 -1.014615e-03 9.205976e-03 4.376502e-04 9.999998e-01 1.574558e-04 1.106052e-02 1.014546e-03 -1.578997e-04 9.999995e-01 1.155185e-04
9.999993e-01 -3.302128e-04 -1.142566e-03 9.899634e-03 3.303811e-04 9.999999e-01 1.470652e-04 4.673555e-03 1.142518e-03 -1.474426e-04 9.999993e-01 1.984072e-03
9.999994e-01 2.850949e-04 -1.056818e-03 -4.469345e-04 -2.850117e-04 9.999999e-01 7.886118e-05 2.350808e-03 1.056840e-03 -7.855993e-05 9.999995e-01 2.521047e-03
9.999994e-01 -3.132705e-05 -1.092855e-03 5.289932e-03 3.169915e-05 9.999999e-01 3.404691e-04 1.031936e-03 1.092845e-03 -3.405036e-04 9.999993e-01 1.721356e-03
9.999994e-01 1.635286e-05 -1.096812e-03 6.343251e-03 -1.619353e-05 9.999999e-01 1.452727e-04 5.233331e-03 1.096815e-03 -1.452548e-04 9.999994e-01 2.213946e-03
9.999993e-01 4.307253e-04 -1.056094e-03 5.349236e-03 -4.305178e-04 9.999999e-01 1.966955e-04 5.842454e-03 1.056178e-03 -1.962407e-04 9.999994e-01 -3.839839e-04
9.999991e-01 -2.025725e-04 -1.324216e-03 -1.544197e-03 2.027210e-04 9.999999e-01 1.120418e-04 4.215174e-03 1.324193e-03 -1.123101e-04 9.999991e-01 -5.719217e-05
9.999992e-01 -4.327816e-04 -1.212150e-03 -3.007092e-03 4.330569e-04 9.999998e-01 2.268198e-04 4.121189e-03 1.212051e-03 -2.273445e-04 9.999992e-01 2.189967e-03
9.999991e-01 1.435826e-04 -1.326728e-03 -3.661084e-03 -1.433252e-04 9.999999e-01 1.940881e-04 5.619763e-04 1.326756e-03 -1.938977e-04 9.999991e-01 -8.159592e-04
9.999988e-01 2.715609e-04 -1.515320e-03 -1.762990e-03 -2.711941e-04 1.000000e+00 2.423336e-04 -2.804242e-03 1.515385e-03 -2.419224e-04 9.999988e-01 8.355738e-04
9.999987e-01 -2.726394e-04 -1.598794e-03 1.445787e-03 2.733645e-04 9.999999e-01 4.533654e-04 5.693942e-03 1.598670e-03 -4.538019e-04 9.999986e-01 1.201011e-03
9.999985e-01 -1.600599e-04 -1.739010e-03 -4.907917e-04 1.602531e-04 1.000000e+00 1.109832e-04 1.152418e-02 1.738992e-03 -1.112617e-04 9.999985e-01 3.389804e-03
9.999973e-01 -4.580760e-04 -2.295374e-03 1.706069e-03 4.598386e-04 9.999995e-01 7.674516e-04 1.328096e-02 2.295021e-03 -7.685050e-04 9.999971e-01 -3.786719e-03
9.999974e-01 -3.318978e-04 -2.227995e-03 -3.827501e-03 3.322201e-04 9.999999e-01 1.443205e-04 5.551060e-03 2.227947e-03 -1.450603e-04 9.999975e-01 6.106620e-03
9.999985e-01 -2.681133e-04 -1.749435e-03 -2.241416e-03 2.694365e-04 9.999996e-01 7.561620e-04 6.013262e-03 1.749231e-03 -7.566322e-04 9.999982e-01 -4.037677e-04
9.999978e-01 -7.760864e-05 -2.106974e-03 -6.604517e-03 7.819897e-05 1.000000e+00 2.800957e-04 9.227419e-03 2.106952e-03 -2.802598e-04 9.999977e-01 2.092311e-03
9.999981e-01 -1.724691e-04 -1.945951e-03 -1.884734e-03 1.735209e-04 9.999998e-01 5.403510e-04 4.243746e-03 1.945858e-03 -5.406876e-04 9.999980e-01 -6.209254e-04
9.999970e-01 -1.734725e-04 -2.456843e-03 -4.505004e-03 1.742838e-04 9.999999e-01 3.300372e-04 1.711318e-03 2.456786e-03 -3.304644e-04 9.999969e-01 3.157363e-03
9.999984e-01 -1.863132e-04 -1.786411e-03 -3.962462e-03 1.871844e-04 9.999999e-01 4.875264e-04 6.201435e-04 1.786320e-03 -4.878600e-04 9.999983e-01 9.733008e-04
9.999973e-01 -2.530848e-05 -2.349029e-03 3.507178e-04 2.640319e-05 9.999999e-01 4.659949e-04 6.426529e-03 2.349017e-03 -4.660556e-04 9.999971e-01 -5.310138e-04
9.999978e-01 -3.095893e-04 -2.089569e-03 -5.060361e-03 3.098660e-04 1.000000e+00 1.320508e-04 5.977728e-03 2.089528e-03 -1.326980e-04 9.999978e-01 3.031533e-03
9.999977e-01 1.357289e-04 -2.126351e-03 -3.608462e-03 -1.347476e-04 9.999999e-01 4.616005e-04 3.882951e-03 2.126413e-03 -4.613130e-04 9.999976e-01 -9.588347e-04
9.999978e-01 -5.109513e-04 -2.038508e-03 4.810094e-03 5.117072e-04 9.999996e-01 3.702885e-04 5.665996e-03 2.038318e-03 -3.713309e-04 9.999979e-01 3.108740e-03
9.999977e-01 2.771767e-04 -2.150339e-03 -3.868586e-03 -2.759842e-04 9.999996e-01 5.548414e-04 -2.642064e-03 2.150492e-03 -5.542466e-04 9.999976e-01 -5.217663e-04
9.999977e-01 5.111477e-05 -2.129219e-03 -9.864809e-04 -5.028694e-05 9.999999e-01 3.888461e-04 5.234495e-03 2.129239e-03 -3.887381e-04 9.999977e-01 1.350528e-03
9.999980e-01 1.730341e-04 -1.995716e-03 -1.022148e-03 -1.719371e-04 9.999999e-01 5.498563e-04 3.177686e-03 1.995811e-03 -5.495120e-04 9.999979e-01 -3.203837e-04
9.999974e-01 -2.005390e-04 -2.273005e-03 1.315070e-03 2.016879e-04 1.000000e+00 5.052677e-04 -4.223349e-04 2.272903e-03 -5.057249e-04 9.999973e-01 2.284869e-03
9.999980e-01 -2.242546e-04 -1.978748e-03 -4.931214e-03 2.250430e-04 9.999998e-01 3.982652e-04 3.686263e-03 1.978659e-03 -3.987097e-04 9.999980e-01 1.678635e-04
9.999974e-01 -2.577596e-04 -2.251582e-03 -7.035258e-03 2.584198e-04 9.999999e-01 2.929437e-04 4.148616e-03 2.251506e-03 -2.935248e-04 9.999974e-01 -7.470229e-05
9.999980e-01 -4.892987e-05 -2.020767e-03 -6.859469e-03 4.958006e-05 9.999999e-01 3.217073e-04 -1.216296e-04 2.020751e-03 -3.218069e-04 9.999979e-01 1.625391e-03
9.999976e-01 -3.901093e-04 -2.155645e-03 -6.888178e-04 3.908876e-04 9.999999e-01 3.606218e-04 4.180055e-03 2.155504e-03 -3.614636e-04 9.999976e-01 3.148609e-04
9.999978e-01 -4.004636e-04 -2.066601e-03 -3.856487e-03 4.009427e-04 1.000000e+00 2.314046e-04 7.035390e-03 2.066508e-03 -2.322327e-04 9.999979e-01 2.199652e-03
9.999976e-01 3.338753e-04 -2.164796e-03 -7.670069e-03 -3.329697e-04 1.000000e+00 4.186838e-04 6.546425e-03 2.164936e-03 -4.179620e-04 9.999976e-01 2.729641e-04
9.999977e-01 3.926212e-04 -2.112033e-03 -2.881363e-03 -3.918516e-04 9.999999e-01 3.647875e-04 2.077776e-03 2.112176e-03 -3.639591e-04 9.999977e-01 1.353362e-03
9.999980e-01 -3.836987e-04 -1.954869e-03 -1.012068e-03 3.845079e-04 9.999998e-01 4.135853e-04 1.077576e-02 1.954711e-03 -4.143361e-04 9.999980e-01 -2.094001e-03
9.999979e-01 -2.426515e-04 -2.036819e-03 -5.237406e-03 2.432214e-04 9.999999e-01 2.795401e-04 9.238265e-03 2.036751e-03 -2.800349e-04 9.999979e-01 4.942309e-04
9.999978e-01 3.752896e-04 -2.061584e-03 -4.350452e-03 -3.744283e-04 9.999998e-01 4.181931e-04 2.632208e-03 2.061740e-03 -4.174203e-04 9.999978e-01 2.299897e-03
9.999977e-01 -1.502721e-04 -2.137861e-03 -1.884136e-03 1.511657e-04 9.999999e-01 4.177979e-04 -4.727769e-04 2.137799e-03 -4.181202e-04 9.999976e-01 1.026438e-03
9.999979e-01 -2.549288e-04 -2.068558e-03 -6.495769e-03 2.556864e-04 1.000000e+00 3.659897e-04 3.588628e-03 2.068465e-03 -3.665179e-04 9.999978e-01 8.034566e-05
9.999977e-01 3.147960e-04 -2.124279e-03 -6.376382e-03 -3.135035e-04 9.999999e-01 6.087834e-04 3.569280e-03 2.124470e-03 -6.081160e-04 9.999976e-01 9.231119e-04
9.999979e-01 2.026054e-04 -2.048085e-03 8.846226e-04 -2.016472e-04 1.000000e+00 4.680447e-04 3.156152e-03 2.048180e-03 -4.676307e-04 9.999978e-01 1.010335e-03
9.999979e-01 1.748518e-04 -2.050927e-03 -1.345784e-02 -1.740330e-04 1.000000e+00 3.994089e-04 1.412351e-03 2.050997e-03 -3.990511e-04 9.999978e-01 1.297197e-03
9.999978e-01 -2.601628e-04 -2.079716e-03 -8.524018e-03 2.607278e-04 1.000000e+00 2.713992e-04 4.777585e-03 2.079645e-03 -2.719408e-04 9.999978e-01 6.010103e-04
9.999974e-01 -2.318531e-04 -2.279650e-03 -6.856606e-03 2.325826e-04 1.000000e+00 3.197460e-04 -6.734846e-04 2.279575e-03 -3.202754e-04 9.999974e-01 2.593879e-03
9.999977e-01 -3.702355e-04 -2.084601e-03 -5.542371e-03 3.707022e-04 9.999998e-01 2.234809e-04 1.517336e-03 2.084518e-03 -2.242532e-04 9.999978e-01 1.040357e-04
9.999975e-01 3.180735e-04 -2.213450e-03 -1.217053e-02 -3.174319e-04 9.999999e-01 2.902084e-04 -6.166951e-03 2.213542e-03 -2.895050e-04 9.999975e-01 1.189187e-03
9.999974e-01 1.576249e-04 -2.267360e-03 -2.936092e-03 -1.570201e-04 1.000000e+00 2.669088e-04 8.950422e-04 2.267401e-03 -2.665521e-04 9.999974e-01 2.158561e-03
9.999979e-01 -4.757998e-05 -2.050126e-03 -1.194106e-02 4.833900e-05 1.000000e+00 3.701882e-04 1.137286e-03 2.050109e-03 -3.702865e-04 9.999979e-01 8.897989e-04
9.999977e-01 -2.569689e-05 -2.133036e-03 -8.657033e-03 2.639467e-05 9.999999e-01 3.271020e-04 2.491329e-03 2.133027e-03 -3.271576e-04 9.999977e-01 -2.229302e-04
9.999978e-01 -1.829408e-04 -2.098505e-03 -5.236231e-03 1.837133e-04 9.999998e-01 3.679054e-04 -1.573793e-04 2.098437e-03 -3.682901e-04 9.999977e-01 5.332140e-04
9.999974e-01 2.441246e-04 -2.258482e-03 -1.962369e-03 -2.428422e-04 9.999999e-01 5.680819e-04 7.326432e-04 2.258620e-03 -5.675319e-04 9.999973e-01 1.508652e-03
9.999977e-01 -7.322486e-05 -2.119467e-03 -5.447444e-03 7.404665e-05 9.999999e-01 3.876614e-04 3.989891e-03 2.119438e-03 -3.878174e-04 9.999977e-01 1.384557e-04
9.999980e-01 3.223745e-04 -1.970589e-03 -3.841782e-03 -3.213859e-04 9.999998e-01 5.020085e-04 5.066840e-03 1.970750e-03 -5.013741e-04 9.999979e-01 9.016736e-04
9.999976e-01 -9.999997e-06 -2.176212e-03 -7.919365e-03 1.059380e-05 1.000000e+00 2.728517e-04 1.368056e-03 2.176209e-03 -2.728741e-04 9.999976e-01 2.442403e-03
9.999979e-01 -2.334333e-04 -2.033816e-03 -2.703582e-03 2.342667e-04 9.999999e-01 4.095659e-04 1.100977e-03 2.033720e-03 -4.100415e-04 9.999979e-01 7.773315e-04
9.999978e-01 -9.298439e-05 -2.109846e-03 -4.451262e-03 9.363361e-05 9.999999e-01 3.076107e-04 5.732088e-03 2.109817e-03 -3.078075e-04 9.999977e-01 1.847739e-03
9.999977e-01 -2.655572e-04 -2.123249e-03 -4.319018e-03 2.663372e-04 9.999999e-01 3.670666e-04 4.851410e-03 2.123151e-03 -3.676313e-04 9.999977e-01 1.030551e-03
9.999979e-01 1.919008e-04 -2.054415e-03 -2.977582e-03 -1.910252e-04 1.000000e+00 4.264205e-04 4.055100e-03 2.054497e-03 -4.260271e-04 9.999978e-01 2.682158e-04
9.999973e-01 2.832297e-04 -2.297812e-03 -3.101374e-04 -2.823611e-04 9.999998e-01 3.783134e-04 -5.106335e-03 2.297919e-03 -3.776636e-04 9.999973e-01 2.443811e-03
9.999976e-01 -7.448308e-05 -2.203706e-03 -3.090390e-03 7.552745e-05 9.999998e-01 4.738297e-04 1.452168e-03 2.203671e-03 -4.739950e-04 9.999974e-01 6.809661e-04
9.999976e-01 9.670931e-05 -2.176596e-03 -6.437232e-03 -9.569590e-05 1.000000e+00 4.656962e-04 -1.122274e-03 2.176641e-03 -4.654868e-04 9.999975e-01 2.458256e-03
9.999978e-01 1.605797e-04 -2.082246e-03 -6.284191e-05 -1.598069e-04 1.000000e+00 3.713027e-04 2.235540e-03 2.082305e-03 -3.709691e-04 9.999977e-01 1.221935e-03
9.999978e-01 8.079193e-05 -2.091891e-03 -2.783232e-03 -8.007222e-05 1.000000e+00 3.441288e-04 4.284860e-03 2.091919e-03 -3.439605e-04 9.999977e-01 -1.650469e-04
9.999975e-01 -6.317345e-04 -2.138528e-03 4.045472e-03 6.325044e-04 9.999996e-01 3.593584e-04 9.611454e-03 2.138300e-03 -3.607101e-04 9.999977e-01 1.073255e-03
9.999979e-01 -1.460258e-04 -2.063432e-03 -4.650330e-03 1.468241e-04 1.000000e+00 3.867444e-04 1.045321e-02 2.063375e-03 -3.870465e-04 9.999978e-01 1.326398e-03
9.999979e-01 -3.933803e-04 -2.023322e-03 2.624636e-03 3.940837e-04 9.999999e-01 3.472383e-04 7.848900e-03 2.023185e-03 -3.480349e-04 9.999979e-01 8.644928e-04
9.999978e-01 -1.722223e-04 -2.100122e-03 -5.855147e-03 1.731126e-04 9.999998e-01 4.237254e-04 7.174456e-03 2.100049e-03 -4.240881e-04 9.999977e-01 -3.151364e-04
9.999976e-01 1.355547e-04 -2.211191e-03 -7.467558e-03 -1.347114e-04 9.999999e-01 3.815329e-04 2.727540e-03 2.211243e-03 -3.812342e-04 9.999975e-01 1.412283e-03
9.999978e-01 2.108037e-04 -2.079928e-03 -3.586469e-03 -2.101901e-04 1.000000e+00 2.952317e-04 2.048888e-03 2.079990e-03 -2.947939e-04 9.999978e-01 -4.080074e-04
9.999978e-01 1.810073e-05 -2.098129e-03 -2.932654e-04 -1.715370e-05 9.999998e-01 4.513886e-04 3.663065e-03 2.098137e-03 -4.513516e-04 9.999977e-01 -1.477470e-04
9.999977e-01 -2.008526e-04 -2.138128e-03 -7.819341e-04 2.017842e-04 9.999999e-01 4.355089e-04 4.209876e-03 2.138040e-03 -4.359393e-04 9.999976e-01 1.757876e-03
9.999979e-01 4.544595e-05 -2.027598e-03 -4.732586e-03 -4.484041e-05 9.999999e-01 2.986890e-04 1.004237e-02 2.027612e-03 -2.985974e-04 9.999979e-01 2.354368e-04
9.999980e-01 -7.231736e-05 -2.018485e-03 3.668900e-03 7.324578e-05 9.999999e-01 4.598944e-04 4.613260e-03 2.018451e-03 -4.600413e-04 9.999979e-01 4.579352e-04
9.999977e-01 -1.692221e-04 -2.120802e-03 -3.600676e-03 1.700010e-04 9.999999e-01 3.670617e-04 5.538751e-03 2.120740e-03 -3.674214e-04 9.999977e-01 2.958259e-03
9.999977e-01 2.296176e-04 -2.138939e-03 -1.298178e-03 -2.287235e-04 9.999999e-01 4.182142e-04 -1.099839e-03 2.139035e-03 -4.177240e-04 9.999976e-01 1.050386e-03
9.999977e-01 2.017913e-04 -2.125407e-03 -2.976029e-03 -2.007780e-04 9.999999e-01 4.769567e-04 1.486952e-03 2.125503e-03 -4.765288e-04 9.999976e-01 1.020258e-03
9.999976e-01 -2.282834e-04 -2.162096e-03 -1.712277e-03 2.289416e-04 1.000000e+00 3.041778e-04 3.315622e-03 2.162026e-03 -3.046721e-04 9.999976e-01 4.798613e-05
9.999976e-01 -1.755629e-04 -2.209552e-03 -5.025193e-03 1.763620e-04 9.999998e-01 3.614534e-04 1.455332e-03 2.209488e-03 -3.618421e-04 9.999975e-01 8.002642e-04
9.999974e-01 -6.978105e-05 -2.259278e-03 1.249381e-03 7.094091e-05 9.999999e-01 5.132996e-04 2.972879e-03 2.259242e-03 -5.134585e-04 9.999973e-01 8.813935e-04
9.999977e-01 7.149440e-05 -2.131744e-03 -6.704953e-03 -7.079618e-05 9.999999e-01 3.276085e-04 1.450898e-03 2.131767e-03 -3.274568e-04 9.999977e-01 2.314604e-03
9.999974e-01 -2.534225e-04 -2.270454e-03 -2.132947e-03 2.542904e-04 1.000000e+00 3.819893e-04 4.700693e-03 2.270357e-03 -3.825657e-04 9.999974e-01 2.366012e-03
9.999976e-01 -1.809348e-04 -2.211917e-03 -6.367001e-04 1.823081e-04 9.999999e-01 6.206519e-04 2.240466e-03 2.211805e-03 -6.210537e-04 9.999974e-01 2.238872e-03
9.999979e-01 2.756560e-04 -2.060334e-03 -8.136658e-03 -2.746939e-04 9.999998e-01 4.672044e-04 3.412529e-03 2.060462e-03 -4.666375e-04 9.999978e-01 -8.777984e-04
9.999979e-01 -8.273459e-05 -2.047173e-03 -2.267424e-03 8.368334e-05 1.000000e+00 4.633674e-04 6.536577e-03 2.047134e-03 -4.635377e-04 9.999978e-01 2.418862e-04
9.999980e-01 2.441981e-05 -2.021445e-03 -9.663208e-03 -2.371800e-05 9.999999e-01 3.472049e-04 3.421978e-03 2.021453e-03 -3.471562e-04 9.999979e-01 -4.125490e-04
9.999978e-01 1.435561e-04 -2.098153e-03 6.504349e-04 -1.425680e-04 9.999998e-01 4.710568e-04 2.536233e-03 2.098221e-03 -4.707566e-04 9.999977e-01 3.899863e-04
9.999979e-01 -6.407885e-05 -2.053011e-03 2.761135e-03 6.501176e-05 1.000000e+00 4.543459e-04 9.713842e-03 2.052982e-03 -4.544785e-04 9.999978e-01 1.681421e-03
9.999979e-01 -5.647899e-06 -2.083455e-03 -3.893228e-03 6.376433e-06 1.000000e+00 3.496690e-04 5.598566e-03 2.083452e-03 -3.496816e-04 9.999978e-01 5.671511e-04
9.999977e-01 1.846579e-04 -2.155707e-03 -3.721222e-03 -1.838237e-04 9.999999e-01 3.871490e-04 1.114510e-04 2.155778e-03 -3.867519e-04 9.999976e-01 2.403596e-03
9.999977e-01 1.866486e-05 -2.159473e-03 -4.907615e-03 -1.760417e-05 1.000000e+00 4.911990e-04 -2.154323e-03 2.159482e-03 -4.911599e-04 9.999976e-01 9.541907e-04
9.999979e-01 -3.042043e-04 -2.006977e-03 -2.814495e-03 3.052661e-04 9.999999e-01 5.288070e-04 8.328648e-03 2.006816e-03 -5.294185e-04 9.999979e-01 9.648605e-04
9.999979e-01 -1.317268e-04 -2.077654e-03 -1.767312e-03 1.325889e-04 1.000000e+00 4.148311e-04 7.287893e-03 2.077599e-03 -4.151056e-04 9.999977e-01 2.138794e-03
9.999976e-01 2.149593e-04 -2.161486e-03 -4.843691e-03 -2.141675e-04 1.000000e+00 3.665508e-04 -7.966140e-04 2.161565e-03 -3.660870e-04 9.999976e-01 2.369276e-03
9.999976e-01 2.579956e-04 -2.156164e-03 -1.573516e-03 -2.570738e-04 1.000000e+00 4.278300e-04 1.118296e-03 2.156274e-03 -4.272747e-04 9.999976e-01 6.060794e-04
9.999976e-01 2.115809e-04 -2.168333e-03 -8.508909e-03 -2.104376e-04 9.999998e-01 5.275040e-04 -8.339428e-04 2.168444e-03 -5.270465e-04 9.999975e-01 9.261352e-04
9.999979e-01 -2.170684e-04 -2.071565e-03 -1.062766e-03 2.175325e-04 1.000000e+00 2.238048e-04 5.276304e-03 2.071516e-03 -2.242550e-04 9.999979e-01 1.997138e-04
9.999980e-01 2.312103e-04 -1.981776e-03 -4.324484e-03 -2.305735e-04 9.999998e-01 3.215292e-04 6.615090e-03 1.981850e-03 -3.210717e-04 9.999980e-01 1.756561e-03
9.999982e-01 -7.823707e-05 -1.926656e-03 4.053325e-03 7.912587e-05 1.000000e+00 4.612488e-04 5.884829e-03 1.926620e-03 -4.614003e-04 9.999980e-01 -2.818282e-03
9.999978e-01 -4.031866e-04 -2.069605e-03 3.371692e-03 4.038341e-04 9.999998e-01 3.124295e-04 1.353838e-02 2.069478e-03 -3.132646e-04 9.999978e-01 2.416043e-03
9.999979e-01 -5.948606e-04 -1.981899e-03 2.830226e-03 5.958428e-04 9.999998e-01 4.950268e-04 1.254569e-02 1.981604e-03 -4.962066e-04 9.999979e-01 2.195975e-04
9.999974e-01 -4.346337e-04 -2.208516e-03 -5.021077e-03 4.351169e-04 9.999998e-01 2.183213e-04 8.672654e-04 2.208421e-03 -2.192817e-04 9.999976e-01 1.166237e-03
9.999978e-01 -2.525312e-04 -2.078358e-03 -7.567923e-05 2.534433e-04 9.999998e-01 4.385865e-04 2.305387e-03 2.078247e-03 -4.391122e-04 9.999977e-01 8.701223e-04
9.999977e-01 -4.204827e-04 -2.087756e-03 4.821247e-03 4.210943e-04 9.999998e-01 2.925278e-04 5.973092e-03 2.087632e-03 -2.934063e-04 9.999978e-01 1.938865e-04
9.999979e-01 -3.149633e-04 -2.028046e-03 1.485003e-03 3.160265e-04 9.999999e-01 5.239454e-04 2.371396e-03 2.027881e-03 -5.245853e-04 9.999978e-01 2.511067e-03
9.999981e-01 6.594379e-05 -1.961963e-03 -2.805015e-03 -6.493631e-05 9.999998e-01 5.135582e-04 1.184663e-02 1.961997e-03 -5.134298e-04 9.999979e-01 7.909904e-04
9.999979e-01 -2.498258e-04 -2.049135e-03 -3.576043e-03 2.506581e-04 1.000000e+00 4.059186e-04 5.698116e-03 2.049033e-03 -4.064314e-04 9.999978e-01 8.013575e-05
9.999980e-01 7.183618e-05 -2.004448e-03 -4.769521e-03 -7.108106e-05 9.999999e-01 3.767938e-04 3.535154e-03 2.004475e-03 -3.766505e-04 9.999979e-01 6.017281e-04
9.999976e-01 -3.914188e-05 -2.206177e-03 -7.545197e-06 3.997472e-05 9.999998e-01 3.774592e-04 2.127128e-03 2.206162e-03 -3.775465e-04 9.999975e-01 2.106998e-04
9.999980e-01 -5.786461e-05 -2.005378e-03 3.582955e-03 5.887257e-05 9.999999e-01 5.025740e-04 5.109630e-03 2.005349e-03 -5.026910e-04 9.999979e-01 4.348826e-04
9.999981e-01 -4.009726e-04 -1.914161e-03 1.655740e-03 4.019944e-04 9.999996e-01 5.334748e-04 9.467649e-03 1.913946e-03 -5.342433e-04 9.999980e-01 4.111006e-04
9.999977e-01 2.731769e-04 -2.118851e-03 2.515186e-03 -2.723979e-04 9.999999e-01 3.679106e-04 2.105832e-03 2.118951e-03 -3.673326e-04 9.999977e-01 1.084845e-03
9.999977e-01 -9.177966e-05 -2.122528e-03 -2.663259e-03 9.261970e-05 9.999999e-01 3.956787e-04 4.760695e-03 2.122492e-03 -3.958744e-04 9.999977e-01 6.707156e-04
9.999977e-01 4.836630e-04 -2.097717e-03 -4.993929e-03 -4.827739e-04 9.999998e-01 4.243441e-04 -2.034328e-03 2.097922e-03 -4.233304e-04 9.999977e-01 6.355252e-04
9.999980e-01 -2.461413e-04 -1.970303e-03 -9.142638e-03 2.469037e-04 9.999998e-01 3.867359e-04 2.719895e-03 1.970207e-03 -3.872216e-04 9.999980e-01 7.827629e-04
9.999978e-01 3.934024e-04 -2.064282e-03 -1.578431e-03 -3.925623e-04 9.999998e-01 4.073927e-04 5.024065e-03 2.064442e-03 -4.065815e-04 9.999978e-01 3.861994e-04
9.999978e-01 3.416520e-04 -2.079365e-03 -6.723178e-03 -3.405119e-04 9.999998e-01 5.485901e-04 -3.357456e-03 2.079553e-03 -5.478808e-04 9.999977e-01 1.501037e-03
9.999976e-01 -9.524111e-05 -2.178506e-03 1.356518e-03 9.605649e-05 1.000000e+00 3.741771e-04 -2.494295e-03 2.178471e-03 -3.743855e-04 9.999976e-01 1.537566e-03
9.999979e-01 -5.914494e-05 -2.039452e-03 1.630926e-03 6.003715e-05 9.999999e-01 4.374181e-04 2.882831e-03 2.039426e-03 -4.375397e-04 9.999979e-01 -7.767307e-05
9.999978e-01 2.460996e-04 -2.080252e-03 -8.279335e-04 -2.450021e-04 9.999998e-01 5.278341e-04 2.019958e-03 2.080382e-03 -5.273232e-04 9.999977e-01 1.141475e-03
9.999977e-01 -1.906228e-04 -2.141923e-03 9.877901e-04 1.911204e-04 9.999999e-01 2.321280e-04 5.144773e-03 2.141879e-03 -2.325368e-04 9.999977e-01 1.818636e-03
9.999977e-01 -2.755951e-04 -2.137641e-03 -2.005596e-03 2.764430e-04 9.999999e-01 3.963640e-04 2.993658e-03 2.137531e-03 -3.969540e-04 9.999976e-01 9.541852e-04
9.999977e-01 -1.918206e-04 -2.147506e-03 -6.901632e-04 1.924933e-04 9.999999e-01 3.130384e-04 -5.114240e-04 2.147446e-03 -3.134510e-04 9.999976e-01 2.711915e-03
9.999977e-01 -2.383935e-04 -2.149220e-03 -1.271743e-03 2.396016e-04 9.999999e-01 5.618524e-04 3.772586e-03 2.149086e-03 -5.623660e-04 9.999976e-01 1.201593e-03
9.999977e-01 6.462512e-06 -2.147405e-03 6.045857e-03 -5.185032e-06 9.999999e-01 5.948997e-04 7.022421e-03 2.147408e-03 -5.948872e-04 9.999975e-01 1.869169e-03
9.999978e-01 1.781855e-04 -2.099730e-03 -7.033758e-03 -1.770795e-04 9.999998e-01 5.268831e-04 1.570872e-05 2.099824e-03 -5.265101e-04 9.999977e-01 2.071386e-03
9.999979e-01 -1.522563e-04 -2.061754e-03 3.411052e-04 1.528085e-04 1.000000e+00 2.676982e-04 5.302052e-03 2.061713e-03 -2.680127e-04 9.999979e-01 5.792934e-04
9.999980e-01 2.271873e-04 -2.005109e-03 1.837716e-03 -2.260974e-04 9.999999e-01 5.437777e-04 6.671847e-03 2.005232e-03 -5.433232e-04 9.999979e-01 3.039651e-04
9.999976e-01 6.755934e-06 -2.179602e-03 3.060147e-03 -5.840542e-06 1.000000e+00 4.199873e-04 2.640706e-03 2.179604e-03 -4.199735e-04 9.999976e-01 1.747891e-03
9.999978e-01 3.622903e-05 -2.097595e-03 -1.751259e-03 -3.539864e-05 9.999998e-01 3.959114e-04 4.278074e-04 2.097609e-03 -3.958362e-04 9.999977e-01 6.653604e-04
9.999977e-01 -6.061798e-06 -2.117700e-03 -4.752385e-03 6.986319e-06 9.999999e-01 4.365616e-04 -3.331867e-03 2.117698e-03 -4.365754e-04 9.999977e-01 1.453138e-03
9.999976e-01 -2.661476e-04 -2.168119e-03 5.956840e-04 2.670568e-04 1.000000e+00 4.190631e-04 3.169043e-03 2.168008e-03 -4.196411e-04 9.999976e-01 2.668716e-03
9.999975e-01 7.943786e-05 -2.230024e-03 -8.486595e-03 -7.850151e-05 9.999999e-01 4.199687e-04 3.114710e-03 2.230057e-03 -4.197926e-04 9.999974e-01 2.181256e-03
9.999977e-01 5.567020e-05 -2.137187e-03 4.171890e-03 -5.495839e-05 9.999999e-01 3.331147e-04 3.620203e-03 2.137206e-03 -3.329965e-04 9.999977e-01 1.432358e-03
9.999977e-01 -3.949992e-04 -2.088401e-03 9.884337e-03 3.960857e-04 9.999998e-01 5.198994e-04 8.430091e-03 2.088195e-03 -5.207253e-04 9.999977e-01 2.003327e-03
9.999977e-01 1.673573e-04 -2.145181e-03 4.574427e-04 -1.663163e-04 9.999999e-01 4.854324e-04 2.778588e-03 2.145262e-03 -4.850745e-04 9.999976e-01 1.683840e-03
9.999978e-01 1.566222e-04 -2.094117e-03 -7.124682e-03 -1.557877e-04 9.999998e-01 3.986311e-04 8.013144e-03 2.094179e-03 -3.983040e-04 9.999977e-01 1.134154e-03
9.999979e-01 -9.780922e-06 -2.028436e-03 -1.930204e-03 1.058205e-05 9.999999e-01 3.949395e-04 4.149610e-03 2.028432e-03 -3.949601e-04 9.999979e-01 1.649370e-03
9.999979e-01 2.074877e-04 -2.030561e-03 -1.319986e-03 -2.066924e-04 9.999999e-01 3.918803e-04 6.324584e-03 2.030642e-03 -3.914598e-04 9.999979e-01 -1.111090e-03
9.999979e-01 -3.770961e-05 -2.069390e-03 3.742196e-03 3.876600e-05 9.999998e-01 5.104461e-04 6.079129e-03 2.069371e-03 -5.105252e-04 9.999977e-01 2.507278e-03
9.999979e-01 2.492196e-04 -2.025476e-03 -2.404261e-03 -2.483581e-04 9.999999e-01 4.255699e-04 3.728524e-03 2.025582e-03 -4.250660e-04 9.999979e-01 8.207050e-05
9.999980e-01 -2.234519e-04 -2.000666e-03 1.851164e-03 2.240124e-04 9.999999e-01 2.799783e-04 7.456010e-03 2.000603e-03 -2.804259e-04 9.999980e-01 6.293593e-04
9.999980e-01 1.256063e-04 -2.004796e-03 -4.958798e-03 -1.245456e-04 9.999999e-01 5.291955e-04 6.656356e-03 2.004862e-03 -5.289447e-04 9.999979e-01 1.114041e-03
9.999977e-01 3.782204e-04 -2.105406e-03 -6.055154e-03 -3.771763e-04 9.999999e-01 4.962806e-04 -3.395432e-03 2.105593e-03 -4.954854e-04 9.999977e-01 2.086526e-04
9.999979e-01 2.238488e-04 -2.035760e-03 1.079347e-04 -2.233439e-04 9.999999e-01 2.481878e-04 2.231688e-03 2.035816e-03 -2.477326e-04 9.999979e-01 8.825502e-04
9.999979e-01 2.197191e-04 -2.066498e-03 -1.109842e-02 -2.184327e-04 9.999998e-01 6.227394e-04 -2.993883e-03 2.066635e-03 -6.222866e-04 9.999977e-01 8.018846e-04
9.999977e-01 2.606225e-04 -2.099270e-03 -7.641632e-03 -2.599457e-04 9.999998e-01 3.226734e-04 2.419051e-03 2.099354e-03 -3.221270e-04 9.999977e-01 1.004343e-03
9.999977e-01 8.613200e-05 -2.123140e-03 -7.731596e-04 -8.522325e-05 9.999999e-01 4.281071e-04 6.535727e-03 2.123176e-03 -4.279252e-04 9.999977e-01 2.373081e-03
9.999979e-01 3.569007e-04 -2.019434e-03 -5.592005e-03 -3.561076e-04 9.999999e-01 3.930585e-04 2.240250e-03 2.019575e-03 -3.923386e-04 9.999979e-01 3.589505e-05
9.999980e-01 -8.165657e-05 -2.003613e-03 4.883625e-03 8.265633e-05 9.999999e-01 4.988996e-04 7.340046e-03 2.003572e-03 -4.990642e-04 9.999979e-01 1.275258e-03
9.999980e-01 2.405153e-04 -2.009897e-03 -1.348501e-03 -2.395236e-04 9.999999e-01 4.936078e-04 1.202446e-03 2.010016e-03 -4.931254e-04 9.999979e-01 -1.192295e-04
9.999976e-01 1.276016e-04 -2.183964e-03 -5.966302e-03 -1.268534e-04 1.000000e+00 3.427292e-04 -4.203757e-04 2.184008e-03 -3.424513e-04 9.999976e-01 2.226805e-03
9.999977e-01 1.993836e-04 -2.110855e-03 1.624428e-03 -1.985594e-04 9.999999e-01 3.906518e-04 1.629870e-03 2.110933e-03 -3.902317e-04 9.999977e-01 2.278857e-03
9.999976e-01 1.898757e-04 -2.197482e-03 -2.841328e-03 -1.892439e-04 1.000000e+00 2.877048e-04 1.307864e-03 2.197536e-03 -2.872883e-04 9.999976e-01 3.029868e-03
9.999976e-01 -1.567201e-04 -2.195866e-03 -2.557608e-03 1.574493e-04 1.000000e+00 3.319403e-04 2.537206e-03 2.195813e-03 -3.322852e-04 9.999976e-01 1.709479e-03
9.999979e-01 -9.830426e-05 -2.064128e-03 2.725657e-03 9.877328e-05 1.000000e+00 2.271284e-04 6.886978e-03 2.064105e-03 -2.273318e-04 9.999979e-01 2.321806e-03
9.999977e-01 6.509302e-05 -2.121948e-03 -4.229991e-05 -6.435179e-05 9.999999e-01 3.493852e-04 3.577291e-03 2.121971e-03 -3.492479e-04 9.999977e-01 2.525525e-03
9.999976e-01 3.480073e-05 -2.176934e-03 -1.509368e-03 -3.380005e-05 1.000000e+00 4.597101e-04 2.387421e-03 2.176950e-03 -4.596354e-04 9.999975e-01 2.489568e-03
9.999978e-01 7.773760e-05 -2.104785e-03 -4.220558e-03 -7.679886e-05 9.999999e-01 4.460826e-04 3.427465e-03 2.104820e-03 -4.459200e-04 9.999977e-01 8.474872e-04
9.999978e-01 -2.426316e-05 -2.090264e-03 1.362407e-03 2.500096e-05 1.000000e+00 3.529470e-04 4.736414e-03 2.090255e-03 -3.529986e-04 9.999977e-01 5.670047e-04
9.999977e-01 -1.574714e-04 -2.150200e-03 2.986802e-03 1.582626e-04 9.999999e-01 3.678071e-04 7.881257e-03 2.150142e-03 -3.681465e-04 9.999976e-01 2.019116e-03
9.999979e-01 1.292911e-04 -2.046529e-03 3.198989e-03 -1.280546e-04 9.999998e-01 6.042701e-04 4.570980e-03 2.046607e-03 -6.040068e-04 9.999977e-01 6.411499e-04
9.999978e-01 3.359858e-05 -2.094727e-03 1.111950e-03 -3.292001e-05 1.000000e+00 3.239739e-04 3.157347e-03 2.094737e-03 -3.239042e-04 9.999977e-01 1.727159e-03
9.999977e-01 -2.399548e-04 -2.141351e-03 9.804594e-04 2.408358e-04 9.999999e-01 4.112075e-04 1.440961e-03 2.141252e-03 -4.117223e-04 9.999976e-01 -5.696024e-04
9.999980e-01 -2.260009e-04 -1.961320e-03 3.103778e-03 2.268678e-04 9.999998e-01 4.417826e-04 1.449086e-02 1.961220e-03 -4.422267e-04 9.999980e-01 9.930985e-04
9.999976e-01 -7.052605e-05 -2.213501e-03 -2.014339e-03 7.163231e-05 9.999999e-01 4.997053e-04 2.265456e-03 2.213466e-03 -4.998626e-04 9.999974e-01 2.485185e-03
9.999977e-01 3.515650e-04 -2.114039e-03 2.698663e-04 -3.504811e-04 9.999999e-01 5.130714e-04 1.394395e-03 2.114219e-03 -5.123292e-04 9.999976e-01 2.221822e-03
9.999979e-01 -7.262119e-05 -2.044129e-03 4.768846e-03 7.369702e-05 1.000000e+00 5.262290e-04 8.478927e-03 2.044090e-03 -5.263786e-04 9.999978e-01 8.870313e-04
9.999978e-01 2.031833e-07 -2.093622e-03 -9.843680e-04 4.237336e-07 1.000000e+00 2.994408e-04 5.336106e-03 2.093622e-03 -2.994410e-04 9.999977e-01 2.074192e-03
9.999978e-01 1.410913e-04 -2.084196e-03 -4.617796e-03 -1.400720e-04 9.999998e-01 4.891927e-04 4.796519e-03 2.084265e-03 -4.888997e-04 9.999977e-01 1.586441e-03
9.999980e-01 -1.756227e-05 -1.973721e-03 -1.686678e-03 1.862844e-05 9.999998e-01 5.401645e-04 1.099345e-02 1.973711e-03 -5.402002e-04 9.999979e-01 8.260045e-04
9.999977e-01 1.595219e-04 -2.138495e-03 1.936484e-03 -1.585205e-04 9.999999e-01 4.684153e-04 6.948870e-03 2.138569e-03 -4.680752e-04 9.999976e-01 3.184702e-03
9.999977e-01 2.330324e-04 -2.144872e-03 -5.818438e-03 -2.323229e-04 9.999999e-01 3.310448e-04 2.070955e-03 2.144949e-03 -3.305457e-04 9.999976e-01 8.144337e-04
9.999979e-01 1.627573e-04 -2.073549e-03 -2.072914e-03 -1.619517e-04 1.000000e+00 3.886839e-04 4.517164e-03 2.073611e-03 -3.883472e-04 9.999978e-01 2.383130e-03
9.999979e-01 1.785782e-04 -2.060021e-03 -6.200165e-03 -1.776184e-04 1.000000e+00 4.660517e-04 7.532706e-03 2.060104e-03 -4.656848e-04 9.999978e-01 6.205442e-04
9.999980e-01 -8.712480e-05 -2.022407e-03 1.372258e-03 8.781419e-05 9.999999e-01 3.407939e-04 8.687345e-03 2.022377e-03 -3.409708e-04 9.999979e-01 -1.081102e-04
9.999979e-01 -1.122754e-04 -2.069767e-03 -5.299919e-03 1.129396e-04 1.000000e+00 3.207709e-04 4.704549e-03 2.069731e-03 -3.210040e-04 9.999978e-01 1.280498e-03
9.999977e-01 3.797639e-04 -2.095749e-03 -9.801308e-03 -3.788395e-04 9.999998e-01 4.414660e-04 -2.185238e-03 2.095917e-03 -4.406710e-04 9.999977e-01 1.907022e-03
9.999977e-01 -6.016363e-05 -2.119743e-03 1.908153e-03 6.079466e-05 9.999999e-01 2.976285e-04 7.221104e-03 2.119725e-03 -2.977566e-04 9.999977e-01 1.287346e-03
9.999976e-01 1.826572e-04 -2.197345e-03 -4.525107e-03 -1.819329e-04 1.000000e+00 3.297876e-04 4.050433e-03 2.197405e-03 -3.293870e-04 9.999976e-01 2.120199e-03
9.999980e-01 -1.387477e-04 -1.990051e-03 -8.944924e-03 1.396324e-04 9.999999e-01 4.444421e-04 8.506189e-03 1.989989e-03 -4.447191e-04 9.999979e-01 6.238036e-04
9.999978e-01 -4.250156e-04 -2.056756e-03 4.416324e-04 4.257689e-04 9.999998e-01 3.658018e-04 1.132596e-02 2.056600e-03 -3.666767e-04 9.999978e-01 1.373934e-03
9.999976e-01 -3.982853e-04 -2.154617e-03 -1.953803e-03 3.990853e-04 9.999999e-01 3.709085e-04 7.002715e-03 2.154469e-03 -3.717675e-04 9.999976e-01 2.518391e-03
9.999979e-01 -1.261758e-04 -2.024861e-03 -1.003778e-03 1.270850e-04 9.999999e-01 4.488890e-04 4.925168e-03 2.024804e-03 -4.491454e-04 9.999979e-01 6.037052e-04
9.999976e-01 -3.255417e-04 -2.156428e-03 -3.752570e-03 3.262030e-04 1.000000e+00 3.063297e-04 4.850328e-03 2.156327e-03 -3.070324e-04 9.999976e-01 2.188654e-03
9.999977e-01 -2.710889e-04 -2.110856e-03 3.952861e-03 2.718591e-04 9.999999e-01 3.645755e-04 2.628951e-03 2.110757e-03 -3.651485e-04 9.999977e-01 1.505466e-03
9.999978e-01 -1.286395e-04 -2.089947e-03 -5.827031e-03 1.291665e-04 1.000000e+00 2.520152e-04 5.989081e-03 2.089914e-03 -2.522846e-04 9.999978e-01 -8.109409e-05
9.999977e-01 -1.872902e-04 -2.120549e-03 -2.552498e-03 1.882913e-04 9.999999e-01 4.718959e-04 5.816883e-03 2.120461e-03 -4.722941e-04 9.999976e-01 2.282563e-03
9.999980e-01 -3.170950e-04 -1.990580e-03 2.824045e-03 3.182412e-04 9.999999e-01 5.755593e-04 4.245373e-03 1.990397e-03 -5.761917e-04 9.999979e-01 1.861273e-04
9.999979e-01 5.147949e-05 -2.082644e-03 -4.059357e-03 -5.065311e-05 1.000000e+00 3.968441e-04 -4.334830e-03 2.082664e-03 -3.967377e-04 9.999977e-01 1.294795e-04
9.999977e-01 -1.921028e-04 -2.143127e-03 -8.560730e-04 1.931846e-04 9.999999e-01 5.046059e-04 5.158379e-03 2.143030e-03 -5.050187e-04 9.999976e-01 2.001038e-03
9.999978e-01 -1.095369e-04 -2.107165e-03 -8.735106e-04 1.105030e-04 9.999999e-01 4.583520e-04 4.130807e-03 2.107114e-03 -4.585839e-04 9.999977e-01 7.183366e-04
9.999980e-01 -2.498130e-04 -2.008249e-03 -8.062512e-04 2.503843e-04 9.999999e-01 2.842171e-04 3.236870e-03 2.008178e-03 -2.847194e-04 9.999979e-01 7.430527e-04
9.999977e-01 -1.076396e-04 -2.160827e-03 -1.045722e-03 1.084411e-04 1.000000e+00 3.708098e-04 3.591109e-03 2.160787e-03 -3.710433e-04 9.999976e-01 1.697301e-03
9.999978e-01 -1.010809e-04 -2.094742e-03 5.410832e-03 1.020397e-04 9.999998e-01 4.576049e-04 9.748227e-03 2.094696e-03 -4.578176e-04 9.999977e-01 5.287273e-04
9.999979e-01 1.003287e-04 -2.042949e-03 2.966307e-03 -9.939427e-05 1.000000e+00 4.574966e-04 5.639170e-03 2.042994e-03 -4.572925e-04 9.999978e-01 2.474422e-03
9.999977e-01 -3.699418e-04 -2.131260e-03 -2.483976e-03 3.707946e-04 9.999999e-01 3.997796e-04 6.723373e-03 2.131112e-03 -4.005689e-04 9.999977e-01 2.114433e-03
9.999978e-01 1.078841e-04 -2.106493e-03 -5.087166e-03 -1.067330e-04 9.999999e-01 5.465522e-04 5.722362e-03 2.106552e-03 -5.463261e-04 9.999976e-01 1.759813e-03
9.999977e-01 5.505576e-05 -2.154776e-03 -3.951572e-03 -5.402542e-05 9.999999e-01 4.782206e-04 1.334731e-04 2.154802e-03 -4.781030e-04 9.999976e-01 2.729810e-03
9.999979e-01 -9.368032e-05 -2.027644e-03 -3.489982e-03 9.418531e-05 9.999999e-01 2.489606e-04 4.569002e-03 2.027621e-03 -2.491511e-04 9.999979e-01 7.938276e-04
9.999978e-01 -2.500212e-04 -2.073846e-03 4.514962e-03 2.508084e-04 1.000000e+00 3.793184e-04 8.786067e-03 2.073751e-03 -3.798377e-04 9.999978e-01 1.824223e-03
9.999977e-01 -1.165528e-04 -2.117176e-03 -3.101580e-03 1.175263e-04 9.999999e-01 4.597049e-04 4.401647e-03 2.117122e-03 -4.599527e-04 9.999977e-01 2.700893e-03
9.999979e-01 -2.104550e-04 -2.033419e-03 6.005548e-03 2.114186e-04 9.999999e-01 4.736455e-04 8.203409e-03 2.033318e-03 -4.740744e-04 9.999978e-01 1.309453e-03
9.999982e-01 1.828887e-05 -1.932210e-03 -4.681472e-03 -1.775705e-05 1.000000e+00 2.752595e-04 3.892010e-03 1.932215e-03 -2.752247e-04 9.999981e-01 1.978666e-04
9.999980e-01 -6.139967e-06 -1.990459e-03 -3.429319e-03 6.738126e-06 1.000000e+00 3.005061e-04 5.163755e-03 1.990457e-03 -3.005189e-04 9.999980e-01 1.015570e-03
9.999979e-01 -6.098485e-05 -2.064123e-03 6.331449e-04 6.185246e-05 1.000000e+00 4.202689e-04 4.063732e-03 2.064098e-03 -4.203956e-04 9.999978e-01 1.159828e-03
9.999977e-01 4.648144e-05 -2.153908e-03 -5.911171e-04 -4.563490e-05 9.999999e-01 3.930716e-04 5.238972e-03 2.153926e-03 -3.929724e-04 9.999976e-01 2.398115e-03
9.999979e-01 3.094667e-04 -2.059471e-03 -1.586399e-03 -3.088019e-04 1.000000e+00 3.230977e-04 3.755965e-03 2.059571e-03 -3.224610e-04 9.999979e-01 2.007499e-03
9.999979e-01 -3.313135e-04 -2.032171e-03 -1.094070e-03 3.321406e-04 9.999999e-01 4.066611e-04 1.331636e-02 2.032036e-03 -4.073352e-04 9.999979e-01 5.814442e-04
9.999979e-01 2.178360e-04 -2.017466e-03 -6.447357e-03 -2.167476e-04 9.999999e-01 5.397115e-04 5.267382e-03 2.017583e-03 -5.392731e-04 9.999978e-01 1.535316e-03
9.999979e-01 -2.024702e-04 -2.048783e-03 -5.027926e-03 2.034233e-04 1.000000e+00 4.650237e-04 4.242527e-03 2.048689e-03 -4.654395e-04 9.999978e-01 4.792819e-04
9.999977e-01 -2.528019e-04 -2.122313e-03 -5.864890e-04 2.534731e-04 9.999999e-01 3.160212e-04 3.249039e-03 2.122233e-03 -3.165584e-04 9.999977e-01 1.112296e-03
9.999979e-01 -3.522437e-04 -2.055012e-03 2.725260e-03 3.533705e-04 9.999998e-01 5.479679e-04 -5.135958e-04 2.054819e-03 -5.486929e-04 9.999977e-01 2.270363e-03
9.999979e-01 -4.310981e-04 -2.040873e-03 1.588720e-03 4.319164e-04 9.999999e-01 4.005483e-04 2.257554e-03 2.040700e-03 -4.014290e-04 9.999979e-01 -1.253663e-04
9.999978e-01 3.220581e-05 -2.090058e-03 -3.262067e-03 -3.134009e-05 9.999998e-01 4.142399e-04 6.200794e-03 2.090071e-03 -4.141735e-04 9.999977e-01 2.385995e-03
9.999978e-01 -4.020884e-04 -2.053998e-03 2.193866e-03 4.028065e-04 1.000000e+00 3.492008e-04 7.491556e-03 2.053857e-03 -3.500274e-04 9.999979e-01 1.095262e-03
9.999977e-01 -2.972583e-04 -2.119083e-03 6.699392e-03 2.980298e-04 9.999999e-01 3.637267e-04 9.462207e-03 2.118975e-03 -3.643575e-04 9.999977e-01 2.421702e-03
9.999978e-01 1.117944e-04 -2.104169e-03 -4.564865e-03 -1.111368e-04 9.999999e-01 3.126071e-04 5.663146e-03 2.104204e-03 -3.123725e-04 9.999977e-01 1.354895e-03
9.999977e-01 -3.081684e-04 -2.117645e-03 -2.782749e-03 3.089709e-04 9.999999e-01 3.786431e-04 6.580254e-03 2.117528e-03 -3.792965e-04 9.999977e-01 2.057496e-03
9.999979e-01 7.540670e-05 -2.069542e-03 -9.305679e-03 -7.500603e-05 1.000000e+00 1.936840e-04 7.674736e-03 2.069557e-03 -1.935283e-04 9.999979e-01 1.695513e-03
9.999977e-01 -5.633402e-04 -2.085648e-03 -3.342433e-03 5.638436e-04 9.999998e-01 2.407725e-04 1.201259e-02 2.085512e-03 -2.419479e-04 9.999978e-01 2.643604e-03
9.999979e-01 -4.828220e-05 -2.037989e-03 -2.134880e-03 4.912054e-05 9.999999e-01 4.113069e-04 6.406346e-03 2.037969e-03 -4.114061e-04 9.999979e-01 1.660837e-03
9.999978e-01 -1.841476e-04 -2.088226e-03 1.972783e-03 1.849579e-04 9.999998e-01 3.878371e-04 2.550811e-03 2.088154e-03 -3.882225e-04 9.999977e-01 1.692713e-03
9.999977e-01 -4.265813e-04 -2.095723e-03 2.311785e-03 4.271116e-04 9.999998e-01 2.525891e-04 8.935915e-03 2.095615e-03 -2.534837e-04 9.999978e-01 3.959234e-04
9.999978e-01 -2.938585e-04 -2.066675e-03 2.509441e-03 2.944481e-04 1.000000e+00 2.849568e-04 3.954334e-03 2.066592e-03 -2.855647e-04 9.999978e-01 9.656816e-04
9.999981e-01 -2.732087e-04 -1.948129e-03 9.152915e-03 2.736745e-04 1.000000e+00 2.388553e-04 7.832511e-03 1.948064e-03 -2.393880e-04 9.999981e-01 -3.274680e-05
9.999978e-01 3.338299e-06 -2.090608e-03 -3.779796e-03 -2.363195e-06 9.999998e-01 4.664237e-04 2.373011e-03 2.090609e-03 -4.664178e-04 9.999977e-01 1.478878e-03
9.999979e-01 -5.214449e-04 -1.997955e-03 2.238702e-03 5.219711e-04 9.999999e-01 2.628621e-04 8.430494e-03 1.997818e-03 -2.639044e-04 9.999980e-01 3.530209e-04
9.999977e-01 -2.098544e-05 -2.132712e-03 -2.306001e-03 2.190556e-05 9.999999e-01 4.314061e-04 5.346299e-03 2.132703e-03 -4.314519e-04 9.999976e-01 3.537171e-03
9.999978e-01 -3.541201e-04 -2.056997e-03 5.825132e-03 3.549022e-04 1.000000e+00 3.798918e-04 1.154693e-02 2.056862e-03 -3.806211e-04 9.999978e-01 8.514913e-04
9.999978e-01 1.506850e-04 -2.094471e-03 -1.343565e-03 -1.497647e-04 9.999998e-01 4.395397e-04 2.824306e-03 2.094537e-03 -4.392251e-04 9.999977e-01 8.111116e-04
9.999979e-01 -4.987551e-04 -2.012325e-03 -4.080281e-04 4.993363e-04 9.999999e-01 2.883293e-04 9.290816e-03 2.012180e-03 -2.893335e-04 9.999979e-01 2.571597e-04
9.999978e-01 -2.369407e-04 -2.096430e-03 8.671146e-04 2.377001e-04 9.999998e-01 3.620053e-04 7.905283e-03 2.096344e-03 -3.625028e-04 9.999977e-01 8.388230e-04
9.999977e-01 1.931582e-04 -2.132138e-03 -8.267864e-04 -1.923929e-04 9.999999e-01 3.591645e-04 3.500840e-03 2.132207e-03 -3.587535e-04 9.999977e-01 2.264683e-03
9.999979e-01 1.012464e-04 -2.077314e-03 2.292249e-04 -1.005816e-04 1.000000e+00 3.201515e-04 5.286139e-03 2.077346e-03 -3.199419e-04 9.999978e-01 1.768538e-03
9.999977e-01 5.965518e-05 -2.127415e-03 -3.779432e-03 -5.884310e-05 9.999999e-01 3.817797e-04 -4.711434e-04 2.127437e-03 -3.816537e-04 9.999977e-01 1.614687e-03
9.999979e-01 -2.836487e-04 -2.054893e-03 4.421996e-03 2.840751e-04 1.000000e+00 2.071978e-04 1.214661e-02 2.054834e-03 -2.077811e-04 9.999979e-01 1.549228e-03
9.999977e-01 -1.132671e-04 -2.119357e-03 -3.716159e-04 1.141248e-04 9.999999e-01 4.045717e-04 4.736802e-03 2.119311e-03 -4.048127e-04 9.999977e-01 2.970428e-03
9.999977e-01 -4.440022e-04 -2.089094e-03 2.403895e-03 4.448809e-04 9.999998e-01 4.201734e-04 8.797481e-03 2.088907e-03 -4.211018e-04 9.999977e-01 7.652933e-04
9.999979e-01 -2.267301e-04 -2.064318e-03 1.047557e-03 2.273223e-04 1.000000e+00 2.866485e-04 5.331839e-03 2.064253e-03 -2.871171e-04 9.999979e-01 -1.573956e-04
9.999977e-01 -3.441457e-04 -2.100171e-03 -3.101581e-03 3.448088e-04 9.999998e-01 3.153600e-04 5.042148e-03 2.100062e-03 -3.160834e-04 9.999977e-01 2.994267e-03
9.999977e-01 1.475382e-04 -2.130393e-03 2.293001e-03 -1.467077e-04 9.999999e-01 3.900004e-04 7.739692e-03 2.130450e-03 -3.896870e-04 9.999977e-01 2.808397e-03
9.999979e-01 -2.429229e-05 -2.059488e-03 -1.227841e-03 2.508985e-05 1.000000e+00 3.872371e-04 4.372555e-03 2.059478e-03 -3.872879e-04 9.999978e-01 1.605636e-03
9.999977e-01 3.341838e-04 -2.118227e-03 -1.671075e-03 -3.333433e-04 9.999999e-01 3.971526e-04 3.564682e-03 2.118360e-03 -3.964456e-04 9.999977e-01 1.716249e-03
9.999977e-01 -1.480838e-04 -2.134762e-03 -1.737666e-03 1.489640e-04 9.999999e-01 4.121423e-04 3.201195e-03 2.134701e-03 -4.124594e-04 9.999976e-01 3.158595e-03
9.999980e-01 -2.774831e-05 -1.979561e-03 3.054866e-03 2.868423e-05 9.999998e-01 4.727674e-04 1.118214e-03 1.979548e-03 -4.728233e-04 9.999979e-01 -3.192387e-04
9.999978e-01 1.410018e-06 -2.104197e-03 -5.536208e-04 -4.439870e-07 9.999999e-01 4.590977e-04 3.290139e-03 2.104198e-03 -4.590958e-04 9.999977e-01 2.725892e-03
9.999979e-01 -2.545317e-04 -2.037898e-03 -2.250443e-03 2.553935e-04 9.999999e-01 4.226631e-04 9.973871e-03 2.037790e-03 -4.231827e-04 9.999979e-01 1.593902e-03
9.999979e-01 -3.271843e-04 -2.013337e-03 2.677735e-03 3.278863e-04 9.999999e-01 3.483608e-04 8.725815e-03 2.013223e-03 -3.490203e-04 9.999979e-01 6.775207e-04
9.999980e-01 -5.763995e-05 -1.971784e-03 -3.462741e-04 5.851757e-05 9.999998e-01 4.450362e-04 1.001420e-02 1.971758e-03 -4.451507e-04 9.999980e-01 2.254374e-03
9.999981e-01 -3.026919e-04 -1.941198e-03 3.627334e-03 3.033729e-04 1.000000e+00 3.505299e-04 1.382804e-02 1.941092e-03 -3.511182e-04 9.999980e-01 3.005721e-04
9.999980e-01 -2.996847e-04 -1.965913e-03 3.964192e-03 3.005525e-04 9.999998e-01 4.411173e-04 9.521987e-03 1.965780e-03 -4.417073e-04 9.999980e-01 1.904990e-03
9.999980e-01 -1.277828e-04 -2.017722e-03 1.098554e-03 1.284709e-04 9.999999e-01 3.409117e-04 3.799890e-03 2.017678e-03 -3.411702e-04 9.999979e-01 1.123472e-03
9.999978e-01 -1.118190e-04 -2.091140e-03 -7.754039e-03 1.128322e-04 9.999998e-01 4.843818e-04 1.971222e-03 2.091085e-03 -4.846166e-04 9.999977e-01 2.191145e-03
9.999978e-01 3.015377e-04 -2.079777e-03 5.615816e-03 -3.005136e-04 9.999998e-01 4.927142e-04 7.293117e-03 2.079925e-03 -4.920881e-04 9.999977e-01 1.614980e-03
9.999979e-01 -2.976685e-04 -2.039094e-03 5.133012e-03 2.982139e-04 9.999999e-01 2.671660e-04 8.185976e-03 2.039014e-03 -2.677735e-04 9.999979e-01 9.702424e-04
9.999981e-01 -1.235020e-04 -1.964400e-03 -3.036025e-03 1.245230e-04 9.999998e-01 5.196054e-04 6.699793e-03 1.964336e-03 -5.198491e-04 9.999979e-01 1.573204e-03
9.999979e-01 3.558116e-04 -2.039504e-03 2.635260e-03 -3.548231e-04 9.999999e-01 4.850090e-04 2.355375e-04 2.039676e-03 -4.842843e-04 9.999978e-01 1.799326e-03
9.999979e-01 1.568300e-04 -2.048254e-03 -7.415294e-03 -1.561317e-04 1.000000e+00 3.410612e-04 2.667832e-03 2.048307e-03 -3.407407e-04 9.999979e-01 1.698025e-03
9.999977e-01 -1.290529e-05 -2.122838e-03 4.411244e-05 1.353448e-05 9.999999e-01 2.963789e-04 5.629161e-04 2.122835e-03 -2.964069e-04 9.999977e-01 1.890775e-03
9.999977e-01 -5.076686e-04 -2.072452e-03 3.812098e-03 5.085036e-04 9.999998e-01 4.024208e-04 1.716027e-02 2.072247e-03 -4.034737e-04 9.999978e-01 2.262235e-03
9.999979e-01 3.660721e-06 -2.060528e-03 -4.620070e-03 -3.151210e-06 1.000000e+00 2.472753e-04 7.504110e-03 2.060529e-03 -2.472682e-04 9.999979e-01 2.422720e-03
9.999978e-01 3.030551e-04 -2.066316e-03 6.069735e-03 -3.022397e-04 1.000000e+00 3.949024e-04 2.924268e-03 2.066435e-03 -3.942770e-04 9.999978e-01 1.106798e-03
9.999978e-01 -1.653359e-04 -2.087150e-03 -2.351037e-03 1.663080e-04 9.999998e-01 4.656006e-04 4.725636e-03 2.087073e-03 -4.659467e-04 9.999977e-01 1.714624e-03
9.999980e-01 -1.920676e-04 -1.967788e-03 9.376928e-04 1.922423e-04 1.000000e+00 8.861960e-05 1.186287e-02 1.967771e-03 -8.899772e-05 9.999980e-01 2.060769e-03
9.999977e-01 4.192267e-05 -2.140513e-03 -4.133195e-03 -4.097824e-05 9.999999e-01 4.412563e-04 1.972780e-03 2.140532e-03 -4.411676e-04 9.999976e-01 2.212542e-03
9.999979e-01 -2.480608e-04 -2.013415e-03 1.284729e-03 2.488929e-04 9.999999e-01 4.130440e-04 7.953240e-03 2.013312e-03 -4.135443e-04 9.999979e-01 5.101160e-04
9.999978e-01 -5.580988e-05 -2.087194e-03 3.269880e-03 5.675498e-05 9.999998e-01 4.527504e-04 1.139053e-02 2.087169e-03 -4.528678e-04 9.999977e-01 3.421848e-03
9.999978e-01 -1.969210e-04 -2.078673e-03 -4.592349e-03 1.973926e-04 1.000000e+00 2.266739e-04 5.141261e-03 2.078629e-03 -2.270837e-04 9.999978e-01 8.236789e-04
9.999981e-01 -3.324234e-04 -1.938536e-03 -1.281398e-03 3.335641e-04 9.999998e-01 5.881248e-04 4.814589e-04 1.938340e-03 -5.887703e-04 9.999980e-01 1.576864e-03
9.999976e-01 -2.890968e-04 -2.160443e-03 2.476839e-03 2.898302e-04 1.000000e+00 3.391702e-04 6.811587e-03 2.160345e-03 -3.397956e-04 9.999976e-01 3.302102e-03
9.999977e-01 -1.789349e-04 -2.130454e-03 -2.402078e-03 1.794551e-04 9.999999e-01 2.439750e-04 1.966003e-03 2.130410e-03 -2.443567e-04 9.999977e-01 1.153008e-03
9.999978e-01 -3.784791e-04 -2.068831e-03 2.613763e-03 3.795996e-04 9.999998e-01 5.412311e-04 5.381501e-03 2.068626e-03 -5.420153e-04 9.999977e-01 1.537829e-03
9.999977e-01 -2.127222e-04 -2.121483e-03 3.130241e-03 2.133947e-04 9.999999e-01 3.167728e-04 6.096712e-03 2.121416e-03 -3.172248e-04 9.999977e-01 2.283808e-03
9.999979e-01 1.087850e-04 -2.074661e-03 -2.842932e-04 -1.079257e-04 1.000000e+00 4.143077e-04 2.214480e-03 2.074705e-03 -4.140829e-04 9.999977e-01 1.220505e-03
9.999979e-01 -4.121187e-04 -1.998578e-03 1.488173e-03 4.129517e-04 9.999999e-01 4.164020e-04 1.060498e-02 1.998406e-03 -4.172264e-04 9.999979e-01 6.169631e-04
9.999977e-01 -6.526369e-04 -2.068285e-03 5.868254e-04 6.529284e-04 9.999998e-01 1.402913e-04 1.032454e-02 2.068193e-03 -1.416414e-04 9.999979e-01 9.566306e-04
9.999978e-01 -2.610541e-04 -2.094232e-03 3.797897e-03 2.615341e-04 1.000000e+00 2.289252e-04 6.093869e-03 2.094171e-03 -2.294724e-04 9.999978e-01 1.144863e-03
9.999980e-01 -2.926640e-05 -1.976351e-03 -5.201913e-03 3.017042e-05 9.999998e-01 4.573893e-04 3.374826e-03 1.976338e-03 -4.574480e-04 9.999979e-01 2.149322e-03
9.999977e-01 -2.048282e-04 -2.110895e-03 5.567488e-03 2.055222e-04 9.999999e-01 3.285484e-04 3.907931e-03 2.110827e-03 -3.289815e-04 9.999977e-01 6.471304e-04
9.999979e-01 2.675990e-04 -2.027221e-03 -6.093211e-03 -2.669915e-04 9.999999e-01 2.999339e-04 2.210133e-03 2.027302e-03 -2.993920e-04 9.999979e-01 1.386483e-03
9.999979e-01 -1.392034e-04 -2.029022e-03 -1.369038e-03 1.399338e-04 9.999999e-01 3.598579e-04 6.611175e-03 2.028971e-03 -3.601410e-04 9.999979e-01 9.414904e-04
9.999981e-01 -6.653366e-05 -1.946872e-03 -7.981798e-04 6.707007e-05 1.000000e+00 2.754607e-04 1.408007e-02 1.946854e-03 -2.755907e-04 9.999981e-01 8.722350e-04
9.999979e-01 2.780001e-04 -2.028549e-03 -6.730512e-04 -2.773486e-04 9.999999e-01 3.214633e-04 2.961615e-03 2.028639e-03 -3.209000e-04 9.999979e-01 -2.196508e-04
9.999979e-01 2.358584e-04 -2.030184e-03 -4.464122e-03 -2.346807e-04 9.999999e-01 5.803084e-04 1.543051e-03 2.030320e-03 -5.798307e-04 9.999978e-01 2.743488e-03
9.999978e-01 -2.426330e-04 -2.098399e-03 3.269980e-03 2.433477e-04 9.999998e-01 3.403440e-04 6.351567e-03 2.098316e-03 -3.408539e-04 9.999977e-01 3.501738e-03
9.999977e-01 -4.431549e-04 -2.080422e-03 2.742151e-03 4.437355e-04 9.999998e-01 2.786242e-04 9.539737e-03 2.080298e-03 -2.795468e-04 9.999978e-01 9.865756e-04
9.999980e-01 1.303969e-04 -1.992708e-03 -3.442692e-03 -1.298015e-04 9.999999e-01 2.989244e-04 1.662242e-03 1.992747e-03 -2.986652e-04 9.999980e-01 6.162222e-04
9.999976e-01 5.577665e-05 -2.183596e-03 2.181951e-03 -5.487294e-05 1.000000e+00 4.139200e-04 2.134139e-03 2.183619e-03 -4.137992e-04 9.999976e-01 3.080832e-03
9.999980e-01 -5.098546e-05 -1.992009e-03 -4.822822e-03 5.165608e-05 9.999999e-01 3.366059e-04 2.575762e-03 1.991992e-03 -3.367082e-04 9.999980e-01 1.436882e-03
9.999980e-01 1.418724e-04 -2.022197e-03 -4.010101e-03 -1.410847e-04 9.999999e-01 3.896633e-04 2.362658e-03 2.022252e-03 -3.893772e-04 9.999979e-01 -4.686505e-04
9.999979e-01 2.357724e-04 -2.052279e-03 -2.593718e-03 -2.350217e-04 1.000000e+00 3.660532e-04 2.296919e-03 2.052365e-03 -3.655700e-04 9.999979e-01 2.464137e-03
9.999976e-01 -2.738541e-04 -2.159801e-03 1.171813e-03 2.749148e-04 1.000000e+00 4.908153e-04 4.720106e-03 2.159667e-03 -4.914079e-04 9.999976e-01 2.405904e-03
9.999978e-01 5.058131e-05 -2.091527e-03 -5.073479e-04 -4.999075e-05 1.000000e+00 2.824113e-04 8.576095e-03 2.091541e-03 -2.823062e-04 9.999978e-01 2.819930e-03
9.999978e-01 2.417837e-04 -2.076431e-03 -5.748540e-03 -2.411504e-04 1.000000e+00 3.052448e-04 2.975163e-03 2.076505e-03 -3.047434e-04 9.999978e-01 1.749417e-03
9.999979e-01 2.385615e-04 -2.064313e-03 -3.974999e-03 -2.380988e-04 1.000000e+00 2.243822e-04 5.388444e-03 2.064366e-03 -2.238902e-04 9.999979e-01 7.147650e-04
9.999978e-01 -3.265713e-04 -2.071461e-03 -4.316386e-05 3.273220e-04 1.000000e+00 3.620782e-04 5.646797e-03 2.071342e-03 -3.627555e-04 9.999978e-01 1.638599e-03
9.999980e-01 -7.970045e-05 -2.013672e-03 -1.937582e-03 8.024628e-05 9.999999e-01 2.709828e-04 7.910474e-03 2.013650e-03 -2.711438e-04 9.999979e-01 1.157217e-03
9.999980e-01 3.273204e-04 -1.985295e-03 -4.647444e-03 -3.265858e-04 9.999999e-01 3.703324e-04 2.697159e-03 1.985417e-03 -3.696833e-04 9.999980e-01 -8.825499e-05
9.999980e-01 3.039329e-06 -1.999160e-03 -6.383102e-03 -2.169354e-06 9.999999e-01 4.351728e-04 6.582263e-03 1.999161e-03 -4.351677e-04 9.999979e-01 1.559265e-03
9.999979e-01 1.012063e-04 -2.025846e-03 1.790715e-03 -1.005624e-04 9.999999e-01 3.179418e-04 9.034012e-03 2.025879e-03 -3.177374e-04 9.999979e-01 3.059237e-04
9.999979e-01 9.307012e-05 -2.039852e-03 5.272017e-03 -9.222412e-05 9.999999e-01 4.148319e-04 6.651725e-03 2.039891e-03 -4.146429e-04 9.999979e-01 1.957220e-03
9.999980e-01 -1.889903e-04 -1.972654e-03 -2.514312e-03 1.897193e-04 9.999998e-01 3.693811e-04 9.060612e-03 1.972585e-03 -3.697546e-04 9.999980e-01 -5.422482e-04
9.999979e-01 6.697718e-05 -2.061770e-03 -5.634813e-03 -6.624803e-05 1.000000e+00 3.537232e-04 9.827622e-03 2.061794e-03 -3.535859e-04 9.999978e-01 1.325735e-03
9.999976e-01 9.891104e-05 -2.206689e-03 -1.049261e-04 -9.821451e-05 1.000000e+00 3.157486e-04 3.183875e-03 2.206720e-03 -3.155310e-04 9.999975e-01 2.875418e-03
9.999980e-01 1.018824e-04 -1.976375e-03 -8.329397e-04 -1.013741e-04 1.000000e+00 2.572906e-04 6.553765e-03 1.976401e-03 -2.570897e-04 9.999980e-01 1.816162e-03
9.999979e-01 -2.587793e-04 -2.050373e-03 4.019280e-03 2.593646e-04 1.000000e+00 2.851959e-04 6.666766e-03 2.050298e-03 -2.857271e-04 9.999979e-01 1.842104e-03
9.999978e-01 -2.384739e-04 -2.086966e-03 4.298965e-03 2.394349e-04 9.999998e-01 4.602353e-04 5.054452e-03 2.086856e-03 -4.607340e-04 9.999977e-01 1.012494e-03
9.999977e-01 -4.841851e-05 -2.130042e-03 -4.872949e-03 4.931678e-05 9.999999e-01 4.216648e-04 3.016324e-03 2.130021e-03 -4.217689e-04 9.999976e-01 2.156419e-03
9.999981e-01 1.298397e-04 -1.951024e-03 -3.469252e-03 -1.291735e-04 1.000000e+00 3.415756e-04 5.757349e-03 1.951068e-03 -3.413229e-04 9.999980e-01 5.375122e-04
9.999980e-01 -8.121585e-05 -1.983478e-03 -4.587234e-03 8.169026e-05 1.000000e+00 2.391025e-04 7.361995e-03 1.983459e-03 -2.392640e-04 9.999980e-01 -8.060802e-04
9.999981e-01 -3.700855e-04 -1.917596e-03 -5.606733e-04 3.706273e-04 9.999999e-01 2.821934e-04 1.292814e-02 1.917491e-03 -2.829036e-04 9.999981e-01 2.416788e-04
9.999980e-01 -2.185615e-04 -1.961570e-03 8.590693e-04 2.190719e-04 1.000000e+00 2.600328e-04 1.314769e-02 1.961513e-03 -2.604621e-04 9.999980e-01 -1.813363e-05
9.999980e-01 8.368241e-05 -1.998193e-03 -2.969455e-03 -8.266180e-05 9.999999e-01 5.108448e-04 3.344408e-03 1.998235e-03 -5.106785e-04 9.999979e-01 1.646133e-03
9.999980e-01 -3.829254e-04 -1.951313e-03 1.711495e-03 3.834146e-04 1.000000e+00 2.503611e-04 5.961129e-03 1.951217e-03 -2.511088e-04 9.999981e-01 -1.215909e-04
9.999978e-01 9.626587e-05 -2.087665e-03 -2.172133e-03 -9.577085e-05 1.000000e+00 2.372196e-04 4.699715e-03 2.087688e-03 -2.370192e-04 9.999978e-01 1.336024e-03
9.999979e-01 -1.218880e-04 -2.046857e-03 6.173961e-03 1.223519e-04 1.000000e+00 2.264883e-04 9.800719e-03 2.046829e-03 -2.267382e-04 9.999979e-01 1.000887e-03
9.999976e-01 -3.208330e-04 -2.165037e-03 4.166788e-03 3.213596e-04 1.000000e+00 2.428481e-04 7.041825e-03 2.164959e-03 -2.435432e-04 9.999976e-01 3.677521e-03
9.999979e-01 2.450355e-04 -2.050787e-03 -1.553915e-03 -2.442486e-04 1.000000e+00 3.839310e-04 -1.878824e-04 2.050881e-03 -3.834293e-04 9.999978e-01 2.653582e-04
9.999980e-01 -5.871277e-05 -2.012559e-03 -7.543434e-04 5.967799e-05 9.999999e-01 4.795399e-04 7.658604e-03 2.012531e-03 -4.796591e-04 9.999979e-01 9.128461e-04
9.999976e-01 -3.742967e-04 -2.150782e-03 7.525066e-03 3.751140e-04 9.999999e-01 3.796346e-04 2.957635e-03 2.150639e-03 -3.804405e-04 9.999976e-01 1.083023e-03
9.999979e-01 -7.975103e-05 -2.072898e-03 3.628084e-03 8.041206e-05 1.000000e+00 3.188152e-04 6.643738e-03 2.072873e-03 -3.189812e-04 9.999978e-01 3.788712e-04
9.999978e-01 -5.030034e-04 -2.027079e-03 2.747376e-03 5.038043e-04 9.999999e-01 3.946066e-04 7.140204e-03 2.026881e-03 -3.956270e-04 9.999979e-01 2.568867e-03
9.999979e-01 -2.114713e-04 -2.060959e-03 -4.171056e-03 2.121358e-04 1.000000e+00 3.222171e-04 5.715718e-03 2.060891e-03 -3.226536e-04 9.999978e-01 1.470987e-03
9.999978e-01 -1.893566e-04 -2.080418e-03 -4.182450e-03 1.898285e-04 1.000000e+00 2.266430e-04 9.535847e-03 2.080375e-03 -2.270374e-04 9.999978e-01 1.452408e-03
9.999980e-01 -8.442832e-05 -2.000941e-03 -6.568332e-04 8.490623e-05 9.999999e-01 2.387589e-04 8.182141e-03 2.000921e-03 -2.389283e-04 9.999980e-01 -4.828653e-05
9.999978e-01 -1.823845e-04 -2.099538e-03 2.824006e-03 1.831475e-04 9.999998e-01 3.632004e-04 7.673136e-03 2.099472e-03 -3.635841e-04 9.999977e-01 1.950234e-03
9.999980e-01 -1.675746e-04 -1.995179e-03 -1.857991e-03 1.682864e-04 9.999999e-01 3.565654e-04 5.993280e-03 1.995119e-03 -3.569004e-04 9.999980e-01 -3.816928e-04
9.999979e-01 3.510631e-04 -2.016693e-03 -4.149494e-03 -3.500886e-04 9.999999e-01 4.835548e-04 4.666441e-03 2.016863e-03 -4.828477e-04 9.999979e-01 8.114750e-04
9.999980e-01 -4.121153e-04 -1.950931e-03 5.484863e-03 4.125795e-04 1.000000e+00 2.375631e-04 1.130075e-02 1.950833e-03 -2.383675e-04 9.999981e-01 -5.742334e-05
9.999981e-01 -1.212834e-04 -1.949208e-03 8.896513e-03 1.220940e-04 1.000000e+00 4.157900e-04 1.618524e-02 1.949157e-03 -4.160272e-04 9.999980e-01 1.156911e-03
9.999976e-01 -3.352933e-04 -2.146246e-03 9.040792e-03 3.362666e-04 9.999999e-01 4.531512e-04 5.991504e-03 2.146094e-03 -4.538718e-04 9.999976e-01 6.816901e-04
9.999980e-01 4.050860e-05 -2.022625e-03 -7.324129e-04 -3.980671e-05 9.999999e-01 3.470553e-04 3.979285e-03 2.022639e-03 -3.469741e-04 9.999979e-01 -6.509979e-04
9.999979e-01 -5.417726e-04 -1.954987e-03 5.625226e-03 5.417726e-04 9.999998e-01 -5.082873e-07 1.765387e-02 1.954987e-03 -5.508724e-07 9.999981e-01 -7.750753e-04
9.999977e-01 -4.917522e-04 -2.066897e-03 -4.290819e-04 4.924480e-04 9.999998e-01 3.361794e-04 -8.229677e-04 2.066731e-03 -3.371965e-04 9.999978e-01 6.800504e-04
9.999975e-01 6.779529e-04 -2.141934e-03 -8.554337e-03 -6.769727e-04 9.999996e-01 4.583128e-04 -1.830980e-03 2.142244e-03 -4.568617e-04 9.999976e-01 1.128274e-03
9.999979e-01 -1.968214e-04 -2.049096e-03 9.720038e-04 1.974452e-04 1.000000e+00 3.041998e-04 1.286268e-02 2.049036e-03 -3.046037e-04 9.999979e-01 1.372683e-03
9.999978e-01 -2.803580e-04 -2.078977e-03 2.638907e-03 2.808708e-04 1.000000e+00 2.463353e-04 8.929238e-03 2.078908e-03 -2.469186e-04 9.999978e-01 1.792226e-03
9.999980e-01 -3.219164e-04 -1.976290e-03 4.790786e-04 3.225466e-04 9.999998e-01 3.185634e-04 1.284007e-02 1.976187e-03 -3.192002e-04 9.999980e-01 1.810869e-03
9.999980e-01 -1.770993e-04 -2.000771e-03 6.098021e-03 1.779274e-04 9.999999e-01 4.137016e-04 7.481318e-03 2.000697e-03 -4.140568e-04 9.999979e-01 3.703487e-04
9.999979e-01 -3.029710e-04 -2.042716e-03 4.014449e-03 3.039308e-04 1.000000e+00 4.695595e-04 7.668763e-03 2.042573e-03 -4.701794e-04 9.999978e-01 -1.044721e-04
9.999980e-01 5.564854e-05 -1.972317e-03 7.187542e-03 -5.501285e-05 1.000000e+00 3.223608e-04 4.480394e-03 1.972335e-03 -3.222517e-04 9.999980e-01 1.112222e-03
9.999978e-01 -1.755963e-04 -2.093878e-03 1.919835e-03 1.763483e-04 9.999998e-01 3.589247e-04 9.167336e-03 2.093815e-03 -3.592932e-04 9.999977e-01 4.118877e-04
9.999982e-01 -3.383857e-05 -1.932194e-03 3.172945e-03 3.500459e-05 9.999998e-01 6.034391e-04 6.687484e-03 1.932173e-03 -6.035055e-04 9.999980e-01 8.851105e-04
9.999980e-01 -3.957181e-04 -1.952863e-03 3.624525e-03 3.965615e-04 9.999998e-01 4.315230e-04 1.451131e-02 1.952692e-03 -4.322965e-04 9.999980e-01 5.237067e-04
9.999980e-01 -2.642929e-04 -1.997657e-03 7.330406e-03 2.650741e-04 9.999999e-01 3.907960e-04 1.510880e-02 1.997554e-03 -3.913247e-04 9.999979e-01 -1.431213e-04
9.999980e-01 -9.411405e-05 -1.972685e-03 -5.792748e-04 9.509025e-05 9.999998e-01 4.947736e-04 5.970572e-03 1.972638e-03 -4.949602e-04 9.999979e-01 2.092880e-03
9.999979e-01 -4.510632e-04 -2.031378e-03 1.987752e-03 4.516373e-04 9.999999e-01 2.821507e-04 1.137623e-02 2.031250e-03 -2.830675e-04 9.999979e-01 -1.493841e-04
9.999979e-01 -2.914148e-04 -2.065400e-03 8.731306e-03 2.924842e-04 9.999998e-01 5.175168e-04 5.827789e-03 2.065248e-03 -5.181197e-04 9.999977e-01 3.114245e-03
9.999977e-01 -3.199574e-04 -2.097398e-03 1.184671e-02 3.206949e-04 9.999998e-01 3.513127e-04 1.052676e-02 2.097285e-03 -3.519845e-04 9.999977e-01 1.623830e-03
9.999979e-01 -4.885467e-05 -2.052726e-03 2.520440e-03 4.985945e-05 1.000000e+00 4.894387e-04 5.011542e-03 2.052702e-03 -4.895400e-04 9.999978e-01 1.893455e-03
9.999979e-01 -3.408145e-04 -2.050081e-03 -9.267025e-04 3.418136e-04 9.999998e-01 4.870380e-04 9.257794e-03 2.049915e-03 -4.877377e-04 9.999978e-01 1.363166e-03
9.999979e-01 -3.036464e-04 -2.017226e-03 4.249031e-03 3.046111e-04 9.999999e-01 4.779445e-04 1.468346e-02 2.017081e-03 -4.785579e-04 9.999979e-01 2.430513e-03
9.999979e-01 -1.116113e-04 -2.036538e-03 3.591337e-03 1.123522e-04 9.999999e-01 3.636687e-04 8.287339e-03 2.036497e-03 -3.638967e-04 9.999979e-01 1.904294e-03
9.999979e-01 -4.496624e-04 -2.016722e-03 2.983711e-03 4.501271e-04 9.999999e-01 2.299923e-04 1.383862e-02 2.016618e-03 -2.308995e-04 9.999979e-01 -1.062446e-06
9.999977e-01 -1.892988e-04 -2.116353e-03 1.884487e-03 1.900607e-04 9.999999e-01 3.598195e-04 9.750728e-03 2.116285e-03 -3.602209e-04 9.999977e-01 2.513606e-03
9.999976e-01 -6.507842e-04 -2.085917e-03 9.516651e-03 6.516806e-04 9.999998e-01 4.290837e-04 5.120543e-03 2.085638e-03 -4.304420e-04 9.999977e-01 1.212365e-03
9.999978e-01 -1.554057e-04 -2.102235e-03 1.342810e-03 1.560949e-04 9.999999e-01 3.276709e-04 1.168719e-02 2.102184e-03 -3.279983e-04 9.999977e-01 2.423719e-03
9.999979e-01 -2.060376e-04 -2.047157e-03 1.252809e-03 2.069703e-04 1.000000e+00 4.554270e-04 1.071199e-02 2.047063e-03 -4.558498e-04 9.999978e-01 1.642221e-03
9.999976e-01 -3.955868e-04 -2.140668e-03 1.792317e-03 3.962738e-04 9.999999e-01 3.205239e-04 6.926980e-03 2.140541e-03 -3.213714e-04 9.999977e-01 2.111123e-03
9.999979e-01 -4.824501e-04 -2.007844e-03 5.765167e-03 4.830328e-04 9.999999e-01 2.897324e-04 1.191889e-02 2.007704e-03 -2.907016e-04 9.999979e-01 -1.101332e-04
9.999976e-01 -6.531298e-04 -2.123461e-03 1.232046e-02 6.534706e-04 9.999999e-01 1.598036e-04 1.196824e-02 2.123357e-03 -1.611908e-04 9.999977e-01 2.216552e-03
9.999977e-01 -5.703189e-04 -2.088593e-03 5.600655e-03 5.711401e-04 9.999998e-01 3.926136e-04 1.126619e-02 2.088369e-03 -3.938056e-04 9.999977e-01 1.825579e-03
9.999979e-01 -4.094970e-04 -1.993446e-03 1.419340e-03 4.102277e-04 9.999999e-01 3.661742e-04 1.381994e-02 1.993296e-03 -3.669912e-04 9.999980e-01 1.013625e-03
9.999977e-01 -5.124037e-04 -2.082138e-03 4.776599e-03 5.132458e-04 9.999998e-01 4.039074e-04 1.190393e-02 2.081931e-03 -4.049751e-04 9.999977e-01 1.964780e-03
9.999979e-01 -6.128196e-04 -1.966266e-03 4.957143e-03 6.134942e-04 9.999998e-01 3.425346e-04 1.544882e-02 1.966055e-03 -3.437402e-04 9.999980e-01 1.582139e-03
9.999981e-01 -1.773614e-04 -1.930985e-03 2.286428e-03 1.783233e-04 1.000000e+00 4.980019e-04 9.715879e-03 1.930896e-03 -4.983454e-04 9.999980e-01 1.427554e-03
9.999977e-01 -9.903354e-05 -2.112427e-03 6.059853e-04 1.001851e-04 9.999999e-01 5.450596e-04 7.384018e-03 2.112373e-03 -5.452700e-04 9.999976e-01 2.584258e-03
9.999977e-01 -5.376719e-04 -2.098998e-03 1.131175e-02 5.384520e-04 9.999998e-01 3.710875e-04 1.397441e-02 2.098798e-03 -3.722168e-04 9.999977e-01 2.483408e-03
9.999977e-01 -3.765688e-04 -2.128172e-03 1.733060e-03 3.769585e-04 9.999999e-01 1.827491e-04 1.268705e-02 2.128103e-03 -1.835509e-04 9.999977e-01 2.690036e-03
9.999974e-01 -7.932637e-04 -2.116206e-03 6.914356e-03 7.940443e-04 9.999996e-01 3.680912e-04 1.469625e-02 2.115913e-03 -3.697706e-04 9.999977e-01 2.659367e-03
9.999979e-01 -4.355332e-04 -2.025560e-03 8.500247e-03 4.362455e-04 9.999999e-01 3.512467e-04 1.299633e-02 2.025407e-03 -3.521296e-04 9.999979e-01 9.171165e-04
9.999978e-01 -4.639108e-04 -2.045298e-03 6.030123e-03 4.648452e-04 9.999998e-01 4.563792e-04 1.083555e-02 2.045085e-03 -4.573289e-04 9.999978e-01 1.900287e-03
9.999978e-01 -2.612360e-04 -2.093923e-03 6.631914e-04 2.622899e-04 9.999998e-01 5.030837e-04 1.321382e-02 2.093791e-03 -5.036318e-04 9.999977e-01 2.700202e-03
9.999981e-01 -3.422371e-04 -1.924027e-03 2.093526e-03 3.432349e-04 9.999998e-01 5.183332e-04 1.459788e-02 1.923849e-03 -5.189926e-04 9.999980e-01 2.766783e-03
9.999980e-01 -2.578535e-04 -1.995306e-03 -3.559292e-03 2.584498e-04 9.999999e-01 2.985954e-04 1.637632e-02 1.995228e-03 -2.991105e-04 9.999980e-01 1.078627e-03
9.999977e-01 -4.567900e-04 -2.094023e-03 5.716087e-03 4.574713e-04 9.999998e-01 3.248595e-04 1.281625e-02 2.093874e-03 -3.258167e-04 9.999977e-01 2.331256e-03
9.999978e-01 -4.967790e-04 -2.038144e-03 1.222698e-02 4.974031e-04 9.999999e-01 3.057133e-04 1.491103e-02 2.037992e-03 -3.067264e-04 9.999979e-01 1.690677e-03
9.999978e-01 -2.940352e-04 -2.080623e-03 2.688078e-04 2.945823e-04 1.000000e+00 2.626411e-04 7.534182e-03 2.080546e-03 -2.632534e-04 9.999978e-01 1.392980e-03
9.999980e-01 -6.632922e-05 -1.985257e-03 7.264174e-04 6.674837e-05 1.000000e+00 2.110710e-04 9.114270e-03 1.985243e-03 -2.112031e-04 9.999980e-01 -7.834474e-04
9.999977e-01 -3.717644e-04 -2.111019e-03 7.228864e-03 3.721719e-04 9.999999e-01 1.926151e-04 6.967752e-03 2.110948e-03 -1.934004e-04 9.999977e-01 1.822121e-03
9.999977e-01 -9.476636e-05 -2.164335e-03 4.560327e-03 9.541132e-05 1.000000e+00 2.978939e-04 7.759459e-03 2.164307e-03 -2.980997e-04 9.999976e-01 2.884123e-03
9.999980e-01 1.560164e-04 -2.021738e-03 2.732953e-03 -1.550570e-04 9.999999e-01 4.747004e-04 7.690221e-03 2.021812e-03 -4.743860e-04 9.999979e-01 1.682682e-03
9.999979e-01 -8.533338e-05 -2.030365e-03 2.786784e-03 8.612665e-05 9.999999e-01 3.906209e-04 7.184243e-03 2.030332e-03 -3.907950e-04 9.999979e-01 1.902998e-03
9.999979e-01 -9.153771e-05 -2.058378e-03 2.067199e-03 9.243403e-05 1.000000e+00 4.353618e-04 7.074992e-03 2.058338e-03 -4.355511e-04 9.999978e-01 2.270010e-05
9.999979e-01 -2.244077e-04 -2.066697e-03 3.447109e-03 2.250926e-04 1.000000e+00 3.311715e-04 9.421443e-03 2.066623e-03 -3.316360e-04 9.999978e-01 2.333308e-03
9.999977e-01 -4.901467e-04 -2.060100e-03 4.455164e-03 4.910256e-04 9.999998e-01 4.261828e-04 1.209366e-02 2.059890e-03 -4.271934e-04 9.999978e-01 2.506787e-03
9.999977e-01 -9.156925e-05 -2.120070e-03 1.124405e-04 9.238464e-05 9.999999e-01 3.845114e-04 6.740805e-03 2.120035e-03 -3.847064e-04 9.999977e-01 1.681537e-03
9.999979e-01 -1.319836e-04 -2.050477e-03 1.528434e-03 1.325036e-04 1.000000e+00 2.534551e-04 1.350310e-02 2.050443e-03 -2.537263e-04 9.999979e-01 1.036748e-03
9.999980e-01 -4.111872e-05 -2.006060e-03 6.585994e-03 4.189399e-05 9.999999e-01 3.864237e-04 8.691909e-03 2.006044e-03 -3.865070e-04 9.999979e-01 1.504002e-03
9.999977e-01 -3.028783e-04 -2.132950e-03 -3.313922e-03 3.036912e-04 9.999999e-01 3.808180e-04 5.314462e-03 2.132835e-03 -3.814649e-04 9.999977e-01 1.245567e-03
9.999979e-01 -3.413276e-04 -2.057179e-03 1.898660e-03 3.420047e-04 1.000000e+00 3.288215e-04 1.150970e-02 2.057066e-03 -3.295244e-04 9.999979e-01 1.796462e-03
9.999976e-01 -6.533410e-05 -2.176200e-03 -1.266940e-03 6.648418e-05 9.999998e-01 5.284151e-04 2.878731e-03 2.176165e-03 -5.285586e-04 9.999975e-01 2.586207e-03
9.999976e-01 -3.419105e-04 -2.186476e-03 -5.491826e-04 3.426207e-04 1.000000e+00 3.244774e-04 5.348400e-03 2.186365e-03 -3.252257e-04 9.999976e-01 2.134493e-03
9.999983e-01 -2.647318e-04 -1.851250e-03 2.363476e-03 2.653839e-04 9.999998e-01 3.520072e-04 9.358373e-03 1.851156e-03 -3.524979e-04 9.999982e-01 8.821693e-04
9.999975e-01 -5.517814e-04 -2.165770e-03 2.422807e-03 5.522819e-04 9.999998e-01 2.304655e-04 5.948280e-03 2.165643e-03 -2.316610e-04 9.999976e-01 4.757477e-03
9.999980e-01 -3.762959e-04 -1.964289e-03 -3.955651e-03 3.769034e-04 9.999998e-01 3.088978e-04 7.136698e-03 1.964173e-03 -3.096375e-04 9.999980e-01 2.656370e-04
9.999976e-01 -1.787187e-04 -2.185915e-03 -3.638094e-03 1.793669e-04 1.000000e+00 2.963599e-04 7.891255e-03 2.185862e-03 -2.967513e-04 9.999976e-01 3.050843e-03
9.999979e-01 2.127256e-05 -2.085019e-03 -1.131770e-02 -2.032558e-05 9.999998e-01 4.542014e-04 3.822289e-03 2.085028e-03 -4.541581e-04 9.999977e-01 -1.257533e-03
9.999966e-01 4.070513e-05 -2.601814e-03 -6.152141e-03 -3.941605e-05 9.999998e-01 4.955007e-04 2.584675e-03 2.601834e-03 -4.953965e-04 9.999965e-01 1.463276e-03
9.999968e-01 -2.033288e-04 -2.508480e-03 -2.014410e-03 2.048072e-04 9.999998e-01 5.891129e-04 1.078467e-02 2.508360e-03 -5.896247e-04 9.999967e-01 4.180072e-03
9.999965e-01 -1.386518e-04 -2.651453e-03 -3.624603e-03 1.400087e-04 9.999999e-01 5.115533e-04 -3.451853e-03 2.651382e-03 -5.119227e-04 9.999964e-01 -6.154858e-05
9.999967e-01 -1.925845e-04 -2.562892e-03 -4.475359e-03 1.935997e-04 1.000000e+00 3.958887e-04 7.052225e-03 2.562815e-03 -3.963836e-04 9.999967e-01 1.225598e-03
9.999964e-01 -1.227408e-04 -2.693866e-03 -3.682225e-03 1.244295e-04 9.999998e-01 6.267306e-04 1.153353e-02 2.693789e-03 -6.270635e-04 9.999962e-01 2.812458e-04
9.999962e-01 -1.565501e-04 -2.765417e-03 -8.056781e-03 1.575266e-04 1.000000e+00 3.528990e-04 7.125671e-03 2.765361e-03 -3.533333e-04 9.999961e-01 1.934949e-03
9.999959e-01 -2.782045e-04 -2.826663e-03 -5.268862e-03 2.797898e-04 9.999998e-01 5.604493e-04 6.706883e-03 2.826507e-03 -5.612379e-04 9.999958e-01 -1.112800e-03
9.999958e-01 1.235634e-04 -2.887106e-03 -2.342947e-03 -1.220197e-04 9.999999e-01 5.348706e-04 5.056734e-03 2.887171e-03 -5.345161e-04 9.999957e-01 1.886802e-03
9.999963e-01 -1.120215e-04 -2.715413e-03 -4.511777e-03 1.133187e-04 9.999999e-01 4.775597e-04 5.425760e-03 2.715359e-03 -4.778656e-04 9.999962e-01 -8.978245e-04
9.999956e-01 1.149075e-04 -2.971755e-03 -6.925155e-03 -1.139678e-04 9.999999e-01 3.163667e-04 4.866905e-03 2.971792e-03 -3.160266e-04 9.999955e-01 1.747549e-03
9.999957e-01 -4.609522e-04 -2.895270e-03 1.043499e-03 4.625713e-04 9.999996e-01 5.585686e-04 1.125970e-02 2.895012e-03 -5.599055e-04 9.999956e-01 2.908922e-03
9.999954e-01 -4.968636e-04 -3.015465e-03 2.776881e-03 4.982108e-04 9.999998e-01 4.460173e-04 9.864870e-03 3.015243e-03 -4.475175e-04 9.999954e-01 9.503692e-04
9.999957e-01 -1.908279e-04 -2.932369e-03 -6.144653e-04 1.922021e-04 9.999998e-01 4.683490e-04 8.805879e-03 2.932280e-03 -4.689106e-04 9.999956e-01 8.097985e-04
9.999956e-01 -1.727094e-04 -2.953270e-03 -8.891274e-04 1.741259e-04 9.999999e-01 4.794070e-04 1.208133e-02 2.953187e-03 -4.799192e-04 9.999955e-01 2.307195e-04
9.999949e-01 -6.460766e-04 -3.128504e-03 2.421288e-03 6.468658e-04 9.999996e-01 2.512565e-04 4.137987e-03 3.128341e-03 -2.532789e-04 9.999951e-01 3.360281e-03
9.999958e-01 2.352724e-04 -2.897013e-03 -8.792552e-03 -2.338783e-04 9.999999e-01 4.815548e-04 7.009417e-03 2.897126e-03 -4.808752e-04 9.999957e-01 1.973802e-04
9.999956e-01 -1.067142e-04 -2.964759e-03 -1.904571e-03 1.073555e-04 9.999999e-01 2.161386e-04 1.473442e-02 2.964736e-03 -2.164559e-04 9.999956e-01 1.066462e-03
9.999958e-01 -1.624131e-04 -2.903781e-03 5.698829e-04 1.637068e-04 9.999999e-01 4.452867e-04 4.262960e-03 2.903709e-03 -4.457601e-04 9.999957e-01 -2.879674e-04
9.999958e-01 -1.295986e-04 -2.901625e-03 -4.014895e-03 1.307302e-04 9.999999e-01 3.898084e-04 7.403352e-03 2.901574e-03 -3.901861e-04 9.999957e-01 -7.364086e-04
9.999955e-01 -1.538562e-04 -2.996412e-03 7.692019e-05 1.554796e-04 1.000000e+00 5.415717e-04 2.191564e-03 2.996328e-03 -5.420352e-04 9.999954e-01 3.149826e-03
9.999956e-01 -1.071256e-04 -2.945984e-03 -7.623372e-03 1.080755e-04 1.000000e+00 3.222590e-04 5.092029e-03 2.945949e-03 -3.225760e-04 9.999956e-01 1.049336e-03
9.999957e-01 -2.403745e-04 -2.916541e-03 2.325829e-03 2.416917e-04 1.000000e+00 4.512935e-04 9.031412e-03 2.916432e-03 -4.519965e-04 9.999956e-01 3.147746e-04
9.999955e-01 2.495559e-05 -3.000955e-03 -4.233923e-03 -2.353510e-05 1.000000e+00 4.733824e-04 5.820943e-03 3.000967e-03 -4.733097e-04 9.999954e-01 1.781013e-03
9.999958e-01 2.477283e-04 -2.902796e-03 -7.174932e-03 -2.465270e-04 9.999999e-01 4.142162e-04 9.193509e-03 2.902898e-03 -4.134988e-04 9.999957e-01 1.793101e-04
9.999959e-01 -2.860012e-05 -2.846472e-03 -1.696264e-03 2.970040e-05 1.000000e+00 3.864976e-04 6.779680e-03 2.846461e-03 -3.865806e-04 9.999959e-01 -1.122968e-03
9.999953e-01 -4.435543e-04 -3.042549e-03 -5.823356e-03 4.445275e-04 9.999999e-01 3.192040e-04 3.443215e-03 3.042407e-03 -3.205550e-04 9.999953e-01 1.830087e-03
9.999954e-01 -4.064778e-04 -2.997081e-03 -1.160569e-03 4.077964e-04 9.999998e-01 4.393466e-04 7.142592e-03 2.996901e-03 -4.405668e-04 9.999954e-01 1.966054e-03
9.999956e-01 2.090968e-04 -2.947280e-03 -2.131113e-03 -2.078860e-04 9.999998e-01 4.111262e-04 7.649770e-03 2.947366e-03 -4.105117e-04 9.999956e-01 -3.763963e-04
9.999960e-01 2.406446e-04 -2.808194e-03 -4.923258e-04 -2.387577e-04 9.999996e-01 6.722348e-04 9.334298e-03 2.808355e-03 -6.715617e-04 9.999958e-01 1.099617e-03
9.999956e-01 -2.379622e-04 -2.953221e-03 2.045673e-03 2.397368e-04 9.999999e-01 6.005634e-04 7.742278e-03 2.953077e-03 -6.012687e-04 9.999955e-01 1.558194e-03
9.999952e-01 3.391639e-04 -3.083640e-03 -2.450196e-03 -3.375329e-04 9.999998e-01 5.294150e-04 1.721085e-03 3.083819e-03 -5.283716e-04 9.999951e-01 1.352054e-03
9.999961e-01 3.432220e-04 -2.772357e-03 -5.053993e-03 -3.421896e-04 9.999998e-01 3.728435e-04 6.189445e-03 2.772485e-03 -3.718933e-04 9.999961e-01 -3.347498e-04
9.999959e-01 -3.498129e-04 -2.839156e-03 9.322516e-04 3.511235e-04 9.999998e-01 4.611258e-04 1.041088e-02 2.838994e-03 -4.621208e-04 9.999959e-01 -4.598716e-04
9.999954e-01 1.217559e-04 -3.018363e-03 -8.073252e-03 -1.205866e-04 1.000000e+00 3.875697e-04 -2.644207e-03 3.018410e-03 -3.872040e-04 9.999954e-01 1.661338e-04
9.999958e-01 -2.296684e-04 -2.909949e-03 -2.561227e-03 2.307889e-04 1.000000e+00 3.847440e-04 1.251184e-02 2.909860e-03 -3.854139e-04 9.999957e-01 1.039302e-03
9.999955e-01 3.794030e-05 -3.006348e-03 -4.166268e-03 -3.655414e-05 1.000000e+00 4.611293e-04 3.492961e-03 3.006365e-03 -4.610173e-04 9.999954e-01 8.921096e-04
9.999955e-01 -3.254341e-04 -2.985349e-03 -1.927828e-03 3.267538e-04 9.999999e-01 4.415746e-04 5.120170e-03 2.985204e-03 -4.425481e-04 9.999955e-01 6.449235e-04
9.999960e-01 -1.717441e-04 -2.830201e-03 -4.171407e-03 1.731301e-04 1.000000e+00 4.894868e-04 5.392028e-03 2.830117e-03 -4.899748e-04 9.999959e-01 -5.118530e-04
9.999953e-01 -8.346903e-04 -2.949717e-03 -5.380646e-03 8.357934e-04 9.999995e-01 3.727844e-04 6.669181e-03 2.949405e-03 -3.752480e-04 9.999956e-01 2.031474e-03
9.999960e-01 -2.086283e-04 -2.827454e-03 4.691756e-05 2.097001e-04 1.000000e+00 3.787666e-04 1.406452e-02 2.827374e-03 -3.793580e-04 9.999959e-01 -2.585903e-04
9.999959e-01 -1.671909e-04 -2.858930e-03 -3.447799e-03 1.684215e-04 9.999998e-01 4.302035e-04 1.195196e-02 2.858857e-03 -4.306833e-04 9.999958e-01 7.112313e-04
9.999959e-01 -2.975524e-04 -2.828388e-03 -5.595136e-03 2.987342e-04 1.000000e+00 4.174097e-04 1.275964e-02 2.828264e-03 -4.182530e-04 9.999959e-01 -3.510764e-04
9.999958e-01 -2.627993e-04 -2.870565e-03 5.183191e-03 2.634499e-04 9.999999e-01 2.262573e-04 1.574411e-02 2.870506e-03 -2.270126e-04 9.999958e-01 -2.679721e-04
9.999958e-01 -3.787160e-04 -2.856888e-03 1.757583e-05 3.798513e-04 9.999998e-01 3.968463e-04 1.159413e-02 2.856737e-03 -3.979298e-04 9.999958e-01 1.882395e-03
9.999954e-01 3.940166e-05 -3.023919e-03 4.973773e-05 -3.860646e-05 1.000000e+00 2.630304e-04 7.145154e-03 3.023929e-03 -2.629125e-04 9.999954e-01 1.364961e-03
9.999961e-01 -2.990018e-04 -2.775191e-03 -2.105222e-03 3.005100e-04 9.999998e-01 5.430414e-04 1.188021e-02 2.775028e-03 -5.438733e-04 9.999960e-01 6.093601e-04
9.999959e-01 -2.152197e-04 -2.829918e-03 3.697080e-03 2.166855e-04 1.000000e+00 5.176537e-04 1.291512e-02 2.829806e-03 -5.182647e-04 9.999959e-01 6.904450e-04
9.999961e-01 -1.368406e-04 -2.799388e-03 4.168184e-03 1.380590e-04 9.999999e-01 4.350311e-04 1.284045e-02 2.799328e-03 -4.354159e-04 9.999960e-01 2.194926e-03
9.999958e-01 -3.234103e-04 -2.878387e-03 2.411081e-03 3.245854e-04 9.999999e-01 4.077752e-04 1.155308e-02 2.878254e-03 -4.087077e-04 9.999958e-01 -1.996780e-04
9.999959e-01 -1.555040e-04 -2.849904e-03 -1.324300e-03 1.567359e-04 1.000000e+00 4.320582e-04 1.185704e-02 2.849836e-03 -4.325031e-04 9.999958e-01 1.394145e-03
9.999958e-01 -1.832859e-04 -2.900435e-03 6.326918e-04 1.843613e-04 9.999999e-01 3.705236e-04 7.919942e-03 2.900367e-03 -3.710568e-04 9.999957e-01 1.717983e-03
9.999961e-01 1.936073e-04 -2.798843e-03 -2.302917e-03 -1.917879e-04 9.999999e-01 6.502855e-04 4.658772e-03 2.798968e-03 -6.497462e-04 9.999959e-01 -2.371752e-04
9.999955e-01 -3.314381e-04 -2.968949e-03 8.078481e-03 3.338221e-04 9.999996e-01 8.025346e-04 1.025053e-02 2.968682e-03 -8.035222e-04 9.999953e-01 3.582897e-03
9.999962e-01 -2.072745e-05 -2.736166e-03 2.084814e-04 2.215375e-05 9.999999e-01 5.212467e-04 1.322546e-02 2.736155e-03 -5.213054e-04 9.999961e-01 1.211428e-04
9.999958e-01 -2.384525e-04 -2.886029e-03 3.466721e-03 2.399020e-04 9.999999e-01 5.019124e-04 1.034872e-02 2.885909e-03 -5.026026e-04 9.999957e-01 9.488499e-04
9.999960e-01 -2.927852e-04 -2.808451e-03 2.844018e-03 2.947425e-04 9.999996e-01 6.965420e-04 1.115768e-02 2.808246e-03 -6.973671e-04 9.999958e-01 2.756521e-03
9.999956e-01 1.249569e-04 -2.955583e-03 2.940110e-03 -1.237008e-04 9.999999e-01 4.251559e-04 8.698964e-03 2.955636e-03 -4.247885e-04 9.999955e-01 1.221475e-03
9.999960e-01 1.252493e-04 -2.819715e-03 2.973036e-03 -1.237986e-04 9.999999e-01 5.146594e-04 1.878885e-02 2.819780e-03 -5.143083e-04 9.999959e-01 2.277267e-03
9.999959e-01 -7.020617e-05 -2.855393e-03 1.022157e-02 7.176577e-05 9.999998e-01 5.460954e-04 9.172929e-03 2.855354e-03 -5.462981e-04 9.999958e-01 1.115395e-03
9.999961e-01 -1.047577e-04 -2.776550e-03 3.572362e-03 1.060304e-04 9.999998e-01 4.582395e-04 1.076376e-02 2.776502e-03 -4.585321e-04 9.999961e-01 -1.642376e-03
9.999958e-01 -1.454791e-04 -2.882826e-03 3.363032e-03 1.472435e-04 9.999999e-01 6.118434e-04 1.607137e-02 2.882737e-03 -6.122653e-04 9.999956e-01 1.043716e-03
9.999962e-01 -2.759750e-04 -2.724070e-03 3.011373e-03 2.774831e-04 9.999999e-01 5.532701e-04 1.492604e-02 2.723917e-03 -5.540239e-04 9.999961e-01 -5.768231e-04
9.999959e-01 2.787910e-05 -2.844629e-03 6.404248e-05 -2.604894e-05 9.999998e-01 6.434072e-04 5.942758e-03 2.844646e-03 -6.433305e-04 9.999958e-01 1.875624e-03
9.999959e-01 -2.179639e-04 -2.846537e-03 1.918161e-03 2.194464e-04 9.999998e-01 5.205076e-04 4.909523e-03 2.846423e-03 -5.211302e-04 9.999958e-01 -4.005090e-04
9.999965e-01 -1.369683e-04 -2.622070e-03 3.237303e-03 1.392228e-04 9.999996e-01 8.596506e-04 1.544940e-02 2.621952e-03 -8.600127e-04 9.999962e-01 1.584242e-04
9.999956e-01 7.328126e-06 -2.943810e-03 3.083421e-03 -5.745572e-06 9.999998e-01 5.375951e-04 7.708707e-03 2.943814e-03 -5.375759e-04 9.999955e-01 3.635775e-03
9.999957e-01 -2.314392e-04 -2.923610e-03 2.964991e-03 2.327797e-04 1.000000e+00 4.581832e-04 6.208770e-03 2.923503e-03 -4.588618e-04 9.999956e-01 1.205566e-03
9.999958e-01 -1.474854e-04 -2.912233e-03 4.025041e-03 1.493728e-04 9.999998e-01 6.478921e-04 1.125399e-02 2.912136e-03 -6.483244e-04 9.999955e-01 2.091491e-03
9.999961e-01 1.738356e-05 -2.799641e-03 7.860284e-03 -1.602392e-05 9.999999e-01 4.856696e-04 1.776188e-02 2.799649e-03 -4.856229e-04 9.999959e-01 2.087440e-04
9.999956e-01 -1.013127e-05 -2.957443e-03 -1.741480e-03 1.119452e-05 9.999999e-01 3.595004e-04 6.885075e-03 2.957439e-03 -3.595320e-04 9.999956e-01 1.111911e-03
9.999959e-01 2.326500e-04 -2.855098e-03 1.989012e-03 -2.307741e-04 9.999998e-01 6.573448e-04 7.235053e-03 2.855251e-03 -6.566832e-04 9.999957e-01 -1.061928e-05
9.999957e-01 1.740251e-04 -2.919655e-03 8.218981e-03 -1.731289e-04 1.000000e+00 3.072368e-04 8.917117e-03 2.919708e-03 -3.067300e-04 9.999957e-01 -3.032717e-04
9.999957e-01 -3.117139e-04 -2.909704e-03 -1.708641e-04 3.133116e-04 9.999998e-01 5.486741e-04 9.535726e-03 2.909533e-03 -5.495834e-04 9.999956e-01 3.005750e-03
9.999958e-01 -7.715974e-05 -2.891642e-03 -3.119267e-03 7.832165e-05 9.999999e-01 4.017077e-04 1.210037e-02 2.891611e-03 -4.019325e-04 9.999958e-01 2.666431e-04
9.999957e-01 -3.052280e-04 -2.919899e-03 3.184382e-03 3.067376e-04 9.999998e-01 5.165852e-04 1.093475e-02 2.919741e-03 -5.174786e-04 9.999956e-01 3.376762e-03
9.999959e-01 -2.866684e-04 -2.862893e-03 2.379820e-03 2.878327e-04 9.999998e-01 4.062940e-04 6.078984e-03 2.862776e-03 -4.071164e-04 9.999958e-01 -1.544579e-03
9.999957e-01 -1.084291e-04 -2.930474e-03 4.029188e-03 1.101529e-04 9.999998e-01 5.880921e-04 8.088703e-03 2.930410e-03 -5.884124e-04 9.999955e-01 5.570129e-04
9.999959e-01 -2.988086e-04 -2.844502e-03 2.143638e-03 3.001538e-04 9.999998e-01 4.724737e-04 8.461068e-03 2.844361e-03 -4.733255e-04 9.999958e-01 -7.444666e-04
9.999955e-01 -1.021181e-04 -2.988699e-03 4.111424e-04 1.035407e-04 9.999999e-01 4.758153e-04 8.718889e-03 2.988650e-03 -4.761226e-04 9.999954e-01 3.719942e-03
9.999960e-01 1.750626e-04 -2.810742e-03 -1.273130e-03 -1.731360e-04 9.999996e-01 6.856697e-04 8.668166e-03 2.810861e-03 -6.851803e-04 9.999958e-01 8.231201e-04
9.999956e-01 -2.565339e-04 -2.941787e-03 4.266981e-03 2.581021e-04 9.999998e-01 5.327303e-04 1.133289e-02 2.941649e-03 -5.334872e-04 9.999955e-01 1.073061e-03
9.999958e-01 -2.446661e-05 -2.879542e-03 2.535952e-03 2.520553e-05 9.999999e-01 2.565750e-04 1.617344e-02 2.879535e-03 -2.566465e-04 9.999958e-01 1.805187e-03
9.999956e-01 -4.659278e-04 -2.937425e-03 3.351965e-03 4.676002e-04 9.999998e-01 5.687011e-04 1.528878e-02 2.937160e-03 -5.700721e-04 9.999955e-01 2.013730e-03
9.999963e-01 -1.251106e-05 -2.725721e-03 -1.863417e-03 1.403934e-05 9.999999e-01 5.606692e-04 1.179651e-02 2.725714e-03 -5.607054e-04 9.999961e-01 -1.104181e-04
9.999960e-01 -1.122726e-07 -2.830861e-03 -4.806552e-04 1.696423e-06 1.000000e+00 5.595977e-04 1.173021e-02 2.830861e-03 -5.596003e-04 9.999958e-01 7.357846e-04
9.999957e-01 -3.708256e-05 -2.924444e-03 1.271973e-04 3.866230e-05 9.999998e-01 5.401292e-04 1.242403e-02 2.924424e-03 -5.402399e-04 9.999956e-01 1.722161e-03
9.999960e-01 -4.683853e-04 -2.785969e-03 4.350159e-03 4.696393e-04 9.999999e-01 4.494953e-04 1.575782e-02 2.785758e-03 -4.508019e-04 9.999960e-01 -8.093127e-05
9.999958e-01 2.136204e-05 -2.918899e-03 7.104764e-04 -2.008180e-05 1.000000e+00 4.386326e-04 9.562612e-03 2.918908e-03 -4.385721e-04 9.999956e-01 6.860291e-04
9.999955e-01 3.507729e-05 -3.005731e-03 8.072826e-03 -3.318686e-05 9.999998e-01 6.289907e-04 1.032196e-02 3.005753e-03 -6.288881e-04 9.999953e-01 -6.130083e-04
9.999952e-01 -2.303075e-04 -3.102740e-03 7.526953e-03 2.315084e-04 9.999998e-01 3.866967e-04 1.191295e-02 3.102651e-03 -3.874132e-04 9.999951e-01 3.176311e-03
9.999934e-01 -2.614719e-04 -3.633819e-03 6.154613e-04 2.633710e-04 9.999999e-01 5.221532e-04 1.926931e-02 3.633681e-03 -5.231068e-04 9.999933e-01 -1.063042e-03
9.999911e-01 -3.144484e-04 -4.201174e-03 3.144337e-03 3.162254e-04 9.999998e-01 4.223311e-04 9.262619e-03 4.201041e-03 -4.236558e-04 9.999911e-01 1.263291e-03
9.999886e-01 -3.782425e-04 -4.754113e-03 7.805421e-03 3.811345e-04 9.999999e-01 6.074272e-04 9.400741e-03 4.753882e-03 -6.092322e-04 9.999885e-01 -1.431211e-03
9.999879e-01 -2.735585e-04 -4.911864e-03 5.076322e-03 2.740220e-04 9.999999e-01 9.368903e-05 1.139642e-02 4.911838e-03 -9.503386e-05 9.999880e-01 4.731895e-03
9.999905e-01 9.860703e-05 -4.371122e-03 -1.377133e-03 -9.733218e-05 1.000000e+00 2.918628e-04 8.626116e-03 4.371151e-03 -2.914346e-04 9.999904e-01 5.863091e-03
9.999915e-01 -4.002977e-04 -4.114228e-03 -2.577856e-03 3.990680e-04 9.999999e-01 -2.997064e-04 1.261903e-02 4.114347e-03 2.980620e-04 9.999915e-01 4.359261e-03
9.999921e-01 -1.757450e-04 -3.978670e-03 3.846939e-03 1.747213e-04 1.000000e+00 -2.576401e-04 6.058063e-03 3.978715e-03 2.569429e-04 9.999921e-01 5.014709e-03
9.999905e-01 5.880916e-05 -4.361007e-03 2.990833e-03 -6.009891e-05 1.000000e+00 -2.956163e-04 1.026610e-02 4.360990e-03 2.958756e-04 9.999905e-01 2.448875e-03
9.999900e-01 -2.085985e-05 -4.472578e-03 4.801899e-03 1.894812e-05 1.000000e+00 -4.274753e-04 2.272528e-02 4.472587e-03 4.273863e-04 9.999899e-01 5.100074e-04
9.999834e-01 -8.822745e-05 -5.764844e-03 1.104374e-02 8.728891e-05 9.999999e-01 -1.630543e-04 1.371115e-02 5.764858e-03 1.625484e-04 9.999834e-01 5.446498e-06
9.999758e-01 -5.138509e-05 -6.953347e-03 1.475075e-02 5.135343e-05 1.000000e+00 -4.732915e-06 1.398585e-02 6.953347e-03 4.375723e-06 9.999758e-01 5.343668e-03
9.999784e-01 -4.516557e-04 -6.565257e-03 6.149970e-03 4.538606e-04 9.999999e-01 3.343608e-04 1.777654e-02 6.565105e-03 -3.373333e-04 9.999784e-01 9.046225e-03
9.999830e-01 -6.045777e-05 -5.835402e-03 5.053586e-03 6.125386e-05 1.000000e+00 1.362444e-04 9.845715e-03 5.835393e-03 -1.365995e-04 9.999830e-01 1.165800e-02
9.999861e-01 3.013653e-05 -5.269414e-03 4.421670e-03 -3.000857e-05 1.000000e+00 2.436185e-05 6.912389e-03 5.269415e-03 -2.420338e-05 9.999861e-01 8.349766e-03
9.999838e-01 -8.024502e-05 -5.686281e-03 2.327297e-03 7.924372e-05 1.000000e+00 -1.763151e-04 9.335632e-03 5.686295e-03 1.758616e-04 9.999838e-01 7.822224e-03
9.999837e-01 4.889878e-06 -5.707821e-03 3.507813e-03 -5.553373e-06 1.000000e+00 -1.162272e-04 6.892588e-03 5.707820e-03 1.162570e-04 9.999837e-01 5.488830e-03
9.999834e-01 1.184705e-04 -5.764277e-03 5.698263e-03 -1.199602e-04 9.999999e-01 -2.580826e-04 1.325301e-02 5.764246e-03 2.587698e-04 9.999834e-01 6.228245e-03
9.999849e-01 2.400587e-05 -5.496286e-03 1.002712e-02 -2.483350e-05 1.000000e+00 -1.505116e-04 1.048652e-02 5.496282e-03 1.506458e-04 9.999849e-01 5.493074e-03
9.999841e-01 -2.378904e-04 -5.621518e-03 2.231361e-03 2.366834e-04 1.000000e+00 -2.153834e-04 1.739533e-02 5.621570e-03 2.140495e-04 9.999842e-01 5.354740e-03
9.999835e-01 1.662744e-05 -5.735731e-03 8.811511e-03 -1.809268e-05 1.000000e+00 -2.554061e-04 9.360693e-03 5.735727e-03 2.555057e-04 9.999835e-01 5.510089e-03
9.999833e-01 -4.901204e-04 -5.758088e-03 5.155528e-03 4.899630e-04 9.999999e-01 -2.874470e-05 1.289117e-02 5.758101e-03 2.592297e-05 9.999834e-01 6.680763e-03
9.999834e-01 -4.005414e-04 -5.739952e-03 7.746988e-03 3.998445e-04 1.000000e+00 -1.225501e-04 8.252087e-03 5.740001e-03 1.202530e-04 9.999835e-01 6.201813e-03
9.999830e-01 -3.814384e-04 -5.819939e-03 8.424392e-03 3.809506e-04 1.000000e+00 -8.492300e-05 1.313800e-02 5.819970e-03 8.270444e-05 9.999831e-01 6.967779e-03
9.999850e-01 -8.004603e-05 -5.482559e-03 2.678251e-04 7.901480e-05 1.000000e+00 -1.883113e-04 1.125479e-02 5.482574e-03 1.878753e-04 9.999850e-01 6.624913e-03
9.999849e-01 1.773351e-04 -5.500167e-03 1.169826e-03 -1.778156e-04 9.999999e-01 -8.687588e-05 1.337877e-02 5.500151e-03 8.785258e-05 9.999849e-01 6.057343e-03
9.999821e-01 2.138794e-06 -5.981023e-03 9.632850e-03 -4.566908e-06 1.000000e+00 -4.059561e-04 7.023652e-03 5.981022e-03 4.059762e-04 9.999821e-01 5.302271e-03
9.999810e-01 2.266080e-04 -6.155618e-03 8.364060e-03 -2.304773e-04 9.999999e-01 -6.278705e-04 8.075141e-03 6.155475e-03 6.292773e-04 9.999809e-01 6.336190e-03
9.999794e-01 -3.977243e-04 -6.411223e-03 1.210543e-02 3.944171e-04 9.999998e-01 -5.171127e-04 1.381910e-02 6.411427e-03 5.145733e-04 9.999793e-01 3.932381e-03
9.999789e-01 1.692408e-05 -6.500096e-03 7.681584e-03 -2.131695e-05 9.999996e-01 -6.757475e-04 3.557596e-03 6.500083e-03 6.758719e-04 9.999787e-01 8.840036e-03
9.999797e-01 -1.798383e-04 -6.366910e-03 8.993313e-03 1.775729e-04 1.000000e+00 -3.563706e-04 1.589052e-02 6.366973e-03 3.552328e-04 9.999797e-01 6.360890e-03
9.999802e-01 -4.373066e-04 -6.276995e-03 1.232638e-02 4.337825e-04 9.999996e-01 -5.627823e-04 1.413940e-02 6.277240e-03 5.600483e-04 9.999802e-01 7.475654e-03
9.999806e-01 -4.935964e-04 -6.206281e-03 9.300718e-03 4.906781e-04 9.999998e-01 -4.717294e-04 1.543131e-02 6.206512e-03 4.686750e-04 9.999806e-01 7.041711e-03
9.999819e-01 -4.390297e-04 -5.991334e-03 1.138744e-02 4.373107e-04 9.999999e-01 -2.882309e-04 2.174808e-02 5.991460e-03 2.856056e-04 9.999820e-01 6.519908e-03
9.999812e-01 -3.591659e-04 -6.127618e-03 9.072100e-03 3.562379e-04 9.999999e-01 -4.789138e-04 8.111886e-03 6.127790e-03 4.767219e-04 9.999811e-01 5.467086e-03
9.999824e-01 -3.281150e-05 -5.938762e-03 1.025961e-03 3.153243e-05 1.000000e+00 -2.154704e-04 1.178511e-02 5.938768e-03 2.152793e-04 9.999824e-01 7.905977e-03
9.999849e-01 -4.630953e-04 -5.474345e-03 2.490737e-03 4.624453e-04 1.000000e+00 -1.199878e-04 1.282288e-02 5.474400e-03 1.174544e-04 9.999850e-01 9.108058e-03
9.999859e-01 1.323390e-04 -5.308035e-03 1.395299e-04 -1.329029e-04 1.000000e+00 -1.058795e-04 5.114881e-03 5.308021e-03 1.065835e-04 9.999859e-01 8.415854e-03
9.999859e-01 -3.749342e-04 -5.306035e-03 1.716246e-03 3.753148e-04 1.000000e+00 7.074852e-05 1.007264e-02 5.306008e-03 -7.273896e-05 9.999859e-01 7.057996e-03
9.999860e-01 -4.781356e-04 -5.272003e-03 4.249447e-03 4.781977e-04 9.999999e-01 1.050978e-05 1.228583e-02 5.271997e-03 -1.303069e-05 9.999861e-01 6.287652e-03
9.999890e-01 1.242243e-04 -4.683049e-03 4.527507e-03 -1.262123e-04 1.000000e+00 -4.242144e-04 4.650617e-03 4.682996e-03 4.248008e-04 9.999890e-01 1.727899e-02
9.999927e-01 -4.672711e-04 -3.805134e-03 1.390074e-03 4.677854e-04 9.999999e-01 1.342722e-04 9.223555e-03 3.805070e-03 -1.360512e-04 9.999927e-01 4.120702e-03
9.999899e-01 2.576079e-04 -4.481833e-03 -3.610392e-03 -2.597193e-04 9.999998e-01 -4.705179e-04 1.367705e-02 4.481711e-03 4.716771e-04 9.999899e-01 8.253139e-03
9.999904e-01 -6.761602e-04 -4.332348e-03 7.360260e-03 6.759506e-04 9.999999e-01 -4.982754e-05 1.612232e-02 4.332380e-03 4.689861e-05 9.999906e-01 1.993527e-03
9.999878e-01 -1.844270e-04 -4.929024e-03 5.415362e-03 1.833486e-04 1.000000e+00 -2.192331e-04 1.962894e-02 4.929064e-03 2.183267e-04 9.999878e-01 7.575503e-03
9.999906e-01 -4.307962e-04 -4.302025e-03 1.722133e-04 4.309981e-04 1.000000e+00 4.601069e-05 9.281372e-03 4.302004e-03 -4.786442e-05 9.999908e-01 7.793342e-03
9.999889e-01 -2.281398e-04 -4.716410e-03 2.347664e-03 2.277891e-04 9.999999e-01 -7.488664e-05 7.182991e-03 4.716427e-03 7.381146e-05 9.999889e-01 4.364369e-03
9.999901e-01 -2.422390e-04 -4.437550e-03 3.572525e-03 2.417621e-04 1.000000e+00 -1.080130e-04 1.008020e-02 4.437576e-03 1.069391e-04 9.999902e-01 9.420451e-03
9.999889e-01 8.051690e-05 -4.705986e-03 -2.485539e-03 -8.062951e-05 1.000000e+00 -2.374234e-05 1.347197e-02 4.705984e-03 2.412151e-05 9.999889e-01 7.284142e-03
9.999897e-01 -3.396632e-04 -4.525303e-03 5.418480e-03 3.383607e-04 1.000000e+00 -2.885903e-04 1.153758e-02 4.525401e-03 2.870561e-04 9.999897e-01 1.091051e-02
9.999899e-01 -3.917743e-04 -4.479838e-03 -6.957786e-04 3.911402e-04 1.000000e+00 -1.424187e-04 8.994543e-03 4.479893e-03 1.406650e-04 9.999899e-01 3.813725e-03
9.999892e-01 -5.270750e-04 -4.608981e-03 6.014109e-03 5.250253e-04 9.999996e-01 -4.459265e-04 1.569829e-02 4.609215e-03 4.435019e-04 9.999893e-01 8.233919e-03
9.999899e-01 5.194309e-05 -4.501064e-03 -1.983898e-03 -5.185846e-05 1.000000e+00 1.891923e-05 1.158524e-02 4.501065e-03 -1.868562e-05 9.999899e-01 6.792001e-03
9.999889e-01 -4.489106e-05 -4.722459e-03 5.860898e-03 4.418028e-05 1.000000e+00 -1.506152e-04 8.456051e-03 4.722465e-03 1.504049e-04 9.999889e-01 1.009716e-02
9.999905e-01 -3.741997e-05 -4.373110e-03 5.293688e-03 3.682428e-05 1.000000e+00 -1.362984e-04 1.090357e-02 4.373115e-03 1.361360e-04 9.999904e-01 6.435868e-03
9.999887e-01 1.311765e-04 -4.760675e-03 2.541309e-04 -1.309547e-04 9.999999e-01 4.689243e-05 1.002055e-02 4.760682e-03 -4.626846e-05 9.999887e-01 7.457272e-03
9.999898e-01 -3.639393e-05 -4.509156e-03 -1.500766e-03 3.576972e-05 9.999999e-01 -1.385106e-04 9.136648e-03 4.509160e-03 1.383479e-04 9.999898e-01 9.725178e-03
9.999892e-01 -2.355911e-04 -4.643447e-03 1.796543e-03 2.348360e-04 1.000000e+00 -1.631679e-04 1.108216e-02 4.643485e-03 1.620757e-04 9.999892e-01 6.447146e-03
9.999897e-01 -5.879242e-04 -4.500455e-03 4.931886e-03 5.882842e-04 9.999999e-01 7.866332e-05 1.401182e-02 4.500408e-03 -8.131005e-05 9.999899e-01 7.598593e-03
9.999889e-01 -3.503015e-04 -4.702639e-03 4.708426e-03 3.500472e-04 9.999999e-01 -5.489760e-05 1.077791e-02 4.702657e-03 5.325085e-05 9.999889e-01 5.365346e-03
9.999889e-01 -3.780243e-04 -4.708639e-03 4.475574e-03 3.777553e-04 9.999999e-01 -5.802248e-05 1.024728e-02 4.708661e-03 5.624312e-05 9.999889e-01 5.392742e-03