1.000000e+00 0.000000e+00 0.000000e+00 0.000000e+00 0.000000e+00 1.000000e+00 0.000000e+00 0.000000e+00 0.000000e+00 0.000000e+00 1.000000e+00 0.000000e+00
9.999951e-01 -1.126895e-03 2.939961e-03 1.832152e+00 1.112032e-03 9.999866e-01 5.052062e-03 -4.979667e-03 -2.945615e-03 -5.048768e-03 9.999829e-01 -5.494482e-02
9.999874e-01 -1.480132e-03 4.807463e-03 3.302684e+00 1.446352e-03 9.999744e-01 7.022446e-03 -9.067675e-03 -4.817734e-03 -7.015404e-03 9.999638e-01 -6.704842e-02
9.999383e-01 -8.828355e-03 6.739940e-03 4.907761e+00 8.776277e-03 9.999316e-01 7.717695e-03 -2.713268e-02 -6.807615e-03 -7.658067e-03 9.999475e-01 -8.098650e-02
9.999529e-01 -9.580601e-03 1.584630e-03 6.581406e+00 9.574035e-03 9.999458e-01 4.100280e-03 -2.584649e-02 -1.623827e-03 -4.084915e-03 9.999903e-01 -1.122537e-01
9.998208e-01 -9.955801e-03 1.609764e-02 8.587967e+00 9.895915e-03 9.999439e-01 3.795597e-03 -3.023077e-02 -1.613452e-02 -3.635616e-03 9.998632e-01 -1.638271e-01
9.999416e-01 -1.000165e-02 -4.078985e-03 1.048585e+01 9.996225e-03 9.999492e-01 -1.349382e-03 -3.100291e-02 4.092273e-03 1.308529e-03 9.999908e-01 -9.730452e-02
9.998791e-01 -1.024867e-02 1.169383e-02 1.230957e+01 1.023921e-02 9.999473e-01 8.690927e-04 -6.179044e-03 -1.170212e-02 -7.492521e-04 9.999313e-01 -3.584339e-01
9.999429e-01 -1.060815e-02 -1.297628e-03 1.418370e+01 1.060782e-02 9.999436e-01 -2.591343e-04 -2.731804e-02 1.300304e-03 2.453545e-04 9.999991e-01 -1.911094e-01
9.999387e-01 -1.069344e-02 2.892960e-03 1.601437e+01 1.068416e-02 9.999378e-01 3.203365e-03 -2.277258e-02 -2.927036e-03 -3.172260e-03 9.999907e-01 -2.698180e-01
9.999309e-01 -1.165914e-02 1.507501e-03 1.783321e+01 1.165823e-02 9.999318e-01 6.058219e-04 -1.933644e-02 -1.514462e-03 -5.882052e-04 9.999987e-01 -2.995992e-01
9.999129e-01 -1.171297e-02 6.076771e-03 1.968353e+01 1.168483e-02 9.999208e-01 4.645240e-03 -1.598879e-02 -6.130700e-03 -4.573830e-03 9.999707e-01 -2.514990e-01
9.999277e-01 -1.183361e-02 -2.123839e-03 2.153001e+01 1.184991e-02 9.998991e-01 7.833784e-03 -1.615823e-02 2.030923e-03 -7.858385e-03 9.999670e-01 -2.874897e-01
9.999323e-01 -1.108622e-02 3.517379e-03 2.333787e+01 1.105436e-02 9.998988e-01 8.950996e-03 -1.234063e-02 -3.616255e-03 -8.911508e-03 9.999537e-01 -4.563508e-01
9.999260e-01 -1.193331e-02 2.386911e-03 2.516908e+01 1.191763e-02 9.999081e-01 6.477479e-03 -9.562864e-03 -2.463989e-03 -6.448553e-03 9.999762e-01 -4.707626e-01
9.999252e-01 -1.219194e-02 9.916086e-04 2.702755e+01 1.219113e-02 9.999254e-01 8.192262e-04 -3.547793e-03 -1.001523e-03 -8.070761e-04 9.999992e-01 -3.830340e-01
9.999124e-01 -1.314996e-02 1.527672e-03 2.881914e+01 1.313640e-02 9.998771e-01 8.575012e-03 4.561629e-03 -1.640245e-03 -8.554193e-03 9.999621e-01 -5.671524e-01
9.999106e-01 -1.332388e-02 1.157221e-03 3.066873e+01 1.332341e-02 9.999113e-01 4.122806e-04 8.358737e-03 -1.162611e-03 -3.968256e-04 9.999992e-01 -4.669299e-01
9.999155e-01 -1.271329e-02 2.706476e-03 3.244337e+01 1.268569e-02 9.998696e-01 9.981976e-03 7.383556e-03 -2.833026e-03 -9.946800e-03 9.999465e-01 -6.124964e-01
9.999065e-01 -1.354124e-02 -1.902114e-03 3.428734e+01 1.353782e-02 9.999067e-01 -1.802561e-03 1.763744e-02 1.926346e-03 1.776642e-03 9.999965e-01 -5.175732e-01
9.999017e-01 -1.377809e-02 2.608414e-03 3.610765e+01 1.375504e-02 9.998679e-01 8.655116e-03 2.175811e-02 -2.727321e-03 -8.618386e-03 9.999592e-01 -6.715406e-01
9.998885e-01 -1.379778e-02 -5.709767e-03 3.790982e+01 1.379023e-02 9.999040e-01 -1.358822e-03 2.598700e-02 5.727968e-03 1.279932e-03 9.999828e-01 -5.941494e-01
9.998979e-01 -1.414018e-02 2.050410e-03 3.967386e+01 1.412907e-02 9.998858e-01 5.336781e-03 4.302806e-02 -2.125639e-03 -5.307266e-03 9.999837e-01 -7.625582e-01
9.998969e-01 -1.407723e-02 -2.831580e-03 4.150271e+01 1.408646e-02 9.998955e-01 3.266110e-03 4.620954e-02 2.785306e-03 -3.305660e-03 9.999906e-01 -6.082163e-01
9.998936e-01 -1.386786e-02 4.520413e-03 4.327716e+01 1.381123e-02 9.998287e-01 1.232756e-02 5.962201e-02 -4.690595e-03 -1.226382e-02 9.999138e-01 -8.187569e-01
9.999059e-01 -1.337020e-02 -3.049638e-03 4.508987e+01 1.338929e-02 9.998903e-01 6.326187e-03 4.436435e-02 2.964721e-03 -6.366425e-03 9.999753e-01 -7.109683e-01
9.999000e-01 -1.387444e-02 2.730407e-03 4.684499e+01 1.383376e-02 9.998007e-01 1.439247e-02 7.010050e-02 -2.929550e-03 -1.435326e-02 9.998927e-01 -9.262818e-01
9.998857e-01 -1.451260e-02 -4.239473e-03 4.860947e+01 1.452718e-02 9.998887e-01 3.427197e-03 8.834707e-02 4.189264e-03 -3.488393e-03 9.999852e-01 -7.971974e-01
9.999178e-01 -1.276992e-02 -1.134383e-03 5.041299e+01 1.278278e-02 9.998444e-01 1.215838e-02 7.873330e-02 9.789451e-04 -1.217188e-02 9.999254e-01 -8.978090e-01
9.999081e-01 -1.287231e-02 -4.238505e-03 5.217747e+01 1.289245e-02 9.999056e-01 4.759618e-03 9.668252e-02 4.176838e-03 -4.813825e-03 9.999797e-01 -9.326019e-01
9.999226e-01 -1.241325e-02 -8.573623e-04 5.395108e+01 1.241972e-02 9.998909e-01 8.011469e-03 9.374771e-02 7.578203e-04 -8.021497e-03 9.999675e-01 -9.597239e-01
9.999217e-01 -1.206164e-02 -3.325131e-03 5.572551e+01 1.209433e-02 9.998769e-01 9.991530e-03 1.065646e-01 3.204207e-03 -1.003096e-02 9.999446e-01 -1.002565e+00
9.999185e-01 -1.276081e-02 -3.772139e-04 5.742605e+01 1.276085e-02 9.999186e-01 8.982857e-05 1.191066e-01 3.760369e-04 -9.463482e-05 9.999999e-01 -1.073471e+00
9.999072e-01 -1.101232e-02 -8.016992e-03 5.925842e+01 1.106494e-02 9.999174e-01 6.549903e-03 1.073763e-01 7.944200e-03 -6.638003e-03 9.999464e-01 -1.011890e+00
9.999442e-01 -1.051490e-02 -1.051787e-03 6.100328e+01 1.052034e-02 9.999306e-01 5.303971e-03 1.093141e-01 9.959432e-04 -5.314740e-03 9.999854e-01 -1.171557e+00
9.999400e-01 -1.037336e-02 -3.510765e-03 6.276577e+01 1.037470e-02 9.999461e-01 3.622621e-04 1.128924e-01 3.506819e-03 -3.986635e-04 9.999938e-01 -1.088463e+00
9.999451e-01 -1.005348e-02 -2.961892e-03 6.453055e+01 1.005455e-02 9.999493e-01 3.454012e-04 1.164152e-01 2.958270e-03 -3.751627e-04 9.999955e-01 -1.124477e+00
9.999465e-01 -1.025055e-02 -1.397100e-03 6.629053e+01 1.025413e-02 9.999440e-01 2.584873e-03 1.246197e-01 1.370525e-03 -2.599061e-03 9.999957e-01 -1.169564e+00
9.999555e-01 -9.190000e-03 -2.125039e-03 6.805534e+01 9.206227e-03 9.999275e-01 7.757220e-03 1.174243e-01 2.053597e-03 -7.776439e-03 9.999676e-01 -1.166755e+00
9.999499e-01 -9.996564e-03 5.790846e-04 6.979972e+01 9.991909e-03 9.999216e-01 7.548151e-03 1.215475e-01 -6.544947e-04 -7.541987e-03 9.999713e-01 -1.186113e+00
9.999602e-01 -8.739262e-03 -1.797317e-03 7.160419e+01 8.763420e-03 9.998649e-01 1.390364e-02 1.007811e-01 1.675566e-03 -1.391884e-02 9.999017e-01 -1.220701e+00
9.999403e-01 -1.010667e-02 4.158976e-03 7.335652e+01 1.005317e-02 9.998690e-01 1.268958e-02 1.178723e-01 -4.286681e-03 -1.264702e-02 9.999108e-01 -1.295918e+00
9.999557e-01 -9.409301e-03 -3.834631e-05 7.519241e+01 9.408487e-03 9.997964e-01 1.784796e-02 1.115911e-01 -1.295983e-04 -1.784753e-02 9.998407e-01 -1.301354e+00
9.999442e-01 -9.285599e-03 5.029477e-03 7.697288e+01 9.224281e-03 9.998844e-01 1.208060e-02 1.106817e-01 -5.141072e-03 -1.203353e-02 9.999144e-01 -1.397256e+00
9.999617e-01 -8.755832e-03 2.117340e-04 7.882895e+01 8.750592e-03 9.997990e-01 1.802898e-02 1.010567e-01 -3.695502e-04 -1.802644e-02 9.998375e-01 -1.378832e+00
9.999571e-01 -9.023982e-03 2.065853e-03 8.060637e+01 8.976403e-03 9.997180e-01 2.198576e-02 9.438365e-02 -2.263670e-03 -2.196628e-02 9.997562e-01 -1.435443e+00
9.999439e-01 -1.057696e-02 -5.176058e-04 8.246974e+01 1.058396e-02 9.998127e-01 1.620579e-02 1.087312e-01 3.461008e-04 -1.621036e-02 9.998686e-01 -1.527052e+00
9.999345e-01 -1.085848e-02 3.624467e-03 8.428758e+01 1.080013e-02 9.998176e-01 1.574836e-02 1.031586e-01 -3.794810e-03 -1.570818e-02 9.998694e-01 -1.541254e+00
9.998989e-01 -1.364223e-02 -4.011508e-03 8.618305e+01 1.368905e-02 9.998356e-01 1.188400e-02 1.127955e-01 3.848725e-03 -1.193772e-02 9.999213e-01 -1.588963e+00
9.998589e-01 -1.443050e-02 8.598165e-03 8.804652e+01 1.429469e-02 9.997752e-01 1.565295e-02 1.154788e-01 -8.822112e-03 -1.552784e-02 9.998405e-01 -1.658473e+00
9.998789e-01 -1.550933e-02 1.265295e-03 8.992937e+01 1.549017e-02 9.997826e-01 1.396308e-02 1.294917e-01 -1.481578e-03 -1.394179e-02 9.999017e-01 -1.609351e+00
9.998520e-01 -1.661936e-02 4.450035e-03 9.178855e+01 1.655775e-02 9.997712e-01 1.353957e-02 1.445772e-01 -4.674036e-03 -1.346388e-02 9.998984e-01 -1.754629e+00
9.998508e-01 -1.721266e-02 1.454284e-03 9.369353e+01 1.719104e-02 9.997575e-01 1.376178e-02 1.591599e-01 -1.690808e-03 -1.373473e-02 9.999042e-01 -1.743688e+00
9.998316e-01 -1.821493e-02 2.236903e-03 9.560715e+01 1.818230e-02 9.997391e-01 1.383224e-02 1.744104e-01 -2.488273e-03 -1.378924e-02 9.999018e-01 -1.804014e+00
9.998316e-01 -1.823822e-02 2.047271e-03 9.751129e+01 1.819754e-02 9.996654e-01 1.838753e-02 1.961523e-01 -2.381942e-03 -1.834717e-02 9.998288e-01 -1.863251e+00
9.998301e-01 -1.831945e-02 -2.047181e-03 9.942635e+01 1.834629e-02 9.997340e-01 1.397015e-02 2.100561e-01 1.790712e-03 -1.400533e-02 9.999003e-01 -1.852140e+00
9.998410e-01 -1.781639e-02 -7.183428e-04 1.013498e+02 1.782638e-02 9.996816e-01 1.784940e-02 2.320341e-01 4.001023e-04 -1.785937e-02 9.998404e-01 -1.999940e+00
9.998335e-01 -1.819350e-02 -1.423985e-03 1.033206e+02 1.821146e-02 9.997386e-01 1.382531e-02 2.468976e-01 1.172082e-03 -1.384894e-02 9.999034e-01 -1.954353e+00
9.998393e-01 -1.788585e-02 -1.231916e-03 1.052429e+02 1.790511e-02 9.996783e-01 1.797087e-02 2.686684e-01 9.100955e-04 -1.799004e-02 9.998378e-01 -2.033288e+00
9.998453e-01 -1.714311e-02 -3.933985e-03 1.072048e+02 1.720036e-02 9.997393e-01 1.501266e-02 2.836538e-01 3.675596e-03 -1.507800e-02 9.998795e-01 -2.082592e+00
9.998715e-01 -1.514453e-02 -5.259659e-03 1.091671e+02 1.520744e-02 9.998107e-01 1.213535e-02 2.976354e-01 5.074879e-03 -1.221377e-02 9.999126e-01 -2.131142e+00
9.998752e-01 -1.543951e-02 -3.352519e-03 1.111175e+02 1.547153e-02 9.998327e-01 9.743619e-03 3.119854e-01 3.201522e-03 -9.794272e-03 9.999469e-01 -2.187787e+00
9.999050e-01 -1.378556e-02 -5.170159e-05 1.131017e+02 1.378542e-02 9.998584e-01 9.658419e-03 3.115571e-01 -8.145246e-05 -9.658214e-03 9.999533e-01 -2.195571e+00
9.999158e-01 -1.268355e-02 -2.738196e-03 1.150511e+02 1.271053e-02 9.998684e-01 1.007163e-02 3.163851e-01 2.610093e-03 -1.010558e-02 9.999455e-01 -2.262078e+00
9.999066e-01 -1.280192e-02 4.790531e-03 1.170291e+02 1.275665e-02 9.998747e-01 9.363392e-03 3.358311e-01 -4.909801e-03 -9.301407e-03 9.999447e-01 -2.294422e+00
9.999086e-01 -1.304695e-02 -3.552239e-03 1.190119e+02 1.308620e-02 9.998511e-01 1.126065e-02 3.373857e-01 3.404792e-03 -1.130610e-02 9.999303e-01 -2.302763e+00
9.999021e-01 -1.398823e-02 -3.510416e-04 1.209845e+02 1.399117e-02 9.998460e-01 1.058735e-02 3.444822e-01 2.028892e-04 -1.059123e-02 9.999439e-01 -2.405202e+00
9.998736e-01 -1.532407e-02 -4.237300e-03 1.229639e+02 1.537982e-02 9.997911e-01 1.345491e-02 3.597563e-01 4.030231e-03 -1.351838e-02 9.999005e-01 -2.438691e+00
9.998605e-01 -1.663939e-02 -1.490457e-03 1.249570e+02 1.665837e-02 9.997661e-01 1.378427e-02 3.692711e-01 1.260747e-03 -1.380718e-02 9.999039e-01 -2.489871e+00
9.998429e-01 -1.771593e-02 5.473268e-04 1.269351e+02 1.770821e-02 9.997730e-01 1.184248e-02 3.786163e-01 -7.570031e-04 -1.183093e-02 9.999297e-01 -2.532837e+00
9.998068e-01 -1.950773e-02 2.415754e-03 1.289189e+02 1.946963e-02 9.996994e-01 1.490234e-02 3.940258e-01 -2.705739e-03 -1.485242e-02 9.998860e-01 -2.540060e+00
9.997836e-01 -2.057436e-02 3.075149e-03 1.308913e+02 2.052049e-02 9.996512e-01 1.662878e-02 4.286068e-01 -3.416202e-03 -1.656208e-02 9.998570e-01 -2.640702e+00
9.997787e-01 -2.095788e-02 1.826068e-03 1.328867e+02 2.093086e-02 9.996865e-01 1.373849e-02 4.463605e-01 -2.113425e-03 -1.369723e-02 9.999040e-01 -2.685860e+00
9.997680e-01 -2.145131e-02 -1.952274e-03 1.348831e+02 2.146998e-02 9.997184e-01 1.010439e-02 4.767964e-01 1.734972e-03 -1.014396e-02 9.999471e-01 -2.766356e+00
9.997900e-01 -2.045772e-02 -1.205542e-03 1.368593e+02 2.045313e-02 9.997840e-01 -3.700349e-03 5.086601e-01 1.280982e-03 3.674915e-03 9.999924e-01 -2.788464e+00
9.997858e-01 -1.978505e-02 -6.078694e-03 1.388601e+02 1.974213e-02 9.997803e-01 -7.042033e-03 5.346864e-01 6.216685e-03 6.920518e-03 9.999567e-01 -2.785985e+00
9.998214e-01 -1.836539e-02 4.473044e-03 1.408766e+02 1.836449e-02 9.998314e-01 2.420729e-04 5.530723e-01 -4.476735e-03 -1.598844e-04 9.999900e-01 -2.754192e+00
9.998420e-01 -1.773311e-02 -1.217879e-03 1.429018e+02 1.774290e-02 9.998058e-01 8.563343e-03 5.691679e-01 1.065788e-03 -8.583600e-03 9.999626e-01 -2.808958e+00
9.998093e-01 -1.762305e-02 8.417435e-03 1.449120e+02 1.746612e-02 9.996787e-01 1.836623e-02 5.801886e-01 -8.738400e-03 -1.821570e-02 9.997959e-01 -2.804076e+00
9.998180e-01 -1.889308e-02 2.669804e-03 1.469167e+02 1.886014e-02 9.997516e-01 1.186613e-02 5.955622e-01 -2.893328e-03 -1.181361e-02 9.999260e-01 -2.891587e+00
9.997895e-01 -1.749707e-02 1.071774e-02 1.489163e+02 1.737990e-02 9.997892e-01 1.092968e-02 6.119084e-01 -1.090672e-02 -1.074111e-02 9.998828e-01 -3.023244e+00
9.998137e-01 -1.824162e-02 6.307320e-03 1.509472e+02 1.816943e-02 9.997709e-01 1.131894e-02 6.327422e-01 -6.512351e-03 -1.120223e-02 9.999160e-01 -3.006046e+00
9.998476e-01 -1.679415e-02 4.772455e-03 1.529681e+02 1.672121e-02 9.997488e-01 1.493310e-02 6.546523e-01 -5.022043e-03 -1.485102e-02 9.998771e-01 -3.093762e+00
9.998584e-01 -1.677049e-02 1.366732e-03 1.550014e+02 1.674712e-02 9.997376e-01 1.561777e-02 6.688854e-01 -1.628291e-03 -1.559267e-02 9.998771e-01 -3.111656e+00
9.998637e-01 -1.649080e-02 8.010464e-04 1.570453e+02 1.647671e-02 9.997487e-01 1.520808e-02 6.866007e-01 -1.051638e-03 -1.519280e-02 9.998840e-01 -3.155368e+00
9.998446e-01 -1.759313e-02 1.133687e-03 1.590657e+02 1.757999e-02 9.997880e-01 1.071220e-02 7.061518e-01 -1.321908e-03 -1.069060e-02 9.999420e-01 -3.203136e+00
9.998091e-01 -1.876443e-02 5.433363e-03 1.610962e+02 1.870643e-02 9.997694e-01 1.053552e-02 7.312807e-01 -5.629804e-03 -1.043187e-02 9.999297e-01 -3.247772e+00
9.998113e-01 -1.877958e-02 4.967106e-03 1.631326e+02 1.871886e-02 9.997528e-01 1.200016e-02 7.501340e-01 -5.191236e-03 -1.190492e-02 9.999157e-01 -3.299794e+00
9.998164e-01 -1.760161e-02 7.569643e-03 1.651781e+02 1.748810e-02 9.997374e-01 1.480849e-02 7.662616e-01 -7.828308e-03 -1.467339e-02 9.998617e-01 -3.341244e+00
9.998170e-01 -1.818962e-02 5.927915e-03 1.672035e+02 1.809718e-02 9.997191e-01 1.529071e-02 7.805217e-01 -6.204383e-03 -1.518063e-02 9.998655e-01 -3.396746e+00
9.998341e-01 -1.800734e-02 2.746992e-03 1.692392e+02 1.796821e-02 9.997452e-01 1.365881e-02 8.023199e-01 -2.992251e-03 -1.360718e-02 9.999030e-01 -3.450097e+00
9.998522e-01 -1.719092e-02 2.192020e-04 1.712903e+02 1.718589e-02 9.997458e-01 1.459194e-02 8.187096e-01 -4.699951e-04 -1.458602e-02 9.998935e-01 -3.509233e+00
9.998579e-01 -1.672030e-02 -2.145961e-03 1.733309e+02 1.675183e-02 9.997374e-01 1.563080e-02 8.432092e-01 1.884046e-03 -1.566453e-02 9.998755e-01 -3.534329e+00
9.998625e-01 -1.645299e-02 -2.067975e-03 1.754054e+02 1.648678e-02 9.997101e-01 1.755131e-02 8.638022e-01 1.778604e-03 -1.758299e-02 9.998438e-01 -3.589770e+00
9.998521e-01 -1.719809e-02 2.850416e-05 1.774476e+02 1.719542e-02 9.997234e-01 1.604227e-02 8.783020e-01 -3.043927e-04 -1.603941e-02 9.998713e-01 -3.656241e+00
9.998640e-01 -1.647830e-02 6.554142e-04 1.794992e+02 1.646589e-02 9.997395e-01 1.580231e-02 8.928562e-01 -9.156388e-04 -1.578937e-02 9.998749e-01 -3.720370e+00
9.998715e-01 -1.603050e-02 -1.711055e-04 1.815631e+02 1.603109e-02 9.997270e-01 1.699634e-02 9.002787e-01 -1.014010e-04 -1.699689e-02 9.998555e-01 -3.774911e+00
9.998734e-01 -1.579403e-02 -1.931569e-03 1.836190e+02 1.582451e-02 9.997313e-01 1.693928e-02 9.218358e-01 1.663510e-03 -1.696770e-02 9.998547e-01 -3.823424e+00
9.998794e-01 -1.550073e-02 -9.451953e-04 1.856842e+02 1.551465e-02 9.997331e-01 1.711622e-02 9.303997e-01 6.796290e-04 -1.712882e-02 9.998531e-01 -3.859327e+00
9.998706e-01 -1.594231e-02 -2.163330e-03 1.877607e+02 1.597418e-02 9.997505e-01 1.561675e-02 9.475747e-01 1.913823e-03 -1.564929e-02 9.998757e-01 -3.932786e+00
9.998849e-01 -1.466972e-02 3.864662e-03 1.898270e+02 1.460378e-02 9.997560e-01 1.657056e-02 9.523171e-01 -4.106805e-03 -1.651221e-02 9.998552e-01 -4.001030e+00
9.998896e-01 -1.451303e-02 3.184317e-03 1.919012e+02 1.445618e-02 9.997475e-01 1.720187e-02 9.578720e-01 -3.433164e-03 -1.715394e-02 9.998470e-01 -4.047460e+00
9.998527e-01 -1.496419e-02 8.405270e-03 1.939662e+02 1.479915e-02 9.997030e-01 1.936612e-02 9.681693e-01 -8.692572e-03 -1.923888e-02 9.997771e-01 -4.103954e+00
9.998736e-01 -1.448301e-02 6.558967e-03 1.960288e+02 1.434090e-02 9.996721e-01 2.121933e-02 9.639394e-01 -6.864135e-03 -2.112258e-02 9.997534e-01 -4.172474e+00
9.998813e-01 -1.468805e-02 4.649356e-03 1.981095e+02 1.459304e-02 9.996965e-01 1.984781e-02 9.931967e-01 -4.939470e-03 -1.977761e-02 9.997922e-01 -4.236056e+00
9.998969e-01 -1.421710e-02 1.982696e-03 2.002041e+02 1.417286e-02 9.996835e-01 2.077996e-02 1.006267e+00 -2.277499e-03 -2.074971e-02 9.997821e-01 -4.316200e+00
9.998938e-01 -1.455021e-02 7.962813e-04 2.022708e+02 1.452975e-02 9.996636e-01 2.148153e-02 1.005346e+00 -1.108574e-03 -2.146768e-02 9.997689e-01 -4.359820e+00
9.999065e-01 -1.366574e-02 -3.275349e-04 2.043628e+02 1.366966e-02 9.996090e-01 2.438754e-02 1.014444e+00 -5.867027e-06 -2.438974e-02 9.997025e-01 -4.444388e+00
9.999112e-01 -1.325521e-02 -1.362780e-03 2.064583e+02 1.327906e-02 9.997253e-01 1.930809e-02 1.015082e+00 1.106473e-03 -1.932447e-02 9.998127e-01 -4.489378e+00
9.999133e-01 -1.296617e-02 -2.303496e-03 2.085563e+02 1.300437e-02 9.997635e-01 1.742621e-02 1.037678e+00 2.077000e-03 -1.745466e-02 9.998455e-01 -4.567218e+00
9.999355e-01 -1.084980e-02 -3.352279e-03 2.106780e+02 1.090210e-02 9.998127e-01 1.599771e-02 1.032720e+00 3.178079e-03 -1.603322e-02 9.998664e-01 -4.618708e+00
9.999152e-01 -9.815805e-03 -8.557042e-03 2.127681e+02 9.977926e-03 9.997675e-01 1.911375e-02 1.047414e+00 8.367436e-03 -1.919751e-02 9.997807e-01 -4.677630e+00
9.999107e-01 -8.936927e-03 -9.940637e-03 2.148833e+02 9.120544e-03 9.997859e-01 1.858214e-02 1.058211e+00 9.772440e-03 -1.867115e-02 9.997779e-01 -4.720105e+00
9.999236e-01 -7.757976e-03 -9.626551e-03 2.169874e+02 7.927790e-03 9.998113e-01 1.772925e-02 1.061317e+00 9.487191e-03 -1.780422e-02 9.997965e-01 -4.787729e+00
9.999288e-01 -7.981550e-03 -8.869181e-03 2.191030e+02 8.132827e-03 9.998199e-01 1.715331e-02 1.062190e+00 8.730673e-03 -1.722422e-02 9.998136e-01 -4.849278e+00
9.999419e-01 -7.681740e-03 -7.564361e-03 2.212252e+02 7.822603e-03 9.997932e-01 1.877189e-02 1.044004e+00 7.418596e-03 -1.882997e-02 9.997952e-01 -4.905205e+00
9.999421e-01 -6.496289e-03 -8.575819e-03 2.233363e+02 6.669241e-03 9.997718e-01 2.029532e-02 1.040975e+00 8.442017e-03 -2.035134e-02 9.997572e-01 -4.959564e+00
9.999222e-01 -5.686472e-03 -1.110555e-02 2.254623e+02 5.920611e-03 9.997585e-01 2.116528e-02 1.033524e+00 1.098251e-02 -2.122939e-02 9.997143e-01 -5.035848e+00
9.998904e-01 -4.529132e-03 -1.409151e-02 2.275962e+02 4.811804e-03 9.997865e-01 2.009095e-02 1.034634e+00 1.399750e-02 -2.015655e-02 9.996988e-01 -5.099520e+00
9.998832e-01 -2.285002e-03 -1.511022e-02 2.297482e+02 2.534125e-03 9.998609e-01 1.648853e-02 1.015710e+00 1.507045e-02 -1.652490e-02 9.997499e-01 -5.143312e+00
9.998971e-01 -1.215276e-03 -1.429691e-02 2.318723e+02 1.465153e-03 9.998462e-01 1.748022e-02 1.003268e+00 1.427346e-02 -1.749936e-02 9.997450e-01 -5.218983e+00
9.999287e-01 -5.349086e-04 -1.193109e-02 2.340473e+02 7.722581e-04 9.998016e-01 1.989764e-02 9.928750e-01 1.191808e-02 -1.990544e-02 9.997308e-01 -5.262102e+00
9.999391e-01 8.460105e-04 -1.100339e-02 2.361830e+02 -6.237306e-04 9.997960e-01 2.018880e-02 9.695580e-01 1.101823e-02 -2.018071e-02 9.997357e-01 -5.337831e+00
9.999650e-01 2.018496e-03 -8.119398e-03 2.383338e+02 -1.873197e-03 9.998388e-01 1.786326e-02 9.415395e-01 8.154145e-03 -1.784743e-02 9.998075e-01 -5.387511e+00
9.999563e-01 2.723732e-03 -8.939197e-03 2.404858e+02 -2.553173e-03 9.998156e-01 1.903610e-02 9.106581e-01 8.989397e-03 -1.901244e-02 9.997788e-01 -5.459920e+00
9.999447e-01 4.830978e-03 -9.340659e-03 2.426281e+02 -4.645643e-03 9.997940e-01 1.976269e-02 8.934128e-01 9.434206e-03 -1.971821e-02 9.997610e-01 -5.514300e+00
9.998994e-01 6.765510e-03 -1.246647e-02 2.447902e+02 -6.508899e-03 9.997684e-01 2.051100e-02 8.543767e-01 1.260235e-02 -2.042779e-02 9.997119e-01 -5.583468e+00
9.998571e-01 8.814341e-03 -1.442713e-02 2.469485e+02 -8.521968e-03 9.997597e-01 2.020308e-02 8.255877e-01 1.460174e-02 -2.007724e-02 9.996918e-01 -5.668727e+00
9.997972e-01 1.011525e-02 -1.741667e-02 2.491101e+02 -9.837490e-03 9.998243e-01 1.596043e-02 7.894759e-01 1.757505e-02 -1.578585e-02 9.997209e-01 -5.700232e+00
9.996188e-01 1.244600e-02 -2.464217e-02 2.513012e+02 -1.198866e-02 9.997548e-01 1.862094e-02 7.566980e-01 2.486788e-02 -1.831842e-02 9.995229e-01 -5.768066e+00
9.996585e-01 1.386677e-02 -2.214910e-02 2.534608e+02 -1.347383e-02 9.997510e-01 1.779256e-02 7.167224e-01 2.239031e-02 -1.748805e-02 9.995964e-01 -5.803897e+00
9.997431e-01 1.610675e-02 -1.594813e-02 2.556465e+02 -1.580514e-02 9.996971e-01 1.886044e-02 6.567628e-01 1.624708e-02 -1.860354e-02 9.996949e-01 -5.865261e+00
9.998360e-01 1.647057e-02 -7.527906e-03 2.578390e+02 -1.634118e-02 9.997231e-01 1.693809e-02 5.879158e-01 7.804801e-03 -1.681230e-02 9.998282e-01 -5.910941e+00
9.998204e-01 1.825500e-02 -5.090286e-03 2.600378e+02 -1.815008e-02 9.996363e-01 1.994806e-02 5.216176e-01 5.452587e-03 -1.985209e-02 9.997880e-01 -6.001883e+00
9.998017e-01 1.959051e-02 -3.571371e-03 2.622203e+02 -1.951022e-02 9.995832e-01 2.128023e-02 4.499540e-01 3.986773e-03 -2.120633e-02 9.997672e-01 -6.043609e+00
9.997550e-01 2.180749e-02 -3.797252e-03 2.644105e+02 -2.171364e-02 9.994947e-01 2.321476e-02 3.871242e-01 4.301589e-03 -2.312662e-02 9.997233e-01 -6.135037e+00
9.996939e-01 2.451816e-02 -3.315730e-03 2.666335e+02 -2.445851e-02 9.995568e-01 1.697301e-02 3.154378e-01 3.730407e-03 -1.688672e-02 9.998505e-01 -6.162836e+00
9.995910e-01 2.778534e-02 -6.768921e-03 2.688268e+02 -2.764977e-02 9.994302e-01 1.935993e-02 2.445594e-01 7.302986e-03 -1.916485e-02 9.997897e-01 -6.287466e+00
9.994582e-01 3.165614e-02 -9.010669e-03 2.710132e+02 -3.145309e-02 9.992664e-01 2.184879e-02 1.572129e-01 9.695707e-03 -2.155354e-02 9.997207e-01 -6.327525e+00
9.993572e-01 3.432814e-02 -1.032976e-02 2.732354e+02 -3.408064e-02 9.991486e-01 2.325088e-02 6.992068e-02 1.111913e-02 -2.288389e-02 9.996763e-01 -6.384485e+00
9.992788e-01 3.641427e-02 -1.076687e-02 2.754563e+02 -3.620526e-02 9.991635e-01 1.900873e-02 -3.402191e-02 1.145005e-02 -1.860520e-02 9.997613e-01 -6.463866e+00
9.992003e-01 3.810817e-02 -1.210458e-02 2.776783e+02 -3.788212e-02 9.991130e-01 1.838560e-02 -1.286837e-01 1.279448e-02 -1.791235e-02 9.997577e-01 -6.519912e+00
9.991066e-01 4.011064e-02 -1.330440e-02 2.798855e+02 -3.981940e-02 9.989760e-01 2.147714e-02 -2.339759e-01 1.415224e-02 -2.092819e-02 9.996808e-01 -6.583796e+00
9.990613e-01 4.197532e-02 -1.070103e-02 2.821037e+02 -4.171326e-02 9.988501e-01 2.363681e-02 -3.480355e-01 1.168089e-02 -2.316825e-02 9.996634e-01 -6.642565e+00
9.989718e-01 4.437192e-02 -9.295123e-03 2.843188e+02 -4.413828e-02 9.987375e-01 2.399110e-02 -4.671373e-01 1.034792e-02 -2.355617e-02 9.996690e-01 -6.724662e+00
9.989053e-01 4.608493e-02 -8.026195e-03 2.865621e+02 -4.589787e-02 9.987015e-01 2.210992e-02 -5.967281e-01 9.034705e-03 -2.171733e-02 9.997233e-01 -6.790627e+00
9.987964e-01 4.816502e-02 -9.263969e-03 2.887905e+02 -4.794858e-02 9.986006e-01 2.231627e-02 -7.252972e-01 1.032587e-02 -2.184521e-02 9.997081e-01 -6.882020e+00
9.986774e-01 5.052239e-02 -9.541925e-03 2.910198e+02 -5.030450e-02 9.984951e-01 2.184023e-02 -8.604129e-01 1.063099e-02 -2.133134e-02 9.997159e-01 -6.938964e+00
9.985181e-01 5.314987e-02 -1.169151e-02 2.932638e+02 -5.285350e-02 9.983054e-01 2.434523e-02 -9.833575e-01 1.296564e-02 -2.369121e-02 9.996352e-01 -7.020225e+00
9.983895e-01 5.497615e-02 -1.400010e-02 2.955102e+02 -5.460764e-02 9.981830e-01 2.546903e-02 -1.129663e+00 1.537485e-02 -2.466350e-02 9.995776e-01 -7.100990e+00
9.982399e-01 5.760004e-02 -1.412159e-02 2.977620e+02 -5.724421e-02 9.980613e-01 2.442489e-02 -1.293381e+00 1.550108e-02 -2.357352e-02 9.996019e-01 -7.174126e+00
9.981728e-01 5.897141e-02 -1.317026e-02 3.000110e+02 -5.866256e-02 9.980195e-01 2.272035e-02 -1.436219e+00 1.448402e-02 -2.190623e-02 9.996551e-01 -7.247043e+00
9.980742e-01 6.080486e-02 -1.227217e-02 3.022620e+02 -6.050438e-02 9.978907e-01 2.352754e-02 -1.593514e+00 1.367688e-02 -2.273971e-02 9.996479e-01 -7.323058e+00
9.979726e-01 6.243230e-02 -1.236396e-02 3.045163e+02 -6.209975e-02 9.977398e-01 2.566630e-02 -1.760953e+00 1.393842e-02 -2.484647e-02 9.995941e-01 -7.410174e+00
9.978629e-01 6.399283e-02 -1.320725e-02 3.067958e+02 -6.363848e-02 9.976419e-01 2.570205e-02 -1.932017e+00 1.482085e-02 -2.480664e-02 9.995824e-01 -7.439102e+00
9.977888e-01 6.516259e-02 -1.308834e-02 3.090538e+02 -6.482586e-02 9.975913e-01 2.468738e-02 -2.085465e+00 1.466550e-02 -2.378433e-02 9.996095e-01 -7.539755e+00
9.976953e-01 6.694195e-02 -1.108132e-02 3.113116e+02 -6.667106e-02 9.975045e-01 2.323633e-02 -2.287143e+00 1.260915e-02 -2.244398e-02 9.996686e-01 -7.671406e+00
9.976346e-01 6.822262e-02 -8.422269e-03 3.136145e+02 -6.801441e-02 9.974208e-01 2.293123e-02 -2.452101e+00 9.964976e-03 -2.230415e-02 9.997016e-01 -7.680427e+00
9.975607e-01 6.898889e-02 -1.063522e-02 3.158775e+02 -6.874540e-02 9.973965e-01 2.177355e-02 -2.635765e+00 1.210966e-02 -2.098932e-02 9.997064e-01 -7.794896e+00
9.974937e-01 7.051947e-02 -5.775062e-03 3.181591e+02 -7.037693e-02 9.972782e-01 2.198803e-02 -2.812828e+00 7.309928e-03 -2.152649e-02 9.997416e-01 -7.861272e+00
9.972601e-01 7.304343e-02 -1.170359e-02 3.204440e+02 -7.273992e-02 9.970490e-01 2.454354e-02 -3.003847e+00 1.346179e-02 -2.362497e-02 9.996303e-01 -7.927441e+00
9.969541e-01 7.724308e-02 -1.076701e-02 3.227205e+02 -7.695115e-02 9.967136e-01 2.530500e-02 -3.204706e+00 1.268626e-02 -2.439939e-02 9.996218e-01 -8.035750e+00
9.966850e-01 8.044802e-02 -1.212740e-02 3.250132e+02 -8.008232e-02 9.963918e-01 2.810987e-02 -3.401741e+00 1.434503e-02 -2.704549e-02 9.995313e-01 -8.095317e+00
9.964777e-01 8.280780e-02 -1.323123e-02 3.273108e+02 -8.240419e-02 9.961889e-01 2.858957e-02 -3.602906e+00 1.554825e-02 -2.739856e-02 9.995037e-01 -8.198820e+00
9.963007e-01 8.500871e-02 -1.258544e-02 3.296212e+02 -8.464596e-02 9.960455e-01 2.699185e-02 -3.823400e+00 1.483021e-02 -2.582669e-02 9.995564e-01 -8.255273e+00
9.960308e-01 8.801340e-02 -1.327746e-02 3.319064e+02 -8.761956e-02 9.957662e-01 2.779109e-02 -4.051778e+00 1.566724e-02 -2.651742e-02 9.995255e-01 -8.369897e+00
9.957660e-01 9.154645e-02 -8.323148e-03 3.341999e+02 -9.128785e-02 9.954467e-01 2.742606e-02 -4.283750e+00 1.079601e-02 -2.655014e-02 9.995892e-01 -8.511240e+00
9.955471e-01 9.412980e-02 -5.065436e-03 3.365217e+02 -9.396167e-02 9.952137e-01 2.685027e-02 -4.520694e+00 7.568602e-03 -2.625475e-02 9.996266e-01 -8.510750e+00
9.951660e-01 9.761714e-02 -1.074706e-02 3.388089e+02 -9.729768e-02 9.948876e-01 2.705327e-02 -4.763396e+00 1.333298e-02 -2.587683e-02 9.995762e-01 -8.619764e+00
9.950181e-01 9.957475e-02 -4.876153e-03 3.411300e+02 -9.941224e-02 9.946929e-01 2.651892e-02 -5.014324e+00 7.490888e-03 -2.590205e-02 9.996364e-01 -8.732862e+00
9.946968e-01 1.025023e-01 -8.457079e-03 3.434454e+02 -1.022486e-01 9.944096e-01 2.635820e-02 -5.273162e+00 1.111158e-02 -2.535370e-02 9.996168e-01 -8.786907e+00
9.945837e-01 1.038520e-01 -4.259442e-03 3.457476e+02 -1.036931e-01 9.942133e-01 2.805841e-02 -5.535992e+00 7.148716e-03 -2.746476e-02 9.995972e-01 -8.896948e+00
9.942975e-01 1.063824e-01 -7.431583e-03 3.480630e+02 -1.061016e-01 9.938618e-01 3.132764e-02 -5.812550e+00 1.071868e-02 -3.036049e-02 9.994816e-01 -8.956320e+00
9.940727e-01 1.084985e-01 -6.890288e-03 3.503875e+02 -1.082294e-01 9.936203e-01 3.169805e-02 -6.083260e+00 1.028552e-02 -3.076443e-02 9.994738e-01 -9.087073e+00
9.939861e-01 1.093812e-01 -5.227317e-03 3.527038e+02 -1.091649e-01 9.935250e-01 3.147522e-02 -6.359760e+00 8.636268e-03 -3.071530e-02 9.994909e-01 -9.156642e+00
9.937611e-01 1.110026e-01 -1.083429e-02 3.550470e+02 -1.106506e-01 9.934371e-01 2.896779e-02 -6.633285e+00 1.397868e-02 -2.758824e-02 9.995216e-01 -9.278118e+00
9.938026e-01 1.110650e-01 -4.576975e-03 3.573677e+02 -1.108965e-01 9.934421e-01 2.783158e-02 -6.918835e+00 7.638074e-03 -2.715153e-02 9.996021e-01 -9.371758e+00
9.936267e-01 1.125714e-01 -5.802316e-03 3.596735e+02 -1.123310e-01 9.931548e-01 3.202554e-02 -7.212964e+00 9.367757e-03 -3.116965e-02 9.994702e-01 -9.429321e+00
9.932944e-01 1.153550e-01 -7.715237e-03 3.620197e+02 -1.150678e-01 9.928805e-01 3.078864e-02 -7.507227e+00 1.121193e-02 -2.969441e-02 9.994962e-01 -9.542720e+00
9.932017e-01 1.162945e-01 -5.083114e-03 3.643756e+02 -1.160925e-01 9.927862e-01 2.996921e-02 -7.808903e+00 8.531701e-03 -2.917536e-02 9.995379e-01 -9.631347e+00
9.928613e-01 1.190606e-01 -7.149184e-03 3.666610e+02 -1.188137e-01 9.925095e-01 2.842959e-02 -8.098107e+00 1.048048e-02 -2.737722e-02 9.995703e-01 -9.727050e+00
9.925997e-01 1.214100e-01 -2.308140e-03 3.690428e+02 -1.212894e-01 9.921759e-01 2.959263e-02 -8.406123e+00 5.882923e-03 -2.909368e-02 9.995594e-01 -9.827831e+00
9.923382e-01 1.234612e-01 -4.723499e-03 3.713955e+02 -1.232694e-01 9.919306e-01 2.964196e-02 -8.719612e+00 8.345014e-03 -2.883258e-02 9.995494e-01 -9.901454e+00
9.920558e-01 1.257897e-01 -1.455890e-03 3.737549e+02 -1.256914e-01 9.916241e-01 2.971689e-02 -9.050388e+00 5.181774e-03 -2.929782e-02 9.995573e-01 -1.000346e+01
9.917517e-01 1.281573e-01 -2.070142e-03 3.760558e+02 -1.280414e-01 9.913307e-01 2.947457e-02 -9.373509e+00 5.829579e-03 -2.896640e-02 9.995634e-01 -1.008372e+01
9.915003e-01 1.301042e-01 1.876386e-04 3.784090e+02 -1.300524e-01 9.910632e-01 2.966262e-02 -9.705630e+00 3.673269e-03 -2.943490e-02 9.995599e-01 -1.017738e+01
9.911749e-01 1.325537e-01 -1.351317e-03 3.807805e+02 -1.324503e-01 9.907147e-01 3.068455e-02 -1.003919e+01 5.406120e-03 -3.023477e-02 9.995282e-01 -1.026610e+01
9.907256e-01 1.358585e-01 -2.296770e-03 3.831216e+02 -1.357197e-01 9.902464e-01 3.149787e-02 -1.039006e+01 6.553621e-03 -3.089403e-02 9.995012e-01 -1.037435e+01
9.904253e-01 1.380208e-01 -2.830029e-03 3.854828e+02 -1.378586e-01 9.899242e-01 3.233016e-02 -1.073088e+01 7.263747e-03 -3.163046e-02 9.994732e-01 -1.047507e+01
9.900661e-01 1.405504e-01 -3.847823e-03 3.878634e+02 -1.403458e-01 9.895391e-01 3.339401e-02 -1.109017e+01 8.501112e-03 -3.252225e-02 9.994348e-01 -1.058216e+01
9.896652e-01 1.433517e-01 -3.633770e-03 3.902108e+02 -1.431502e-01 9.891274e-01 3.368733e-02 -1.145191e+01 8.423400e-03 -3.281900e-02 9.994258e-01 -1.067856e+01
9.892787e-01 1.459088e-01 -6.187508e-03 3.925995e+02 -1.456366e-01 9.888073e-01 3.240630e-02 -1.182887e+01 1.084662e-02 -3.115774e-02 9.994556e-01 -1.078159e+01
9.889644e-01 1.480796e-01 -4.681371e-03 3.949686e+02 -1.478457e-01 9.884524e-01 3.321564e-02 -1.219165e+01 9.545871e-03 -3.215696e-02 9.994373e-01 -1.090253e+01
9.885046e-01 1.508266e-01 -1.048058e-02 3.973376e+02 -1.504122e-01 9.880755e-01 3.291116e-02 -1.257683e+01 1.531948e-02 -3.095643e-02 9.994034e-01 -1.097938e+01
9.881353e-01 1.531495e-01 -1.156974e-02 3.997255e+02 -1.527037e-01 9.877304e-01 3.271718e-02 -1.295683e+01 1.643840e-02 -3.056226e-02 9.993977e-01 -1.108868e+01
9.877598e-01 1.553723e-01 -1.378751e-02 4.020967e+02 -1.548429e-01 9.873697e-01 3.353478e-02 -1.335542e+01 1.882375e-02 -3.098940e-02 9.993424e-01 -1.118549e+01
9.876257e-01 1.563382e-01 -1.240391e-02 4.044723e+02 -1.557898e-01 9.870969e-01 3.700195e-02 -1.375202e+01 1.802868e-02 -3.461166e-02 9.992382e-01 -1.129208e+01
9.872087e-01 1.587650e-01 -1.457920e-02 4.068700e+02 -1.581390e-01 9.867206e-01 3.707623e-02 -1.415675e+01 2.027200e-02 -3.429644e-02 9.992061e-01 -1.139733e+01
9.869202e-01 1.603320e-01 -1.679951e-02 4.092619e+02 -1.597278e-01 9.866214e-01 3.264250e-02 -1.456558e+01 2.180839e-02 -2.953220e-02 9.993259e-01 -1.153381e+01
9.867046e-01 1.620173e-01 -1.282488e-02 4.116532e+02 -1.615278e-01 9.863220e-01 3.282738e-02 -1.497512e+01 1.796807e-02 -3.031935e-02 9.993787e-01 -1.164306e+01
9.862012e-01 1.648176e-01 -1.556418e-02 4.140511e+02 -1.641520e-01 9.857328e-01 3.721661e-02 -1.538910e+01 2.147608e-02 -3.414818e-02 9.991860e-01 -1.173443e+01
9.855716e-01 1.682365e-01 -1.857873e-02 4.164587e+02 -1.674633e-01 9.851696e-01 3.737473e-02 -1.581994e+01 2.459099e-02 -3.372421e-02 9.991286e-01 -1.186537e+01
9.851046e-01 1.709737e-01 -1.835736e-02 4.188401e+02 -1.702382e-01 9.847417e-01 3.608882e-02 -1.625742e+01 2.424750e-02 -3.242613e-02 9.991800e-01 -1.195573e+01
9.845366e-01 1.740916e-01 -1.948655e-02 4.212521e+02 -1.733428e-01 9.842348e-01 3.513184e-02 -1.669671e+01 2.529549e-02 -3.121073e-02 9.991927e-01 -1.206205e+01
9.841360e-01 1.766490e-01 -1.647542e-02 4.236436e+02 -1.760164e-01 9.837954e-01 3.413444e-02 -1.714380e+01 2.223826e-02 -3.069299e-02 9.992815e-01 -1.220122e+01
9.836150e-01 1.796710e-01 -1.482949e-02 4.260601e+02 -1.790937e-01 9.832491e-01 3.386144e-02 -1.760524e+01 2.066500e-02 -3.065075e-02 9.993165e-01 -1.230751e+01
9.830858e-01 1.825152e-01 -1.518587e-02 4.284747e+02 -1.819064e-01 9.827005e-01 3.478396e-02 -1.807215e+01 2.127176e-02 -3.143321e-02 9.992795e-01 -1.240389e+01
9.826090e-01 1.852077e-01 -1.332511e-02 4.308733e+02 -1.846133e-01 9.821155e-01 3.697419e-02 -1.854457e+01 1.993470e-02 -3.387118e-02 9.992274e-01 -1.252729e+01
9.820254e-01 1.883855e-01 -1.170458e-02 4.332838e+02 -1.878183e-01 9.814535e-01 3.838404e-02 -1.903061e+01 1.871850e-02 -3.549577e-02 9.991945e-01 -1.262411e+01
9.814652e-01 1.911015e-01 -1.436261e-02 4.356834e+02 -1.904237e-01 9.809229e-01 3.910125e-02 -1.951439e+01 2.156092e-02 -3.564154e-02 9.991320e-01 -1.277992e+01
9.809437e-01 1.937340e-01 -1.471319e-02 4.381127e+02 -1.931430e-01 9.805664e-01 3.442854e-02 -2.001129e+01 2.109723e-02 -3.093071e-02 9.992989e-01 -1.288226e+01
9.802524e-01 1.967897e-01 -1.946852e-02 4.405128e+02 -1.960332e-01 9.799654e-01 3.519172e-02 -2.050992e+01 2.600385e-02 -3.068029e-02 9.991909e-01 -1.299488e+01
9.796540e-01 1.996373e-01 -2.056845e-02 4.429174e+02 -1.987775e-01 9.793191e-01 3.770429e-02 -2.101352e+01 2.767026e-02 -3.284861e-02 9.990773e-01 -1.311628e+01
9.791443e-01 2.023081e-01 -1.865255e-02 4.453283e+02 -2.014346e-01 9.786601e-01 4.060063e-02 -2.153026e+01 2.646834e-02 -3.599660e-02 9.990013e-01 -1.321184e+01
9.784969e-01 2.054314e-01 -1.848471e-02 4.477432e+02 -2.046188e-01 9.780862e-01 3.845175e-02 -2.206845e+01 2.597883e-02 -3.384260e-02 9.990895e-01 -1.333714e+01
9.782186e-01 2.071961e-01 -1.257739e-02 4.501534e+02 -2.066208e-01 9.777317e-01 3.672196e-02 -2.260464e+01 1.990596e-02 -3.332336e-02 9.992464e-01 -1.346095e+01
9.777364e-01 2.093972e-01 -1.357826e-02 4.525523e+02 -2.087789e-01 9.772576e-01 3.713427e-02 -2.313051e+01 2.104527e-02 -3.347268e-02 9.992180e-01 -1.358337e+01
9.771757e-01 2.119255e-01 -1.467503e-02 4.549720e+02 -2.112520e-01 9.766959e-01 3.791603e-02 -2.367892e+01 2.236841e-02 -3.395049e-02 9.991732e-01 -1.370665e+01
9.763890e-01 2.151953e-01 -1.885636e-02 4.573680e+02 -2.143933e-01 9.760300e-01 3.743124e-02 -2.422751e+01 2.645940e-02 -3.250477e-02 9.991213e-01 -1.383520e+01
9.756460e-01 2.184817e-01 -1.951320e-02 4.597875e+02 -2.176639e-01 9.753153e-01 3.718331e-02 -2.478223e+01 2.715540e-02 -3.203043e-02 9.991179e-01 -1.397862e+01
9.747946e-01 2.220581e-01 -2.157791e-02 4.621814e+02 -2.211822e-01 9.745344e-01 3.689389e-02 -2.534385e+01 2.922100e-02 -3.119132e-02 9.990862e-01 -1.405581e+01
9.738384e-01 2.261081e-01 -2.266578e-02 4.645904e+02 -2.252541e-01 9.736704e-01 3.501749e-02 -2.592119e+01 2.998674e-02 -2.899582e-02 9.991297e-01 -1.419897e+01
9.731118e-01 2.294362e-01 -2.030957e-02 4.669839e+02 -2.286457e-01 9.728737e-01 3.518365e-02 -2.650771e+01 2.783104e-02 -2.959393e-02 9.991745e-01 -1.430851e+01
9.721848e-01 2.332797e-01 -2.091425e-02 4.693741e+02 -2.324820e-01 9.719788e-01 3.478030e-02 -2.709642e+01 2.844174e-02 -2.895069e-02 9.991761e-01 -1.442079e+01
9.714670e-01 2.364632e-01 -1.835917e-02 4.717685e+02 -2.356965e-01 9.711443e-01 3.641374e-02 -2.769526e+01 2.643992e-02 -3.104755e-02 9.991682e-01 -1.454233e+01
9.704655e-01 2.404327e-01 -1.972143e-02 4.741504e+02 -2.395987e-01 9.701563e-01 3.727230e-02 -2.831165e+01 2.809435e-02 -3.144626e-02 9.991105e-01 -1.464763e+01
9.696829e-01 2.437376e-01 -1.752271e-02 4.765420e+02 -2.430015e-01 9.693525e-01 3.613964e-02 -2.892339e+01 2.579427e-02 -3.078594e-02 9.991931e-01 -1.479794e+01
9.691112e-01 2.462401e-01 -1.375978e-02 4.789237e+02 -2.455590e-01 9.686023e-01 3.886188e-02 -2.955349e+01 2.289710e-02 -3.428264e-02 9.991499e-01 -1.490306e+01
9.681520e-01 2.498805e-01 -1.553495e-02 4.813065e+02 -2.490467e-01 9.675605e-01 4.245162e-02 -3.018778e+01 2.563884e-02 -3.723070e-02 9.989777e-01 -1.504406e+01
9.675357e-01 2.522050e-01 -1.634649e-02 4.836773e+02 -2.513739e-01 9.670150e-01 4.115028e-02 -3.082592e+01 2.618561e-02 -3.570528e-02 9.990193e-01 -1.516582e+01
9.672204e-01 2.533906e-01 -1.667339e-02 4.860620e+02 -2.525283e-01 9.666834e-01 4.186454e-02 -3.146717e+01 2.672597e-02 -3.628173e-02 9.989842e-01 -1.530344e+01
9.671742e-01 2.537205e-01 -1.414370e-02 4.884377e+02 -2.529210e-01 9.665276e-01 4.307234e-02 -3.211259e+01 2.459861e-02 -3.808122e-02 9.989718e-01 -1.543500e+01
9.671965e-01 2.537724e-01 -1.142254e-02 4.908030e+02 -2.530801e-01 9.664910e-01 4.295679e-02 -3.276633e+01 2.194103e-02 -3.865684e-02 9.990116e-01 -1.556051e+01
9.671605e-01 2.539139e-01 -1.133125e-02 4.931694e+02 -2.532295e-01 9.664612e-01 4.274832e-02 -3.341727e+01 2.180561e-02 -3.847508e-02 9.990216e-01 -1.569930e+01
9.668427e-01 2.549588e-01 -1.453518e-02 4.955391e+02 -2.541327e-01 9.661903e-01 4.350736e-02 -3.406226e+01 2.513634e-02 -3.837091e-02 9.989474e-01 -1.583565e+01
9.662173e-01 2.570029e-01 -1.932841e-02 4.978919e+02 -2.560074e-01 9.657146e-01 4.307855e-02 -3.470457e+01 2.973704e-02 -3.667502e-02 9.988847e-01 -1.597866e+01
9.656419e-01 2.591333e-01 -1.963937e-02 5.002412e+02 -2.581943e-01 9.652324e-01 4.076717e-02 -3.535705e+01 2.952069e-02 -3.429572e-02 9.989756e-01 -1.610183e+01
9.652596e-01 2.606028e-01 -1.897676e-02 5.026083e+02 -2.596486e-01 9.647874e-01 4.205015e-02 -3.600888e+01 2.926692e-02 -3.566202e-02 9.989353e-01 -1.625093e+01
9.647694e-01 2.623777e-01 -1.944223e-02 5.049642e+02 -2.613356e-01 9.642267e-01 4.439140e-02 -3.666512e+01 3.039404e-02 -3.774652e-02 9.988250e-01 -1.638292e+01
9.639652e-01 2.648482e-01 -2.502939e-02 5.073336e+02 -2.635970e-01 9.636095e-01 4.442312e-02 -3.732926e+01 3.588394e-02 -3.622466e-02 9.986992e-01 -1.649916e+01
9.632393e-01 2.674873e-01 -2.491143e-02 5.096714e+02 -2.662534e-01 9.628967e-01 4.403538e-02 -3.800109e+01 3.576604e-02 -3.578386e-02 9.987193e-01 -1.666362e+01
9.624851e-01 2.701197e-01 -2.564622e-02 5.120239e+02 -2.688238e-01 9.621384e-01 4.498300e-02 -3.867589e+01 3.682601e-02 -3.640115e-02 9.986585e-01 -1.678218e+01
9.615913e-01 2.730191e-01 -2.833158e-02 5.143746e+02 -2.716176e-01 9.613439e-01 4.518578e-02 -3.936426e+01 3.957298e-02 -3.575490e-02 9.985768e-01 -1.694366e+01
9.612373e-01 2.746401e-01 -2.440896e-02 5.167294e+02 -2.733611e-01 9.608244e-01 4.571982e-02 -4.005826e+01 3.600922e-02 -3.727514e-02 9.986560e-01 -1.707195e+01
9.602183e-01 2.775982e-01 -3.033078e-02 5.190630e+02 -2.761169e-01 9.600524e-01 4.537540e-02 -4.074979e+01 4.171526e-02 -3.519545e-02 9.985095e-01 -1.720018e+01
9.596812e-01 2.794781e-01 -3.006761e-02 5.213853e+02 -2.780486e-01 9.595430e-01 4.434282e-02 -4.143356e+01 4.124401e-02 -3.419471e-02 9.985638e-01 -1.736544e+01
9.589194e-01 2.820771e-01 -3.010165e-02 5.237265e+02 -2.806021e-01 9.587499e-01 4.539984e-02 -4.214176e+01 4.166621e-02 -3.508820e-02 9.985152e-01 -1.747898e+01
9.582508e-01 2.843985e-01 -2.954383e-02 5.260634e+02 -2.829444e-01 9.580634e-01 4.535771e-02 -4.285587e+01 4.120452e-02 -3.510480e-02 9.985338e-01 -1.762735e+01
9.580067e-01 2.858776e-01 -2.229352e-02 5.283903e+02 -2.847099e-01 9.575744e-01 4.463170e-02 -4.357503e+01 3.410690e-02 -3.641028e-02 9.987547e-01 -1.774599e+01
9.573337e-01 2.879343e-01 -2.461539e-02 5.306986e+02 -2.866398e-01 9.569438e-01 4.578322e-02 -4.428802e+01 3.673811e-02 -3.677407e-02 9.986480e-01 -1.791145e+01
9.567333e-01 2.899401e-01 -2.441616e-02 5.330379e+02 -2.886488e-01 9.563354e-01 4.587494e-02 -4.502103e+01 3.665102e-02 -3.684239e-02 9.986488e-01 -1.805158e+01
9.560097e-01 2.919640e-01 -2.832756e-02 5.353467e+02 -2.904602e-01 9.557030e-01 4.758919e-02 -4.573869e+01 4.096707e-02 -3.726770e-02 9.984652e-01 -1.819234e+01
9.555587e-01 2.935169e-01 -2.748575e-02 5.376806e+02 -2.920502e-01 9.552259e-01 4.743606e-02 -4.646971e+01 4.017838e-02 -3.730072e-02 9.984961e-01 -1.835238e+01
9.551315e-01 2.947995e-01 -2.858328e-02 5.399794e+02 -2.932505e-01 9.548082e-01 4.842721e-02 -4.719807e+01 4.156787e-02 -3.787229e-02 9.984177e-01 -1.849312e+01
9.546389e-01 2.962396e-01 -3.010993e-02 5.423016e+02 -2.946033e-01 9.543570e-01 4.910732e-02 -4.793511e+01 4.328316e-02 -3.800927e-02 9.983395e-01 -1.865853e+01
9.540780e-01 2.980173e-01 -3.034699e-02 5.446154e+02 -2.964764e-01 9.538985e-01 4.668173e-02 -4.868377e+01 4.285992e-02 -3.554084e-02 9.984487e-01 -1.879166e+01
9.534765e-01 2.993974e-01 -3.526498e-02 5.469225e+02 -2.977448e-01 9.535640e-01 4.542559e-02 -4.942352e+01 4.722772e-02 -3.281227e-02 9.983451e-01 -1.893233e+01
9.529920e-01 3.008896e-01 -3.566007e-02 5.492379e+02 -2.991882e-01 9.530761e-01 4.617817e-02 -5.017309e+01 4.788129e-02 -3.333836e-02 9.982965e-01 -1.906880e+01
9.521475e-01 3.028703e-01 -4.104552e-02 5.515340e+02 -3.008661e-01 9.524289e-01 4.856777e-02 -5.090856e+01 5.380268e-02 -3.389447e-02 9.979762e-01 -1.921983e+01
9.514940e-01 3.043718e-01 -4.491094e-02 5.538261e+02 -3.022624e-01 9.520069e-01 4.816763e-02 -5.165807e+01 5.741639e-02 -3.225633e-02 9.978291e-01 -1.936036e+01
9.509475e-01 3.057995e-01 -4.675009e-02 5.561318e+02 -3.036236e-01 9.515665e-01 4.831093e-02 -5.240776e+01 5.925928e-02 -3.174672e-02 9.977377e-01 -1.950433e+01
9.505917e-01 3.067957e-01 -4.745409e-02 5.584479e+02 -3.046402e-01 9.512769e-01 4.760812e-02 -5.316733e+01 5.974795e-02 -3.079946e-02 9.977382e-01 -1.965258e+01
9.503884e-01 3.071892e-01 -4.895605e-02 5.607402e+02 -3.050293e-01 9.511858e-01 4.693374e-02 -5.392651e+01 6.098383e-02 -2.967226e-02 9.976976e-01 -1.979770e+01
9.499573e-01 3.084463e-01 -4.941727e-02 5.630502e+02 -3.062051e-01 9.507525e-01 4.804444e-02 -5.469318e+01 6.180272e-02 -3.050834e-02 9.976220e-01 -1.994877e+01
9.496325e-01 3.091643e-01 -5.114389e-02 5.653391e+02 -3.067683e-01 9.504880e-01 4.965930e-02 -5.545615e+01 6.396453e-02 -3.146876e-02 9.974559e-01 -2.009721e+01
9.490237e-01 3.104484e-01 -5.455167e-02 5.675851e+02 -3.078259e-01 9.500500e-01 5.146316e-02 -5.621014e+01 6.780346e-02 -3.204735e-02 9.971839e-01 -2.027008e+01
9.487287e-01 3.105409e-01 -5.897665e-02 5.698662e+02 -3.078788e-01 9.501067e-01 5.007991e-02 -5.695123e+01 7.158597e-02 -2.935459e-02 9.970024e-01 -2.041599e+01
9.484520e-01 3.111078e-01 -6.042128e-02 5.721353e+02 -3.085630e-01 9.499971e-01 4.790165e-02 -5.771938e+01 7.230261e-02 -2.678865e-02 9.970229e-01 -2.055342e+01
9.487671e-01 3.104986e-01 -5.858092e-02 5.744150e+02 -3.078621e-01 9.501225e-01 4.988306e-02 -5.846301e+01 7.114767e-02 -2.929256e-02 9.970356e-01 -2.070221e+01
9.482533e-01 3.108831e-01 -6.455441e-02 5.766903e+02 -3.079966e-01 9.500237e-01 5.092575e-02 -5.922455e+01 7.716016e-02 -2.840798e-02 9.966139e-01 -2.087092e+01
9.479709e-01 3.112574e-01 -6.685908e-02 5.789501e+02 -3.082870e-01 9.499160e-01 5.117136e-02 -5.999705e+01 7.943799e-02 -2.789717e-02 9.964494e-01 -2.097450e+01
9.481823e-01 3.100332e-01 -6.949553e-02 5.812279e+02 -3.071460e-01 9.503881e-01 4.923129e-02 -6.073502e+01 8.131106e-02 -2.533496e-02 9.963667e-01 -2.113890e+01
9.485809e-01 3.090208e-01 -6.855907e-02 5.834786e+02 -3.064112e-01 9.507852e-01 4.604133e-02 -6.150163e+01 7.941268e-02 -2.266666e-02 9.965841e-01 -2.127510e+01
9.484028e-01 3.084581e-01 -7.338694e-02 5.857538e+02 -3.056807e-01 9.509857e-01 4.674980e-02 -6.225278e+01 8.421028e-02 -2.190468e-02 9.962072e-01 -2.142006e+01
9.495234e-01 3.054019e-01 -7.165940e-02 5.880112e+02 -3.027689e-01 9.519835e-01 4.537311e-02 -6.298791e+01 8.207560e-02 -2.138659e-02 9.963966e-01 -2.153682e+01
9.495709e-01 3.037694e-01 -7.771288e-02 5.902638e+02 -3.008572e-01 9.525073e-01 4.706213e-02 -6.372721e+01 8.831812e-02 -2.130835e-02 9.958644e-01 -2.165666e+01
9.501404e-01 3.024782e-01 -7.576377e-02 5.925190e+02 -2.995565e-01 9.528894e-01 4.761545e-02 -6.447382e+01 8.659714e-02 -2.254583e-02 9.959882e-01 -2.183400e+01
9.510984e-01 2.988467e-01 -7.811858e-02 5.947870e+02 -2.958008e-01 9.540281e-01 4.829233e-02 -6.520867e+01 8.895932e-02 -2.282322e-02 9.957737e-01 -2.196279e+01
9.519140e-01 2.967770e-01 -7.604719e-02 5.970509e+02 -2.938684e-01 9.546797e-01 4.720094e-02 -6.592600e+01 8.660886e-02 -2.258336e-02 9.959864e-01 -2.211196e+01
9.530305e-01 2.932029e-01 -7.592713e-02 5.993173e+02 -2.902844e-01 9.557743e-01 4.722790e-02 -6.664472e+01 8.641655e-02 -2.296917e-02 9.959943e-01 -2.225374e+01
9.539735e-01 2.895023e-01 -7.824910e-02 6.015486e+02 -2.864604e-01 9.568944e-01 4.789208e-02 -6.733102e+01 8.874100e-02 -2.327251e-02 9.957828e-01 -2.240401e+01
9.544165e-01 2.873589e-01 -8.070994e-02 6.037966e+02 -2.842098e-01 9.575413e-01 4.836589e-02 -6.803590e+01 9.118148e-02 -2.322265e-02 9.955635e-01 -2.254790e+01
9.550169e-01 2.845496e-01 -8.351182e-02 6.060592e+02 -2.815487e-01 9.584439e-01 4.599412e-02 -6.871989e+01 9.312902e-02 -2.041252e-02 9.954448e-01 -2.267271e+01
9.551648e-01 2.825046e-01 -8.860773e-02 6.083010e+02 -2.792639e-01 9.590479e-01 4.731476e-02 -6.939683e+01 9.834570e-02 -2.044846e-02 9.949422e-01 -2.283039e+01
9.559678e-01 2.797398e-01 -8.872040e-02 6.105414e+02 -2.763547e-01 9.598244e-01 4.863472e-02 -7.005486e+01 9.876107e-02 -2.197493e-02 9.948685e-01 -2.295723e+01
9.561027e-01 2.778542e-01 -9.308489e-02 6.128140e+02 -2.744450e-01 9.604104e-01 4.787515e-02 -7.072019e+01 1.027020e-01 -2.022688e-02 9.945065e-01 -2.311243e+01
9.567236e-01 2.761454e-01 -9.178110e-02 6.150557e+02 -2.729788e-01 9.609349e-01 4.568049e-02 -7.139281e+01 1.008101e-01 -1.864932e-02 9.947309e-01 -2.323976e+01
9.575403e-01 2.738348e-01 -9.017242e-02 6.173229e+02 -2.705961e-01 9.615639e-01 4.660978e-02 -7.204525e+01 9.946993e-02 -2.023043e-02 9.948349e-01 -2.337167e+01
9.581910e-01 2.725415e-01 -8.712760e-02 6.195573e+02 -2.693296e-01 9.619037e-01 4.693635e-02 -7.269936e+01 9.660047e-02 -2.150794e-02 9.950908e-01 -2.351337e+01
9.586936e-01 2.709907e-01 -8.643216e-02 6.218090e+02 -2.676526e-01 9.623021e-01 4.833948e-02 -7.335364e+01 9.627341e-02 -2.320896e-02 9.950843e-01 -2.364880e+01
9.594044e-01 2.693781e-01 -8.353819e-02 6.240517e+02 -2.660072e-01 9.627064e-01 4.936184e-02 -7.400381e+01 9.371975e-02 -2.513621e-02 9.952813e-01 -2.379023e+01
9.598147e-01 2.685614e-01 -8.142799e-02 6.263148e+02 -2.652665e-01 9.629245e-01 4.909410e-02 -7.466331e+01 9.159379e-02 -2.552112e-02 9.954694e-01 -2.393960e+01
9.606655e-01 2.667205e-01 -7.734354e-02 6.285451e+02 -2.636258e-01 9.634314e-01 4.797589e-02 -7.529610e+01 8.731133e-02 -2.569903e-02 9.958495e-01 -2.407284e+01
9.614336e-01 2.643174e-01 -7.603718e-02 6.307983e+02 -2.610443e-01 9.640127e-01 5.035167e-02 -7.592519e+01 8.660965e-02 -2.856072e-02 9.958329e-01 -2.422694e+01
9.616455e-01 2.635037e-01 -7.618151e-02 6.330383e+02 -2.601092e-01 9.641956e-01 5.166969e-02 -7.656578e+01 8.706904e-02 -2.987242e-02 9.957543e-01 -2.437349e+01
9.619451e-01 2.623594e-01 -7.635006e-02 6.352971e+02 -2.588496e-01 9.644685e-01 5.289102e-02 -7.719624e+01 8.751369e-02 -3.111507e-02 9.956772e-01 -2.452072e+01
9.624808e-01 2.603957e-01 -7.631985e-02 6.375336e+02 -2.570894e-01 9.650664e-01 5.051767e-02 -7.781091e+01 8.680830e-02 -2.900127e-02 9.958028e-01 -2.466458e+01
9.627762e-01 2.596497e-01 -7.512636e-02 6.397841e+02 -2.564690e-01 9.652872e-01 4.943949e-02 -7.845068e+01 8.535545e-02 -2.833159e-02 9.959477e-01 -2.480812e+01
9.636486e-01 2.572981e-01 -7.196587e-02 6.420259e+02 -2.542345e-01 9.658974e-01 4.906310e-02 -7.904831e+01 8.213548e-02 -2.898338e-02 9.961997e-01 -2.496942e+01
9.642152e-01 2.555279e-01 -7.067292e-02 6.442634e+02 -2.524749e-01 9.663440e-01 4.935117e-02 -7.964836e+01 8.090497e-02 -2.974200e-02 9.962780e-01 -2.510720e+01
9.643878e-01 2.546456e-01 -7.149632e-02 6.465101e+02 -2.514555e-01 9.665403e-01 5.069580e-02 -8.027661e+01 8.201353e-02 -3.091227e-02 9.961517e-01 -2.525476e+01
9.648201e-01 2.524173e-01 -7.353675e-02 6.487477e+02 -2.491579e-01 9.671344e-01 5.070837e-02 -8.086319e+01 8.391959e-02 -3.060219e-02 9.960025e-01 -2.538544e+01
9.649765e-01 2.515946e-01 -7.429955e-02 6.509875e+02 -2.483957e-01 9.673830e-01 4.969430e-02 -8.147658e+01 8.437895e-02 -2.949814e-02 9.959970e-01 -2.554087e+01
9.654961e-01 2.493581e-01 -7.508524e-02 6.532220e+02 -2.460613e-01 9.679378e-01 5.050121e-02 -8.205560e+01 8.527072e-02 -3.028316e-02 9.958975e-01 -2.568195e+01
9.655653e-01 2.476196e-01 -7.980172e-02 6.554590e+02 -2.442302e-01 9.684323e-01 4.990566e-02 -8.264812e+01 8.964019e-02 -2.869718e-02 9.955607e-01 -2.583167e+01
9.657503e-01 2.464001e-01 -8.132214e-02 6.576949e+02 -2.429856e-01 9.687576e-01 4.966191e-02 -8.321751e+01 9.101816e-02 -2.820089e-02 9.954498e-01 -2.597315e+01
9.659996e-01 2.443537e-01 -8.447517e-02 6.599304e+02 -2.408786e-01 9.693027e-01 4.929336e-02 -8.379909e+01 9.392702e-02 -2.726911e-02 9.952056e-01 -2.610843e+01
9.666609e-01 2.419759e-01 -8.375160e-02 6.621653e+02 -2.384025e-01 9.698541e-01 5.046952e-02 -8.437130e+01 9.343925e-02 -2.882032e-02 9.952078e-01 -2.625771e+01
9.669336e-01 2.401687e-01 -8.578073e-02 6.643868e+02 -2.362929e-01 9.702387e-01 5.294234e-02 -8.492935e+01 9.594286e-02 -3.092236e-02 9.949064e-01 -2.640618e+01
9.677298e-01 2.373857e-01 -8.454014e-02 6.666411e+02 -2.337638e-01 9.709771e-01 5.057812e-02 -8.549590e+01 9.409305e-02 -2.918353e-02 9.951356e-01 -2.654840e+01
9.684277e-01 2.348413e-01 -8.365048e-02 6.688666e+02 -2.312756e-01 9.715940e-01 5.016844e-02 -8.606336e+01 9.305591e-02 -2.923818e-02 9.952315e-01 -2.671301e+01
9.691828e-01 2.326154e-01 -8.108486e-02 6.711102e+02 -2.292893e-01 9.721595e-01 4.829566e-02 -8.661260e+01 9.006172e-02 -2.821544e-02 9.955364e-01 -2.683727e+01
9.696039e-01 2.304130e-01 -8.232906e-02 6.733166e+02 -2.268296e-01 9.726174e-01 5.063619e-02 -8.714145e+01 9.174190e-02 -3.042238e-02 9.953180e-01 -2.701389e+01
9.704674e-01 2.273773e-01 -8.057579e-02 6.755191e+02 -2.239531e-01 9.733486e-01 4.937214e-02 -8.767764e+01 8.965442e-02 -2.986886e-02 9.955249e-01 -2.716040e+01
9.709929e-01 2.251926e-01 -8.038159e-02 6.777239e+02 -2.217353e-01 9.738379e-01 4.973390e-02 -8.820964e+01 8.947834e-02 -3.046783e-02 9.955226e-01 -2.727996e+01
9.714699e-01 2.224865e-01 -8.213455e-02 6.799273e+02 -2.190607e-01 9.744943e-01 4.871323e-02 -8.873100e+01 9.087770e-02 -2.933098e-02 9.954301e-01 -2.744297e+01
9.718640e-01 2.213303e-01 -8.057984e-02 6.821343e+02 -2.180113e-01 9.747653e-01 4.799857e-02 -8.924351e+01 8.916996e-02 -2.908077e-02 9.955918e-01 -2.758694e+01
9.723587e-01 2.187013e-01 -8.178239e-02 6.843176e+02 -2.152238e-01 9.753211e-01 4.926778e-02 -8.974101e+01 9.053903e-02 -3.030444e-02 9.954317e-01 -2.774379e+01
9.726259e-01 2.166032e-01 -8.415414e-02 6.864913e+02 -2.130797e-01 9.758095e-01 4.891800e-02 -9.025208e+01 9.271420e-02 -2.964738e-02 9.952513e-01 -2.786507e+01
9.728799e-01 2.144838e-01 -8.660998e-02 6.886750e+02 -2.109604e-01 9.763116e-01 4.807677e-02 -9.072847e+01 9.487002e-02 -2.850165e-02 9.950815e-01 -2.801563e+01
9.733896e-01 2.122001e-01 -8.650872e-02 6.908504e+02 -2.087178e-01 9.768171e-01 4.759055e-02 -9.122422e+01 9.460193e-02 -2.826823e-02 9.951137e-01 -2.815631e+01
9.738960e-01 2.097146e-01 -8.686960e-02 6.930241e+02 -2.060596e-01 9.773020e-01 4.919814e-02 -9.170505e+01 9.521538e-02 -3.001356e-02 9.950041e-01 -2.828859e+01
9.743932e-01 2.070398e-01 -8.770607e-02 6.951809e+02 -2.031843e-01 9.778159e-01 5.091342e-02 -9.217574e+01 9.630150e-02 -3.178919e-02 9.948444e-01 -2.842289e+01
9.748473e-01 2.054950e-01 -8.628207e-02 6.973535e+02 -2.016899e-01 9.781306e-01 5.081056e-02 -9.265498e+01 9.483645e-02 -3.213032e-02 9.949742e-01 -2.857045e+01
9.755243e-01 2.026606e-01 -8.532895e-02 6.995159e+02 -1.989964e-01 9.787469e-01 4.954539e-02 -9.311578e+01 9.355636e-02 -3.135258e-02 9.951202e-01 -2.871511e+01
9.761945e-01 1.993445e-01 -8.547546e-02 7.016779e+02 -1.956783e-01 9.794230e-01 4.940108e-02 -9.355781e+01 9.356447e-02 -3.149937e-02 9.951148e-01 -2.885682e+01
9.766023e-01 1.970981e-01 -8.602503e-02 7.038335e+02 -1.934742e-01 9.798965e-01 4.868826e-02 -9.401436e+01 9.389199e-02 -3.090543e-02 9.951026e-01 -2.900313e+01
9.774145e-01 1.938165e-01 -8.423778e-02 7.059899e+02 -1.901997e-01 9.805166e-01 4.910362e-02 -9.445055e+01 9.211364e-02 -3.197259e-02 9.952351e-01 -2.912859e+01
9.778293e-01 1.914336e-01 -8.487110e-02 7.081400e+02 -1.879267e-01 9.810278e-01 4.761981e-02 -9.489227e+01 9.237696e-02 -3.061450e-02 9.952534e-01 -2.925886e+01
9.785141e-01 1.888794e-01 -8.267297e-02 7.102670e+02 -1.854307e-01 9.815016e-01 4.764465e-02 -9.531487e+01 9.014274e-02 -3.129086e-02 9.954371e-01 -2.939730e+01
9.788238e-01 1.865429e-01 -8.429538e-02 7.123965e+02 -1.829503e-01 9.819217e-01 4.857188e-02 -9.573660e+01 9.183220e-02 -3.212145e-02 9.952563e-01 -2.953376e+01
9.792917e-01 1.843002e-01 -8.379205e-02 7.145183e+02 -1.806058e-01 9.822948e-01 4.978201e-02 -9.615491e+01 9.148335e-02 -3.361778e-02 9.952390e-01 -2.966042e+01
9.795460e-01 1.825683e-01 -8.460797e-02 7.166652e+02 -1.789121e-01 9.826434e-01 4.901243e-02 -9.656076e+01 9.208757e-02 -3.287253e-02 9.952081e-01 -2.980738e+01
9.801661e-01 1.803685e-01 -8.210672e-02 7.187712e+02 -1.769403e-01 9.830828e-01 4.733150e-02 -9.696211e+01 8.925483e-02 -3.186474e-02 9.954990e-01 -2.994774e+01
9.807234e-01 1.777974e-01 -8.105297e-02 7.208697e+02 -1.746304e-01 9.836200e-01 4.467376e-02 -9.735447e+01 8.766820e-02 -2.965829e-02 9.957081e-01 -3.006653e+01
9.812016e-01 1.755306e-01 -8.020156e-02 7.229791e+02 -1.723802e-01 9.840156e-01 4.470143e-02 -9.775180e+01 8.676606e-02 -3.003596e-02 9.957758e-01 -3.020116e+01
9.811820e-01 1.747117e-01 -8.220471e-02 7.250807e+02 -1.714921e-01 9.841676e-01 4.477454e-02 -9.814384e+01 8.872584e-02 -2.983452e-02 9.956092e-01 -3.032345e+01
9.816134e-01 1.730818e-01 -8.048511e-02 7.271501e+02 -1.698195e-01 9.844103e-01 4.580270e-02 -9.851485e+01 8.715798e-02 -3.129261e-02 9.957029e-01 -3.044981e+01
9.815375e-01 1.710662e-01 -8.556005e-02 7.292249e+02 -1.676901e-01 9.848006e-01 4.525429e-02 -9.888344e+01 9.200106e-02 -3.007121e-02 9.953048e-01 -3.057606e+01
9.817048e-01 1.698655e-01 -8.603182e-02 7.312984e+02 -1.665077e-01 9.850191e-01 4.486024e-02 -9.925931e+01 9.236321e-02 -2.971456e-02 9.952819e-01 -3.070798e+01
9.821150e-01 1.675725e-01 -8.584634e-02 7.333578e+02 -1.640964e-01 9.853657e-01 4.611361e-02 -9.962010e+01 9.231742e-02 -3.120179e-02 9.952406e-01 -3.083287e+01
9.822503e-01 1.665953e-01 -8.619890e-02 7.354146e+02 -1.631368e-01 9.855411e-01 4.577054e-02 -9.997862e+01 9.257773e-02 -3.089592e-02 9.952260e-01 -3.096478e+01
9.823307e-01 1.653833e-01 -8.760603e-02 7.374446e+02 -1.619329e-01 9.857672e-01 4.517638e-02 -1.003460e+02 9.383056e-02 -3.019184e-02 9.951303e-01 -3.108017e+01
9.827278e-01 1.637940e-01 -8.612551e-02 7.394991e+02 -1.603569e-01 9.860116e-01 4.546344e-02 -1.006946e+02 9.236738e-02 -3.086736e-02 9.952464e-01 -3.121730e+01
9.829180e-01 1.627467e-01 -8.594017e-02 7.415226e+02 -1.592614e-01 9.861637e-01 4.600912e-02 -1.010385e+02 9.223893e-02 -3.153624e-02 9.952374e-01 -3.133263e+01
9.832405e-01 1.610600e-01 -8.542695e-02 7.435674e+02 -1.575224e-01 9.864109e-01 4.669463e-02 -1.013976e+02 9.178670e-02 -3.245540e-02 9.952496e-01 -3.146582e+01
9.835113e-01 1.592033e-01 -8.578966e-02 7.455660e+02 -1.555911e-01 9.866881e-01 4.730639e-02 -1.017325e+02 9.217898e-02 -3.317826e-02 9.951895e-01 -3.159176e+01
9.839365e-01 1.569620e-01 -8.504041e-02 7.475707e+02 -1.532396e-01 9.869882e-01 4.870123e-02 -1.020544e+02 9.157813e-02 -3.488735e-02 9.951866e-01 -3.172429e+01
9.844982e-01 1.542536e-01 -8.348151e-02 7.495681e+02 -1.506250e-01 9.874160e-01 4.818340e-02 -1.023841e+02 8.986343e-02 -3.486207e-02 9.953437e-01 -3.183854e+01
9.847556e-01 1.530727e-01 -8.261426e-02 7.515740e+02 -1.493710e-01 9.875511e-01 4.930420e-02 -1.027059e+02 8.913293e-02 -3.621241e-02 9.953612e-01 -3.198048e+01
9.853051e-01 1.504306e-01 -8.089868e-02 7.535528e+02 -1.469482e-01 9.880061e-01 4.743568e-02 -1.030205e+02 8.706417e-02 -3.485069e-02 9.955929e-01 -3.209373e+01
9.855506e-01 1.485547e-01 -8.137242e-02 7.555461e+02 -1.450638e-01 9.882917e-01 4.728501e-02 -1.033361e+02 8.744411e-02 -3.479758e-02 9.955615e-01 -3.221430e+01
9.858181e-01 1.461295e-01 -8.251479e-02 7.575266e+02 -1.425701e-01 9.886428e-01 4.752707e-02 -1.036400e+02 8.852277e-02 -3.508890e-02 9.954559e-01 -3.234703e+01
9.861476e-01 1.443071e-01 -8.178253e-02 7.595198e+02 -1.406963e-01 9.888716e-01 4.834622e-02 -1.039450e+02 8.784913e-02 -3.617001e-02 9.954769e-01 -3.246534e+01
9.862258e-01 1.429731e-01 -8.317030e-02 7.615119e+02 -1.394037e-01 9.891063e-01 4.727773e-02 -1.042494e+02 8.902372e-02 -3.503227e-02 9.954132e-01 -3.258876e+01
9.866688e-01 1.401081e-01 -8.279091e-02 7.634808e+02 -1.365825e-01 9.895204e-01 4.684252e-02 -1.045330e+02 8.848633e-02 -3.491027e-02 9.954655e-01 -3.270303e+01
9.869491e-01 1.380620e-01 -8.288802e-02 7.654478e+02 -1.345839e-01 9.898243e-01 4.620324e-02 -1.048296e+02 8.842351e-02 -3.444485e-02 9.954872e-01 -3.283030e+01
9.873908e-01 1.358454e-01 -8.127470e-02 7.674158e+02 -1.323121e-01 9.900737e-01 4.740914e-02 -1.051190e+02 8.690824e-02 -3.605772e-02 9.955636e-01 -3.294518e+01
9.877919e-01 1.335772e-01 -8.015160e-02 7.693897e+02 -1.300880e-01 9.903734e-01 4.730343e-02 -1.053848e+02 8.569867e-02 -3.629918e-02 9.956596e-01 -3.306922e+01
9.880595e-01 1.317173e-01 -7.993154e-02 7.713548e+02 -1.281874e-01 9.905967e-01 4.781453e-02 -1.056730e+02 8.547792e-02 -3.699737e-02 9.956529e-01 -3.318540e+01
9.882985e-01 1.294900e-01 -8.061291e-02 7.733111e+02 -1.259682e-01 9.909031e-01 4.735989e-02 -1.059329e+02 8.601221e-02 -3.665105e-02 9.956197e-01 -3.330301e+01
9.884388e-01 1.278812e-01 -8.145577e-02 7.752850e+02 -1.243369e-01 9.911162e-01 4.721256e-02 -1.062185e+02 8.676973e-02 -3.653876e-02 9.955581e-01 -3.342979e+01
9.887940e-01 1.253497e-01 -8.107877e-02 7.772447e+02 -1.217806e-01 9.914160e-01 4.758009e-02 -1.064681e+02 8.634694e-02 -3.717308e-02 9.955714e-01 -3.354942e+01
9.891041e-01 1.225789e-01 -8.153216e-02 7.791790e+02 -1.189461e-01 9.917382e-01 4.803137e-02 -1.067169e+02 8.674619e-02 -3.781009e-02 9.955127e-01 -3.366925e+01
9.893247e-01 1.206733e-01 -8.169822e-02 7.811243e+02 -1.171682e-01 9.920259e-01 4.643493e-02 -1.069603e+02 8.665021e-02 -3.636679e-02 9.955748e-01 -3.378790e+01
9.894503e-01 1.188810e-01 -8.279710e-02 7.830477e+02 -1.153555e-01 9.922514e-01 4.615244e-02 -1.072074e+02 8.764220e-02 -3.611444e-02 9.954972e-01 -3.390908e+01
9.898548e-01 1.167626e-01 -8.095664e-02 7.849929e+02 -1.133661e-01 9.925169e-01 4.536893e-02 -1.074592e+02 8.564822e-02 -3.573092e-02 9.956845e-01 -3.402619e+01
9.900378e-01 1.157393e-01 -8.018421e-02 7.869244e+02 -1.122453e-01 9.925776e-01 4.680686e-02 -1.076825e+02 8.500644e-02 -3.734026e-02 9.956805e-01 -3.415866e+01
9.903692e-01 1.145106e-01 -7.782172e-02 7.888102e+02 -1.109202e-01 9.926205e-01 4.900488e-02 -1.079316e+02 8.285900e-02 -3.990093e-02 9.957622e-01 -3.425430e+01
9.904592e-01 1.135130e-01 -7.813660e-02 7.907130e+02 -1.098689e-01 9.927144e-01 4.946803e-02 -1.081559e+02 8.318258e-02 -4.041129e-02 9.957146e-01 -3.438334e+01
9.905860e-01 1.130244e-01 -7.723190e-02 7.926307e+02 -1.094463e-01 9.927791e-01 4.910265e-02 -1.083793e+02 8.222401e-02 -4.018766e-02 9.958033e-01 -3.450774e+01
9.906691e-01 1.118805e-01 -7.782942e-02 7.945374e+02 -1.083377e-01 9.929376e-01 4.835515e-02 -1.086105e+02 8.268975e-02 -3.947209e-02 9.957933e-01 -3.461919e+01
9.908084e-01 1.112816e-01 -7.690949e-02 7.964321e+02 -1.076860e-01 9.929556e-01 4.942712e-02 -1.088290e+02 8.186803e-02 -4.069073e-02 9.958122e-01 -3.475124e+01
9.908330e-01 1.106912e-01 -7.744356e-02 7.983088e+02 -1.070705e-01 9.930209e-01 4.945116e-02 -1.090535e+02 8.237687e-02 -4.070592e-02 9.957696e-01 -3.486200e+01
9.910364e-01 1.100847e-01 -7.568568e-02 8.001918e+02 -1.065648e-01 9.930935e-01 4.908314e-02 -1.092704e+02 8.056627e-02 -4.057775e-02 9.959229e-01 -3.499421e+01
9.910778e-01 1.092212e-01 -7.639011e-02 8.020949e+02 -1.057004e-01 9.932038e-01 4.871786e-02 -1.094835e+02 8.119198e-02 -4.020873e-02 9.958871e-01 -3.511027e+01
9.912863e-01 1.079890e-01 -7.543077e-02 8.039659e+02 -1.045127e-01 9.933344e-01 4.861724e-02 -1.097040e+02 8.017811e-02 -4.031014e-02 9.959651e-01 -3.523307e+01
9.912757e-01 1.081209e-01 -7.538164e-02 8.058419e+02 -1.046508e-01 9.933223e-01 4.856782e-02 -1.099185e+02 8.012947e-02 -4.025535e-02 9.959713e-01 -3.534498e+01
9.914070e-01 1.066648e-01 -7.572845e-02 8.077094e+02 -1.031351e-01 9.934551e-01 4.909468e-02 -1.101386e+02 8.046948e-02 -4.086255e-02 9.959191e-01 -3.546392e+01
9.916894e-01 1.038107e-01 -7.599633e-02 8.095843e+02 -1.002196e-01 9.937261e-01 4.964279e-02 -1.103324e+02 8.067299e-02 -4.161390e-02 9.958715e-01 -3.558454e+01
9.916049e-01 1.035619e-01 -7.742511e-02 8.114515e+02 -9.997113e-02 9.937876e-01 4.890786e-02 -1.105369e+02 8.200911e-02 -4.075700e-02 9.957979e-01 -3.571123e+01
9.918012e-01 1.019412e-01 -7.706083e-02 8.133189e+02 -9.849377e-02 9.940132e-01 4.729541e-02 -1.107397e+02 8.142082e-02 -3.931763e-02 9.959040e-01 -3.580841e+01
9.919120e-01 1.003329e-01 -7.774228e-02 8.151910e+02 -9.681480e-02 9.941547e-01 4.778149e-02 -1.109434e+02 8.208191e-02 -3.986843e-02 9.958279e-01 -3.593409e+01
9.923647e-01 9.816077e-02 -7.467785e-02 8.170392e+02 -9.469670e-02 9.943191e-01 4.860159e-02 -1.111425e+02 7.902439e-02 -4.115876e-02 9.960226e-01 -3.604023e+01
9.923308e-01 9.758372e-02 -7.587434e-02 8.188917e+02 -9.403112e-02 9.943593e-01 4.907164e-02 -1.113318e+02 8.023494e-02 -4.156076e-02 9.959092e-01 -3.617077e+01
9.926886e-01 9.539375e-02 -7.395560e-02 8.207504e+02 -9.219155e-02 9.946978e-01 4.557396e-02 -1.115226e+02 7.791095e-02 -3.842267e-02 9.962196e-01 -3.625256e+01
9.923720e-01 9.422000e-02 -7.950028e-02 8.225992e+02 -9.074555e-02 9.947997e-01 4.624731e-02 -1.116992e+02 8.344427e-02 -3.868024e-02 9.957615e-01 -3.637255e+01
9.928087e-01 9.349024e-02 -7.476977e-02 8.244515e+02 -8.996444e-02 9.947281e-01 4.921631e-02 -1.118975e+02 7.897685e-02 -4.213575e-02 9.959856e-01 -3.649511e+01
9.928081e-01 9.031326e-02 -7.858517e-02 8.262908e+02 -8.624595e-02 9.948255e-01 5.370283e-02 -1.120754e+02 8.302861e-02 -4.653895e-02 9.954599e-01 -3.660085e+01
9.935566e-01 8.800025e-02 -7.142346e-02 8.281434e+02 -8.468989e-02 9.952443e-01 4.812896e-02 -1.122426e+02 7.531914e-02 -4.177000e-02 9.962842e-01 -3.673340e+01
9.935601e-01 8.533978e-02 -7.453468e-02 8.299720e+02 -8.171247e-02 9.953791e-01 5.043530e-02 -1.124205e+02 7.849440e-02 -4.402009e-02 9.959422e-01 -3.687057e+01
9.942696e-01 8.359005e-02 -6.663810e-02 8.318371e+02 -8.065529e-02 9.956993e-01 4.558108e-02 -1.125923e+02 7.016163e-02 -3.994517e-02 9.967355e-01 -3.695481e+01
9.942431e-01 8.184116e-02 -6.915724e-02 8.336523e+02 -7.852499e-02 9.956882e-01 4.938523e-02 -1.127522e+02 7.290079e-02 -4.367036e-02 9.963827e-01 -3.707179e+01
9.947901e-01 7.975302e-02 -6.349814e-02 8.354886e+02 -7.668004e-02 9.958289e-01 4.944730e-02 -1.129071e+02 6.717685e-02 -4.432065e-02 9.967562e-01 -3.717583e+01
9.947948e-01 7.771859e-02 -6.590253e-02 8.373096e+02 -7.448652e-02 9.959596e-01 5.016178e-02 -1.130743e+02 6.953476e-02 -4.499182e-02 9.965644e-01 -3.729921e+01
9.952571e-01 7.656006e-02 -6.001612e-02 8.391516e+02 -7.380558e-02 9.961718e-01 4.684492e-02 -1.132364e+02 6.337281e-02 -4.219321e-02 9.970976e-01 -3.739715e+01
9.953047e-01 7.452370e-02 -6.176339e-02 8.409768e+02 -7.164629e-02 9.962953e-01 4.756428e-02 -1.133895e+02 6.507924e-02 -4.291583e-02 9.969568e-01 -3.753192e+01
9.957981e-01 7.265381e-02 -5.574568e-02 8.427838e+02 -7.008675e-02 9.964471e-01 4.670177e-02 -1.135199e+02 5.894068e-02 -4.259850e-02 9.973522e-01 -3.763170e+01
9.958541e-01 7.142809e-02 -5.632576e-02 8.445947e+02 -6.869756e-02 9.964330e-01 4.901057e-02 -1.136793e+02 5.962557e-02 -4.493793e-02 9.972088e-01 -3.775195e+01
9.961432e-01 7.101555e-02 -5.153116e-02 8.464074e+02 -6.857832e-02 9.965087e-01 4.761757e-02 -1.138248e+02 5.473284e-02 -4.390000e-02 9.975355e-01 -3.785086e+01
9.963163e-01 6.892006e-02 -5.102841e-02 8.482019e+02 -6.640144e-02 9.965638e-01 4.950989e-02 -1.139623e+02 5.426529e-02 -4.593915e-02 9.974692e-01 -3.797564e+01
9.965096e-01 6.823976e-02 -4.808427e-02 8.500059e+02 -6.586020e-02 9.966029e-01 4.944709e-02 -1.141097e+02 5.129518e-02 -4.610765e-02 9.976186e-01 -3.808195e+01
9.966080e-01 6.733381e-02 -4.731408e-02 8.517893e+02 -6.479787e-02 9.964777e-01 5.323057e-02 -1.142419e+02 5.073164e-02 -4.998416e-02 9.974607e-01 -3.820262e+01
9.968077e-01 6.561776e-02 -4.548345e-02 8.535881e+02 -6.310575e-02 9.965107e-01 5.462435e-02 -1.143852e+02 4.890908e-02 -5.157970e-02 9.974705e-01 -3.831736e+01
9.967613e-01 6.499206e-02 -4.736026e-02 8.553854e+02 -6.231766e-02 9.964888e-01 5.591280e-02 -1.145127e+02 5.082786e-02 -5.278033e-02 9.973118e-01 -3.844773e+01
9.968270e-01 6.522671e-02 -4.562205e-02 8.571801e+02 -6.287839e-02 9.967099e-01 5.114271e-02 -1.146441e+02 4.880782e-02 -4.811180e-02 9.976488e-01 -3.856615e+01
9.966574e-01 6.524328e-02 -4.916585e-02 8.589758e+02 -6.281819e-02 9.968039e-01 4.935413e-02 -1.147822e+02 5.222874e-02 -4.610065e-02 9.975705e-01 -3.869061e+01
9.964018e-01 6.726307e-02 -5.156635e-02 8.607545e+02 -6.485127e-02 9.967827e-01 4.709936e-02 -1.148959e+02 5.456851e-02 -4.358575e-02 9.975583e-01 -3.879226e+01
9.962118e-01 6.778119e-02 -5.447811e-02 8.625386e+02 -6.499066e-02 9.965581e-01 5.145972e-02 -1.150202e+02 5.777861e-02 -4.772421e-02 9.971881e-01 -3.890506e+01
9.961587e-01 6.986371e-02 -5.279051e-02 8.643364e+02 -6.709731e-02 9.963657e-01 5.247583e-02 -1.151707e+02 5.626480e-02 -4.873215e-02 9.972259e-01 -3.900381e+01
9.964588e-01 6.824319e-02 -4.911846e-02 8.661089e+02 -6.568258e-02 9.964856e-01 5.198383e-02 -1.153056e+02 5.249338e-02 -4.857352e-02 9.974393e-01 -3.911951e+01
9.966717e-01 6.694022e-02 -4.652503e-02 8.679046e+02 -6.450734e-02 9.965634e-01 5.196228e-02 -1.154363e+02 4.984351e-02 -4.878813e-02 9.975647e-01 -3.924061e+01
9.967596e-01 6.683899e-02 -4.475371e-02 8.696774e+02 -6.442203e-02 9.964913e-01 5.343045e-02 -1.155653e+02 4.816792e-02 -5.037418e-02 9.975682e-01 -3.936318e+01
9.966538e-01 6.776742e-02 -4.570363e-02 8.714577e+02 -6.531060e-02 9.964426e-01 5.326232e-02 -1.157057e+02 4.915049e-02 -5.009916e-02 9.975341e-01 -3.947990e+01
9.966643e-01 6.825918e-02 -4.473094e-02 8.732289e+02 -6.587754e-02 9.964345e-01 5.271498e-02 -1.158437e+02 4.816972e-02 -4.959238e-02 9.976073e-01 -3.959810e+01
9.967596e-01 6.792362e-02 -4.308967e-02 8.749893e+02 -6.571375e-02 9.965454e-01 5.078173e-02 -1.159704e+02 4.639010e-02 -4.778559e-02 9.977798e-01 -3.970876e+01
9.967281e-01 6.835630e-02 -4.313371e-02 8.767753e+02 -6.613452e-02 9.965070e-01 5.099025e-02 -1.161116e+02 4.646855e-02 -4.797079e-02 9.977673e-01 -3.983218e+01
9.966873e-01 6.911627e-02 -4.286499e-02 8.785311e+02 -6.690715e-02 9.964554e-01 5.099207e-02 -1.162514e+02 4.623743e-02 -4.795517e-02 9.977787e-01 -3.994373e+01
9.966180e-01 6.929955e-02 -4.416111e-02 8.802967e+02 -6.685020e-02 9.962615e-01 5.471715e-02 -1.163865e+02 4.778789e-02 -5.157991e-02 9.975249e-01 -4.006212e+01
9.965153e-01 6.864362e-02 -4.738458e-02 8.820591e+02 -6.597724e-02 9.962646e-01 5.571187e-02 -1.165094e+02 5.103184e-02 -5.239143e-02 9.973218e-01 -4.017774e+01
9.964330e-01 6.908830e-02 -4.845673e-02 8.838187e+02 -6.641542e-02 9.962884e-01 5.475712e-02 -1.166478e+02 5.205996e-02 -5.134353e-02 9.973232e-01 -4.030444e+01
9.963281e-01 6.945840e-02 -5.005891e-02 8.855907e+02 -6.673758e-02 9.963019e-01 5.411658e-02 -1.167771e+02 5.363264e-02 -5.057705e-02 9.972790e-01 -4.042110e+01
9.964076e-01 6.826982e-02 -5.011204e-02 8.873482e+02 -6.547041e-02 9.963083e-01 5.552703e-02 -1.169109e+02 5.371787e-02 -5.204669e-02 9.971988e-01 -4.054066e+01
9.962754e-01 6.802969e-02 -5.298436e-02 8.891087e+02 -6.499785e-02 9.962569e-01 5.698457e-02 -1.170338e+02 5.666269e-02 -5.332845e-02 9.969681e-01 -4.065869e+01
9.963233e-01 6.741143e-02 -5.287251e-02 8.908605e+02 -6.437149e-02 9.962834e-01 5.723334e-02 -1.171598e+02 5.653419e-02 -5.361943e-02 9.969598e-01 -4.078186e+01
9.962653e-01 6.686912e-02 -5.462574e-02 8.926218e+02 -6.379509e-02 9.963793e-01 5.620353e-02 -1.172921e+02 5.818623e-02 -5.250878e-02 9.969239e-01 -4.090311e+01
9.962566e-01 6.694022e-02 -5.469632e-02 8.943876e+02 -6.397085e-02 9.964708e-01 5.434721e-02 -1.174138e+02 5.814131e-02 -5.064480e-02 9.970229e-01 -4.102600e+01
9.962126e-01 6.607569e-02 -5.651970e-02 8.961447e+02 -6.309087e-02 9.965962e-01 5.305896e-02 -1.175427e+02 5.983324e-02 -4.929212e-02 9.969906e-01 -4.113300e+01
9.963709e-01 6.609935e-02 -5.362834e-02 8.978824e+02 -6.319278e-02 9.965287e-01 5.419640e-02 -1.176751e+02 5.702453e-02 -5.061080e-02 9.970891e-01 -4.124598e+01
9.964994e-01 6.530716e-02 -5.219218e-02 8.996409e+02 -6.240974e-02 9.965152e-01 5.533972e-02 -1.177951e+02 5.562438e-02 -5.188869e-02 9.971026e-01 -4.134954e+01
9.966645e-01 6.504666e-02 -4.928302e-02 9.014142e+02 -6.238627e-02 9.966050e-01 5.372345e-02 -1.179331e+02 5.261024e-02 -5.046967e-02 9.973390e-01 -4.146835e+01
9.967668e-01 6.449811e-02 -4.791606e-02 9.031362e+02 -6.188746e-02 9.966156e-01 5.410430e-02 -1.180539e+02 5.124352e-02 -5.096397e-02 9.973850e-01 -4.157768e+01
9.969147e-01 6.407355e-02 -4.533964e-02 9.049011e+02 -6.154530e-02 9.965812e-01 5.511903e-02 -1.181911e+02 4.871631e-02 -5.215852e-02 9.974499e-01 -4.167931e+01
9.968688e-01 6.446543e-02 -4.578988e-02 9.066418e+02 -6.164325e-02 9.962580e-01 6.058018e-02 -1.183211e+02 4.952386e-02 -5.756786e-02 9.971125e-01 -4.184394e+01
9.970531e-01 6.430785e-02 -4.182757e-02 9.084063e+02 -6.202970e-02 9.966310e-01 5.365578e-02 -1.184538e+02 4.513714e-02 -5.090311e-02 9.976830e-01 -4.192622e+01
9.970585e-01 6.362408e-02 -4.273720e-02 9.101628e+02 -6.143412e-02 9.968207e-01 5.073803e-02 -1.185817e+02 4.582949e-02 -4.796326e-02 9.977972e-01 -4.207180e+01
9.973058e-01 6.396540e-02 -3.590960e-02 9.119177e+02 -6.191781e-02 9.965371e-01 5.549751e-02 -1.187127e+02 3.933517e-02 -5.312454e-02 9.978129e-01 -4.215372e+01
9.970362e-01 6.412996e-02 -4.249892e-02 9.136588e+02 -6.157951e-02 9.963671e-01 5.882463e-02 -1.188319e+02 4.611695e-02 -5.603323e-02 9.973633e-01 -4.227795e+01
9.970493e-01 6.466818e-02 -4.136125e-02 9.153944e+02 -6.209971e-02 9.962267e-01 6.062904e-02 -1.189634e+02 4.512596e-02 -5.788162e-02 9.973031e-01 -4.244054e+01
9.968809e-01 6.461592e-02 -4.531337e-02 9.171380e+02 -6.219339e-02 9.966573e-01 5.297583e-02 -1.190823e+02 4.858498e-02 -4.999240e-02 9.975672e-01 -4.252626e+01
9.968951e-01 6.472154e-02 -4.484621e-02 9.188909e+02 -6.234074e-02 9.966680e-01 5.259565e-02 -1.192154e+02 4.810086e-02 -4.963660e-02 9.976084e-01 -4.267104e+01
9.969425e-01 6.397206e-02 -4.486851e-02 9.206631e+02 -6.171597e-02 9.968413e-01 4.998434e-02 -1.193360e+02 4.792438e-02 -4.706241e-02 9.977416e-01 -4.273397e+01
9.968816e-01 6.313490e-02 -4.733936e-02 9.223932e+02 -6.035524e-02 9.964896e-01 5.801197e-02 -1.194485e+02 5.083577e-02 -5.497389e-02 9.971929e-01 -4.284080e+01
9.968350e-01 6.342929e-02 -4.792458e-02 9.241356e+02 -6.069585e-02 9.965568e-01 5.648745e-02 -1.195752e+02 5.134252e-02 -5.339984e-02 9.972524e-01 -4.297044e+01
9.968339e-01 6.252091e-02 -4.912644e-02 9.258849e+02 -5.986606e-02 9.967570e-01 5.377231e-02 -1.196938e+02 5.232902e-02 -5.066105e-02 9.973440e-01 -4.308411e+01
9.970727e-01 6.051076e-02 -4.673876e-02 9.275988e+02 -5.820052e-02 9.970868e-01 4.930249e-02 -1.198041e+02 4.958593e-02 -4.643795e-02 9.976897e-01 -4.319535e+01
9.972818e-01 5.943660e-02 -4.354548e-02 9.293333e+02 -5.746660e-02 9.973248e-01 4.517554e-02 -1.199280e+02 4.611407e-02 -4.255034e-02 9.980295e-01 -4.328008e+01
9.973119e-01 5.893128e-02 -4.354349e-02 9.310475e+02 -5.689446e-02 9.972911e-01 4.662251e-02 -1.200412e+02 4.617305e-02 -4.401980e-02 9.979631e-01 -4.339927e+01
9.976298e-01 5.757577e-02 -3.768220e-02 9.327789e+02 -5.573149e-02 9.972774e-01 4.828870e-02 -1.201504e+02 4.035987e-02 -4.607416e-02 9.981223e-01 -4.346912e+01
9.976594e-01 5.716423e-02 -3.752162e-02 9.344802e+02 -5.511816e-02 9.970472e-01 5.346998e-02 -1.202664e+02 4.046740e-02 -5.127671e-02 9.978642e-01 -4.360145e+01
9.977416e-01 5.681360e-02 -3.583096e-02 9.361926e+02 -5.484394e-02 9.970474e-01 5.374582e-02 -1.203799e+02 3.877866e-02 -5.165933e-02 9.979116e-01 -4.369408e+01
9.978070e-01 5.628929e-02 -3.482439e-02 9.378961e+02 -5.432656e-02 9.970101e-01 5.494922e-02 -1.204902e+02 3.781332e-02 -5.293683e-02 9.978817e-01 -4.383862e+01
9.978865e-01 5.585152e-02 -3.321321e-02 9.395872e+02 -5.385355e-02 9.968468e-01 5.828015e-02 -1.205965e+02 3.636351e-02 -5.636832e-02 9.977476e-01 -4.396151e+01
9.977555e-01 5.602090e-02 -3.668340e-02 9.412737e+02 -5.387346e-02 9.969127e-01 5.712122e-02 -1.207118e+02 3.977013e-02 -5.501675e-02 9.976931e-01 -4.407615e+01
9.977403e-01 5.617797e-02 -3.685619e-02 9.429481e+02 -5.402937e-02 9.969164e-01 5.690910e-02 -1.208084e+02 3.993957e-02 -5.478919e-02 9.976988e-01 -4.421482e+01
9.976743e-01 5.589078e-02 -3.901539e-02 9.446172e+02 -5.372046e-02 9.970610e-01 5.461936e-02 -1.209182e+02 4.195345e-02 -5.239640e-02 9.977447e-01 -4.432440e+01
9.976124e-01 5.577109e-02 -4.073351e-02 9.462791e+02 -5.345394e-02 9.970034e-01 5.591611e-02 -1.210249e+02 4.372996e-02 -5.360523e-02 9.976042e-01 -4.442884e+01
9.975984e-01 5.530581e-02 -4.169735e-02 9.479401e+02 -5.299306e-02 9.970974e-01 5.466721e-02 -1.211206e+02 4.459973e-02 -5.232625e-02 9.976336e-01 -4.458775e+01
9.976622e-01 5.461981e-02 -4.107092e-02 9.496006e+02 -5.244918e-02 9.972589e-01 5.219087e-02 -1.212249e+02 4.380899e-02 -4.991473e-02 9.977922e-01 -4.465493e+01
9.975734e-01 5.413345e-02 -4.378264e-02 9.512429e+02 -5.186147e-02 9.973274e-01 5.146201e-02 -1.213310e+02 4.645145e-02 -4.906650e-02 9.977148e-01 -4.477103e+01
9.976968e-01 5.408912e-02 -4.093188e-02 9.528956e+02 -5.195132e-02 9.973154e-01 5.160406e-02 -1.214391e+02 4.361322e-02 -4.935874e-02 9.978284e-01 -4.487000e+01
9.978487e-01 5.310766e-02 -3.843775e-02 9.545101e+02 -5.102341e-02 9.972736e-01 5.331252e-02 -1.215314e+02 4.116425e-02 -5.123661e-02 9.978378e-01 -4.498320e+01
9.978634e-01 5.305133e-02 -3.813504e-02 9.561559e+02 -5.095566e-02 9.972414e-01 5.397118e-02 -1.216419e+02 4.089309e-02 -5.191267e-02 9.978140e-01 -4.506675e+01
9.979978e-01 5.231516e-02 -3.554729e-02 9.578087e+02 -5.032555e-02 9.972320e-01 5.473212e-02 -1.217326e+02 3.831222e-02 -5.283359e-02 9.978681e-01 -4.518847e+01
9.980168e-01 5.275600e-02 -3.434163e-02 9.594023e+02 -5.098919e-02 9.974248e-01 5.043658e-02 -1.218433e+02 3.691402e-02 -4.858550e-02 9.981366e-01 -4.529394e+01
9.981503e-01 5.225201e-02 -3.107701e-02 9.610740e+02 -5.064507e-02 9.974428e-01 5.042344e-02 -1.219369e+02 3.363228e-02 -4.875627e-02 9.982443e-01 -4.540213e+01
9.979656e-01 5.291372e-02 -3.556312e-02 9.627012e+02 -5.112327e-02 9.974650e-01 4.949836e-02 -1.220397e+02 3.809211e-02 -4.757956e-02 9.981409e-01 -4.550906e+01
9.979957e-01 5.334336e-02 -3.404519e-02 9.643192e+02 -5.156070e-02 9.973538e-01 5.125110e-02 -1.221444e+02 3.668900e-02 -4.939299e-02 9.981053e-01 -4.559071e+01
9.978369e-01 5.419328e-02 -3.721016e-02 9.659357e+02 -5.208185e-02 9.970971e-01 5.554311e-02 -1.222329e+02 4.011220e-02 -5.348499e-02 9.977627e-01 -4.570115e+01
9.978410e-01 5.482357e-02 -3.616198e-02 9.675505e+02 -5.279720e-02 9.971008e-01 5.479278e-02 -1.223412e+02 3.906108e-02 -5.276523e-02 9.978427e-01 -4.584365e+01
9.977649e-01 5.502248e-02 -3.791568e-02 9.691826e+02 -5.279743e-02 9.969555e-01 5.737830e-02 -1.224352e+02 4.095735e-02 -5.524820e-02 9.976323e-01 -4.592372e+01
9.976895e-01 5.548743e-02 -3.920314e-02 9.707724e+02 -5.354066e-02 9.973589e-01 4.907606e-02 -1.225341e+02 4.182272e-02 -4.686371e-02 9.980254e-01 -4.604779e+01
9.976677e-01 5.618021e-02 -3.876634e-02 9.724389e+02 -5.454030e-02 9.976220e-01 4.213747e-02 -1.226589e+02 4.104145e-02 -3.992487e-02 9.983594e-01 -4.611065e+01
9.977525e-01 5.555488e-02 -3.746326e-02 9.740226e+02 -5.378164e-02 9.974561e-01 4.678680e-02 -1.227432e+02 3.996719e-02 -4.466681e-02 9.982021e-01 -4.620848e+01
9.977253e-01 5.610839e-02 -3.736453e-02 9.756206e+02 -5.419762e-02 9.972613e-01 5.032541e-02 -1.228567e+02 4.008588e-02 -4.818587e-02 9.980337e-01 -4.628802e+01
9.977133e-01 5.733063e-02 -3.579673e-02 9.772289e+02 -5.531073e-02 9.969492e-01 5.507425e-02 -1.229606e+02 3.884496e-02 -5.296837e-02 9.978404e-01 -4.639933e+01
9.975302e-01 5.819808e-02 -3.932655e-02 9.788362e+02 -5.620998e-02 9.971712e-01 4.989778e-02 -1.230755e+02 4.211926e-02 -4.756400e-02 9.979798e-01 -4.651195e+01
9.976822e-01 5.857322e-02 -3.463214e-02 9.804415e+02 -5.681265e-02 9.971420e-01 4.980463e-02 -1.231919e+02 3.745038e-02 -4.772165e-02 9.981583e-01 -4.659990e+01
9.976344e-01 5.878305e-02 -3.563884e-02 9.820259e+02 -5.695848e-02 9.971129e-01 5.021492e-02 -1.232835e+02 3.848773e-02 -4.806620e-02 9.981024e-01 -4.671159e+01
9.975315e-01 5.997860e-02 -3.651631e-02 9.836232e+02 -5.814866e-02 9.970917e-01 4.926661e-02 -1.234063e+02 3.936505e-02 -4.702163e-02 9.981179e-01 -4.679612e+01
9.974869e-01 6.063870e-02 -3.664460e-02 9.852152e+02 -5.889180e-02 9.971571e-01 4.700565e-02 -1.235033e+02 3.939078e-02 -4.472945e-02 9.982222e-01 -4.689031e+01
9.974504e-01 6.087744e-02 -3.723667e-02 9.868198e+02 -5.918749e-02 9.972358e-01 4.491749e-02 -1.236187e+02 3.986820e-02 -4.259902e-02 9.982965e-01 -4.699813e+01
9.973776e-01 6.162122e-02 -3.795724e-02 9.884077e+02 -5.986724e-02 9.971583e-01 4.573179e-02 -1.237231e+02 4.066742e-02 -4.333946e-02 9.982324e-01 -4.707390e+01
9.972622e-01 6.172928e-02 -4.071397e-02 9.899803e+02 -5.985995e-02 9.971631e-01 4.563776e-02 -1.238453e+02 4.341565e-02 -4.307568e-02 9.981281e-01 -4.714888e+01
9.970852e-01 6.201740e-02 -4.443941e-02 9.916036e+02 -5.997422e-02 9.971429e-01 4.592336e-02 -1.239565e+02 4.716050e-02 -4.312429e-02 9.979560e-01 -4.723353e+01
9.968323e-01 6.120206e-02 -5.079145e-02 9.931235e+02 -5.883824e-02 9.971700e-01 4.679913e-02 -1.240753e+02 5.351191e-02 -4.366241e-02 9.976122e-01 -4.728773e+01
9.964007e-01 5.999994e-02 -5.987972e-02 9.947560e+02 -5.710078e-02 9.971648e-01 4.900778e-02 -1.241783e+02 6.265042e-02 -4.541221e-02 9.970018e-01 -4.736304e+01
9.956794e-01 6.068012e-02 -7.028873e-02 9.962693e+02 -5.718628e-02 9.970753e-01 5.069749e-02 -1.242921e+02 7.315949e-02 -4.645890e-02 9.962376e-01 -4.741434e+01
9.945989e-01 6.063046e-02 -8.424378e-02 9.977916e+02 -5.636697e-02 9.970499e-01 5.209956e-02 -1.243909e+02 8.715407e-02 -4.706960e-02 9.950822e-01 -4.746992e+01
9.947111e-01 5.980101e-02 -8.350832e-02 9.993134e+02 -5.536144e-02 9.969774e-01 5.450508e-02 -1.244987e+02 8.651539e-02 -4.959367e-02 9.950154e-01 -4.759390e+01
9.932372e-01 6.131930e-02 -9.858903e-02 1.000839e+03 -5.634623e-02 9.970320e-01 5.246149e-02 -1.246005e+02 1.015133e-01 -4.655159e-02 9.937444e-01 -4.762980e+01
9.925945e-01 5.832144e-02 -1.065582e-01 1.002411e+03 -5.259158e-02 9.970551e-01 5.581517e-02 -1.246934e+02 1.094996e-01 -4.979777e-02 9.927387e-01 -4.775382e+01
9.919977e-01 5.986078e-02 -1.111629e-01 1.003918e+03 -5.402483e-02 9.970353e-01 5.479168e-02 -1.247937e+02 1.141132e-01 -4.834766e-02 9.922906e-01 -4.782406e+01
9.913458e-01 6.093812e-02 -1.162760e-01 1.005479e+03 -5.482214e-02 9.969749e-01 5.509378e-02 -1.248928e+02 1.192816e-01 -4.824249e-02 9.916877e-01 -4.793840e+01
9.907534e-01 6.040519e-02 -1.214866e-01 1.006988e+03 -5.407090e-02 9.970332e-01 5.478022e-02 -1.249921e+02 1.244352e-01 -4.770480e-02 9.910803e-01 -4.800736e+01
9.897937e-01 6.107048e-02 -1.287591e-01 1.008564e+03 -5.488314e-02 9.971858e-01 5.106928e-02 -1.250859e+02 1.315156e-01 -4.348135e-02 9.903600e-01 -4.811579e+01
9.894691e-01 6.057223e-02 -1.314608e-01 1.010120e+03 -5.440963e-02 9.972672e-01 4.997722e-02 -1.251919e+02 1.341287e-01 -4.229819e-02 9.900608e-01 -4.818856e+01
9.876908e-01 6.099915e-02 -1.440347e-01 1.011624e+03 -5.391819e-02 9.971608e-01 5.256692e-02 -1.252860e+02 1.468323e-01 -4.415377e-02 9.881755e-01 -4.825745e+01
9.858593e-01 6.160761e-02 -1.558392e-01 1.013198e+03 -5.358748e-02 9.970387e-01 5.515589e-02 -1.253984e+02 1.587757e-01 -4.602492e-02 9.862413e-01 -4.833919e+01
9.843058e-01 6.295189e-02 -1.648609e-01 1.014717e+03 -5.447631e-02 9.969748e-01 5.544122e-02 -1.254812e+02 1.678523e-01 -4.559010e-02 9.847574e-01 -4.841117e+01
9.846355e-01 6.345964e-02 -1.626830e-01 1.016245e+03 -5.530331e-02 9.969982e-01 5.418843e-02 -1.255863e+02 1.656335e-01 -4.435894e-02 9.851893e-01 -4.854814e+01
9.843422e-01 6.480625e-02 -1.639227e-01 1.017662e+03 -5.567065e-02 9.966609e-01 5.972878e-02 -1.256825e+02 1.672462e-01 -4.966787e-02 9.846633e-01 -4.858900e+01
9.801007e-01 6.605286e-02 -1.871887e-01 1.019202e+03 -5.505962e-02 9.964724e-01 6.333645e-02 -1.257888e+02 1.907119e-01 -5.176957e-02 9.802800e-01 -4.869780e+01
9.803597e-01 6.683636e-02 -1.855475e-01 1.020787e+03 -5.560616e-02 9.963292e-01 6.508832e-02 -1.259033e+02 1.892166e-01 -5.349237e-02 9.804773e-01 -4.880599e+01
9.796135e-01 6.679948e-02 -1.894602e-01 1.022345e+03 -5.578753e-02 9.964608e-01 6.287780e-02 -1.259918e+02 1.929898e-01 -5.102643e-02 9.798731e-01 -4.890938e+01
9.803103e-01 6.679663e-02 -1.858224e-01 1.023970e+03 -5.633911e-02 9.965461e-01 6.100515e-02 -1.260954e+02 1.892555e-01 -4.933491e-02 9.806877e-01 -4.903750e+01
9.802595e-01 6.817954e-02 -1.855881e-01 1.025521e+03 -5.719154e-02 9.963139e-01 6.393554e-02 -1.261945e+02 1.892630e-01 -5.205935e-02 9.805454e-01 -4.915502e+01
9.809064e-01 6.929243e-02 -1.817176e-01 1.026989e+03 -5.786489e-02 9.960427e-01 6.745734e-02 -1.262932e+02 1.856728e-01 -5.565426e-02 9.810343e-01 -4.927224e+01
9.811482e-01 7.005649e-02 -1.801115e-01 1.028634e+03 -5.906919e-02 9.960918e-01 6.566523e-02 -1.264033e+02 1.840079e-01 -5.378828e-02 9.814519e-01 -4.936459e+01
9.813486e-01 6.784009e-02 -1.798683e-01 1.030117e+03 -5.714161e-02 9.963117e-01 6.401374e-02 -1.265093e+02 1.835476e-01 -5.254183e-02 9.816056e-01 -4.950497e+01
9.813293e-01 6.739631e-02 -1.801407e-01 1.031688e+03 -5.622411e-02 9.962059e-01 6.642719e-02 -1.266165e+02 1.839342e-01 -5.505869e-02 9.813953e-01 -4.960503e+01
9.811535e-01 6.802669e-02 -1.808595e-01 1.033298e+03 -5.631957e-02 9.960185e-01 6.910178e-02 -1.267075e+02 1.848402e-01 -5.761353e-02 9.810784e-01 -4.975578e+01
9.802914e-01 6.916408e-02 -1.850541e-01 1.034902e+03 -5.725808e-02 9.959768e-01 6.893239e-02 -1.268231e+02 1.890772e-01 -5.697799e-02 9.803078e-01 -4.985408e+01
9.803111e-01 6.939741e-02 -1.848625e-01 1.036445e+03 -5.826245e-02 9.961827e-01 6.500597e-02 -1.269165e+02 1.886680e-01 -5.295553e-02 9.806121e-01 -4.998079e+01
9.800194e-01 6.918230e-02 -1.864829e-01 1.038002e+03 -5.914124e-02 9.965112e-01 5.888676e-02 -1.270251e+02 1.899062e-01 -4.668133e-02 9.806919e-01 -5.006235e+01
9.808120e-01 6.873620e-02 -1.824369e-01 1.039584e+03 -5.975811e-02 9.967366e-01 5.426768e-02 -1.271346e+02 1.855716e-01 -4.232431e-02 9.817188e-01 -5.018064e+01
9.810901e-01 6.983179e-02 -1.805153e-01 1.041175e+03 -6.089454e-02 9.966500e-01 5.459278e-02 -1.272624e+02 1.837229e-01 -4.256804e-02 9.820560e-01 -5.032320e+01
9.814664e-01 6.820086e-02 -1.790874e-01 1.042759e+03 -5.900295e-02 9.966745e-01 5.619963e-02 -1.273621e+02 1.823247e-01 -4.459137e-02 9.822267e-01 -5.042349e+01
9.816550e-01 6.878953e-02 -1.778244e-01 1.044299e+03 -5.901868e-02 9.964720e-01 5.967043e-02 -1.274737e+02 1.813017e-01 -4.808081e-02 9.822515e-01 -5.053823e+01
9.816481e-01 6.880252e-02 -1.778571e-01 1.045892e+03 -5.937806e-02 9.965616e-01 5.778565e-02 -1.275850e+02 1.812214e-01 -4.616437e-02 9.823582e-01 -5.060544e+01
9.823993e-01 6.898908e-02 -1.735861e-01 1.047467e+03 -5.986681e-02 9.965631e-01 5.725598e-02 -1.276952e+02 1.769396e-01 -4.585619e-02 9.831529e-01 -5.076711e+01
9.814718e-01 6.837717e-02 -1.789908e-01 1.049039e+03 -5.906735e-02 9.966344e-01 5.684153e-02 -1.277929e+02 1.822751e-01 -4.521585e-02 9.822074e-01 -5.087414e+01
9.811524e-01 6.877302e-02 -1.805831e-01 1.050649e+03 -5.998773e-02 9.967550e-01 5.367472e-02 -1.278970e+02 1.836885e-01 -4.183031e-02 9.820940e-01 -5.100024e+01
9.800481e-01 6.840234e-02 -1.866194e-01 1.052199e+03 -5.950612e-02 9.968269e-01 5.286925e-02 -1.279943e+02 1.896436e-01 -4.070942e-02 9.810087e-01 -5.114331e+01
9.791592e-01 6.931506e-02 -1.908996e-01 1.053822e+03 -5.968811e-02 9.966600e-01 5.573294e-02 -1.280978e+02 1.941251e-01 -4.317699e-02 9.800261e-01 -5.122968e+01
9.786622e-01 6.841651e-02 -1.937512e-01 1.055372e+03 -5.717827e-02 9.963729e-01 6.301977e-02 -1.281696e+02 1.973601e-01 -5.059671e-02 9.790245e-01 -5.139606e+01
9.767258e-01 6.959134e-02 -2.028885e-01 1.056977e+03 -5.812315e-02 9.963853e-01 6.195229e-02 -1.283143e+02 2.064665e-01 -4.871789e-02 9.772401e-01 -5.133598e+01
9.764338e-01 6.896611e-02 -2.045011e-01 1.058539e+03 -5.877879e-02 9.967278e-01 5.548555e-02 -1.284225e+02 2.076585e-01 -4.215765e-02 9.772925e-01 -5.140617e+01
9.798664e-01 6.748737e-02 -1.879023e-01 1.060144e+03 -5.850454e-02 9.968816e-01 5.295459e-02 -1.284882e+02 1.908902e-01 -4.089528e-02 9.807591e-01 -5.174440e+01
9.791961e-01 6.633736e-02 -1.917665e-01 1.061694e+03 -5.725149e-02 9.969763e-01 5.254475e-02 -1.286221e+02 1.946723e-01 -4.047270e-02 9.800330e-01 -5.174453e+01
9.792703e-01 6.591844e-02 -1.915319e-01 1.063235e+03 -5.552100e-02 9.967034e-01 5.916019e-02 -1.287119e+02 1.948002e-01 -4.729978e-02 9.797018e-01 -5.187861e+01
9.789711e-01 6.621052e-02 -1.929553e-01 1.064853e+03 -5.641327e-02 9.968449e-01 5.584012e-02 -1.288314e+02 1.960437e-01 -4.378062e-02 9.796174e-01 -5.197017e+01
9.782733e-01 6.735820e-02 -1.960719e-01 1.066457e+03 -5.858191e-02 9.970183e-01 5.022767e-02 -1.289372e+02 1.988705e-01 -3.765012e-02 9.793023e-01 -5.201902e+01
9.792424e-01 6.591623e-02 -1.916748e-01 1.068015e+03 -5.736072e-02 9.971080e-01 4.985296e-02 -1.290200e+02 1.944066e-01 -3.782352e-02 9.801915e-01 -5.222779e+01
9.786988e-01 6.655899e-02 -1.942125e-01 1.069607e+03 -5.760568e-02 9.970156e-01 5.139602e-02 -1.291463e+02 1.970537e-01 -3.911348e-02 9.796122e-01 -5.224228e+01
9.790624e-01 6.588721e-02 -1.926026e-01 1.071152e+03 -5.671614e-02 9.969954e-01 5.275431e-02 -1.292421e+02 1.954998e-01 -4.072608e-02 9.798577e-01 -5.237670e+01
9.790071e-01 6.656265e-02 -1.926511e-01 1.072752e+03 -5.765968e-02 9.970090e-01 5.146261e-02 -1.293625e+02 1.955004e-01 -3.927406e-02 9.799169e-01 -5.246086e+01
9.789253e-01 6.665453e-02 -1.930347e-01 1.074337e+03 -5.810507e-02 9.970763e-01 4.962387e-02 -1.294603e+02 1.957780e-01 -3.736177e-02 9.799362e-01 -5.256796e+01
9.794061e-01 6.646385e-02 -1.906471e-01 1.075896e+03 -5.833272e-02 9.971447e-01 4.795594e-02 -1.295645e+02 1.932900e-01 -3.584737e-02 9.804866e-01 -5.269542e+01
9.791017e-01 6.666131e-02 -1.921359e-01 1.077490e+03 -5.799613e-02 9.970446e-01 5.038200e-02 -1.296757e+02 1.949266e-01 -3.818596e-02 9.800742e-01 -5.276604e+01
9.799196e-01 6.602796e-02 -1.881431e-01 1.079052e+03 -5.706747e-02 9.969808e-01 5.265709e-02 -1.297721e+02 1.910519e-01 -4.086287e-02 9.807290e-01 -5.292042e+01
9.791021e-01 6.743409e-02 -1.918640e-01 1.080684e+03 -5.873336e-02 9.969862e-01 5.068639e-02 -1.299048e+02 1.947038e-01 -3.835833e-02 9.801118e-01 -5.293686e+01
9.796328e-01 6.794202e-02 -1.889537e-01 1.082247e+03 -5.994262e-02 9.970596e-01 4.773920e-02 -1.299935e+02 1.916416e-01 -3.544050e-02 9.808249e-01 -5.310888e+01
9.797507e-01 6.801403e-02 -1.883154e-01 1.083826e+03 -6.049307e-02 9.971353e-01 4.540821e-02 -1.301049e+02 1.908643e-01 -3.309695e-02 9.810583e-01 -5.320028e+01
9.796991e-01 6.939761e-02 -1.880790e-01 1.085419e+03 -6.128475e-02 9.969355e-01 4.861959e-02 -1.302233e+02 1.908768e-01 -3.610620e-02 9.809498e-01 -5.328164e+01
9.794403e-01 7.023596e-02 -1.891126e-01 1.086997e+03 -6.157120e-02 9.967825e-01 5.131685e-02 -1.303357e+02 1.921084e-01 -3.861791e-02 9.806136e-01 -5.337517e+01
9.796467e-01 7.010457e-02 -1.880893e-01 1.088561e+03 -6.168137e-02 9.968290e-01 5.027561e-02 -1.304409e+02 1.910174e-01 -3.765073e-02 9.808643e-01 -5.350074e+01
9.791439e-01 7.107320e-02 -1.903309e-01 1.090170e+03 -6.308110e-02 9.968662e-01 4.773269e-02 -1.305676e+02 1.931270e-01 -3.473089e-02 9.805589e-01 -5.355271e+01
9.794177e-01 7.109746e-02 -1.889077e-01 1.091758e+03 -6.335039e-02 9.968960e-01 4.674390e-02 -1.306620e+02 1.916447e-01 -3.381443e-02 9.808817e-01 -5.368222e+01
9.797534e-01 7.137661e-02 -1.870523e-01 1.093344e+03 -6.399222e-02 9.969250e-01 4.523076e-02 -1.307928e+02 1.897055e-01 -3.234510e-02 9.813081e-01 -5.378385e+01
9.796360e-01 7.200065e-02 -1.874278e-01 1.094939e+03 -6.436540e-02 9.968418e-01 4.651700e-02 -1.309013e+02 1.901851e-01 -3.350585e-02 9.811763e-01 -5.386868e+01
9.800851e-01 7.170881e-02 -1.851785e-01 1.096495e+03 -6.390332e-02 9.968113e-01 4.778886e-02 -1.310231e+02 1.880148e-01 -3.500364e-02 9.815422e-01 -5.396666e+01
9.802753e-01 7.236020e-02 -1.839140e-01 1.098099e+03 -6.511502e-02 9.968562e-01 4.514110e-02 -1.311413e+02 1.866022e-01 -3.227515e-02 9.819053e-01 -5.402894e+01
9.811714e-01 7.166238e-02 -1.793522e-01 1.099665e+03 -6.439199e-02 9.968618e-01 4.604306e-02 -1.312620e+02 1.820889e-01 -3.362730e-02 9.827069e-01 -5.416015e+01
9.814447e-01 7.131319e-02 -1.779910e-01 1.101246e+03 -6.392274e-02 9.968510e-01 4.692369e-02 -1.313765e+02 1.807768e-01 -3.467533e-02 9.829127e-01 -5.422566e+01
9.817822e-01 7.111901e-02 -1.761981e-01 1.102838e+03 -6.367432e-02 9.968369e-01 4.755862e-02 -1.314948e+02 1.790230e-01 -3.547292e-02 9.832052e-01 -5.434505e+01
9.812093e-01 7.177617e-02 -1.790988e-01 1.104421e+03 -6.451490e-02 9.968535e-01 4.605125e-02 -1.316121e+02 1.818407e-01 -3.363138e-02 9.827527e-01 -5.442294e+01
9.808697e-01 7.214549e-02 -1.808027e-01 1.106017e+03 -6.471536e-02 9.968119e-01 4.667043e-02 -1.317219e+02 1.835933e-01 -3.407690e-02 9.824114e-01 -5.454300e+01
9.802768e-01 7.182416e-02 -1.841159e-01 1.107607e+03 -6.454431e-02 9.968888e-01 4.524014e-02 -1.318391e+02 1.867924e-01 -3.246422e-02 9.818628e-01 -5.460817e+01
9.799878e-01 7.176813e-02 -1.856699e-01 1.109214e+03 -6.440102e-02 9.968899e-01 4.541777e-02 -1.319495e+02 1.883520e-01 -3.255153e-02 9.815620e-01 -5.471958e+01
9.799316e-01 7.207517e-02 -1.858474e-01 1.110812e+03 -6.484169e-02 9.968930e-01 4.471850e-02 -1.320560e+02 1.884930e-01 -3.177042e-02 9.815605e-01 -5.480528e+01
9.795876e-01 7.431766e-02 -1.867753e-01 1.112444e+03 -6.687634e-02 9.967078e-01 4.583980e-02 -1.321795e+02 1.895670e-01 -3.241326e-02 9.813326e-01 -5.488852e+01
9.794567e-01 7.595183e-02 -1.868043e-01 1.114044e+03 -6.785698e-02 9.964731e-01 4.936175e-02 -1.323084e+02 1.898946e-01 -3.567172e-02 9.811562e-01 -5.497819e+01
9.795298e-01 7.647865e-02 -1.862053e-01 1.115672e+03 -6.816860e-02 9.963878e-01 5.063883e-02 -1.324278e+02 1.894055e-01 -3.690889e-02 9.812050e-01 -5.507475e+01
9.791392e-01 7.498786e-02 -1.888472e-01 1.117308e+03 -6.797841e-02 9.967452e-01 4.333382e-02 -1.325454e+02 1.914821e-01 -2.959231e-02 9.810499e-01 -5.516538e+01
9.781440e-01 7.514747e-02 -1.938738e-01 1.118951e+03 -6.902174e-02 9.968846e-01 3.817001e-02 -1.326663e+02 1.961382e-01 -2.395426e-02 9.802836e-01 -5.525505e+01
9.783526e-01 7.560625e-02 -1.926393e-01 1.120594e+03 -6.935511e-02 9.968295e-01 3.899921e-02 -1.327930e+02 1.949771e-01 -2.479446e-02 9.804943e-01 -5.533098e+01
9.787103e-01 7.539493e-02 -1.908973e-01 1.122242e+03 -6.872720e-02 9.967793e-01 4.132112e-02 -1.329334e+02 1.933979e-01 -2.732157e-02 9.807399e-01 -5.539553e+01
9.799166e-01 7.571897e-02 -1.844728e-01 1.123907e+03 -6.997079e-02 9.968445e-01 3.748258e-02 -1.330775e+02 1.867288e-01 -2.382210e-02 9.821226e-01 -5.544759e+01
9.797656e-01 7.514387e-02 -1.855068e-01 1.125523e+03 -6.970680e-02 9.969296e-01 3.566895e-02 -1.331962e+02 1.876175e-01 -2.201613e-02 9.819954e-01 -5.555330e+01
9.802162e-01 7.506232e-02 -1.831443e-01 1.127192e+03 -6.889111e-02 9.968286e-01 3.983782e-02 -1.333100e+02 1.855537e-01 -2.643267e-02 9.822785e-01 -5.567264e+01
9.795851e-01 7.645814e-02 -1.859226e-01 1.128861e+03 -6.970072e-02 9.966569e-01 4.262394e-02 -1.334341e+02 1.885600e-01 -2.879483e-02 9.816394e-01 -5.574747e+01
9.795300e-01 7.640297e-02 -1.862351e-01 1.130539e+03 -6.955387e-02 9.966491e-01 4.304681e-02 -1.335685e+02 1.889000e-01 -2.921227e-02 9.815617e-01 -5.582480e+01
9.800847e-01 7.588731e-02 -1.835078e-01 1.132208e+03 -6.964338e-02 9.967599e-01 4.024357e-02 -1.337009e+02 1.859672e-01 -2.666200e-02 9.821941e-01 -5.590493e+01
9.814652e-01 7.515135e-02 -1.762907e-01 1.133892e+03 -6.948773e-02 9.968553e-01 3.809180e-02 -1.338352e+02 1.785990e-01 -2.513574e-02 9.836009e-01 -5.600254e+01
9.825479e-01 7.546284e-02 -1.700146e-01 1.135554e+03 -6.976718e-02 9.967912e-01 3.923840e-02 -1.339806e+02 1.724301e-01 -2.669217e-02 9.846600e-01 -5.609417e+01
9.820428e-01 7.530937e-02 -1.729751e-01 1.137277e+03 -6.905575e-02 9.967326e-01 4.189959e-02 -1.341088e+02 1.755653e-01 -2.920227e-02 9.840346e-01 -5.618655e+01
9.798652e-01 7.621711e-02 -1.845405e-01 1.138996e+03 -7.003423e-02 9.967502e-01 3.980323e-02 -1.342426e+02 1.869745e-01 -2.607764e-02 9.820186e-01 -5.625644e+01
9.794474e-01 7.550251e-02 -1.870354e-01 1.140723e+03 -7.054453e-02 9.969616e-01 3.303359e-02 -1.343797e+02 1.889612e-01 -1.916035e-02 9.817976e-01 -5.633338e+01
9.811707e-01 7.478373e-02 -1.780775e-01 1.142424e+03 -6.959462e-02 9.969535e-01 3.521889e-02 -1.345003e+02 1.801688e-01 -2.216251e-02 9.833860e-01 -5.643477e+01
9.815379e-01 7.367991e-02 -1.765069e-01 1.144110e+03 -6.788628e-02 9.969442e-01 3.864893e-02 -1.346343e+02 1.788151e-01 -2.595299e-02 9.835404e-01 -5.652419e+01
9.816195e-01 7.277841e-02 -1.764269e-01 1.145878e+03 -6.654286e-02 9.969401e-01 4.101392e-02 -1.347766e+02 1.788720e-01 -2.852010e-02 9.834589e-01 -5.660365e+01
9.806483e-01 7.164370e-02 -1.821977e-01 1.147573e+03 -6.591756e-02 9.971277e-01 3.730001e-02 -1.349072e+02 1.843467e-01 -2.456816e-02 9.825542e-01 -5.666764e+01
9.814419e-01 7.011396e-02 -1.784822e-01 1.149259e+03 -6.500698e-02 9.972949e-01 3.431003e-02 -1.350372e+02 1.804049e-01 -2.207071e-02 9.833448e-01 -5.675524e+01
9.812838e-01 6.937156e-02 -1.796378e-01 1.151056e+03 -6.392423e-02 9.973072e-01 3.594421e-02 -1.351622e+02 1.816476e-01 -2.378826e-02 9.830759e-01 -5.685125e+01
9.820281e-01 6.783369e-02 -1.761235e-01 1.152734e+03 -6.257097e-02 9.974172e-01 3.527089e-02 -1.352790e+02 1.780612e-01 -2.361678e-02 9.837360e-01 -5.693665e+01
9.821166e-01 6.615583e-02 -1.762680e-01 1.154398e+03 -6.090879e-02 9.975288e-01 3.501945e-02 -1.353977e+02 1.781491e-01 -2.365691e-02 9.837191e-01 -5.700869e+01
9.823356e-01 6.484456e-02 -1.755332e-01 1.156107e+03 -6.005991e-02 9.976676e-01 3.244012e-02 -1.355134e+02 1.772274e-01 -2.132458e-02 9.839389e-01 -5.708921e+01
9.827433e-01 6.297097e-02 -1.739258e-01 1.157825e+03 -5.797869e-02 9.977508e-01 3.364174e-02 -1.356335e+02 1.756530e-01 -2.297721e-02 9.841840e-01 -5.716120e+01
9.829666e-01 6.192236e-02 -1.730385e-01 1.159435e+03 -5.728303e-02 9.978552e-01 3.168219e-02 -1.357404e+02 1.746292e-01 -2.123037e-02 9.844053e-01 -5.723635e+01
9.831547e-01 5.990941e-02 -1.726781e-01 1.161022e+03 -5.558233e-02 9.980096e-01 2.979034e-02 -1.358351e+02 1.741191e-01 -1.969067e-02 9.845277e-01 -5.728846e+01
9.834343e-01 5.807448e-02 -1.717100e-01 1.162501e+03 -5.375847e-02 9.981126e-01 2.968345e-02 -1.359243e+02 1.731098e-01 -1.996086e-02 9.847003e-01 -5.736983e+01
9.833915e-01 5.655182e-02 -1.724615e-01 1.164005e+03 -5.177968e-02 9.981443e-01 3.204873e-02 -1.360186e+02 1.739539e-01 -2.258644e-02 9.844947e-01 -5.742145e+01
9.831048e-01 5.577881e-02 -1.743379e-01 1.165477e+03 -5.123755e-02 9.982222e-01 3.044532e-02 -1.361016e+02 1.757262e-01 -2.099829e-02 9.842151e-01 -5.748794e+01
9.839599e-01 5.384520e-02 -1.700695e-01 1.166891e+03 -4.940121e-02 9.983206e-01 3.025804e-02 -1.361799e+02 1.714132e-01 -2.137106e-02 9.849674e-01 -5.754850e+01
9.831141e-01 5.263789e-02 -1.752599e-01 1.168460e+03 -4.821203e-02 9.984038e-01 2.941886e-02 -1.362630e+02 1.765287e-01 -2.047246e-02 9.840826e-01 -5.762063e+01
9.838701e-01 5.135883e-02 -1.713528e-01 1.169762e+03 -4.701285e-02 9.984637e-01 2.932772e-02 -1.363287e+02 1.725958e-01 -2.079889e-02 9.847731e-01 -5.766985e+01
9.835624e-01 5.232488e-02 -1.728210e-01 1.170981e+03 -4.801843e-02 9.984251e-01 2.900895e-02 -1.364253e+02 1.740667e-01 -2.023352e-02 9.845260e-01 -5.771186e+01