1.000000e+00 0.000000e+00 0.000000e+00 0.000000e+00 0.000000e+00 1.000000e+00 0.000000e+00 0.000000e+00 0.000000e+00 0.000000e+00 1.000000e+00 0.000000e+00
9.999980e-01 -4.657382e-04 -1.961105e-03 2.796529e-01 4.595588e-04 9.999950e-01 -3.150281e-03 1.155124e-01 1.962562e-03 3.149374e-03 9.999931e-01 -5.187251e-02
9.999943e-01 1.037260e-03 -3.214867e-03 9.953779e-01 -1.059163e-03 9.999763e-01 -6.818785e-03 1.638885e-01 3.207718e-03 6.822151e-03 9.999716e-01 -4.024331e-02
9.999896e-01 2.067469e-03 -4.067695e-03 1.168529e+00 -2.093930e-03 9.999765e-01 -6.511591e-03 2.380234e-01 4.054138e-03 6.520041e-03 9.999706e-01 -6.928200e-02
9.999813e-01 2.718566e-03 -5.474018e-03 1.395855e+00 -2.755318e-03 9.999737e-01 -6.717579e-03 3.210966e-01 5.455612e-03 6.732536e-03 9.999624e-01 -4.863833e-02
9.999619e-01 6.929870e-03 -5.302728e-03 3.018156e+00 -6.930843e-03 9.999759e-01 -1.652081e-04 3.008757e-01 5.301456e-03 2.019542e-04 9.999859e-01 -9.965935e-02
9.999151e-01 1.072206e-02 -7.398500e-03 4.779205e+00 -1.072777e-02 9.999422e-01 -7.312713e-04 2.595729e-01 7.390232e-03 8.105787e-04 9.999723e-01 -1.154157e-01
9.998664e-01 1.445288e-02 -7.635091e-03 6.513684e+00 -1.445265e-02 9.998957e-01 8.497400e-05 2.403177e-01 7.635521e-03 2.538462e-05 9.999709e-01 -1.575352e-01
9.997973e-01 1.796726e-02 -9.086250e-03 8.242484e+00 -1.800943e-02 9.998273e-01 -4.580365e-03 1.880555e-01 9.002385e-03 4.743075e-03 9.999482e-01 -1.697273e-01
9.997479e-01 2.178787e-02 -5.419268e-03 9.975964e+00 -2.179673e-02 9.997611e-01 -1.580021e-03 1.420116e-01 5.383548e-03 1.697745e-03 9.999841e-01 -2.087266e-01
9.996734e-01 2.512170e-02 -4.682556e-03 1.168579e+01 -2.512410e-02 9.996843e-01 -4.552087e-04 8.142761e-02 4.669641e-03 5.727051e-04 9.999889e-01 -2.311541e-01
9.995821e-01 2.888412e-02 -1.120348e-03 1.341335e+01 -2.888317e-02 9.995824e-01 8.628216e-04 1.807513e-02 1.144802e-03 -8.301020e-04 9.999990e-01 -2.750730e-01
9.994491e-01 3.314821e-02 -1.615423e-03 1.514253e+01 -3.314890e-02 9.994503e-01 -4.026204e-04 -4.905726e-02 1.601189e-03 4.559481e-04 9.999986e-01 -3.133945e-01
9.993054e-01 3.726615e-02 1.880965e-04 1.686277e+01 -3.726562e-02 9.993030e-01 -2.257526e-03 -1.223864e-01 -2.720946e-04 2.248949e-03 9.999974e-01 -3.451647e-01
9.991363e-01 4.152874e-02 -1.429337e-03 1.858299e+01 -4.152823e-02 9.991374e-01 3.827411e-04 -2.048126e-01 1.443999e-03 -3.230527e-04 9.999989e-01 -3.925424e-01
9.989132e-01 4.659046e-02 -1.357423e-03 2.029848e+01 -4.658642e-02 9.989102e-01 2.870045e-03 -3.062521e-01 1.489660e-03 -2.803689e-03 9.999949e-01 -4.176717e-01
9.986480e-01 5.195804e-02 -1.593630e-03 2.200911e+01 -5.195105e-02 9.986410e-01 4.150852e-03 -4.095656e-01 1.807134e-03 -4.062449e-03 9.999901e-01 -4.410067e-01
9.984165e-01 5.625156e-02 -4.091334e-04 2.373826e+01 -5.624973e-02 9.984102e-01 3.594887e-03 -5.184920e-01 6.107010e-04 -3.566181e-03 9.999934e-01 -4.790484e-01
9.981812e-01 6.028578e-02 1.963504e-06 2.546432e+01 -6.028511e-02 9.981699e-01 4.756691e-03 -6.264446e-01 2.848009e-04 -4.748157e-03 9.999887e-01 -5.067856e-01
9.978219e-01 6.593184e-02 2.088699e-03 2.718735e+01 -6.594330e-02 9.978054e-01 6.001571e-03 -7.671100e-01 -1.688420e-03 -6.126235e-03 9.999798e-01 -5.646544e-01
9.974197e-01 7.174131e-02 2.689923e-03 2.893652e+01 -7.175065e-02 9.974163e-01 3.556553e-03 -9.035047e-01 -2.427822e-03 -3.740380e-03 9.999900e-01 -5.906212e-01
9.970374e-01 7.681172e-02 4.051484e-03 3.067194e+01 -7.682370e-02 9.970405e-01 2.888752e-03 -1.045280e+00 -3.817603e-03 -3.191444e-03 9.999876e-01 -6.426789e-01
9.965814e-01 8.256579e-02 2.880716e-03 3.241890e+01 -8.257357e-02 9.965813e-01 2.692342e-03 -1.200862e+00 -2.648573e-03 -2.921009e-03 9.999923e-01 -6.827163e-01
9.960249e-01 8.904810e-02 2.191918e-03 3.413266e+01 -8.906291e-02 9.959940e-01 7.985543e-03 -1.366340e+00 -1.472039e-03 -8.149018e-03 9.999657e-01 -7.398241e-01
9.954321e-01 9.547257e-02 5.633099e-05 3.584316e+01 -9.546965e-02 9.953967e-01 8.435431e-03 -1.539984e+00 7.492805e-04 -8.402276e-03 9.999644e-01 -7.786193e-01
9.949158e-01 1.007097e-01 -4.271278e-04 3.758387e+01 -1.007033e-01 9.948857e-01 7.825484e-03 -1.723000e+00 1.213046e-03 -7.742685e-03 9.999693e-01 -8.015934e-01
9.943348e-01 1.062941e-01 1.027356e-05 3.929520e+01 -1.062915e-01 9.943105e-01 6.984407e-03 -1.926761e+00 7.321858e-04 -6.945930e-03 9.999756e-01 -8.475315e-01
9.938302e-01 1.109122e-01 -1.670662e-05 4.101874e+01 -1.109079e-01 9.937929e-01 8.649746e-03 -2.123079e+00 9.759653e-04 -8.594526e-03 9.999626e-01 -9.080004e-01
9.932927e-01 1.156268e-01 3.509899e-04 4.272005e+01 -1.156263e-01 9.932656e-01 7.363957e-03 -2.325078e+00 5.028447e-04 -7.355149e-03 9.999728e-01 -9.452398e-01
9.926465e-01 1.210230e-01 -2.522277e-03 4.444662e+01 -1.209968e-01 9.926145e-01 8.738091e-03 -2.560188e+00 3.561158e-03 -8.368649e-03 9.999586e-01 -9.996919e-01
9.920810e-01 1.255673e-01 -2.840526e-03 4.616633e+01 -1.255357e-01 9.920444e-01 9.417645e-03 -2.789779e+00 4.000476e-03 -8.986480e-03 9.999516e-01 -1.045230e+00
9.915891e-01 1.293775e-01 -3.552493e-03 4.790749e+01 -1.293348e-01 9.915466e-01 1.037656e-02 -3.019226e+00 4.864956e-03 -9.829820e-03 9.999399e-01 -1.088829e+00
9.911238e-01 1.328818e-01 -4.000130e-03 4.963386e+01 -1.328417e-01 9.910963e-01 9.022723e-03 -3.272023e+00 5.163469e-03 -8.411252e-03 9.999513e-01 -1.133642e+00
9.906536e-01 1.363424e-01 -4.017412e-03 5.135365e+01 -1.362959e-01 9.906158e-01 1.018446e-02 -3.525756e+00 5.368285e-03 -9.541711e-03 9.999400e-01 -1.196464e+00
9.902059e-01 1.394343e-01 -7.099141e-03 5.307357e+01 -1.393691e-01 9.901999e-01 8.975472e-03 -3.779063e+00 8.281058e-03 -7.898165e-03 9.999345e-01 -1.245348e+00
9.897428e-01 1.424820e-01 -1.039349e-02 5.479528e+01 -1.423995e-01 9.897746e-01 8.284196e-03 -4.028876e+00 1.146756e-02 -6.719195e-03 9.999117e-01 -1.297763e+00
9.892477e-01 1.459051e-01 -1.002926e-02 5.652999e+01 -1.458214e-01 9.892733e-01 8.621395e-03 -4.295746e+00 1.117959e-02 -7.066214e-03 9.999126e-01 -1.335512e+00
9.887622e-01 1.493087e-01 -7.494739e-03 5.826339e+01 -1.492275e-01 9.887478e-01 1.042696e-02 -4.575278e+00 8.967244e-03 -9.191368e-03 9.999176e-01 -1.377694e+00
9.882255e-01 1.527014e-01 -9.631298e-03 5.999710e+01 -1.525801e-01 9.882146e-01 1.228344e-02 -4.854692e+00 1.139349e-02 -1.066926e-02 9.998782e-01 -1.432823e+00
9.876212e-01 1.566529e-01 -8.019817e-03 6.173135e+01 -1.565790e-01 9.876232e-01 9.135982e-03 -5.139641e+00 9.351735e-03 -7.767154e-03 9.999261e-01 -1.472053e+00
9.869752e-01 1.606132e-01 -9.129505e-03 6.344340e+01 -1.604991e-01 9.869618e-01 1.209719e-02 -5.427778e+00 1.095344e-02 -1.047435e-02 9.998851e-01 -1.561459e+00
9.862071e-01 1.653624e-01 -7.129197e-03 6.515361e+01 -1.653266e-01 9.862244e-01 5.349389e-03 -5.738570e+00 7.915576e-03 -4.096960e-03 9.999603e-01 -1.564902e+00
9.856048e-01 1.686664e-01 -1.161241e-02 6.687297e+01 -1.685256e-01 9.856217e-01 1.220361e-02 -6.040825e+00 1.350378e-02 -1.007095e-02 9.998581e-01 -1.666497e+00
9.848620e-01 1.731768e-01 -7.534208e-03 6.855623e+01 -1.731242e-01 9.848741e-01 7.151891e-03 -6.361367e+00 8.658787e-03 -5.739271e-03 9.999461e-01 -1.668752e+00
9.844236e-01 1.755116e-01 -1.028227e-02 7.026438e+01 -1.754104e-01 9.844441e-01 1.004257e-02 -6.662397e+00 1.188490e-02 -8.082527e-03 9.998967e-01 -1.755231e+00
9.841194e-01 1.774046e-01 -6.050230e-03 7.197722e+01 -1.773519e-01 9.841119e-01 8.365772e-03 -6.984211e+00 7.438231e-03 -7.159899e-03 9.999467e-01 -1.755810e+00
9.839277e-01 1.784608e-01 -6.157440e-03 7.366119e+01 -1.783940e-01 9.839073e-01 1.009165e-02 -7.301856e+00 7.859315e-03 -8.831002e-03 9.999301e-01 -1.861153e+00
9.839060e-01 1.786229e-01 -4.777168e-03 7.536651e+01 -1.785801e-01 9.838909e-01 8.246610e-03 -7.627953e+00 6.173245e-03 -7.260782e-03 9.999546e-01 -1.857517e+00
9.838065e-01 1.791830e-01 -4.277171e-03 7.704935e+01 -1.791230e-01 9.837568e-01 1.172576e-02 -7.956378e+00 6.308753e-03 -1.076974e-02 9.999221e-01 -1.950693e+00
9.839048e-01 1.786365e-01 -4.498943e-03 7.876555e+01 -1.785813e-01 9.838679e-01 1.060809e-02 -8.283718e+00 6.321358e-03 -9.633923e-03 9.999336e-01 -1.955145e+00
9.837912e-01 1.793073e-01 -1.945576e-03 8.043871e+01 -1.792633e-01 9.837018e-01 1.398762e-02 -8.605320e+00 4.421948e-03 -1.341213e-02 9.999003e-01 -2.051459e+00
9.836672e-01 1.799097e-01 -5.603992e-03 8.215569e+01 -1.798473e-01 9.836420e-01 1.015737e-02 -8.933992e+00 7.339732e-03 -8.983610e-03 9.999327e-01 -2.086056e+00
9.834815e-01 1.809939e-01 -2.300741e-03 8.386494e+01 -1.809605e-01 9.834338e-01 1.053232e-02 -9.260435e+00 4.168912e-03 -9.941999e-03 9.999419e-01 -2.140415e+00
9.832398e-01 1.822681e-01 -4.221963e-03 8.556382e+01 -1.822176e-01 9.832048e-01 1.024103e-02 -9.605347e+00 6.017667e-03 -9.300067e-03 9.999387e-01 -2.188133e+00
9.831654e-01 1.827179e-01 6.164360e-05 8.727136e+01 -1.827096e-01 9.831172e-01 9.896005e-03 -9.925459e+00 1.747574e-03 -9.740671e-03 9.999510e-01 -2.235410e+00
9.829937e-01 1.836027e-01 -3.660327e-03 8.898473e+01 -1.835602e-01 9.829603e-01 9.741067e-03 -1.025281e+01 5.386442e-03 -8.903517e-03 9.999459e-01 -2.281769e+00
9.827851e-01 1.847473e-01 -1.369635e-03 9.068022e+01 -1.847235e-01 9.827355e-01 1.040152e-02 -1.061490e+01 3.267642e-03 -9.969452e-03 9.999450e-01 -2.330647e+00
9.826939e-01 1.852059e-01 -3.380844e-03 9.239101e+01 -1.851663e-01 9.826597e-01 9.652914e-03 -1.094854e+01 5.109997e-03 -8.859841e-03 9.999477e-01 -2.375219e+00
9.825460e-01 1.860137e-01 -1.473101e-03 9.412206e+01 -1.859891e-01 9.824979e-01 1.028993e-02 -1.129300e+01 3.361386e-03 -9.836349e-03 9.999460e-01 -2.434839e+00
9.825529e-01 1.859446e-01 -3.781105e-03 9.582496e+01 -1.858948e-01 9.825102e-01 1.082147e-02 -1.162735e+01 5.727166e-03 -9.929776e-03 9.999343e-01 -2.480991e+00
9.824376e-01 1.865726e-01 -2.678281e-03 9.755521e+01 -1.865377e-01 9.823972e-01 9.969727e-03 -1.197131e+01 4.491214e-03 -9.295034e-03 9.999467e-01 -2.534671e+00
9.824212e-01 1.865961e-01 -5.513929e-03 9.928204e+01 -1.865248e-01 9.823838e-01 1.142410e-02 -1.232441e+01 7.548486e-03 -1.019479e-02 9.999195e-01 -2.606979e+00
9.821978e-01 1.878168e-01 -3.500943e-03 1.009910e+02 -1.877737e-01 9.821607e-01 1.007811e-02 -1.265461e+01 5.331326e-03 -9.241312e-03 9.999431e-01 -2.647264e+00
9.820185e-01 1.886890e-01 -6.002746e-03 1.027172e+02 -1.886182e-01 9.819918e-01 1.074630e-02 -1.301017e+01 7.922354e-03 -9.420836e-03 9.999242e-01 -2.706090e+00
9.818268e-01 1.897163e-01 -4.891645e-03 1.044133e+02 -1.896789e-01 9.818197e-01 7.223499e-03 -1.334757e+01 6.173128e-03 -6.164383e-03 9.999620e-01 -2.758172e+00
9.815583e-01 1.910593e-01 -6.302194e-03 1.061321e+02 -1.909855e-01 9.815340e-01 1.075192e-02 -1.370904e+01 8.240072e-03 -9.350011e-03 9.999223e-01 -2.806492e+00
9.811997e-01 1.928821e-01 -6.606060e-03 1.078297e+02 -1.928074e-01 9.811802e-01 1.052456e-02 -1.405520e+01 8.511734e-03 -9.052995e-03 9.999228e-01 -2.844553e+00
9.807029e-01 1.953464e-01 -7.842056e-03 1.095293e+02 -1.952082e-01 9.806370e-01 1.564570e-02 -1.441774e+01 1.074654e-02 -1.381295e-02 9.998468e-01 -2.928781e+00
9.800519e-01 1.985560e-01 -8.593708e-03 1.112170e+02 -1.984570e-01 9.800460e-01 1.116078e-02 -1.476684e+01 1.063827e-02 -9.232659e-03 9.999008e-01 -2.956895e+00
9.796290e-01 2.006734e-01 -7.568828e-03 1.129569e+02 -2.005933e-01 9.796216e-01 1.017826e-02 -1.516119e+01 9.457096e-03 -8.452663e-03 9.999195e-01 -3.028852e+00
9.794453e-01 2.016593e-01 -4.526704e-03 1.146707e+02 -2.016070e-01 9.794155e-01 1.000264e-02 -1.550199e+01 6.450650e-03 -8.884427e-03 9.999397e-01 -3.048544e+00
9.795063e-01 2.013956e-01 -2.713749e-03 1.164037e+02 -2.013364e-01 9.794142e-01 1.453979e-02 -1.587457e+01 5.586133e-03 -1.369543e-02 9.998906e-01 -3.131134e+00
9.796343e-01 2.007723e-01 -2.643314e-03 1.181095e+02 -2.007077e-01 9.795253e-01 1.569554e-02 -1.627525e+01 5.740424e-03 -1.484536e-02 9.998733e-01 -3.190118e+00
9.797587e-01 2.001472e-01 -3.736133e-03 1.198180e+02 -2.000900e-01 9.797035e-01 1.205178e-02 -1.665165e+01 6.072434e-03 -1.106028e-02 9.999204e-01 -3.265184e+00
9.798952e-01 1.994848e-01 -3.334553e-03 1.215405e+02 -1.994460e-01 9.798632e-01 9.463987e-03 -1.699895e+01 5.155326e-03 -8.608653e-03 9.999496e-01 -3.313341e+00
9.798343e-01 1.997910e-01 -2.900705e-03 1.232390e+02 -1.997508e-01 9.797900e-01 1.054016e-02 -1.738033e+01 4.947911e-03 -9.748191e-03 9.999402e-01 -3.370450e+00
9.797673e-01 2.000945e-01 -4.269463e-03 1.249636e+02 -2.000402e-01 9.797295e-01 1.069191e-02 -1.775484e+01 6.322311e-03 -9.621518e-03 9.999337e-01 -3.415916e+00
9.796332e-01 2.007588e-01 -3.842853e-03 1.266614e+02 -2.007018e-01 9.795812e-01 1.181034e-02 -1.812809e+01 6.135414e-03 -1.079853e-02 9.999229e-01 -3.477360e+00
9.795060e-01 2.013631e-01 -4.561131e-03 1.283860e+02 -2.013024e-01 9.794648e-01 1.122271e-02 -1.849484e+01 6.727308e-03 -1.007454e-02 9.999266e-01 -3.525834e+00
9.794102e-01 2.017964e-01 -5.831017e-03 1.300782e+02 -2.017197e-01 9.793741e-01 1.163067e-02 -1.886868e+01 8.057775e-03 -1.021497e-02 9.999154e-01 -3.583278e+00
9.793257e-01 2.022261e-01 -5.086455e-03 1.317992e+02 -2.021583e-01 9.792857e-01 1.146666e-02 -1.923894e+01 7.299951e-03 -1.020133e-02 9.999213e-01 -3.636554e+00
9.792250e-01 2.027440e-01 -3.624913e-03 1.335314e+02 -2.026903e-01 9.791737e-01 1.164440e-02 -1.959504e+01 5.910252e-03 -1.066776e-02 9.999256e-01 -3.682944e+00
9.791183e-01 2.032522e-01 -3.989482e-03 1.352554e+02 -2.031782e-01 9.790395e-01 1.415452e-02 -1.997755e+01 6.782798e-03 -1.304837e-02 9.998919e-01 -3.749364e+00
9.788213e-01 2.046551e-01 -5.009959e-03 1.369551e+02 -2.045791e-01 9.787681e-01 1.266468e-02 -2.036328e+01 7.495478e-03 -1.137152e-02 9.999073e-01 -3.798877e+00
9.787828e-01 2.048252e-01 -5.555227e-03 1.386771e+02 -2.047428e-01 9.787335e-01 1.269871e-02 -2.074644e+01 8.038104e-03 -1.129189e-02 9.999039e-01 -3.876794e+00
9.785396e-01 2.060066e-01 -4.637918e-03 1.403810e+02 -2.059475e-01 9.785030e-01 1.084013e-02 -2.111180e+01 6.771357e-03 -9.652333e-03 9.999305e-01 -3.911283e+00
9.783539e-01 2.068715e-01 -5.276562e-03 1.420878e+02 -2.068099e-01 9.783266e-01 1.034610e-02 -2.149982e+01 7.302513e-03 -9.030900e-03 9.999325e-01 -3.978388e+00
9.781874e-01 2.076411e-01 -5.874473e-03 1.437883e+02 -2.075759e-01 9.781666e-01 1.011655e-02 -2.187272e+01 7.846825e-03 -8.676479e-03 9.999316e-01 -4.029140e+00
9.781467e-01 2.078459e-01 -5.405210e-03 1.455198e+02 -2.077700e-01 9.781034e-01 1.206600e-02 -2.225617e+01 7.794722e-03 -1.067928e-02 9.999126e-01 -4.089511e+00
9.777438e-01 2.097304e-01 -5.499070e-03 1.471694e+02 -2.096539e-01 9.777018e-01 1.200486e-02 -2.264776e+01 7.894236e-03 -1.058478e-02 9.999128e-01 -4.133643e+00
9.779007e-01 2.090245e-01 -4.358724e-03 1.488921e+02 -2.089500e-01 9.778335e-01 1.347774e-02 -2.302214e+01 7.079284e-03 -1.226914e-02 9.998997e-01 -4.195868e+00
9.777349e-01 2.097796e-01 -5.191186e-03 1.506045e+02 -2.096974e-01 9.776776e-01 1.316865e-02 -2.339712e+01 7.837822e-03 -1.178688e-02 9.998998e-01 -4.249554e+00
9.777306e-01 2.098411e-01 -3.100088e-03 1.523147e+02 -2.097767e-01 9.776434e-01 1.440571e-02 -2.379519e+01 6.053691e-03 -1.343458e-02 9.998914e-01 -4.325352e+00
9.778820e-01 2.091177e-01 -4.081812e-03 1.540393e+02 -2.090458e-01 9.778111e-01 1.361477e-02 -2.417555e+01 6.838331e-03 -1.246035e-02 9.998990e-01 -4.375146e+00
9.776395e-01 2.102559e-01 -3.676875e-03 1.556841e+02 -2.101963e-01 9.775800e-01 1.244508e-02 -2.455119e+01 6.211091e-03 -1.139394e-02 9.999158e-01 -4.441638e+00
9.774218e-01 2.112579e-01 -4.102685e-03 1.573783e+02 -2.111900e-01 9.773591e-01 1.296219e-02 -2.494023e+01 6.748162e-03 -1.180308e-02 9.999076e-01 -4.496793e+00
9.776021e-01 2.104309e-01 -3.600586e-03 1.590738e+02 -2.103734e-01 9.775443e-01 1.225048e-02 -2.532218e+01 6.097612e-03 -1.121862e-02 9.999185e-01 -4.561543e+00
9.774064e-01 2.113356e-01 -3.741134e-03 1.607439e+02 -2.112716e-01 9.773408e-01 1.301110e-02 -2.570820e+01 6.406071e-03 -1.192673e-02 9.999083e-01 -4.614666e+00
9.772698e-01 2.119666e-01 -3.729094e-03 1.623941e+02 -2.119105e-01 9.772183e-01 1.176645e-02 -2.609620e+01 6.138233e-03 -1.070876e-02 9.999238e-01 -4.675651e+00
9.772863e-01 2.119022e-01 -3.001981e-03 1.640609e+02 -2.118503e-01 9.772232e-01 1.242513e-02 -2.646765e+01 5.566516e-03 -1.150693e-02 9.999183e-01 -4.725802e+00
9.772530e-01 2.120572e-01 -2.874098e-03 1.656981e+02 -2.120080e-01 9.771917e-01 1.220239e-02 -2.683403e+01 5.396149e-03 -1.131549e-02 9.999214e-01 -4.784153e+00
9.771191e-01 2.126906e-01 -9.777340e-04 1.673426e+02 -2.126627e-01 9.770477e-01 1.234739e-02 -2.722029e+01 3.581466e-03 -1.185694e-02 9.999233e-01 -4.841074e+00
9.768340e-01 2.139899e-01 -1.915991e-03 1.689865e+02 -2.139487e-01 9.767607e-01 1.282026e-02 -2.758231e+01 4.614869e-03 -1.211334e-02 9.999160e-01 -4.900860e+00
9.766561e-01 2.147999e-01 -1.973355e-03 1.706345e+02 -2.147616e-01 9.765924e-01 1.202583e-02 -2.797754e+01 4.510310e-03 -1.132130e-02 9.999257e-01 -4.960227e+00
9.767647e-01 2.142942e-01 -2.957684e-03 1.722699e+02 -2.142382e-01 9.766918e-01 1.323312e-02 -2.833851e+01 5.724526e-03 -1.229199e-02 9.999081e-01 -5.027259e+00
9.765007e-01 2.155009e-01 -2.386411e-03 1.738763e+02 -2.154562e-01 9.764349e-01 1.237878e-02 -2.870096e+01 4.997815e-03 -1.157373e-02 9.999205e-01 -5.080656e+00
9.763010e-01 2.163707e-01 -4.483021e-03 1.754722e+02 -2.162988e-01 9.762425e-01 1.284883e-02 -2.908904e+01 7.156627e-03 -1.157465e-02 9.999074e-01 -5.139105e+00
9.760651e-01 2.174468e-01 -3.718518e-03 1.770630e+02 -2.173933e-01 9.760183e-01 1.132559e-02 -2.947331e+01 6.092056e-03 -1.024613e-02 9.999290e-01 -5.192317e+00
9.759504e-01 2.179830e-01 -2.071370e-03 1.786586e+02 -2.179460e-01 9.758936e-01 1.144968e-02 -2.984059e+01 4.517271e-03 -1.072287e-02 9.999323e-01 -5.248130e+00
9.758335e-01 2.185136e-01 -8.069135e-04 1.802326e+02 -2.184874e-01 9.757620e-01 1.231355e-02 -3.020575e+01 3.478035e-03 -1.183968e-02 9.999239e-01 -5.304467e+00
9.754807e-01 2.200851e-01 -3.063795e-05 1.817867e+02 -2.200616e-01 9.753786e-01 1.447455e-02 -3.057938e+01 3.215517e-03 -1.411290e-02 9.998952e-01 -5.357848e+00
9.753050e-01 2.208620e-01 -4.746970e-04 1.833563e+02 -2.208308e-01 9.751992e-01 1.483589e-02 -3.094143e+01 3.739608e-03 -1.436469e-02 9.998899e-01 -5.421232e+00
9.751787e-01 2.214187e-01 -5.822491e-04 1.849094e+02 -2.213855e-01 9.750718e-01 1.494959e-02 -3.131374e+01 3.877854e-03 -1.444962e-02 9.998881e-01 -5.485944e+00
9.748937e-01 2.226652e-01 -1.530594e-03 1.864152e+02 -2.226096e-01 9.747648e-01 1.668438e-02 -3.167070e+01 5.207000e-03 -1.592477e-02 9.998596e-01 -5.543351e+00
9.746885e-01 2.235581e-01 -2.042446e-03 1.879407e+02 -2.234828e-01 9.745300e-01 1.861272e-02 -3.203750e+01 6.151451e-03 -1.768516e-02 9.998247e-01 -5.601096e+00
9.743593e-01 2.249659e-01 -3.777445e-03 1.894367e+02 -2.248484e-01 9.741874e-01 2.004991e-02 -3.239674e+01 8.190485e-03 -1.868646e-02 9.997919e-01 -5.667178e+00
9.738285e-01 2.272568e-01 -3.514420e-03 1.909348e+02 -2.271408e-01 9.736475e-01 2.043883e-02 -3.274644e+01 8.066669e-03 -1.910565e-02 9.997849e-01 -5.735441e+00
9.731795e-01 2.299684e-01 -6.022526e-03 1.924102e+02 -2.298040e-01 9.730207e-01 2.051152e-02 -3.312165e+01 1.057705e-02 -1.857739e-02 9.997715e-01 -5.803947e+00
9.727172e-01 2.319085e-01 -6.297108e-03 1.939078e+02 -2.317308e-01 9.725482e-01 2.122795e-02 -3.347226e+01 1.104718e-02 -1.918956e-02 9.997548e-01 -5.876005e+00
9.722611e-01 2.337528e-01 -8.243691e-03 1.953919e+02 -2.334896e-01 9.720422e-01 2.483278e-02 -3.385345e+01 1.381795e-02 -2.221913e-02 9.996576e-01 -5.934043e+00
9.716267e-01 2.363503e-01 -8.950878e-03 1.968289e+02 -2.360588e-01 9.714000e-01 2.565696e-02 -3.420445e+01 1.475891e-02 -2.281606e-02 9.996307e-01 -6.007319e+00
9.711208e-01 2.384494e-01 -8.136848e-03 1.982799e+02 -2.381609e-01 9.708580e-01 2.672349e-02 -3.457589e+01 1.427193e-02 -2.401386e-02 9.996098e-01 -6.069210e+00
9.708884e-01 2.393897e-01 -8.269448e-03 1.997297e+02 -2.391113e-01 9.706498e-01 2.578399e-02 -3.493102e+01 1.419916e-02 -2.305606e-02 9.996333e-01 -6.157762e+00
9.704327e-01 2.413246e-01 -4.781309e-03 2.011536e+02 -2.411232e-01 9.701416e-01 2.616893e-02 -3.531786e+01 1.095375e-02 -2.424230e-02 9.996461e-01 -6.219009e+00
9.703869e-01 2.414955e-01 -5.401181e-03 2.025782e+02 -2.412796e-01 9.701039e-01 2.612543e-02 -3.568572e+01 1.154888e-02 -2.404858e-02 9.996441e-01 -6.300835e+00
9.701697e-01 2.424228e-01 -1.367728e-03 2.040001e+02 -2.422950e-01 9.698133e-01 2.747992e-02 -3.605784e+01 7.988201e-03 -2.632880e-02 9.996214e-01 -6.360122e+00
9.699391e-01 2.433124e-01 -4.150213e-03 2.054151e+02 -2.430856e-01 9.695444e-01 2.987974e-02 -3.642316e+01 1.129393e-02 -2.797267e-02 9.995449e-01 -6.440698e+00
9.698548e-01 2.436649e-01 -3.032611e-03 2.068275e+02 -2.434767e-01 9.694686e-01 2.914889e-02 -3.678593e+01 1.004258e-02 -2.753182e-02 9.995705e-01 -6.512046e+00
9.696489e-01 2.445005e-01 -6.959911e-04 2.082226e+02 -2.443647e-01 9.691979e-01 3.068469e-02 -3.715981e+01 8.176973e-03 -2.958330e-02 9.995289e-01 -6.582914e+00
9.695243e-01 2.449946e-01 5.385047e-04 2.096188e+02 -2.448906e-01 9.690437e-01 3.135117e-02 -3.752351e+01 7.159032e-03 -3.052759e-02 9.995083e-01 -6.657544e+00
9.693232e-01 2.457794e-01 2.261931e-03 2.110137e+02 -2.457167e-01 9.687696e-01 3.330384e-02 -3.790548e+01 5.994108e-03 -3.283798e-02 9.994427e-01 -6.734709e+00
9.691873e-01 2.462987e-01 3.596143e-03 2.124111e+02 -2.462854e-01 9.686669e-01 3.206146e-02 -3.827390e+01 4.413231e-03 -3.195924e-02 9.994794e-01 -6.806449e+00
9.690914e-01 2.466910e-01 2.314800e-03 2.138073e+02 -2.466274e-01 9.685256e-01 3.366291e-02 -3.863525e+01 6.062394e-03 -3.319333e-02 9.994305e-01 -6.897791e+00
9.688390e-01 2.476591e-01 3.981903e-03 2.151920e+02 -2.476550e-01 9.682980e-01 3.264958e-02 -3.902123e+01 4.230296e-03 -3.261833e-02 9.994589e-01 -6.970401e+00
9.688414e-01 2.476811e-01 5.853563e-04 2.165919e+02 -2.475499e-01 9.682460e-01 3.491299e-02 -3.936906e+01 8.080520e-03 -3.397006e-02 9.993902e-01 -7.048103e+00
9.687600e-01 2.479990e-01 8.323251e-04 2.179718e+02 -2.478664e-01 9.681211e-01 3.611280e-02 -3.974498e+01 8.150147e-03 -3.519094e-02 9.993474e-01 -7.118230e+00
9.688425e-01 2.476618e-01 -2.791829e-03 2.193585e+02 -2.473756e-01 9.681566e-01 3.844955e-02 -4.010893e+01 1.222541e-02 -3.656093e-02 9.992567e-01 -7.218542e+00
9.688314e-01 2.477212e-01 -2.604527e-04 2.207414e+02 -2.475474e-01 9.681901e-01 3.644188e-02 -4.048211e+01 9.279593e-03 -3.524156e-02 9.993358e-01 -7.274294e+00
9.691054e-01 2.466421e-01 -1.526539e-03 2.221506e+02 -2.464005e-01 9.683956e-01 3.868812e-02 -4.085656e+01 1.102041e-02 -3.711672e-02 9.992502e-01 -7.369580e+00
9.696130e-01 2.446387e-01 1.572276e-03 2.235553e+02 -2.445004e-01 9.688048e-01 4.045735e-02 -4.122138e+01 8.374204e-03 -3.961240e-02 9.991800e-01 -7.445107e+00
9.699320e-01 2.433619e-01 -2.630366e-03 2.249312e+02 -2.430358e-01 9.690905e-01 4.239789e-02 -4.158465e+01 1.286710e-02 -4.048380e-02 9.990973e-01 -7.556494e+00
9.702250e-01 2.422030e-01 -1.116471e-03 2.263441e+02 -2.419863e-01 9.695328e-01 3.806279e-02 -4.194373e+01 1.030138e-02 -3.665930e-02 9.992747e-01 -7.629325e+00
9.707950e-01 2.398534e-01 -5.227256e-03 2.277399e+02 -2.394760e-01 9.701177e-01 3.902333e-02 -4.231181e+01 1.443093e-02 -3.663185e-02 9.992246e-01 -7.726215e+00
9.709348e-01 2.393395e-01 -1.475966e-03 2.291405e+02 -2.391436e-01 9.703553e-01 3.493926e-02 -4.267021e+01 9.794557e-03 -3.357077e-02 9.993883e-01 -7.769365e+00
9.708568e-01 2.396136e-01 -4.724488e-03 2.305448e+02 -2.392362e-01 9.701232e-01 4.033813e-02 -4.303728e+01 1.424890e-02 -3.803227e-02 9.991749e-01 -7.899391e+00
9.713443e-01 2.376653e-01 2.343613e-03 2.319654e+02 -2.375679e-01 9.705533e-01 3.984670e-02 -4.340911e+01 7.195573e-03 -3.926162e-02 9.992031e-01 -7.914503e+00
9.714726e-01 2.371516e-01 -3.470401e-04 2.333365e+02 -2.368591e-01 9.703449e-01 4.825776e-02 -4.375720e+01 1.178115e-02 -4.679889e-02 9.988348e-01 -8.054618e+00
9.717022e-01 2.362072e-01 -9.962623e-04 2.347503e+02 -2.358761e-01 9.705471e-01 4.899637e-02 -4.412685e+01 1.254021e-02 -4.737489e-02 9.987984e-01 -8.128621e+00
9.719383e-01 2.351919e-01 -4.566971e-03 2.361440e+02 -2.346681e-01 9.707568e-01 5.062044e-02 -4.446621e+01 1.633893e-02 -4.812822e-02 9.987075e-01 -8.238231e+00
9.721917e-01 2.341595e-01 -3.555819e-03 2.375804e+02 -2.336657e-01 9.709297e-01 5.192006e-02 -4.482062e+01 1.561003e-02 -4.964538e-02 9.986449e-01 -8.329518e+00
9.723889e-01 2.333364e-01 -3.725700e-03 2.389585e+02 -2.328416e-01 9.711493e-01 5.151327e-02 -4.516885e+01 1.563814e-02 -4.922344e-02 9.986653e-01 -8.434824e+00
9.727915e-01 2.316454e-01 -4.139809e-03 2.403545e+02 -2.311849e-01 9.717180e-01 4.814327e-02 -4.552131e+01 1.517489e-02 -4.587631e-02 9.988319e-01 -8.505453e+00
9.733127e-01 2.291983e-01 -1.142825e-02 2.417922e+02 -2.282584e-01 9.720553e-01 5.483128e-02 -4.586081e+01 2.367613e-02 -5.075938e-02 9.984303e-01 -8.695083e+00
9.743984e-01 2.248277e-01 -5.577933e-04 2.432435e+02 -2.243427e-01 9.724532e-01 6.328511e-02 -4.622604e+01 1.477067e-02 -6.153978e-02 9.979953e-01 -8.756052e+00
9.751954e-01 2.212832e-01 -5.262267e-03 2.446252e+02 -2.204171e-01 9.730051e-01 6.839079e-02 -4.654594e+01 2.025394e-02 -6.553449e-02 9.976447e-01 -8.896670e+00
9.762009e-01 2.167664e-01 -6.640317e-03 2.460940e+02 -2.161967e-01 9.751301e-01 4.878858e-02 -4.688771e+01 1.705090e-02 -4.619185e-02 9.987870e-01 -8.923497e+00
9.770088e-01 2.131987e-01 2.794964e-04 2.474976e+02 -2.129573e-01 9.758383e-01 4.887116e-02 -4.723449e+01 1.014653e-02 -4.780707e-02 9.988050e-01 -9.115291e+00
9.784114e-01 2.066550e-01 -2.172016e-03 2.489630e+02 -2.063916e-01 9.775982e-01 4.128124e-02 -4.755741e+01 1.065434e-02 -3.994175e-02 9.991452e-01 -9.142388e+00
9.789578e-01 2.040614e-01 7.357029e-04 2.503591e+02 -2.038206e-01 9.776143e-01 5.222410e-02 -4.787421e+01 9.937693e-03 -5.127515e-02 9.986351e-01 -9.303885e+00
9.796200e-01 2.007469e-01 -6.730508e-03 2.517839e+02 -2.001235e-01 9.783475e-01 5.278790e-02 -4.817387e+01 1.718178e-02 -5.036515e-02 9.985831e-01 -9.340056e+00
9.799880e-01 1.989474e-01 -6.586226e-03 2.532137e+02 -1.982834e-01 9.785612e-01 5.569200e-02 -4.848013e+01 1.752480e-02 -5.327155e-02 9.984263e-01 -9.480275e+00
9.805180e-01 1.961237e-01 -1.095041e-02 2.546660e+02 -1.952861e-01 9.793017e-01 5.321255e-02 -4.877740e+01 2.116000e-02 -5.003741e-02 9.985232e-01 -9.571760e+00
9.808192e-01 1.946859e-01 -9.544179e-03 2.561145e+02 -1.939437e-01 9.796313e-01 5.204406e-02 -4.908039e+01 1.948202e-02 -4.919478e-02 9.985992e-01 -9.695065e+00
9.811966e-01 1.927696e-01 -9.646948e-03 2.575368e+02 -1.920175e-01 9.799911e-01 5.240936e-02 -4.938733e+01 1.955686e-02 -4.957150e-02 9.985791e-01 -9.785653e+00
9.814819e-01 1.913547e-01 -8.761625e-03 2.589911e+02 -1.906049e-01 9.801412e-01 5.470964e-02 -4.969033e+01 1.905657e-02 -5.202651e-02 9.984639e-01 -9.894801e+00
9.818923e-01 1.890277e-01 -1.249201e-02 2.604363e+02 -1.880777e-01 9.806033e-01 5.517176e-02 -4.998151e+01 2.267870e-02 -5.182326e-02 9.983987e-01 -1.000185e+01
9.819283e-01 1.890405e-01 -8.973098e-03 2.619027e+02 -1.882329e-01 9.804524e-01 5.728180e-02 -5.028529e+01 1.962627e-02 -5.455759e-02 9.983177e-01 -1.011040e+01
9.822123e-01 1.873499e-01 -1.260926e-02 2.633177e+02 -1.864290e-01 9.809994e-01 5.371042e-02 -5.057108e+01 2.243231e-02 -5.040431e-02 9.984769e-01 -1.021204e+01
9.822412e-01 1.874249e-01 -8.611331e-03 2.647675e+02 -1.867321e-01 9.810153e-01 5.234339e-02 -5.087137e+01 1.825830e-02 -4.980582e-02 9.985920e-01 -1.031589e+01
9.824425e-01 1.863892e-01 -8.112215e-03 2.662233e+02 -1.856652e-01 9.810430e-01 5.552565e-02 -5.116855e+01 1.830781e-02 -5.304460e-02 9.984243e-01 -1.042534e+01
9.825553e-01 1.858625e-01 -6.348755e-03 2.676418e+02 -1.851751e-01 9.809353e-01 5.895619e-02 -5.144388e+01 1.718546e-02 -5.675208e-02 9.982404e-01 -1.053018e+01
9.825075e-01 1.859881e-01 -9.352878e-03 2.690849e+02 -1.850890e-01 9.808263e-01 6.100850e-02 -5.172612e+01 2.052040e-02 -5.821019e-02 9.980934e-01 -1.064806e+01
9.826267e-01 1.853904e-01 -8.666633e-03 2.705169e+02 -1.845685e-01 9.810365e-01 5.917498e-02 -5.201383e+01 1.947276e-02 -5.654733e-02 9.982100e-01 -1.075548e+01
9.827850e-01 1.844765e-01 -1.009615e-02 2.719729e+02 -1.836297e-01 9.813678e-01 5.654241e-02 -5.231071e+01 2.033879e-02 -5.371508e-02 9.983491e-01 -1.086697e+01
9.828191e-01 1.844690e-01 -6.145101e-03 2.734034e+02 -1.837867e-01 9.811653e-01 5.947371e-02 -5.258892e+01 1.700041e-02 -5.732251e-02 9.982110e-01 -1.099097e+01
9.829094e-01 1.837743e-01 -1.077949e-02 2.748313e+02 -1.827912e-01 9.812431e-01 6.123236e-02 -5.288366e+01 2.183023e-02 -5.821546e-02 9.980654e-01 -1.108988e+01
9.831197e-01 1.827782e-01 -8.239641e-03 2.762693e+02 -1.819138e-01 9.813036e-01 6.285274e-02 -5.315837e+01 1.957370e-02 -6.029286e-02 9.979888e-01 -1.121399e+01
9.831213e-01 1.827181e-01 -9.311900e-03 2.777206e+02 -1.818022e-01 9.813646e-01 6.222145e-02 -5.346064e+01 2.050735e-02 -5.947830e-02 9.980189e-01 -1.132617e+01
9.833502e-01 1.816717e-01 -4.225672e-03 2.791425e+02 -1.809951e-01 9.812341e-01 6.648774e-02 -5.373875e+01 1.622532e-02 -6.461591e-02 9.977783e-01 -1.146439e+01
9.835279e-01 1.806939e-01 -4.747423e-03 2.805917e+02 -1.799939e-01 9.814516e-01 6.599420e-02 -5.402107e+01 1.658412e-02 -6.405263e-02 9.978087e-01 -1.156468e+01
9.833888e-01 1.814502e-01 -4.724850e-03 2.820124e+02 -1.808556e-01 9.817137e-01 5.940884e-02 -5.427718e+01 1.541819e-02 -5.756747e-02 9.982225e-01 -1.167983e+01
9.833618e-01 1.815715e-01 -5.594177e-03 2.834771e+02 -1.810162e-01 9.820102e-01 5.375056e-02 -5.458521e+01 1.525311e-02 -5.184361e-02 9.985387e-01 -1.181724e+01
9.834364e-01 1.812048e-01 -4.197250e-03 2.849454e+02 -1.806968e-01 9.819670e-01 5.558321e-02 -5.487497e+01 1.419350e-02 -5.390412e-02 9.984452e-01 -1.192655e+01
9.834512e-01 1.811392e-01 -3.520673e-03 2.863901e+02 -1.806711e-01 9.819854e-01 5.534147e-02 -5.515859e+01 1.348176e-02 -5.378956e-02 9.984613e-01 -1.202362e+01
9.834849e-01 1.809812e-01 -1.823725e-03 2.878256e+02 -1.805676e-01 9.818258e-01 5.842382e-02 -5.544872e+01 1.236420e-02 -5.712964e-02 9.982902e-01 -1.211761e+01
9.834771e-01 1.810281e-01 -1.246881e-03 2.893060e+02 -1.805647e-01 9.814079e-01 6.507704e-02 -5.573774e+01 1.300447e-02 -6.377665e-02 9.978794e-01 -1.224745e+01
9.833885e-01 1.814133e-01 -6.021997e-03 2.907603e+02 -1.805976e-01 9.812175e-01 6.779965e-02 -5.601059e+01 1.820865e-02 -6.558584e-02 9.976808e-01 -1.237337e+01
9.832649e-01 1.821418e-01 -3.804332e-03 2.922518e+02 -1.813625e-01 9.806086e-01 7.426077e-02 -5.629810e+01 1.725655e-02 -7.232805e-02 9.972316e-01 -1.252638e+01
9.834574e-01 1.810039e-01 -7.002899e-03 2.936999e+02 -1.800443e-01 9.810261e-01 7.191765e-02 -5.656049e+01 1.988740e-02 -6.946710e-02 9.973860e-01 -1.262757e+01
9.833409e-01 1.816286e-01 -7.188838e-03 2.951787e+02 -1.806892e-01 9.810328e-01 7.018560e-02 -5.685661e+01 1.980020e-02 -6.771743e-02 9.975080e-01 -1.278515e+01
9.834428e-01 1.810651e-01 -7.455074e-03 2.966722e+02 -1.800839e-01 9.810548e-01 7.142428e-02 -5.713691e+01 2.024627e-02 -6.889915e-02 9.974182e-01 -1.290100e+01
9.834437e-01 1.811174e-01 -5.917037e-03 2.981447e+02 -1.802551e-01 9.810728e-01 7.074024e-02 -5.742130e+01 1.861733e-02 -6.850247e-02 9.974772e-01 -1.302914e+01
9.831684e-01 1.824929e-01 -8.731865e-03 2.995952e+02 -1.814127e-01 9.807835e-01 7.178593e-02 -5.772442e+01 2.166449e-02 -6.899358e-02 9.973819e-01 -1.317947e+01
9.831784e-01 1.826014e-01 -4.118266e-03 3.010780e+02 -1.818604e-01 9.807826e-01 7.065663e-02 -5.800643e+01 1.694112e-02 -6.871913e-02 9.974922e-01 -1.328941e+01
9.829602e-01 1.837195e-01 -6.026556e-03 3.025886e+02 -1.827938e-01 9.804130e-01 7.332963e-02 -5.830818e+01 1.938060e-02 -7.097849e-02 9.972895e-01 -1.344305e+01
9.828683e-01 1.842647e-01 -4.044341e-03 3.040606e+02 -1.834719e-01 9.802574e-01 7.371280e-02 -5.859909e+01 1.754716e-02 -7.170795e-02 9.972713e-01 -1.356168e+01
9.828668e-01 1.843090e-01 -1.771525e-03 3.055558e+02 -1.836226e-01 9.799498e-01 7.733749e-02 -5.888636e+01 1.599000e-02 -7.568716e-02 9.970034e-01 -1.370971e+01
9.827822e-01 1.846918e-01 -5.297801e-03 3.070371e+02 -1.837989e-01 9.801593e-01 7.420056e-02 -5.919294e+01 1.889692e-02 -7.194926e-02 9.972293e-01 -1.384060e+01
9.826253e-01 1.855982e-01 -9.266031e-04 3.085604e+02 -1.850311e-01 9.799888e-01 7.338358e-02 -5.949393e+01 1.452792e-02 -7.193711e-02 9.973034e-01 -1.399089e+01
9.825972e-01 1.857263e-01 -2.923771e-03 3.100608e+02 -1.849916e-01 9.798880e-01 7.481598e-02 -5.980385e+01 1.676026e-02 -7.297309e-02 9.971931e-01 -1.411900e+01
9.827867e-01 1.847407e-01 -1.141060e-03 3.115652e+02 -1.841095e-01 9.799029e-01 7.677137e-02 -6.009734e+01 1.530092e-02 -7.523980e-02 9.970481e-01 -1.427701e+01
9.825944e-01 1.857457e-01 -2.589227e-03 3.130866e+02 -1.850013e-01 9.797277e-01 7.686380e-02 -6.040208e+01 1.681386e-02 -7.504693e-02 9.970382e-01 -1.441753e+01
9.825552e-01 1.859702e-01 6.671762e-04 3.145858e+02 -1.854520e-01 9.795364e-01 7.820333e-02 -6.071528e+01 1.388997e-02 -7.696281e-02 9.969372e-01 -1.456122e+01
9.827030e-01 1.851759e-01 -2.196624e-03 3.161194e+02 -1.844385e-01 9.797188e-01 7.831635e-02 -6.101814e+01 1.665437e-02 -7.655657e-02 9.969261e-01 -1.471088e+01
9.828888e-01 1.841986e-01 -6.570537e-04 3.176309e+02 -1.835615e-01 9.797734e-01 7.968195e-02 -6.132340e+01 1.532107e-02 -7.819788e-02 9.968202e-01 -1.487205e+01
9.826507e-01 1.854545e-01 -2.048587e-03 3.191573e+02 -1.846986e-01 9.795299e-01 8.004695e-02 -6.161642e+01 1.685172e-02 -7.827982e-02 9.967890e-01 -1.500989e+01
9.829371e-01 1.839418e-01 -2.470142e-04 3.206582e+02 -1.833112e-01 9.796765e-01 8.143029e-02 -6.190631e+01 1.522043e-02 -7.999558e-02 9.966790e-01 -1.516032e+01
9.831378e-01 1.828058e-01 -4.706549e-03 3.221924e+02 -1.818132e-01 9.799100e-01 8.197935e-02 -6.219221e+01 1.959829e-02 -7.974128e-02 9.966229e-01 -1.532818e+01
9.830609e-01 1.832758e-01 -1.109791e-03 3.237321e+02 -1.825733e-01 9.797877e-01 8.174933e-02 -6.250664e+01 1.607003e-02 -8.016195e-02 9.966523e-01 -1.547133e+01
9.831659e-01 1.826270e-01 -5.676412e-03 3.252666e+02 -1.815242e-01 9.798270e-01 8.359306e-02 -6.280111e+01 2.082826e-02 -8.115544e-02 9.964838e-01 -1.563188e+01
9.833888e-01 1.814377e-01 -5.179723e-03 3.267733e+02 -1.804007e-01 9.801242e-01 8.253468e-02 -6.308053e+01 2.005167e-02 -8.022925e-02 9.965748e-01 -1.577948e+01
9.833956e-01 1.813380e-01 -7.043738e-03 3.283069e+02 -1.801272e-01 9.800791e-01 8.366037e-02 -6.337702e+01 2.207423e-02 -8.100247e-02 9.964694e-01 -1.594643e+01
9.833423e-01 1.816081e-01 -7.509598e-03 3.298295e+02 -1.803598e-01 9.800406e-01 8.361322e-02 -6.366452e+01 2.254455e-02 -8.086598e-02 9.964700e-01 -1.609416e+01
9.833170e-01 1.817721e-01 -6.830122e-03 3.313674e+02 -1.805606e-01 9.799352e-01 8.440877e-02 -6.397557e+01 2.203624e-02 -8.176733e-02 9.964078e-01 -1.625017e+01
9.833996e-01 1.813678e-01 -5.565801e-03 3.328881e+02 -1.802397e-01 9.799049e-01 8.543932e-02 -6.428374e+01 2.094989e-02 -8.301780e-02 9.963278e-01 -1.639036e+01
9.835267e-01 1.806391e-01 -6.686302e-03 3.344037e+02 -1.794007e-01 9.799798e-01 8.634345e-02 -6.456807e+01 2.214945e-02 -8.372156e-02 9.962430e-01 -1.657944e+01
9.836811e-01 1.798791e-01 -3.856330e-03 3.359395e+02 -1.788609e-01 9.799861e-01 8.738389e-02 -6.487091e+01 1.949769e-02 -8.526813e-02 9.961672e-01 -1.672779e+01
9.838202e-01 1.790786e-01 -5.351828e-03 3.374676e+02 -1.779178e-01 9.800804e-01 8.824740e-02 -6.516779e+01 2.104844e-02 -8.586739e-02 9.960842e-01 -1.690924e+01
9.839610e-01 1.783773e-01 -1.507653e-03 3.390103e+02 -1.775469e-01 9.801279e-01 8.846787e-02 -6.545598e+01 1.725835e-02 -8.678126e-02 9.960779e-01 -1.704090e+01
9.840323e-01 1.779381e-01 -4.296818e-03 3.405247e+02 -1.768288e-01 9.800806e-01 9.040862e-02 -6.574370e+01 2.029837e-02 -8.820520e-02 9.958955e-01 -1.723146e+01
9.841495e-01 1.773361e-01 -1.353050e-03 3.420764e+02 -1.764685e-01 9.800340e-01 9.160878e-02 -6.603759e+01 1.757157e-02 -8.991796e-02 9.957942e-01 -1.741583e+01
9.841757e-01 1.771629e-01 -3.377573e-03 3.435865e+02 -1.761146e-01 9.800982e-01 9.160199e-02 -6.631368e+01 1.953883e-02 -8.955761e-02 9.957899e-01 -1.754684e+01
9.841817e-01 1.771596e-01 -9.016525e-04 3.451362e+02 -1.763209e-01 9.799925e-01 9.233505e-02 -6.663166e+01 1.724165e-02 -9.071548e-02 9.957276e-01 -1.773805e+01
9.840767e-01 1.777328e-01 -2.040467e-03 3.466984e+02 -1.767232e-01 9.795871e-01 9.580356e-02 -6.691766e+01 1.902625e-02 -9.391744e-02 9.953982e-01 -1.791004e+01
9.843189e-01 1.763918e-01 -1.523960e-03 3.482839e+02 -1.754445e-01 9.798571e-01 9.539088e-02 -6.721668e+01 1.831943e-02 -9.362767e-02 9.954388e-01 -1.809084e+01
9.845684e-01 1.749836e-01 -2.427630e-03 3.498552e+02 -1.739817e-01 9.802372e-01 9.415504e-02 -6.750349e+01 1.885525e-02 -9.227972e-02 9.955546e-01 -1.827005e+01
9.845030e-01 1.753486e-01 -2.582920e-03 3.514157e+02 -1.743682e-01 9.803565e-01 9.217724e-02 -6.779942e+01 1.869533e-02 -9.029840e-02 9.957393e-01 -1.846453e+01
9.847760e-01 1.737916e-01 -3.558890e-03 3.529701e+02 -1.727345e-01 9.806683e-01 9.193709e-02 -6.808646e+01 1.946799e-02 -8.992269e-02 9.957585e-01 -1.860273e+01
9.847365e-01 1.740455e-01 -1.461765e-03 3.545214e+02 -1.731355e-01 9.803793e-01 9.423703e-02 -6.839698e+01 1.783461e-02 -9.254557e-02 9.955487e-01 -1.877755e+01
9.848496e-01 1.733940e-01 -2.427422e-03 3.561166e+02 -1.723250e-01 9.801502e-01 9.803024e-02 -6.868920e+01 1.937709e-02 -9.612674e-02 9.951805e-01 -1.895090e+01
9.849240e-01 1.729733e-01 -2.251988e-03 3.576653e+02 -1.719291e-01 9.802504e-01 9.772095e-02 -6.897417e+01 1.911063e-02 -9.586053e-02 9.952113e-01 -1.917120e+01
9.844928e-01 1.754144e-01 1.923636e-03 3.591967e+02 -1.748016e-01 9.800123e-01 9.497616e-02 -6.927023e+01 1.477499e-02 -9.383960e-02 9.954777e-01 -1.930424e+01
9.845452e-01 1.751304e-01 -4.054885e-05 3.607737e+02 -1.742217e-01 9.794602e-01 1.015108e-01 -6.957500e+01 1.781734e-02 -9.993488e-02 9.948344e-01 -1.950864e+01
9.847552e-01 1.739437e-01 -8.523399e-04 3.623470e+02 -1.729564e-01 9.796641e-01 1.017081e-01 -6.983631e+01 1.852650e-02 -1.000102e-01 9.948139e-01 -1.970775e+01
9.846113e-01 1.746035e-01 -7.360634e-03 3.639297e+02 -1.730108e-01 9.798412e-01 9.989253e-02 -7.013373e+01 2.465384e-02 -9.708184e-02 9.949710e-01 -1.990846e+01
9.845637e-01 1.747187e-01 -1.037727e-02 3.654727e+02 -1.730080e-01 9.804749e-01 9.347279e-02 -7.040534e+01 2.650610e-02 -9.023456e-02 9.955677e-01 -2.010517e+01
9.844407e-01 1.756760e-01 -3.784331e-03 3.670639e+02 -1.747013e-01 9.808367e-01 8.624954e-02 -7.072105e+01 1.886378e-02 -8.424643e-02 9.962664e-01 -2.026258e+01
9.837675e-01 1.794138e-01 -3.480298e-03 3.685029e+02 -1.784213e-01 9.800284e-01 8.780640e-02 -7.104005e+01 1.916447e-02 -8.576013e-02 9.961315e-01 -2.039414e+01
9.834374e-01 1.812453e-01 -9.882515e-04 3.700617e+02 -1.802896e-01 9.787827e-01 9.736664e-02 -7.135293e+01 1.861453e-02 -9.557582e-02 9.952481e-01 -2.056977e+01
9.837849e-01 1.792546e-01 -5.914778e-03 3.716116e+02 -1.776979e-01 9.786496e-01 1.032884e-01 -7.163969e+01 2.430342e-02 -1.005626e-01 9.946339e-01 -2.080951e+01
9.835402e-01 1.806895e-01 -5.893968e-05 3.731493e+02 -1.798049e-01 9.787569e-01 9.851374e-02 -7.194341e+01 1.785809e-02 -9.688164e-02 9.951357e-01 -2.100709e+01
9.835960e-01 1.803365e-01 4.188663e-03 3.747041e+02 -1.799162e-01 9.791013e-01 9.481914e-02 -7.224875e+01 1.299823e-02 -9.401733e-02 9.954857e-01 -2.117208e+01
9.835769e-01 1.804477e-01 3.894645e-03 3.762184e+02 -1.800034e-01 9.791154e-01 9.450880e-02 -7.255267e+01 1.324059e-02 -9.365772e-02 9.955164e-01 -2.135069e+01
9.838199e-01 1.790250e-01 6.963330e-03 3.777402e+02 -1.788323e-01 9.789248e-01 9.861668e-02 -7.284228e+01 1.083828e-02 -9.826633e-02 9.951012e-01 -2.153365e+01
9.833862e-01 1.815154e-01 1.948300e-03 3.792559e+02 -1.807996e-01 9.784359e-01 9.987304e-02 -7.313910e+01 1.622221e-02 -9.856602e-02 9.949983e-01 -2.173754e+01
9.832019e-01 1.824559e-01 4.883873e-03 3.807683e+02 -1.820246e-01 9.782027e-01 9.993222e-02 -7.344020e+01 1.345580e-02 -9.914253e-02 9.949822e-01 -2.189808e+01
9.833396e-01 1.817659e-01 -2.098899e-03 3.823019e+02 -1.806124e-01 9.782747e-01 1.017748e-01 -7.372222e+01 2.055248e-02 -9.970009e-02 9.948053e-01 -2.210393e+01
9.829460e-01 1.838633e-01 3.395155e-03 3.838127e+02 -1.832662e-01 9.778948e-01 1.006746e-01 -7.405077e+01 1.519026e-02 -9.957993e-02 9.949136e-01 -2.227715e+01
9.831402e-01 1.828529e-01 -4.731147e-04 3.853358e+02 -1.818379e-01 9.779485e-01 1.027206e-01 -7.433453e+01 1.924545e-02 -1.009028e-01 9.947101e-01 -2.247441e+01
9.835747e-01 1.804892e-01 2.092140e-03 3.868820e+02 -1.798141e-01 9.787533e-01 9.853282e-02 -7.462502e+01 1.573642e-02 -9.729058e-02 9.951316e-01 -2.267633e+01
9.835935e-01 1.803811e-01 2.565140e-03 3.884223e+02 -1.797413e-01 9.786935e-01 9.925681e-02 -7.492561e+01 1.539356e-02 -9.808940e-02 9.950585e-01 -2.285274e+01
9.837215e-01 1.796570e-01 3.918723e-03 3.899531e+02 -1.791450e-01 9.787396e-01 9.987973e-02 -7.520479e+01 1.410868e-02 -9.895585e-02 9.949918e-01 -2.302942e+01
9.836816e-01 1.799114e-01 1.514877e-03 3.914670e+02 -1.791491e-01 9.786667e-01 1.005839e-01 -7.550362e+01 1.661364e-02 -9.921394e-02 9.949274e-01 -2.322000e+01
9.836833e-01 1.798819e-01 3.081967e-03 3.929841e+02 -1.792779e-01 9.786595e-01 1.004253e-01 -7.579707e+01 1.504851e-02 -9.933928e-02 9.949398e-01 -2.339264e+01
9.839267e-01 1.785591e-01 -2.233229e-03 3.944676e+02 -1.774658e-01 9.791396e-01 9.895143e-02 -7.607718e+01 1.985532e-02 -9.696463e-02 9.950898e-01 -2.360530e+01
9.840493e-01 1.778954e-01 3.586859e-04 3.959671e+02 -1.770699e-01 9.792855e-01 9.821530e-02 -7.636418e+01 1.712079e-02 -9.671222e-02 9.951651e-01 -2.376113e+01
9.842331e-01 1.768603e-01 -2.384217e-03 3.974865e+02 -1.756607e-01 9.789571e-01 1.038578e-01 -7.665895e+01 2.070238e-02 -1.018015e-01 9.945893e-01 -2.397356e+01
9.845594e-01 1.750461e-01 -1.256989e-03 3.990119e+02 -1.739638e-01 9.792205e-01 1.042300e-01 -7.693416e+01 1.947593e-02 -1.024020e-01 9.945524e-01 -2.415595e+01
9.845920e-01 1.748663e-01 -5.131029e-04 4.005210e+02 -1.738551e-01 9.792053e-01 1.045534e-01 -7.720390e+01 1.878530e-02 -1.028532e-01 9.945191e-01 -2.436018e+01
9.848827e-01 1.732106e-01 -2.048551e-03 4.019968e+02 -1.721722e-01 9.801418e-01 9.838118e-02 -7.748444e+01 1.904853e-02 -9.654121e-02 9.951467e-01 -2.452996e+01
9.846361e-01 1.746060e-01 -2.125001e-03 4.034904e+02 -1.734521e-01 9.793890e-01 1.034975e-01 -7.777429e+01 2.015248e-02 -1.015388e-01 9.946274e-01 -2.472426e+01
9.849933e-01 1.725926e-01 -3.151502e-05 4.049714e+02 -1.716246e-01 9.794883e-01 1.055818e-01 -7.803403e+01 1.825350e-02 -1.039919e-01 9.944106e-01 -2.489918e+01
9.847887e-01 1.737545e-01 -7.738741e-04 4.065102e+02 -1.727262e-01 9.794254e-01 1.043619e-01 -7.833162e+01 1.889129e-02 -1.026407e-01 9.945391e-01 -2.508948e+01
9.850113e-01 1.724842e-01 -1.372628e-03 4.079899e+02 -1.714914e-01 9.801347e-01 9.963294e-02 -7.860089e+01 1.853047e-02 -9.790418e-02 9.950233e-01 -2.526385e+01
9.851227e-01 1.718517e-01 5.479958e-04 4.094671e+02 -1.709977e-01 9.798996e-01 1.027438e-01 -7.887857e+01 1.711971e-02 -1.013089e-01 9.947077e-01 -2.550081e+01
9.850219e-01 1.724167e-01 -2.082488e-03 4.109734e+02 -1.713082e-01 9.799216e-01 1.020158e-01 -7.915302e+01 1.962990e-02 -1.001311e-01 9.947806e-01 -2.564015e+01
9.848105e-01 1.736323e-01 -2.438854e-05 4.123569e+02 -1.726894e-01 9.794770e-01 1.039377e-01 -7.941470e+01 1.807084e-02 -1.023548e-01 9.945838e-01 -2.583585e+01
9.847873e-01 1.737624e-01 -6.889524e-04 4.138857e+02 -1.728015e-01 9.797432e-01 1.012066e-01 -7.970737e+01 1.826090e-02 -9.954795e-02 9.948652e-01 -2.598410e+01
9.865879e-01 1.631595e-01 -4.831105e-03 4.154314e+02 -1.619210e-01 9.819831e-01 9.741962e-02 -7.994048e+01 2.063900e-02 -9.533076e-02 9.952317e-01 -2.619026e+01
9.863665e-01 1.645599e-01 -1.154795e-03 4.168534e+02 -1.635973e-01 9.813083e-01 1.013412e-01 -8.019604e+01 1.780991e-02 -9.977065e-02 9.948511e-01 -2.638598e+01
9.862319e-01 1.653266e-01 -3.712877e-03 4.183639e+02 -1.641031e-01 9.812120e-01 1.014546e-01 -8.046512e+01 2.041626e-02 -9.944849e-02 9.948332e-01 -2.655784e+01
9.866914e-01 1.625510e-01 -4.164828e-03 4.199003e+02 -1.613785e-01 9.820706e-01 9.743848e-02 -8.073636e+01 1.992888e-02 -9.546959e-02 9.952328e-01 -2.671449e+01
9.860688e-01 1.663243e-01 -2.126196e-03 4.212506e+02 -1.653113e-01 9.813211e-01 9.839293e-02 -8.097811e+01 1.845161e-02 -9.667072e-02 9.951454e-01 -2.689704e+01
9.859651e-01 1.669506e-01 -5.198224e-04 4.227157e+02 -1.660591e-01 9.810122e-01 1.001960e-01 -8.125373e+01 1.723774e-02 -9.870348e-02 9.949676e-01 -2.708491e+01
9.858230e-01 1.677854e-01 -9.920923e-04 4.241384e+02 -1.667906e-01 9.805882e-01 1.030916e-01 -8.151136e+01 1.827010e-02 -1.014646e-01 9.946713e-01 -2.725731e+01
9.855433e-01 1.694235e-01 -4.158719e-04 4.255844e+02 -1.685188e-01 9.805280e-01 1.008275e-01 -8.177821e+01 1.749032e-02 -9.929979e-02 9.949039e-01 -2.742309e+01
9.857060e-01 1.684736e-01 -5.844515e-04 4.269931e+02 -1.675650e-01 9.807380e-01 1.003753e-01 -8.203194e+01 1.748378e-02 -9.884257e-02 9.949495e-01 -2.760609e+01
9.853930e-01 1.702853e-01 -1.867611e-03 4.284402e+02 -1.692426e-01 9.804592e-01 1.002831e-01 -8.229391e+01 1.890785e-02 -9.850220e-02 9.949572e-01 -2.778043e+01
9.856007e-01 1.690676e-01 -2.737409e-03 4.298639e+02 -1.679672e-01 9.807913e-01 9.917238e-02 -8.254852e+01 1.945167e-02 -9.728457e-02 9.950665e-01 -2.794742e+01
9.854175e-01 1.701199e-01 -3.393753e-03 4.312568e+02 -1.688662e-01 9.802157e-01 1.032562e-01 -8.281158e+01 2.089255e-02 -1.011774e-01 9.946490e-01 -2.816133e+01
9.854762e-01 1.698027e-01 -1.926214e-03 4.327144e+02 -1.687546e-01 9.805318e-01 1.003955e-01 -8.306783e+01 1.893614e-02 -9.861228e-02 9.949458e-01 -2.826923e+01
9.858338e-01 1.677249e-01 7.607322e-05 4.341160e+02 -1.668792e-01 9.808173e-01 1.007408e-01 -8.331622e+01 1.682213e-02 -9.932639e-02 9.949127e-01 -2.848451e+01
9.858631e-01 1.675136e-01 -3.606822e-03 4.355419e+02 -1.664008e-01 9.813801e-01 9.593846e-02 -8.357771e+01 1.961066e-02 -9.398201e-02 9.953808e-01 -2.861138e+01
9.860048e-01 1.667082e-01 -1.730938e-03 4.369018e+02 -1.656955e-01 9.810574e-01 1.003567e-01 -8.381457e+01 1.842843e-02 -9.866534e-02 9.949500e-01 -2.882731e+01
9.861193e-01 1.660267e-01 -1.950752e-03 4.382958e+02 -1.649941e-01 9.811660e-01 1.004504e-01 -8.406429e+01 1.859146e-02 -9.873418e-02 9.949402e-01 -2.894824e+01
9.863163e-01 1.648429e-01 -2.649548e-03 4.396712e+02 -1.637046e-01 9.811553e-01 1.026407e-01 -8.429842e+01 1.951920e-02 -1.008024e-01 9.947150e-01 -2.916372e+01
9.861836e-01 1.656559e-01 -7.317401e-05 4.410886e+02 -1.648510e-01 9.814348e-01 9.802972e-02 -8.455627e+01 1.631102e-02 -9.666324e-02 9.951835e-01 -2.926704e+01
9.864283e-01 1.641366e-01 -4.288071e-03 4.424372e+02 -1.628901e-01 9.815526e-01 1.001066e-01 -8.479155e+01 2.064013e-02 -9.804954e-02 9.949675e-01 -2.951067e+01
9.865516e-01 1.634485e-01 -6.522741e-04 4.438310e+02 -1.626368e-01 9.820340e-01 9.569990e-02 -8.503616e+01 1.628256e-02 -9.430680e-02 9.954100e-01 -2.961447e+01
9.862994e-01 1.649101e-01 -4.261410e-03 4.451583e+02 -1.636654e-01 9.814386e-01 9.996025e-02 -8.528095e+01 2.066676e-02 -9.789329e-02 9.949823e-01 -2.984184e+01
9.864777e-01 1.638638e-01 -3.227765e-03 4.465196e+02 -1.628303e-01 9.821177e-01 9.450540e-02 -8.552139e+01 1.865606e-02 -9.270190e-02 9.955191e-01 -2.995603e+01
9.865142e-01 1.636349e-01 -3.668430e-03 4.478206e+02 -1.624746e-01 9.817375e-01 9.896186e-02 -8.573807e+01 1.979505e-02 -9.703125e-02 9.950845e-01 -3.014416e+01
9.865055e-01 1.636925e-01 -3.418760e-03 4.491517e+02 -1.626353e-01 9.821154e-01 9.486195e-02 -8.598431e+01 1.888580e-02 -9.302583e-02 9.954846e-01 -3.026679e+01
9.864380e-01 1.641120e-01 -2.686706e-03 4.504514e+02 -1.630736e-01 9.817917e-01 9.742776e-02 -8.621608e+01 1.862685e-02 -9.566832e-02 9.952390e-01 -3.044646e+01
9.864304e-01 1.641527e-01 -2.984552e-03 4.517387e+02 -1.631533e-01 9.821306e-01 9.380986e-02 -8.643670e+01 1.833036e-02 -9.204996e-02 9.955857e-01 -3.056758e+01
9.864115e-01 1.642877e-01 -1.362067e-03 4.530008e+02 -1.634043e-01 9.819016e-01 9.575004e-02 -8.666502e+01 1.706797e-02 -9.422638e-02 9.954045e-01 -3.076747e+01
9.862262e-01 1.653073e-01 -5.599655e-03 4.542806e+02 -1.640614e-01 9.819736e-01 9.387182e-02 -8.688890e+01 2.101640e-02 -9.166016e-02 9.955686e-01 -3.088098e+01
9.863175e-01 1.648412e-01 -2.292100e-03 4.555041e+02 -1.638058e-01 9.815006e-01 9.911606e-02 -8.709962e+01 1.858811e-02 -9.738445e-02 9.950733e-01 -3.106619e+01
9.857799e-01 1.678840e-01 -7.284207e-03 4.567593e+02 -1.664047e-01 9.812942e-01 9.680520e-02 -8.733447e+01 2.339999e-02 -9.421650e-02 9.952767e-01 -3.117924e+01
9.862482e-01 1.652707e-01 2.895715e-04 4.579830e+02 -1.645028e-01 9.814939e-01 9.802275e-02 -8.754441e+01 1.591607e-02 -9.672240e-02 9.951841e-01 -3.135207e+01
9.857913e-01 1.678233e-01 -7.135483e-03 4.591779e+02 -1.664093e-01 9.815079e-01 9.460668e-02 -8.776686e+01 2.288074e-02 -9.207503e-02 9.954892e-01 -3.148872e+01
9.863909e-01 1.643846e-01 3.274592e-03 4.603642e+02 -1.639167e-01 9.816403e-01 9.753699e-02 -8.795396e+01 1.281911e-02 -9.674636e-02 9.952265e-01 -3.164558e+01
9.859632e-01 1.669343e-01 -3.089055e-03 4.615537e+02 -1.658612e-01 9.814111e-01 9.654993e-02 -8.819088e+01 1.914913e-02 -9.468232e-02 9.953234e-01 -3.178985e+01
9.861031e-01 1.661338e-01 -5.552955e-04 4.626920e+02 -1.653499e-01 9.817637e-01 9.380651e-02 -8.838230e+01 1.612960e-02 -9.241107e-02 9.955903e-01 -3.191026e+01
9.860975e-01 1.661552e-01 -2.030424e-03 4.638362e+02 -1.651872e-01 9.815320e-01 9.647859e-02 -8.859673e+01 1.802334e-02 -9.480190e-02 9.953330e-01 -3.206491e+01
9.861588e-01 1.658026e-01 -4.611425e-04 4.649531e+02 -1.649978e-01 9.816383e-01 9.571770e-02 -8.879018e+01 1.632292e-02 -9.431677e-02 9.954084e-01 -3.220489e+01
9.861275e-01 1.659473e-01 -3.753879e-03 4.660737e+02 -1.648214e-01 9.816142e-01 9.626754e-02 -8.899556e+01 1.966020e-02 -9.431334e-02 9.953484e-01 -3.232075e+01
9.864943e-01 1.637955e-01 -1.548650e-04 4.671719e+02 -1.630074e-01 9.818395e-01 9.705570e-02 -8.917919e+01 1.604934e-02 -9.571964e-02 9.952790e-01 -3.246614e+01
9.864265e-01 1.641922e-01 -1.914694e-03 4.682751e+02 -1.632652e-01 9.819682e-01 9.530378e-02 -8.937532e+01 1.752831e-02 -9.369757e-02 9.954464e-01 -3.258712e+01
9.870094e-01 1.606472e-01 2.216146e-03 4.693423e+02 -1.601213e-01 9.824595e-01 9.557550e-02 -8.955293e+01 1.317666e-02 -9.468878e-02 9.954197e-01 -3.272909e+01
9.873885e-01 1.582663e-01 -3.964368e-03 4.703780e+02 -1.571934e-01 9.830565e-01 9.428649e-02 -8.973262e+01 1.881958e-02 -9.247423e-02 9.955372e-01 -3.285812e+01
9.880381e-01 1.542092e-01 4.363079e-04 4.714026e+02 -1.535427e-01 9.834974e-01 9.569618e-02 -8.990892e+01 1.432812e-02 -9.461847e-02 9.954105e-01 -3.297442e+01
9.883929e-01 1.518565e-01 -4.353979e-03 4.724529e+02 -1.506548e-01 9.834554e-01 1.005919e-01 -9.007877e+01 1.955747e-02 -9.876834e-02 9.949182e-01 -3.312984e+01
9.889554e-01 1.482083e-01 -1.187512e-03 4.734699e+02 -1.474158e-01 9.844335e-01 9.570261e-02 -9.024681e+01 1.535295e-02 -9.447055e-02 9.954093e-01 -3.320728e+01
9.894738e-01 1.446557e-01 -4.031677e-03 4.744651e+02 -1.435009e-01 9.844095e-01 1.017127e-01 -9.040435e+01 1.868215e-02 -1.000635e-01 9.948056e-01 -3.336309e+01
9.901823e-01 1.397423e-01 -3.338488e-03 4.754616e+02 -1.387455e-01 9.854621e-01 9.805157e-02 -9.055411e+01 1.699190e-02 -9.662572e-02 9.951757e-01 -3.343048e+01
9.906077e-01 1.366305e-01 -5.341347e-03 4.763967e+02 -1.353863e-01 9.855616e-01 1.016809e-01 -9.070039e+01 1.915693e-02 -1.000027e-01 9.948027e-01 -3.363223e+01
9.913828e-01 1.309969e-01 -1.670178e-04 4.774010e+02 -1.303118e-01 9.863266e-01 1.008885e-01 -9.083239e+01 1.338081e-02 -9.999732e-02 9.948977e-01 -3.366542e+01
9.914740e-01 1.300441e-01 -8.229509e-03 4.783367e+02 -1.285227e-01 9.863744e-01 1.027014e-01 -9.096942e+01 2.147308e-02 -1.007681e-01 9.946782e-01 -3.384940e+01
9.921989e-01 1.246576e-01 -1.327325e-03 4.793118e+02 -1.239158e-01 9.873478e-01 9.894153e-02 -9.109780e+01 1.364435e-02 -9.800521e-02 9.950924e-01 -3.392958e+01
9.924542e-01 1.220003e-01 -1.227000e-02 4.802310e+02 -1.201426e-01 9.875522e-01 1.015192e-01 -9.121648e+01 2.450264e-02 -9.927900e-02 9.947579e-01 -3.405682e+01
9.933554e-01 1.150701e-01 -1.990664e-03 4.811635e+02 -1.143522e-01 9.888145e-01 9.575669e-02 -9.131435e+01 1.298713e-02 -9.489278e-02 9.954028e-01 -3.414714e+01
9.935838e-01 1.128318e-01 -7.757092e-03 4.821160e+02 -1.115742e-01 9.891088e-01 9.599508e-02 -9.142896e+01 1.850391e-02 -9.451367e-02 9.953516e-01 -3.426415e+01
9.940792e-01 1.085926e-01 -3.774498e-03 4.830678e+02 -1.077750e-01 9.898243e-01 9.291094e-02 -9.154238e+01 1.382553e-02 -9.195403e-02 9.956673e-01 -3.438489e+01
9.943716e-01 1.057811e-01 -5.959351e-03 4.839633e+02 -1.047899e-01 9.902339e-01 9.195514e-02 -9.164204e+01 1.562827e-02 -9.081310e-02 9.957453e-01 -3.448570e+01
9.948870e-01 1.009769e-01 -1.892192e-03 4.849026e+02 -1.004090e-01 9.909590e-01 8.898254e-02 -9.173556e+01 1.086026e-02 -8.833757e-02 9.960314e-01 -3.456218e+01
9.951926e-01 9.755869e-02 -8.597456e-03 4.858080e+02 -9.627779e-02 9.906472e-01 9.669030e-02 -9.185164e+01 1.795002e-02 -9.539773e-02 9.952774e-01 -3.470424e+01
9.955402e-01 9.428346e-02 -3.209500e-03 4.867765e+02 -9.351377e-02 9.907577e-01 9.825568e-02 -9.196766e+01 1.244372e-02 -9.751734e-02 9.951560e-01 -3.476867e+01
9.957637e-01 9.134389e-02 -1.053272e-02 4.876713e+02 -8.981612e-02 9.907917e-01 1.013159e-01 -9.204692e+01 1.969032e-02 -9.994068e-02 9.947985e-01 -3.493475e+01
9.961852e-01 8.711166e-02 -5.158452e-03 4.886093e+02 -8.624803e-02 9.918575e-01 9.370027e-02 -9.213956e+01 1.327884e-02 -9.289792e-02 9.955871e-01 -3.498877e+01
9.963372e-01 8.493697e-02 -9.889763e-03 4.895098e+02 -8.361267e-02 9.919164e-01 9.544874e-02 -9.221997e+01 1.791695e-02 -9.427222e-02 9.953852e-01 -3.513197e+01
9.965355e-01 8.313037e-02 -2.502298e-03 4.904200e+02 -8.245758e-02 9.914999e-01 1.006420e-01 -9.231225e+01 1.084744e-02 -1.000870e-01 9.949195e-01 -3.524543e+01
9.966969e-01 8.093791e-02 -6.649415e-03 4.913449e+02 -7.979808e-02 9.912775e-01 1.048860e-01 -9.240160e+01 1.508067e-02 -1.040090e-01 9.944620e-01 -3.532793e+01
9.968072e-01 7.979315e-02 -2.910044e-03 4.922504e+02 -7.901113e-02 9.909841e-01 1.082028e-01 -9.247968e+01 1.151765e-02 -1.076275e-01 9.941246e-01 -3.546157e+01
9.968680e-01 7.869931e-02 -7.789639e-03 4.931939e+02 -7.746910e-02 9.915677e-01 1.038847e-01 -9.255745e+01 1.589961e-02 -1.029559e-01 9.945589e-01 -3.556976e+01
9.970340e-01 7.678925e-02 -5.168603e-03 4.941040e+02 -7.584315e-02 9.917231e-01 1.036010e-01 -9.263569e+01 1.308127e-02 -1.029018e-01 9.946055e-01 -3.570992e+01
9.970735e-01 7.615931e-02 -6.639283e-03 4.950270e+02 -7.508171e-02 9.918985e-01 1.024694e-01 -9.270689e+01 1.438949e-02 -1.016710e-01 9.947140e-01 -3.580148e+01
9.971063e-01 7.585795e-02 -4.972510e-03 4.959395e+02 -7.490684e-02 9.915482e-01 1.059299e-01 -9.278494e+01 1.296611e-02 -1.052509e-01 9.943612e-01 -3.593129e+01
9.968550e-01 7.843431e-02 -1.132209e-02 4.968625e+02 -7.680645e-02 9.914259e-01 1.057147e-01 -9.287854e+01 1.951668e-02 -1.045127e-01 9.943320e-01 -3.602389e+01
9.969367e-01 7.762691e-02 -9.554587e-03 4.978026e+02 -7.617803e-02 9.914123e-01 1.062947e-01 -9.295222e+01 1.772387e-02 -1.052412e-01 9.942887e-01 -3.615743e+01
9.968576e-01 7.818016e-02 -1.275702e-02 4.987237e+02 -7.644923e-02 9.916824e-01 1.035437e-01 -9.302600e+01 2.074598e-02 -1.022431e-01 9.945431e-01 -3.626008e+01
9.968262e-01 7.870694e-02 -1.195094e-02 4.996467e+02 -7.703078e-02 9.915075e-01 1.047805e-01 -9.312192e+01 2.009640e-02 -1.035273e-01 9.944236e-01 -3.638431e+01
9.968287e-01 7.852352e-02 -1.290295e-02 5.006081e+02 -7.679290e-02 9.917403e-01 1.027334e-01 -9.319666e+01 2.086337e-02 -1.014168e-01 9.946252e-01 -3.648410e+01
9.968857e-01 7.791833e-02 -1.215369e-02 5.015536e+02 -7.623192e-02 9.916034e-01 1.044586e-01 -9.327732e+01 2.019088e-02 -1.032068e-01 9.944550e-01 -3.662205e+01
9.968260e-01 7.866374e-02 -1.224781e-02 5.025182e+02 -7.699911e-02 9.917256e-01 1.027213e-01 -9.336292e+01 2.022691e-02 -1.014522e-01 9.946347e-01 -3.670918e+01
9.968827e-01 7.792937e-02 -1.232444e-02 5.034756e+02 -7.622046e-02 9.915794e-01 1.046941e-01 -9.343285e+01 2.037941e-02 -1.034283e-01 9.944281e-01 -3.684359e+01
9.967186e-01 7.971996e-02 -1.402514e-02 5.044503e+02 -7.783097e-02 9.914789e-01 1.044608e-01 -9.350542e+01 2.223323e-02 -1.030264e-01 9.944301e-01 -3.695061e+01
9.966621e-01 8.061070e-02 -1.290516e-02 5.054414e+02 -7.882471e-02 9.913620e-01 1.048249e-01 -9.359863e+01 2.124369e-02 -1.034578e-01 9.944069e-01 -3.708758e+01
9.965853e-01 8.135904e-02 -1.408497e-02 5.064277e+02 -7.949349e-02 9.915242e-01 1.027638e-01 -9.369797e+01 2.232635e-02 -1.012932e-01 9.946061e-01 -3.720035e+01
9.963420e-01 8.436538e-02 -1.360285e-02 5.074217e+02 -8.254187e-02 9.913144e-01 1.023830e-01 -9.379027e+01 2.212229e-02 -1.008857e-01 9.946520e-01 -3.732810e+01
9.961162e-01 8.678974e-02 -1.483602e-02 5.084194e+02 -8.482419e-02 9.910979e-01 1.026146e-01 -9.388429e+01 2.360984e-02 -1.009576e-01 9.946105e-01 -3.743867e+01
9.957565e-01 9.077536e-02 -1.512780e-02 5.094010e+02 -8.870856e-02 9.905372e-01 1.047234e-01 -9.398167e+01 2.449096e-02 -1.029371e-01 9.943863e-01 -3.757243e+01
9.953005e-01 9.569182e-02 -1.482958e-02 5.104023e+02 -9.364811e-02 9.901594e-01 1.039916e-01 -9.408344e+01 2.463479e-02 -1.021141e-01 9.944676e-01 -3.767112e+01
9.950488e-01 9.871949e-02 -1.150889e-02 5.114270e+02 -9.699000e-02 9.897913e-01 1.044329e-01 -9.420489e+01 2.170096e-02 -1.027996e-01 9.944654e-01 -3.780072e+01
9.948852e-01 1.002899e-01 -1.205811e-02 5.124491e+02 -9.848770e-02 9.896059e-01 1.047873e-01 -9.430708e+01 2.244189e-02 -1.030638e-01 9.944215e-01 -3.792811e+01
9.948441e-01 1.008216e-01 -1.095911e-02 5.134630e+02 -9.912784e-02 9.895316e-01 1.048837e-01 -9.442037e+01 2.141893e-02 -1.032566e-01 9.944241e-01 -3.805745e+01
9.946398e-01 1.026470e-01 -1.246026e-02 5.144984e+02 -1.008028e-01 9.894272e-01 1.042711e-01 -9.453428e+01 2.303164e-02 -1.024561e-01 9.944708e-01 -3.818441e+01
9.943529e-01 1.052104e-01 -1.389439e-02 5.155133e+02 -1.032408e-01 9.893229e-01 1.028669e-01 -9.464816e+01 2.456870e-02 -1.008515e-01 9.945981e-01 -3.830708e+01
9.940416e-01 1.081139e-01 -1.388408e-02 5.165336e+02 -1.061353e-01 9.890358e-01 1.026809e-01 -9.476381e+01 2.483308e-02 -1.005955e-01 9.946175e-01 -3.843338e+01
9.937432e-01 1.108634e-01 -1.355435e-02 5.175536e+02 -1.089039e-01 9.887340e-01 1.026897e-01 -9.488882e+01 2.478617e-02 -1.005710e-01 9.946211e-01 -3.855835e+01
9.935014e-01 1.129832e-01 -1.377924e-02 5.185851e+02 -1.109827e-01 9.884709e-01 1.029950e-01 -9.502312e+01 2.525708e-02 -1.007964e-01 9.945864e-01 -3.869313e+01
9.932761e-01 1.150392e-01 -1.298406e-02 5.196093e+02 -1.131169e-01 9.882643e-01 1.026546e-01 -9.514326e+01 2.464099e-02 -1.004957e-01 9.946323e-01 -3.881289e+01
9.929734e-01 1.176535e-01 -1.270374e-02 5.206271e+02 -1.157384e-01 9.879283e-01 1.029679e-01 -9.527330e+01 2.466493e-02 -1.007741e-01 9.946036e-01 -3.894485e+01
9.926122e-01 1.205904e-01 -1.337945e-02 5.216326e+02 -1.186222e-01 9.877064e-01 1.018081e-01 -9.540876e+01 2.549205e-02 -9.946886e-02 9.947141e-01 -3.906216e+01
9.924412e-01 1.221139e-01 -1.219030e-02 5.226523e+02 -1.202871e-01 9.876328e-01 1.005604e-01 -9.555110e+01 2.431936e-02 -9.833391e-02 9.948563e-01 -3.919121e+01
9.921967e-01 1.241520e-01 -1.148304e-02 5.236573e+02 -1.223772e-01 9.873434e-01 1.008798e-01 -9.566429e+01 2.386213e-02 -9.868732e-02 9.948323e-01 -3.931226e+01
9.917445e-01 1.278234e-01 -1.019677e-02 5.246545e+02 -1.261297e-01 9.867470e-01 1.020876e-01 -9.583163e+01 2.311082e-02 -9.995872e-02 9.947231e-01 -3.943658e+01
9.914632e-01 1.298868e-01 -1.140445e-02 5.256572e+02 -1.280263e-01 9.863521e-01 1.035323e-01 -9.596119e+01 2.469628e-02 -1.011884e-01 9.945607e-01 -3.956058e+01
9.912718e-01 1.313604e-01 -1.116806e-02 5.266507e+02 -1.295712e-01 9.863825e-01 1.012971e-01 -9.609499e+01 2.432240e-02 -9.896590e-02 9.947935e-01 -3.967972e+01
9.909940e-01 1.335308e-01 -1.002234e-02 5.276281e+02 -1.319024e-01 9.863255e-01 9.881118e-02 -9.623775e+01 2.307963e-02 -9.659931e-02 9.950557e-01 -3.979953e+01
9.906141e-01 1.364190e-01 -8.574791e-03 5.286176e+02 -1.349062e-01 9.858705e-01 9.929735e-02 -9.638559e+01 2.199968e-02 -9.720857e-02 9.950209e-01 -3.993151e+01
9.904277e-01 1.378238e-01 -7.580703e-03 5.295833e+02 -1.363529e-01 9.854420e-01 1.015458e-01 -9.652887e+01 2.146578e-02 -9.954016e-02 9.948020e-01 -4.004519e+01
9.901490e-01 1.398105e-01 -7.620931e-03 5.305526e+02 -1.382685e-01 9.849045e-01 1.041372e-01 -9.667239e+01 2.206536e-02 -1.020576e-01 9.945337e-01 -4.016777e+01
9.897930e-01 1.422621e-01 -8.444363e-03 5.315251e+02 -1.406196e-01 9.845560e-01 1.042873e-01 -9.682499e+01 2.315007e-02 -1.020354e-01 9.945114e-01 -4.028818e+01
9.895654e-01 1.439034e-01 -7.226394e-03 5.324866e+02 -1.423724e-01 9.842839e-01 1.044768e-01 -9.697805e+01 2.214739e-02 -1.023578e-01 9.945011e-01 -4.041220e+01
9.892474e-01 1.460378e-01 -7.905267e-03 5.334474e+02 -1.444431e-01 9.840606e-01 1.037357e-01 -9.712555e+01 2.292858e-02 -1.014784e-01 9.945735e-01 -4.053614e+01
9.889881e-01 1.478225e-01 -7.145789e-03 5.344142e+02 -1.463206e-01 9.839002e-01 1.026200e-01 -9.728356e+01 2.220029e-02 -1.004444e-01 9.946949e-01 -4.065543e+01
9.888222e-01 1.489654e-01 -6.323976e-03 5.353698e+02 -1.474979e-01 9.835202e-01 1.045589e-01 -9.742784e+01 2.179542e-02 -1.024574e-01 9.944986e-01 -4.077481e+01
9.885778e-01 1.506377e-01 -4.717241e-03 5.363358e+02 -1.493069e-01 9.831479e-01 1.054885e-01 -9.758929e+01 2.052829e-02 -1.035793e-01 9.944093e-01 -4.089314e+01
9.884988e-01 1.511365e-01 -5.277715e-03 5.372959e+02 -1.497195e-01 9.829561e-01 1.066833e-01 -9.775239e+01 2.131151e-02 -1.046661e-01 9.942790e-01 -4.102530e+01
9.884502e-01 1.514812e-01 -4.441540e-03 5.382634e+02 -1.501725e-01 9.830065e-01 1.055780e-01 -9.790689e+01 2.035914e-02 -1.036916e-01 9.944011e-01 -4.114361e+01
9.883759e-01 1.519144e-01 -5.927570e-03 5.392245e+02 -1.504636e-01 9.830315e-01 1.049275e-01 -9.807282e+01 2.176698e-02 -1.028159e-01 9.944622e-01 -4.126109e+01
9.883907e-01 1.518873e-01 -3.760066e-03 5.401961e+02 -1.506601e-01 9.830022e-01 1.049214e-01 -9.822715e+01 1.963238e-02 -1.031369e-01 9.944734e-01 -4.138221e+01
9.883236e-01 1.523006e-01 -4.584634e-03 5.411632e+02 -1.509475e-01 9.827576e-01 1.067812e-01 -9.839197e+01 2.076843e-02 -1.048424e-01 9.942720e-01 -4.151941e+01
9.883304e-01 1.521882e-01 -6.469976e-03 5.421238e+02 -1.505954e-01 9.826063e-01 1.086558e-01 -9.854862e+01 2.289356e-02 -1.064134e-01 9.940584e-01 -4.163875e+01
9.882973e-01 1.524508e-01 -5.217833e-03 5.430864e+02 -1.509897e-01 9.825444e-01 1.086660e-01 -9.870164e+01 2.169298e-02 -1.066065e-01 9.940646e-01 -4.175237e+01
9.883451e-01 1.520894e-01 -6.538087e-03 5.440568e+02 -1.505173e-01 9.827490e-01 1.074665e-01 -9.886678e+01 2.276981e-02 -1.052299e-01 9.941872e-01 -4.188482e+01
9.882093e-01 1.529939e-01 -5.935595e-03 5.450235e+02 -1.514841e-01 9.826200e-01 1.072879e-01 -9.903082e+01 2.224683e-02 -1.051238e-01 9.942103e-01 -4.200866e+01
9.882426e-01 1.527650e-01 -6.286153e-03 5.459882e+02 -1.512409e-01 9.827594e-01 1.063488e-01 -9.917781e+01 2.242415e-02 -1.041477e-01 9.943090e-01 -4.212747e+01
9.884015e-01 1.517626e-01 -5.531737e-03 5.469494e+02 -1.503492e-01 9.830284e-01 1.051222e-01 -9.931928e+01 2.139147e-02 -1.030712e-01 9.944440e-01 -4.225627e+01
9.883247e-01 1.522571e-01 -5.659298e-03 5.479122e+02 -1.507990e-01 9.828162e-01 1.064509e-01 -9.947453e+01 2.176996e-02 -1.043546e-01 9.943019e-01 -4.237287e+01
9.882907e-01 1.524757e-01 -5.705856e-03 5.488848e+02 -1.510254e-01 9.828503e-01 1.058136e-01 -9.963355e+01 2.174200e-02 -1.037129e-01 9.943696e-01 -4.248185e+01
9.882045e-01 1.530278e-01 -5.862530e-03 5.498555e+02 -1.515556e-01 9.827558e-01 1.059342e-01 -9.979241e+01 2.197231e-02 -1.037962e-01 9.943559e-01 -4.260558e+01
9.881826e-01 1.531758e-01 -5.684601e-03 5.508267e+02 -1.516803e-01 9.825348e-01 1.077889e-01 -9.995319e+01 2.209596e-02 -1.056528e-01 9.941576e-01 -4.274254e+01
9.881228e-01 1.535610e-01 -5.686666e-03 5.518062e+02 -1.520516e-01 9.824213e-01 1.082997e-01 -1.001251e+02 2.221731e-02 -1.061488e-01 9.941020e-01 -4.287363e+01
9.880562e-01 1.539767e-01 -6.006774e-03 5.527733e+02 -1.524230e-01 9.823252e-01 1.086493e-01 -1.002806e+02 2.263007e-02 -1.064361e-01 9.940620e-01 -4.300118e+01
9.879340e-01 1.548008e-01 -4.806433e-03 5.537579e+02 -1.533794e-01 9.822229e-01 1.082261e-01 -1.004593e+02 2.147448e-02 -1.061830e-01 9.941147e-01 -4.312137e+01
9.878643e-01 1.552095e-01 -5.848864e-03 5.547344e+02 -1.536494e-01 9.820559e-01 1.093524e-01 -1.006315e+02 2.271644e-02 -1.071267e-01 9.939858e-01 -4.325449e+01
9.878744e-01 1.551889e-01 -4.523352e-03 5.557213e+02 -1.537957e-01 9.821594e-01 1.082108e-01 -1.007788e+02 2.123578e-02 -1.062030e-01 9.941177e-01 -4.337233e+01
9.878383e-01 1.553719e-01 -5.918401e-03 5.567405e+02 -1.538018e-01 9.820240e-01 1.094261e-01 -1.009655e+02 2.281374e-02 -1.071850e-01 9.939773e-01 -4.350751e+01
9.878397e-01 1.553922e-01 -5.097260e-03 5.577274e+02 -1.539271e-01 9.820905e-01 1.086492e-01 -1.011036e+02 2.188920e-02 -1.065434e-01 9.940671e-01 -4.362183e+01
9.876648e-01 1.564578e-01 -6.270796e-03 5.586939e+02 -1.548465e-01 9.818739e-01 1.092986e-01 -1.012673e+02 2.325774e-02 -1.069793e-01 9.939892e-01 -4.376228e+01
9.875966e-01 1.569275e-01 -5.157758e-03 5.597334e+02 -1.554551e-01 9.818891e-01 1.082926e-01 -1.014487e+02 2.205844e-02 -1.061476e-01 9.941057e-01 -4.388037e+01
9.876282e-01 1.567193e-01 -5.433070e-03 5.607574e+02 -1.551584e-01 9.816387e-01 1.109567e-01 -1.016096e+02 2.272237e-02 -1.087410e-01 9.938104e-01 -4.403351e+01
9.873025e-01 1.587124e-01 -6.643670e-03 5.617759e+02 -1.570433e-01 9.815025e-01 1.094982e-01 -1.017842e+02 2.389951e-02 -1.070645e-01 9.939648e-01 -4.413776e+01
9.872466e-01 1.591371e-01 -4.414068e-03 5.628308e+02 -1.576687e-01 9.812195e-01 1.111239e-01 -1.019594e+02 2.201510e-02 -1.090107e-01 9.937968e-01 -4.429406e+01
9.869634e-01 1.608229e-01 -6.262580e-03 5.638528e+02 -1.591580e-01 9.810492e-01 1.105046e-01 -1.021490e+02 2.391556e-02 -1.080672e-01 9.938559e-01 -4.441053e+01
9.867117e-01 1.624126e-01 -4.710778e-03 5.648859e+02 -1.608818e-01 9.806472e-01 1.115709e-01 -1.023278e+02 2.274014e-02 -1.093305e-01 9.937453e-01 -4.455620e+01
9.866770e-01 1.625736e-01 -6.189254e-03 5.659520e+02 -1.609076e-01 9.807709e-01 1.104415e-01 -1.025133e+02 2.402511e-02 -1.079742e-01 9.938633e-01 -4.468090e+01
9.865131e-01 1.636164e-01 -4.631657e-03 5.670168e+02 -1.620988e-01 9.805064e-01 1.110466e-01 -1.026929e+02 2.271042e-02 -1.087982e-01 9.938044e-01 -4.482443e+01
9.862299e-01 1.652887e-01 -5.501081e-03 5.680870e+02 -1.636704e-01 9.802643e-01 1.108781e-01 -1.028895e+02 2.371941e-02 -1.084509e-01 9.938188e-01 -4.496722e+01
9.861055e-01 1.660648e-01 -4.289730e-03 5.691517e+02 -1.645485e-01 9.799939e-01 1.119637e-01 -1.030771e+02 2.279713e-02 -1.097022e-01 9.937030e-01 -4.510027e+01
9.859929e-01 1.667194e-01 -4.759944e-03 5.702416e+02 -1.651738e-01 9.800162e-01 1.108416e-01 -1.032677e+02 2.314427e-02 -1.085028e-01 9.938267e-01 -4.524092e+01
9.861107e-01 1.660396e-01 -4.050503e-03 5.713414e+02 -1.645559e-01 9.800237e-01 1.116900e-01 -1.034565e+02 2.251455e-02 -1.094721e-01 9.937348e-01 -4.538506e+01
9.861294e-01 1.659199e-01 -4.404031e-03 5.724630e+02 -1.644438e-01 9.802678e-01 1.096972e-01 -1.036540e+02 2.251807e-02 -1.074514e-01 9.939553e-01 -4.551910e+01
9.862819e-01 1.650238e-01 -3.894537e-03 5.735652e+02 -1.636310e-01 9.805216e-01 1.086380e-01 -1.038494e+02 2.174653e-02 -1.065104e-01 9.940737e-01 -4.567191e+01
9.862419e-01 1.652486e-01 -4.436416e-03 5.746712e+02 -1.637933e-01 9.804771e-01 1.087965e-01 -1.040403e+02 2.232827e-02 -1.065730e-01 9.940541e-01 -4.581307e+01
9.862087e-01 1.654477e-01 -4.412454e-03 5.758057e+02 -1.639948e-01 9.804485e-01 1.087496e-01 -1.042391e+02 2.231856e-02 -1.065262e-01 9.940594e-01 -4.595499e+01
9.862590e-01 1.651530e-01 -4.204317e-03 5.769409e+02 -1.637175e-01 9.804621e-01 1.090432e-01 -1.044374e+02 2.213098e-02 -1.068565e-01 9.940282e-01 -4.609903e+01
9.862243e-01 1.653726e-01 -3.683689e-03 5.780053e+02 -1.639953e-01 9.804355e-01 1.088660e-01 -1.046357e+02 2.161508e-02 -1.067622e-01 9.940496e-01 -4.624501e+01
9.863796e-01 1.644568e-01 -3.030577e-03 5.791598e+02 -1.630937e-01 9.802629e-01 1.117361e-01 -1.048337e+02 2.134652e-02 -1.097199e-01 9.937333e-01 -4.638859e+01
9.863264e-01 1.647621e-01 -3.692226e-03 5.803023e+02 -1.633311e-01 9.802570e-01 1.114415e-01 -1.050457e+02 2.198067e-02 -1.093147e-01 9.937642e-01 -4.653884e+01
9.864023e-01 1.643057e-01 -3.749887e-03 5.814008e+02 -1.628450e-01 9.802033e-01 1.126200e-01 -1.052237e+02 2.217977e-02 -1.104780e-01 9.936311e-01 -4.668515e+01
9.864914e-01 1.637647e-01 -3.974997e-03 5.825477e+02 -1.623209e-01 9.804863e-01 1.108998e-01 -1.054172e+02 2.205889e-02 -1.087565e-01 9.938236e-01 -4.683657e+01
9.865785e-01 1.632488e-01 -3.576618e-03 5.836550e+02 -1.618366e-01 9.804888e-01 1.115823e-01 -1.056087e+02 2.172250e-02 -1.095058e-01 9.937488e-01 -4.698796e+01
9.865387e-01 1.634786e-01 -4.014340e-03 5.847805e+02 -1.620647e-01 9.806935e-01 1.094308e-01 -1.057929e+02 2.182642e-02 -1.073071e-01 9.939863e-01 -4.713033e+01
9.865481e-01 1.634455e-01 -2.882057e-03 5.858759e+02 -1.621500e-01 9.806612e-01 1.095959e-01 -1.059947e+02 2.073928e-02 -1.076543e-01 9.939721e-01 -4.726851e+01
9.865616e-01 1.633583e-01 -3.198734e-03 5.870329e+02 -1.620502e-01 9.807885e-01 1.085986e-01 -1.062065e+02 2.087776e-02 -1.066208e-01 9.940805e-01 -4.741655e+01
9.865880e-01 1.632061e-01 -2.802709e-03 5.881512e+02 -1.619323e-01 9.807599e-01 1.090318e-01 -1.063961e+02 2.054344e-02 -1.071156e-01 9.940343e-01 -4.756224e+01
9.865571e-01 1.634087e-01 -1.668512e-03 5.893027e+02 -1.622687e-01 9.807806e-01 1.083428e-01 -1.066131e+02 1.934060e-02 -1.066156e-01 9.941122e-01 -4.771048e+01
9.865401e-01 1.635058e-01 -2.115313e-03 5.903713e+02 -1.622927e-01 9.806387e-01 1.095862e-01 -1.067897e+02 1.999233e-02 -1.077679e-01 9.939750e-01 -4.785563e+01
9.864027e-01 1.643281e-01 -2.458375e-03 5.915432e+02 -1.630750e-01 9.805188e-01 1.094960e-01 -1.070144e+02 2.040375e-02 -1.076063e-01 9.939842e-01 -4.799171e+01
9.864208e-01 1.642018e-01 -3.439622e-03 5.927009e+02 -1.628747e-01 9.807118e-01 1.080559e-01 -1.072128e+02 2.111625e-02 -1.060284e-01 9.941388e-01 -4.814276e+01
9.863531e-01 1.646224e-01 -2.655136e-03 5.938306e+02 -1.633988e-01 9.807470e-01 1.069395e-01 -1.074269e+02 2.020864e-02 -1.050462e-01 9.942620e-01 -4.829039e+01
9.865341e-01 1.635438e-01 -1.997092e-03 5.949616e+02 -1.623591e-01 9.807163e-01 1.087895e-01 -1.076312e+02 1.975043e-02 -1.070003e-01 9.940628e-01 -4.845071e+01
9.863697e-01 1.645366e-01 -1.548717e-03 5.961040e+02 -1.634053e-01 9.806063e-01 1.082136e-01 -1.078316e+02 1.932379e-02 -1.064856e-01 9.941264e-01 -4.858586e+01
9.863671e-01 1.645523e-01 -1.575245e-03 5.972227e+02 -1.634084e-01 9.805512e-01 1.087061e-01 -1.080462e+02 1.943245e-02 -1.069667e-01 9.940727e-01 -4.873627e+01
9.863952e-01 1.643843e-01 -1.509785e-03 5.983596e+02 -1.632378e-01 9.805189e-01 1.092528e-01 -1.082381e+02 1.943982e-02 -1.075200e-01 9.940128e-01 -4.888249e+01
9.865474e-01 1.634669e-01 -1.720303e-03 5.994900e+02 -1.622993e-01 9.806527e-01 1.094498e-01 -1.084195e+02 1.957843e-02 -1.076982e-01 9.939908e-01 -4.903121e+01
9.864399e-01 1.641051e-01 -2.414982e-03 6.006087e+02 -1.628769e-01 9.806552e-01 1.085666e-01 -1.086310e+02 2.018460e-02 -1.067011e-01 9.940863e-01 -4.916798e+01
9.864519e-01 1.640445e-01 -1.450329e-03 6.017453e+02 -1.629091e-01 9.805889e-01 1.091152e-01 -1.088288e+02 1.932192e-02 -1.074006e-01 9.940280e-01 -4.931873e+01
9.863735e-01 1.645070e-01 -2.201992e-03 6.028594e+02 -1.633116e-01 9.806510e-01 1.079477e-01 -1.090229e+02 1.991754e-02 -1.061171e-01 9.941542e-01 -4.945596e+01
9.865189e-01 1.636473e-01 1.724176e-04 6.039753e+02 -1.627095e-01 9.807518e-01 1.079428e-01 -1.092053e+02 1.749546e-02 -1.065157e-01 9.941571e-01 -4.960529e+01
9.864352e-01 1.641467e-01 -1.206291e-03 6.050872e+02 -1.630557e-01 9.806734e-01 1.081312e-01 -1.094007e+02 1.893236e-02 -1.064677e-01 9.941359e-01 -4.975459e+01
9.864436e-01 1.640948e-01 1.350903e-03 6.062064e+02 -1.632933e-01 9.807438e-01 1.071308e-01 -1.096080e+02 1.625472e-02 -1.058991e-01 9.942440e-01 -4.987858e+01
9.864556e-01 1.640247e-01 1.089999e-03 6.073203e+02 -1.631630e-01 9.805481e-01 1.091024e-01 -1.098045e+02 1.682669e-02 -1.078025e-01 9.940299e-01 -5.005059e+01
9.866245e-01 1.629750e-01 3.347722e-03 6.084379e+02 -1.623709e-01 9.807370e-01 1.085852e-01 -1.099860e+02 1.441345e-02 -1.076764e-01 9.940815e-01 -5.018786e+01
9.865646e-01 1.633523e-01 2.536480e-03 6.095497e+02 -1.626614e-01 9.807090e-01 1.084034e-01 -1.102011e+02 1.522040e-02 -1.073596e-01 9.941037e-01 -5.033991e+01
9.865359e-01 1.635330e-01 1.968297e-03 6.106561e+02 -1.628156e-01 9.809313e-01 1.061368e-01 -1.103885e+02 1.542610e-02 -1.050282e-01 9.943496e-01 -5.047310e+01
9.865884e-01 1.632158e-01 1.969014e-03 6.117606e+02 -1.624860e-01 9.808856e-01 1.070596e-01 -1.106048e+02 1.554244e-02 -1.059437e-01 9.942507e-01 -5.061411e+01
9.866309e-01 1.629571e-01 2.133208e-03 6.128625e+02 -1.621980e-01 9.805933e-01 1.101291e-01 -1.107837e+02 1.585451e-02 -1.090028e-01 9.939150e-01 -5.077138e+01
9.868817e-01 1.614449e-01 2.411073e-04 6.139278e+02 -1.604796e-01 9.808158e-01 1.106642e-01 -1.109566e+02 1.762970e-02 -1.092512e-01 9.938578e-01 -5.090021e+01
9.868518e-01 1.616277e-01 5.485304e-05 6.150270e+02 -1.606575e-01 9.808911e-01 1.097338e-01 -1.111643e+02 1.768222e-02 -1.082999e-01 9.939610e-01 -5.105420e+01
9.869840e-01 1.608100e-01 -1.664709e-03 6.161031e+02 -1.596785e-01 9.811643e-01 1.087172e-01 -1.113403e+02 1.911618e-02 -1.070364e-01 9.940713e-01 -5.118140e+01
9.871103e-01 1.600378e-01 -1.048191e-03 6.171945e+02 -1.589227e-01 9.809633e-01 1.116005e-01 -1.115214e+02 1.888854e-02 -1.099954e-01 9.937526e-01 -5.134414e+01
9.872874e-01 1.589289e-01 -2.292618e-03 6.182852e+02 -1.576878e-01 9.811848e-01 1.114044e-01 -1.116950e+02 1.995485e-02 -1.096266e-01 9.937725e-01 -5.147785e+01
9.875118e-01 1.575296e-01 -2.195593e-03 6.193690e+02 -1.562960e-01 9.813396e-01 1.120007e-01 -1.118841e+02 1.979805e-02 -1.102589e-01 9.937057e-01 -5.161734e+01
9.876154e-01 1.568821e-01 -1.963994e-03 6.204612e+02 -1.557149e-01 9.816462e-01 1.101077e-01 -1.120677e+02 1.920187e-02 -1.084382e-01 9.939177e-01 -5.175900e+01
9.879324e-01 1.548641e-01 -2.580814e-03 6.215366e+02 -1.536316e-01 9.819137e-01 1.106486e-01 -1.122483e+02 1.966963e-02 -1.089169e-01 9.938563e-01 -5.190494e+01
9.881083e-01 1.537490e-01 -1.770312e-03 6.226299e+02 -1.526409e-01 9.822429e-01 1.090843e-01 -1.124249e+02 1.851048e-02 -1.075169e-01 9.940310e-01 -5.203952e+01
9.883373e-01 1.522643e-01 -2.233598e-03 6.237087e+02 -1.510836e-01 9.822979e-01 1.107459e-01 -1.126126e+02 1.905671e-02 -1.091169e-01 9.938462e-01 -5.219732e+01
9.885641e-01 1.507937e-01 -1.501272e-03 6.248077e+02 -1.497337e-01 9.827001e-01 1.089970e-01 -1.127991e+02 1.791137e-02 -1.075258e-01 9.940410e-01 -5.232475e+01
9.887795e-01 1.493703e-01 -1.880107e-03 6.258886e+02 -1.482835e-01 9.829538e-01 1.086924e-01 -1.129511e+02 1.808347e-02 -1.071940e-01 9.940736e-01 -5.247844e+01
9.890329e-01 1.476877e-01 -1.522299e-03 6.269594e+02 -1.466369e-01 9.831234e-01 1.093894e-01 -1.131350e+02 1.765209e-02 -1.079665e-01 9.939978e-01 -5.260181e+01
9.892218e-01 1.464230e-01 -8.044615e-04 6.280587e+02 -1.454251e-01 9.830910e-01 1.112816e-01 -1.133019e+02 1.708505e-02 -1.099652e-01 9.937886e-01 -5.276208e+01
9.894899e-01 1.445980e-01 -1.059604e-03 6.291301e+02 -1.435646e-01 9.832417e-01 1.123616e-01 -1.134689e+02 1.728912e-02 -1.110286e-01 9.936668e-01 -5.288857e+01
9.897089e-01 1.430947e-01 3.935006e-04 6.301979e+02 -1.421957e-01 9.831756e-01 1.146569e-01 -1.136428e+02 1.601991e-02 -1.135329e-01 9.934051e-01 -5.304399e+01
9.898550e-01 1.420599e-01 -2.456813e-03 6.312805e+02 -1.408612e-01 9.834704e-01 1.137733e-01 -1.138034e+02 1.857882e-02 -1.122730e-01 9.935037e-01 -5.319286e+01
9.898493e-01 1.420968e-01 -2.631075e-03 6.323833e+02 -1.409021e-01 9.836102e-01 1.125055e-01 -1.139670e+02 1.857463e-02 -1.109928e-01 9.936476e-01 -5.333130e+01
9.898668e-01 1.419145e-01 -4.900533e-03 6.334521e+02 -1.405318e-01 9.840034e-01 1.094899e-01 -1.141251e+02 2.036035e-02 -1.076918e-01 9.939758e-01 -5.347582e+01
9.896408e-01 1.434636e-01 -5.412848e-03 6.345398e+02 -1.419853e-01 9.836299e-01 1.109608e-01 -1.142908e+02 2.124307e-02 -1.090427e-01 9.938101e-01 -5.362575e+01
9.895715e-01 1.438844e-01 -6.756574e-03 6.356226e+02 -1.422762e-01 9.836819e-01 1.101230e-01 -1.144586e+02 2.249130e-02 -1.080133e-01 9.938950e-01 -5.374585e+01
9.895144e-01 1.443475e-01 -4.997340e-03 6.367154e+02 -1.429237e-01 9.835713e-01 1.102736e-01 -1.146201e+02 2.083296e-02 -1.084030e-01 9.938887e-01 -5.390633e+01
9.895158e-01 1.442426e-01 -7.242951e-03 6.377902e+02 -1.425712e-01 9.835982e-01 1.104895e-01 -1.147884e+02 2.306144e-02 -1.082984e-01 9.938509e-01 -5.403859e+01
9.896258e-01 1.435830e-01 -4.966316e-03 6.388674e+02 -1.421411e-01 9.835445e-01 1.115165e-01 -1.149414e+02 2.089647e-02 -1.096537e-01 9.937502e-01 -5.417678e+01
9.896308e-01 1.435364e-01 -5.309809e-03 6.399448e+02 -1.420406e-01 9.834714e-01 1.122874e-01 -1.151097e+02 2.133937e-02 -1.103688e-01 9.936616e-01 -5.431961e+01
9.896744e-01 1.432461e-01 -5.006871e-03 6.410355e+02 -1.418061e-01 9.836159e-01 1.113137e-01 -1.152719e+02 2.087009e-02 -1.094543e-01 9.937727e-01 -5.446183e+01
9.898320e-01 1.421845e-01 -4.014702e-03 6.421005e+02 -1.408215e-01 9.835398e-01 1.132195e-01 -1.154364e+02 2.004669e-02 -1.115030e-01 9.935619e-01 -5.460847e+01
9.899023e-01 1.417016e-01 -3.750624e-03 6.431987e+02 -1.403583e-01 9.835324e-01 1.138569e-01 -1.155998e+02 1.982256e-02 -1.121807e-01 9.934901e-01 -5.474674e+01
9.898191e-01 1.422925e-01 -3.309839e-03 6.443286e+02 -1.410043e-01 9.834952e-01 1.133804e-01 -1.157858e+02 1.938839e-02 -1.117593e-01 9.935461e-01 -5.489871e+01
9.898739e-01 1.418973e-01 -3.847941e-03 6.454231e+02 -1.405539e-01 9.835736e-01 1.132587e-01 -1.159504e+02 1.985583e-02 -1.115710e-01 9.935581e-01 -5.504818e+01
9.900277e-01 1.408433e-01 -2.879800e-03 6.465242e+02 -1.396437e-01 9.838800e-01 1.117133e-01 -1.161142e+02 1.856745e-02 -1.101971e-01 9.937363e-01 -5.518680e+01
9.900941e-01 1.403874e-01 -2.260118e-03 6.476226e+02 -1.392444e-01 9.838448e-01 1.125202e-01 -1.162943e+02 1.802002e-02 -1.110908e-01 9.936469e-01 -5.533522e+01
9.903443e-01 1.386077e-01 -2.458843e-03 6.487231e+02 -1.374629e-01 9.841516e-01 1.120247e-01 -1.164352e+02 1.794737e-02 -1.106051e-01 9.937024e-01 -5.547508e+01
9.902842e-01 1.390432e-01 -2.037128e-03 6.498375e+02 -1.379161e-01 9.839195e-01 1.134959e-01 -1.166198e+02 1.778521e-02 -1.121123e-01 9.935364e-01 -5.562842e+01
9.902607e-01 1.391955e-01 -2.899969e-03 6.509647e+02 -1.379701e-01 9.839082e-01 1.135293e-01 -1.167879e+02 1.865608e-02 -1.120235e-01 9.935304e-01 -5.577438e+01
9.903664e-01 1.384359e-01 -3.147610e-03 6.520756e+02 -1.371881e-01 9.840204e-01 1.135056e-01 -1.169450e+02 1.881057e-02 -1.119804e-01 9.935324e-01 -5.592072e+01
9.905199e-01 1.373311e-01 -3.246442e-03 6.531822e+02 -1.360711e-01 9.841257e-01 1.139346e-01 -1.171076e+02 1.884167e-02 -1.124128e-01 9.934829e-01 -5.606718e+01
9.905938e-01 1.367830e-01 -3.794881e-03 6.543181e+02 -1.354627e-01 9.841967e-01 1.140475e-01 -1.172517e+02 1.933467e-02 -1.124607e-01 9.934680e-01 -5.621642e+01
9.903889e-01 1.382047e-01 -5.421545e-03 6.554156e+02 -1.367260e-01 9.842042e-01 1.124639e-01 -1.174371e+02 2.087895e-02 -1.106418e-01 9.936410e-01 -5.636144e+01
9.906362e-01 1.364529e-01 -4.541126e-03 6.565984e+02 -1.350438e-01 9.842136e-01 1.143983e-01 -1.175806e+02 2.007942e-02 -1.127139e-01 9.934246e-01 -5.651950e+01
9.908329e-01 1.349913e-01 -5.255949e-03 6.577472e+02 -1.335076e-01 9.844034e-01 1.145673e-01 -1.177557e+02 2.063956e-02 -1.128154e-01 9.934016e-01 -5.666600e+01
9.910035e-01 1.337932e-01 -3.375521e-03 6.588975e+02 -1.324823e-01 9.842471e-01 1.170714e-01 -1.179238e+02 1.898571e-02 -1.155710e-01 9.931177e-01 -5.682097e+01
9.913241e-01 1.312835e-01 -6.412280e-03 6.600847e+02 -1.296963e-01 9.849286e-01 1.144311e-01 -1.180865e+02 2.133856e-02 -1.126067e-01 9.934105e-01 -5.697017e+01
9.915652e-01 1.295566e-01 -3.679028e-03 6.612580e+02 -1.282809e-01 9.850634e-01 1.148662e-01 -1.182529e+02 1.850576e-02 -1.134254e-01 9.933742e-01 -5.714509e+01
9.916921e-01 1.284443e-01 -6.995401e-03 6.624139e+02 -1.268233e-01 9.853749e-01 1.138062e-01 -1.184366e+02 2.151085e-02 -1.119735e-01 9.934784e-01 -5.728161e+01
9.921179e-01 1.252024e-01 -5.140098e-03 6.635801e+02 -1.238035e-01 9.857193e-01 1.141488e-01 -1.185766e+02 1.935840e-02 -1.126127e-01 9.934503e-01 -5.744616e+01
9.924504e-01 1.224936e-01 -6.131853e-03 6.647967e+02 -1.209915e-01 9.860170e-01 1.145934e-01 -1.187467e+02 2.008306e-02 -1.129863e-01 9.933935e-01 -5.759658e+01
9.928043e-01 1.196815e-01 -3.979374e-03 6.659732e+02 -1.184557e-01 9.864196e-01 1.137759e-01 -1.188897e+02 1.754220e-02 -1.124858e-01 9.934984e-01 -5.775520e+01
9.932055e-01 1.163155e-01 -3.687989e-03 6.671845e+02 -1.151228e-01 9.866687e-01 1.150293e-01 -1.190514e+02 1.701851e-02 -1.138232e-01 9.933553e-01 -5.790937e+01
9.935554e-01 1.133003e-01 -3.274366e-03 6.683995e+02 -1.122060e-01 9.872278e-01 1.130972e-01 -1.192121e+02 1.604649e-02 -1.120010e-01 9.935786e-01 -5.807280e+01
9.937782e-01 1.113654e-01 -1.659673e-03 6.695599e+02 -1.104505e-01 9.873142e-01 1.140669e-01 -1.193399e+02 1.434172e-02 -1.131739e-01 9.934717e-01 -5.822572e+01
9.938751e-01 1.104072e-01 -4.733802e-03 6.708154e+02 -1.091876e-01 9.876963e-01 1.119556e-01 -1.195065e+02 1.703626e-02 -1.107530e-01 9.937019e-01 -5.838800e+01
9.938395e-01 1.107318e-01 -4.638635e-03 6.720389e+02 -1.095172e-01 9.876370e-01 1.121550e-01 -1.196446e+02 1.700041e-02 -1.109560e-01 9.936799e-01 -5.855970e+01
9.936098e-01 1.126800e-01 -6.536351e-03 6.732617e+02 -1.112438e-01 9.874486e-01 1.121169e-01 -1.197892e+02 1.908764e-02 -1.106733e-01 9.936735e-01 -5.870152e+01
9.933762e-01 1.146420e-01 -7.803138e-03 6.744789e+02 -1.130525e-01 9.872373e-01 1.121683e-01 -1.199372e+02 2.056275e-02 -1.105432e-01 9.936586e-01 -5.886268e+01
9.931365e-01 1.167596e-01 -6.855613e-03 6.757200e+02 -1.152551e-01 9.869447e-01 1.125015e-01 -1.200819e+02 1.990174e-02 -1.109392e-01 9.936279e-01 -5.902176e+01
9.930037e-01 1.178777e-01 -6.967837e-03 6.769595e+02 -1.164091e-01 9.871197e-01 1.097441e-01 -1.202465e+02 1.981447e-02 -1.081652e-01 9.939355e-01 -5.917545e+01
9.927808e-01 1.197556e-01 -6.701278e-03 6.781779e+02 -1.183078e-01 9.869107e-01 1.095938e-01 -1.204056e+02 1.973804e-02 -1.080098e-01 9.939539e-01 -5.934675e+01
9.926167e-01 1.210896e-01 -7.032983e-03 6.794171e+02 -1.196152e-01 9.868470e-01 1.087442e-01 -1.205664e+02 2.010827e-02 -1.071000e-01 9.940449e-01 -5.949967e+01
9.924432e-01 1.224822e-01 -7.386524e-03 6.806514e+02 -1.209812e-01 9.867833e-01 1.078079e-01 -1.207237e+02 2.049344e-02 -1.060996e-01 9.941443e-01 -5.966224e+01
9.923054e-01 1.235643e-01 -7.864823e-03 6.818785e+02 -1.220242e-01 9.867461e-01 1.069685e-01 -1.208898e+02 2.097806e-02 -1.051857e-01 9.942313e-01 -5.981596e+01
9.921464e-01 1.249443e-01 -5.875615e-03 6.830978e+02 -1.235875e-01 9.864476e-01 1.079241e-01 -1.210623e+02 1.928049e-02 -1.063504e-01 9.941418e-01 -5.997720e+01
9.921007e-01 1.252324e-01 -7.284801e-03 6.843339e+02 -1.237172e-01 9.863945e-01 1.082575e-01 -1.212215e+02 2.074304e-02 -1.065011e-01 9.940962e-01 -6.012557e+01
9.920295e-01 1.258769e-01 -5.694798e-03 6.855798e+02 -1.245258e-01 9.862827e-01 1.083488e-01 -1.213828e+02 1.925530e-02 -1.067760e-01 9.940966e-01 -6.029077e+01
9.917693e-01 1.277080e-01 -9.179888e-03 6.867948e+02 -1.259796e-01 9.861206e-01 1.081459e-01 -1.215620e+02 2.286357e-02 -1.060993e-01 9.940926e-01 -6.044343e+01
9.916880e-01 1.285299e-01 -5.913676e-03 6.880252e+02 -1.271651e-01 9.860846e-01 1.070797e-01 -1.217299e+02 1.959433e-02 -1.054377e-01 9.942328e-01 -6.059552e+01
9.916047e-01 1.291096e-01 -7.124388e-03 6.892411e+02 -1.276142e-01 9.860277e-01 1.070696e-01 -1.218902e+02 2.084856e-02 -1.052616e-01 9.942260e-01 -6.076707e+01
9.916127e-01 1.291297e-01 -5.466668e-03 6.904841e+02 -1.277802e-01 9.858449e-01 1.085440e-01 -1.220512e+02 1.940554e-02 -1.069351e-01 9.940766e-01 -6.091216e+01
9.915542e-01 1.294715e-01 -7.573308e-03 6.917109e+02 -1.278719e-01 9.857154e-01 1.096087e-01 -1.222167e+02 2.165632e-02 -1.077145e-01 9.939460e-01 -6.107996e+01
9.914156e-01 1.306091e-01 -6.026012e-03 6.929458e+02 -1.291967e-01 9.856904e-01 1.082708e-01 -1.223941e+02 2.008093e-02 -1.065628e-01 9.941032e-01 -6.121835e+01
9.913995e-01 1.305825e-01 -8.678867e-03 6.941733e+02 -1.288479e-01 9.855424e-01 1.100211e-01 -1.225807e+02 2.292022e-02 -1.079566e-01 9.938914e-01 -6.139806e+01
9.913689e-01 1.308890e-01 -7.472215e-03 6.954351e+02 -1.293091e-01 9.856148e-01 1.088248e-01 -1.227445e+02 2.160870e-02 -1.069193e-01 9.940329e-01 -6.154689e+01
9.912841e-01 1.314834e-01 -8.243328e-03 6.966807e+02 -1.297997e-01 9.854630e-01 1.096118e-01 -1.229278e+02 2.253562e-02 -1.075864e-01 9.939403e-01 -6.172108e+01
9.913442e-01 1.310786e-01 -7.428252e-03 6.978992e+02 -1.295169e-01 9.856622e-01 1.081466e-01 -1.230964e+02 2.149745e-02 -1.062485e-01 9.941072e-01 -6.185873e+01
9.912023e-01 1.320548e-01 -8.915110e-03 6.991680e+02 -1.302895e-01 9.853691e-01 1.098746e-01 -1.232767e+02 2.329415e-02 -1.077464e-01 9.939055e-01 -6.203877e+01
9.914460e-01 1.303419e-01 -6.777171e-03 7.004208e+02 -1.288896e-01 9.859326e-01 1.064170e-01 -1.234431e+02 2.055243e-02 -1.046332e-01 9.942985e-01 -6.217931e+01
9.912634e-01 1.316221e-01 -8.507161e-03 7.016580e+02 -1.299435e-01 9.856094e-01 1.081155e-01 -1.236131e+02 2.261512e-02 -1.060655e-01 9.941019e-01 -6.235144e+01
9.911848e-01 1.323050e-01 -6.938936e-03 7.029210e+02 -1.308122e-01 9.856139e-01 1.070209e-01 -1.237989e+02 2.099852e-02 -1.051698e-01 9.942325e-01 -6.250029e+01
9.911547e-01 1.324698e-01 -8.006134e-03 7.041491e+02 -1.308451e-01 9.855177e-01 1.078621e-01 -1.239749e+02 2.217865e-02 -1.058604e-01 9.941337e-01 -6.265727e+01
9.912756e-01 1.316060e-01 -7.249843e-03 7.054471e+02 -1.300910e-01 9.857429e-01 1.067109e-01 -1.241513e+02 2.119027e-02 -1.048368e-01 9.942636e-01 -6.280713e+01
9.914237e-01 1.305650e-01 -5.631562e-03 7.066891e+02 -1.292220e-01 9.858369e-01 1.068994e-01 -1.243264e+02 1.950912e-02 -1.052549e-01 9.942539e-01 -6.296347e+01
9.914453e-01 1.303480e-01 -6.754056e-03 7.079677e+02 -1.288894e-01 9.858867e-01 1.068395e-01 -1.245200e+02 2.058505e-02 -1.050550e-01 9.942533e-01 -6.312688e+01
9.916818e-01 1.285925e-01 -5.575894e-03 7.092478e+02 -1.272706e-01 9.861135e-01 1.066867e-01 -1.246898e+02 1.921758e-02 -1.050896e-01 9.942771e-01 -6.329599e+01
9.917495e-01 1.279978e-01 -7.035801e-03 7.105106e+02 -1.265594e-01 9.863796e-01 1.050618e-01 -1.248530e+02 2.038765e-02 -1.033045e-01 9.944408e-01 -6.344272e+01
9.918994e-01 1.268972e-01 -5.712802e-03 7.118098e+02 -1.256202e-01 9.866033e-01 1.040859e-01 -1.250406e+02 1.884448e-02 -1.025251e-01 9.945519e-01 -6.360413e+01
9.921377e-01 1.249686e-01 -6.763771e-03 7.130503e+02 -1.235965e-01 9.868711e-01 1.039676e-01 -1.251959e+02 1.966766e-02 -1.023142e-01 9.945577e-01 -6.375927e+01
9.922363e-01 1.242005e-01 -6.429715e-03 7.143418e+02 -1.228485e-01 9.868656e-01 1.049015e-01 -1.253695e+02 1.937409e-02 -1.032972e-01 9.944618e-01 -6.392765e+01
9.923370e-01 1.234136e-01 -6.033335e-03 7.156409e+02 -1.220993e-01 9.869164e-01 1.052985e-01 -1.255431e+02 1.894967e-02 -1.037549e-01 9.944224e-01 -6.408237e+01
9.924822e-01 1.221348e-01 -7.883722e-03 7.169098e+02 -1.206560e-01 9.871985e-01 1.043146e-01 -1.257177e+02 2.052324e-02 -1.025791e-01 9.945131e-01 -6.424024e+01
9.926227e-01 1.211201e-01 -5.483160e-03 7.182027e+02 -1.198864e-01 9.872515e-01 1.046977e-01 -1.258784e+02 1.809426e-02 -1.032680e-01 9.944890e-01 -6.439439e+01
9.927078e-01 1.201800e-01 -9.375365e-03 7.195115e+02 -1.185376e-01 9.873537e-01 1.052706e-01 -1.260529e+02 2.190822e-02 -1.033916e-01 9.943994e-01 -6.457339e+01
9.928820e-01 1.188599e-01 -7.591470e-03 7.207979e+02 -1.174225e-01 9.875562e-01 1.046152e-01 -1.262186e+02 1.993155e-02 -1.029791e-01 9.944838e-01 -6.472334e+01
9.928778e-01 1.188978e-01 -7.547537e-03 7.220877e+02 -1.174659e-01 9.875573e-01 1.045570e-01 -1.263792e+02 1.988522e-02 -1.029257e-01 9.944903e-01 -6.488811e+01
9.931939e-01 1.161914e-01 -8.092164e-03 7.233930e+02 -1.147711e-01 9.881510e-01 1.019092e-01 -1.265149e+02 1.983725e-02 -1.002868e-01 9.947608e-01 -6.503312e+01
9.933205e-01 1.152583e-01 -5.479437e-03 7.247179e+02 -1.140544e-01 9.879284e-01 1.048281e-01 -1.266674e+02 1.749561e-02 -1.035030e-01 9.944752e-01 -6.521040e+01
9.932866e-01 1.153092e-01 -9.246462e-03 7.260076e+02 -1.137562e-01 9.881624e-01 1.029294e-01 -1.268457e+02 2.100571e-02 -1.011866e-01 9.946457e-01 -6.535554e+01
9.935077e-01 1.136328e-01 -5.478734e-03 7.273464e+02 -1.124529e-01 9.882042e-01 1.039547e-01 -1.269991e+02 1.722677e-02 -1.026637e-01 9.945669e-01 -6.553151e+01
9.935097e-01 1.134033e-01 -8.837789e-03 7.286351e+02 -1.118993e-01 9.883635e-01 1.030351e-01 -1.271641e+02 2.041946e-02 -1.013774e-01 9.946384e-01 -6.568282e+01
9.935834e-01 1.128809e-01 -7.061080e-03 7.299749e+02 -1.115931e-01 9.885818e-01 1.012573e-01 -1.273301e+02 1.841048e-02 -9.981965e-02 9.948352e-01 -6.583913e+01
9.936635e-01 1.119935e-01 -9.506170e-03 7.312756e+02 -1.104653e-01 9.887037e-01 1.013029e-01 -1.274855e+02 2.074405e-02 -9.961091e-02 9.948102e-01 -6.598679e+01
9.937463e-01 1.113277e-01 -8.623054e-03 7.326062e+02 -1.099049e-01 9.888382e-01 1.005965e-01 -1.276225e+02 1.972598e-02 -9.901965e-02 9.948899e-01 -6.616870e+01
9.937664e-01 1.110065e-01 -1.029555e-02 7.339880e+02 -1.094391e-01 9.889812e-01 9.969538e-02 -1.278168e+02 2.124894e-02 -9.794717e-02 9.949647e-01 -6.630415e+01
9.938873e-01 1.101628e-01 -7.220745e-03 7.353096e+02 -1.088594e-01 9.888121e-01 1.019815e-01 -1.279690e+02 1.837453e-02 -1.005720e-01 9.947601e-01 -6.647421e+01
9.938529e-01 1.100981e-01 -1.161082e-02 7.366517e+02 -1.083941e-01 9.890418e-01 1.002346e-01 -1.281277e+02 2.251922e-02 -9.835989e-02 9.948961e-01 -6.662080e+01
9.938546e-01 1.104393e-01 -7.486930e-03 7.379845e+02 -1.091224e-01 9.888637e-01 1.011961e-01 -1.282955e+02 1.857958e-02 -9.975720e-02 9.948384e-01 -6.679195e+01
9.938834e-01 1.097470e-01 -1.230546e-02 7.393122e+02 -1.079561e-01 9.890016e-01 1.011011e-01 -1.284482e+02 2.326565e-02 -9.915422e-02 9.948000e-01 -6.694323e+01
9.939172e-01 1.097348e-01 -9.320549e-03 7.406550e+02 -1.082084e-01 9.888126e-01 1.026681e-01 -1.285967e+02 2.048254e-02 -1.010350e-01 9.946720e-01 -6.712072e+01
9.939176e-01 1.094859e-01 -1.185319e-02 7.420039e+02 -1.076969e-01 9.888310e-01 1.030276e-01 -1.287681e+02 2.300088e-02 -1.011244e-01 9.946079e-01 -6.726750e+01
9.939854e-01 1.091502e-01 -8.908941e-03 7.433564e+02 -1.076310e-01 9.886820e-01 1.045156e-01 -1.289451e+02 2.021600e-02 -1.029281e-01 9.944834e-01 -6.744637e+01
9.940836e-01 1.078136e-01 -1.319349e-02 7.447044e+02 -1.059321e-01 9.891689e-01 1.016027e-01 -1.290767e+02 2.400474e-02 -9.960393e-02 9.947376e-01 -6.760387e+01
9.943131e-01 1.061154e-01 -8.994353e-03 7.460587e+02 -1.046589e-01 9.892896e-01 1.017488e-01 -1.292162e+02 1.969514e-02 -1.002289e-01 9.947695e-01 -6.777621e+01
9.941579e-01 1.069679e-01 -1.442308e-02 7.473814e+02 -1.049833e-01 9.893318e-01 1.010014e-01 -1.293977e+02 2.507311e-02 -9.889713e-02 9.947817e-01 -6.792290e+01
9.943210e-01 1.060341e-01 -9.079834e-03 7.487844e+02 -1.046118e-01 9.895124e-01 9.960619e-02 -1.295553e+02 1.954626e-02 -9.809067e-02 9.949855e-01 -6.809711e+01
9.942440e-01 1.062917e-01 -1.345218e-02 7.501341e+02 -1.044376e-01 9.895202e-01 9.971322e-02 -1.296917e+02 2.390989e-02 -9.773436e-02 9.949253e-01 -6.823624e+01
9.941401e-01 1.077970e-01 -8.070385e-03 7.515142e+02 -1.064633e-01 9.893049e-01 9.970655e-02 -1.298725e+02 1.873214e-02 -9.826308e-02 9.949841e-01 -6.841753e+01
9.942101e-01 1.067579e-01 -1.221097e-02 7.528093e+02 -1.050023e-01 9.893689e-01 1.006154e-01 -1.300399e+02 2.282265e-02 -9.875070e-02 9.948505e-01 -6.857397e+01
9.943523e-01 1.057482e-01 -8.990088e-03 7.541951e+02 -1.043343e-01 9.895328e-01 9.969515e-02 -1.302104e+02 1.943857e-02 -9.819413e-02 9.949774e-01 -6.873506e+01
9.944178e-01 1.047586e-01 -1.260427e-02 7.555601e+02 -1.029851e-01 9.896302e-01 1.001293e-01 -1.303530e+02 2.296298e-02 -9.827231e-02 9.948946e-01 -6.890126e+01
9.945962e-01 1.033526e-01 -9.834951e-03 7.569256e+02 -1.018965e-01 9.899323e-01 9.824096e-02 -1.304988e+02 1.988940e-02 -9.670793e-02 9.951140e-01 -6.905099e+01
9.945768e-01 1.032259e-01 -1.270645e-02 7.582833e+02 -1.014761e-01 9.899017e-01 9.898088e-02 -1.306625e+02 2.279553e-02 -9.715468e-02 9.950082e-01 -6.923108e+01
9.947971e-01 1.015000e-01 -8.753926e-03 7.596890e+02 -1.001592e-01 9.901201e-01 9.813519e-02 -1.308174e+02 1.862815e-02 -9.674780e-02 9.951346e-01 -6.938699e+01
9.946935e-01 1.021754e-01 -1.204740e-02 7.610396e+02 -1.004788e-01 9.899321e-01 9.969284e-02 -1.309894e+02 2.211225e-02 -9.795330e-02 9.949453e-01 -6.956679e+01
9.948444e-01 1.009693e-01 -9.482490e-03 7.624083e+02 -9.954422e-02 9.900984e-01 9.897527e-02 -1.311156e+02 1.938206e-02 -9.752107e-02 9.950447e-01 -6.972473e+01
9.947333e-01 1.016423e-01 -1.320995e-02 7.637744e+02 -9.987219e-02 9.901552e-01 9.807117e-02 -1.312867e+02 2.304809e-02 -9.623534e-02 9.950917e-01 -6.988408e+01
9.948888e-01 1.003873e-01 -1.089253e-02 7.651254e+02 -9.888725e-02 9.904485e-01 9.608837e-02 -1.314385e+02 2.043455e-02 -9.452011e-02 9.953132e-01 -7.002612e+01
9.949644e-01 9.947663e-02 -1.225710e-02 7.664745e+02 -9.783853e-02 9.904941e-01 9.669122e-02 -1.315812e+02 2.175910e-02 -9.500511e-02 9.952390e-01 -7.018094e+01
9.951451e-01 9.763882e-02 -1.236118e-02 7.678567e+02 -9.600503e-02 9.906999e-01 9.641860e-02 -1.317212e+02 2.166042e-02 -9.476376e-02 9.952641e-01 -7.035118e+01
9.952376e-01 9.662931e-02 -1.283967e-02 7.692363e+02 -9.494804e-02 9.907727e-01 9.671763e-02 -1.318710e+02 2.206695e-02 -9.503793e-02 9.952291e-01 -7.051319e+01
9.951926e-01 9.712119e-02 -1.261585e-02 7.706041e+02 -9.544309e-02 9.906546e-01 9.743891e-02 -1.320212e+02 2.196133e-02 -9.576639e-02 9.951615e-01 -7.066679e+01
9.952417e-01 9.671210e-02 -1.186119e-02 7.719422e+02 -9.508785e-02 9.905941e-01 9.839371e-02 -1.321605e+02 2.126549e-02 -9.679767e-02 9.950769e-01 -7.083853e+01
9.953682e-01 9.526973e-02 -1.287463e-02 7.733325e+02 -9.357170e-02 9.908170e-01 9.760077e-02 -1.323009e+02 2.205480e-02 -9.594399e-02 9.951423e-01 -7.099304e+01
9.953985e-01 9.505792e-02 -1.207584e-02 7.746989e+02 -9.345262e-02 9.908978e-01 9.689388e-02 -1.324617e+02 2.117645e-02 -9.531950e-02 9.952214e-01 -7.115997e+01
9.953867e-01 9.504604e-02 -1.309621e-02 7.760859e+02 -9.333227e-02 9.908595e-01 9.739957e-02 -1.326093e+02 2.223394e-02 -9.572794e-02 9.951592e-01 -7.132526e+01
9.955195e-01 9.372859e-02 -1.248934e-02 7.775127e+02 -9.205505e-02 9.908696e-01 9.850369e-02 -1.327321e+02 2.160793e-02 -9.691264e-02 9.950583e-01 -7.149136e+01
9.954963e-01 9.392061e-02 -1.288849e-02 7.788904e+02 -9.219923e-02 9.908192e-01 9.887603e-02 -1.328945e+02 2.205666e-02 -9.724241e-02 9.950163e-01 -7.165492e+01
9.955412e-01 9.342280e-02 -1.303691e-02 7.802614e+02 -9.170786e-02 9.909477e-01 9.804207e-02 -1.330167e+02 2.207826e-02 -9.640934e-02 9.950969e-01 -7.181119e+01
9.956001e-01 9.273526e-02 -1.343725e-02 7.816786e+02 -9.101090e-02 9.911259e-01 9.688374e-02 -1.331738e+02 2.230254e-02 -9.523453e-02 9.952050e-01 -7.197636e+01
9.957324e-01 9.163944e-02 -1.091815e-02 7.830588e+02 -9.016980e-02 9.912496e-01 9.640426e-02 -1.333100e+02 1.965705e-02 -9.500837e-02 9.952824e-01 -7.212691e+01
9.956710e-01 9.188711e-02 -1.400173e-02 7.844896e+02 -9.013855e-02 9.913152e-01 9.575608e-02 -1.334669e+02 2.267887e-02 -9.407946e-02 9.953064e-01 -7.229036e+01
9.958922e-01 8.986246e-02 -1.111501e-02 7.858857e+02 -8.836684e-02 9.913366e-01 9.717480e-02 -1.335983e+02 1.975108e-02 -9.579342e-02 9.952053e-01 -7.244918e+01
9.959502e-01 8.889313e-02 -1.346047e-02 7.873150e+02 -8.719608e-02 9.915229e-01 9.632803e-02 -1.337411e+02 2.190927e-02 -9.476423e-02 9.952586e-01 -7.261810e+01
9.961410e-01 8.699166e-02 -1.164235e-02 7.887156e+02 -8.551016e-02 9.918364e-01 9.459662e-02 -1.338841e+02 1.977643e-02 -9.323604e-02 9.954476e-01 -7.278412e+01
9.963630e-01 8.471356e-02 -9.186688e-03 7.901902e+02 -8.340856e-02 9.916643e-01 9.820804e-02 -1.340187e+02 1.742966e-02 -9.708461e-02 9.951235e-01 -7.297057e+01
9.962573e-01 8.542223e-02 -1.320904e-02 7.916246e+02 -8.374458e-02 9.917301e-01 9.725473e-02 -1.341568e+02 2.140751e-02 -9.578455e-02 9.951718e-01 -7.312660e+01
9.962381e-01 8.586688e-02 -1.168577e-02 7.930672e+02 -8.433967e-02 9.917110e-01 9.693317e-02 -1.342945e+02 1.991225e-02 -9.558295e-02 9.952223e-01 -7.329281e+01
9.962621e-01 8.508322e-02 -1.492413e-02 7.945193e+02 -8.326357e-02 9.918578e-01 9.636153e-02 -1.344384e+02 2.300137e-02 -9.475870e-02 9.952345e-01 -7.346974e+01
9.962928e-01 8.468284e-02 -1.514592e-02 7.944296e+02 -8.284497e-02 9.918970e-01 9.631699e-02 -1.344213e+02 2.317959e-02 -9.470516e-02 9.952354e-01 -7.345583e+01