1.000000e+00 0.000000e+00 0.000000e+00 0.000000e+00 0.000000e+00 1.000000e+00 0.000000e+00 0.000000e+00 0.000000e+00 0.000000e+00 1.000000e+00 0.000000e+00
9.999996e-01 -7.535587e-04 4.770851e-04 7.373162e-02 7.549308e-04 9.999956e-01 -2.882366e-03 -4.732281e-03 -4.749110e-04 2.882725e-03 9.999957e-01 2.687893e-02
9.999859e-01 -1.743552e-03 -5.019677e-03 5.408432e-01 1.741803e-03 9.999986e-01 -3.525959e-04 -7.458638e-04 5.020284e-03 3.438477e-04 9.999874e-01 8.130472e-02
9.999784e-01 -2.637305e-03 -6.027415e-03 9.270352e-01 2.633145e-03 9.999962e-01 -6.978855e-04 6.880859e-03 6.029233e-03 6.819993e-04 9.999816e-01 5.485738e-02
9.999875e-01 -3.162792e-03 -3.864414e-03 9.678211e-01 3.168531e-03 9.999939e-01 1.479906e-03 4.898686e-03 3.859710e-03 -1.492133e-03 9.999914e-01 5.955350e-02
9.999852e-01 -3.805544e-03 -3.884520e-03 1.089593e+00 3.800409e-03 9.999918e-01 -1.328287e-03 9.599228e-03 3.889543e-03 1.313504e-03 9.999916e-01 6.647630e-02
9.999743e-01 -3.686276e-03 -6.145928e-03 9.263309e-01 3.674843e-03 9.999915e-01 -1.870481e-03 2.480210e-02 6.152770e-03 1.847848e-03 9.999794e-01 4.142682e-02
9.999515e-01 -3.090466e-03 -9.350577e-03 1.061787e+00 3.050314e-03 9.999861e-01 -4.305301e-03 2.226866e-02 9.363752e-03 4.276570e-03 9.999470e-01 3.139457e-02
9.999216e-01 -2.667634e-03 -1.223183e-02 1.151794e+00 2.633565e-03 9.999926e-01 -2.800556e-03 1.829856e-02 1.223921e-02 2.768124e-03 9.999213e-01 2.422566e-02
9.998323e-01 -1.544267e-03 -1.824525e-02 1.160873e+00 1.501392e-03 9.999961e-01 -2.363405e-03 1.285668e-02 1.824883e-02 2.335615e-03 9.998307e-01 6.347656e-02
9.998956e-01 -1.967287e-03 -1.431680e-02 1.076363e+00 1.985513e-03 9.999974e-01 1.258962e-03 1.452327e-02 1.431429e-02 -1.287257e-03 9.998967e-01 4.762546e-02
9.998799e-01 -1.215215e-03 -1.545150e-02 9.933568e-01 1.237118e-03 9.999982e-01 1.408021e-03 6.856732e-03 1.544976e-02 -1.426967e-03 9.998796e-01 4.049670e-02
9.999130e-01 -4.362079e-04 -1.318614e-02 7.152737e-01 4.469694e-04 9.999996e-01 8.131848e-04 4.756866e-03 1.318579e-02 -8.190078e-04 9.999127e-01 3.237058e-02
9.999206e-01 7.098069e-04 -1.258115e-02 2.369902e-01 -6.778119e-04 9.999964e-01 2.547168e-03 -5.635235e-03 1.258292e-02 -2.538439e-03 9.999176e-01 1.278942e-02
9.999059e-01 1.541730e-03 -1.363359e-02 2.152738e-01 -1.518339e-03 9.999974e-01 1.725881e-03 1.715174e-04 1.363621e-02 -1.705018e-03 9.999056e-01 5.818501e-02
9.999320e-01 2.660987e-03 -1.135224e-02 3.334087e-01 -2.652701e-03 9.999963e-01 7.449313e-04 -2.565319e-02 1.135418e-02 -7.147666e-04 9.999353e-01 3.592229e-02
9.999449e-01 2.932755e-03 -1.007801e-02 2.389622e-01 -2.952619e-03 9.999938e-01 -1.956742e-03 -4.110184e-02 1.007221e-02 1.986390e-03 9.999473e-01 6.155320e-02
9.999533e-01 3.097351e-03 -9.159873e-03 7.598068e-02 -3.091326e-03 9.999950e-01 6.718716e-04 -4.301577e-02 9.161909e-03 -6.435240e-04 9.999578e-01 5.484007e-02
9.999312e-01 2.459446e-03 -1.147349e-02 -8.578488e-02 -2.458345e-03 9.999969e-01 1.100005e-04 -2.895971e-02 1.147372e-02 -8.178711e-05 9.999342e-01 9.217659e-02
9.999549e-01 3.779832e-03 -8.715168e-03 -7.338433e-02 -3.756603e-03 9.999894e-01 2.680101e-03 -4.398389e-02 8.725205e-03 -2.647240e-03 9.999585e-01 8.275633e-02
9.999824e-01 3.833345e-03 -4.521892e-03 1.658905e-01 -3.810940e-03 9.999804e-01 4.953083e-03 -6.598557e-02 4.540791e-03 -4.935763e-03 9.999775e-01 9.395047e-02
9.999837e-01 3.448648e-03 -4.543999e-03 1.457548e-01 -3.429143e-03 9.999849e-01 4.293287e-03 -7.723661e-02 4.558736e-03 -4.277635e-03 9.999804e-01 7.432774e-02
9.999946e-01 2.508178e-03 -2.138714e-03 2.819795e-01 -2.503080e-03 9.999939e-01 2.382788e-03 -7.665469e-02 2.144677e-03 -2.377422e-03 9.999949e-01 9.468306e-02
9.999975e-01 1.619158e-03 -1.560210e-03 2.822672e-01 -1.613884e-03 9.999931e-01 3.375592e-03 -5.304635e-02 1.565664e-03 -3.373066e-03 9.999931e-01 1.059587e-01
9.999978e-01 8.870650e-04 -1.888116e-03 4.940763e-01 -8.815279e-04 9.999954e-01 2.931429e-03 -4.055110e-02 1.890707e-03 -2.929758e-03 9.999939e-01 9.733973e-02
9.999930e-01 5.447259e-04 -3.714142e-03 9.045974e-01 -5.299432e-04 9.999919e-01 3.979914e-03 -4.260372e-02 3.716280e-03 -3.977917e-03 9.999852e-01 6.826664e-02
9.999885e-01 6.218097e-04 -4.756799e-03 9.321640e-01 -5.979013e-04 9.999872e-01 5.025944e-03 -3.764702e-02 4.759863e-03 -5.023042e-03 9.999760e-01 2.342886e-02
9.999976e-01 -7.277969e-04 -2.054802e-03 1.086608e+00 7.435809e-04 9.999702e-01 7.691218e-03 -3.193025e-02 2.049142e-03 -7.692727e-03 9.999683e-01 4.642938e-03
9.999954e-01 -2.347422e-03 -1.950491e-03 1.185408e+00 2.366938e-03 9.999466e-01 1.006421e-02 6.469640e-03 1.926762e-03 -1.006878e-02 9.999474e-01 -2.276251e-02
9.999847e-01 -4.477581e-03 -3.240227e-03 1.351640e+00 4.508995e-03 9.999422e-01 9.753516e-03 5.368500e-02 3.196368e-03 -9.767978e-03 9.999472e-01 -7.008465e-03
9.999853e-01 -4.298268e-03 -3.289770e-03 1.950069e+00 4.318009e-03 9.999725e-01 6.017060e-03 2.555791e-02 3.263817e-03 -6.031177e-03 9.999765e-01 -6.865104e-02
9.999910e-01 -4.237731e-03 -1.546550e-04 2.484776e+00 4.238774e-03 9.999628e-01 7.521206e-03 4.621192e-03 1.227764e-04 -7.521793e-03 9.999717e-01 -1.292010e-01
9.999875e-01 -4.983975e-03 -3.786919e-04 3.500440e+00 4.987014e-03 9.999515e-01 8.500889e-03 3.062112e-03 3.363053e-04 -8.502671e-03 9.999638e-01 -1.841099e-01
9.999768e-01 -6.801446e-03 -4.641416e-04 4.634789e+00 6.805236e-03 9.999388e-01 8.720565e-03 2.632527e-02 4.048008e-04 -8.723521e-03 9.999619e-01 -2.411196e-01
9.999554e-01 -8.946009e-03 3.029262e-03 5.751210e+00 8.914966e-03 9.999092e-01 1.011086e-02 2.653617e-02 -3.119439e-03 -1.008341e-02 9.999443e-01 -3.063111e-01
9.999096e-01 -1.121426e-02 7.411171e-03 6.813387e+00 1.111671e-02 9.998528e-01 1.307518e-02 3.123688e-02 -7.556708e-03 -1.299161e-02 9.998870e-01 -3.792811e-01
9.998558e-01 -1.231635e-02 1.169396e-02 7.811588e+00 1.212782e-02 9.997975e-01 1.605806e-02 1.967654e-02 -1.188937e-02 -1.591392e-02 9.998026e-01 -4.737774e-01
9.997949e-01 -1.190036e-02 1.638859e-02 8.833927e+00 1.170012e-02 9.998564e-01 1.226046e-02 2.607008e-02 -1.653214e-02 -1.206620e-02 9.997905e-01 -5.983899e-01
9.997420e-01 -1.237610e-02 1.904576e-02 9.698120e+00 1.213645e-02 9.998465e-01 1.264724e-02 2.929740e-02 -1.919936e-02 -1.241283e-02 9.997386e-01 -6.668110e-01
9.996623e-01 -1.087525e-02 2.359836e-02 1.024682e+01 1.061502e-02 9.998817e-01 1.112484e-02 1.420197e-02 -2.371656e-02 -1.087058e-02 9.996596e-01 -7.595257e-01
9.996130e-01 -1.306948e-02 2.455380e-02 1.092283e+01 1.276330e-02 9.998393e-01 1.258535e-02 3.094640e-02 -2.471433e-02 -1.226709e-02 9.996193e-01 -8.216796e-01
9.994732e-01 -1.393874e-02 2.930987e-02 1.179803e+01 1.352649e-02 9.998074e-01 1.421667e-02 6.198079e-02 -2.950239e-02 -1.381272e-02 9.994693e-01 -9.219093e-01
9.992409e-01 -1.456892e-02 3.612978e-02 1.247358e+01 1.409802e-02 9.998127e-01 1.325426e-02 5.691645e-02 -3.631612e-02 -1.273484e-02 9.992592e-01 -9.745166e-01
9.989666e-01 -1.580022e-02 4.261675e-02 1.324513e+01 1.510253e-02 9.997473e-01 1.664382e-02 3.451556e-02 -4.286896e-02 -1.598300e-02 9.989529e-01 -1.045657e+00
9.986690e-01 -1.762545e-02 4.847157e-02 1.417011e+01 1.695705e-02 9.997559e-01 1.416642e-02 3.000279e-02 -4.870943e-02 -1.332563e-02 9.987241e-01 -1.133705e+00
9.982373e-01 -1.880277e-02 5.629240e-02 1.487546e+01 1.816221e-02 9.997646e-01 1.186916e-02 5.455625e-02 -5.650232e-02 -1.082584e-02 9.983438e-01 -1.222969e+00
9.981983e-01 -1.897784e-02 5.692043e-02 1.557625e+01 1.822758e-02 9.997405e-01 1.367124e-02 4.151924e-02 -5.716511e-02 -1.260908e-02 9.982851e-01 -1.301076e+00
9.977444e-01 -1.959658e-02 6.420241e-02 1.643705e+01 1.898528e-02 9.997685e-01 1.011784e-02 6.725080e-02 -6.438583e-02 -8.876120e-03 9.978856e-01 -1.388386e+00
9.975480e-01 -2.207372e-02 6.641229e-02 1.731781e+01 2.145072e-02 9.997191e-01 1.007934e-02 8.093275e-02 -6.661613e-02 -8.630033e-03 9.977413e-01 -1.446348e+00
9.973025e-01 -2.323062e-02 6.962726e-02 1.821547e+01 2.237308e-02 9.996643e-01 1.307079e-02 5.654274e-02 -6.990752e-02 -1.147776e-02 9.974874e-01 -1.529631e+00
9.972401e-01 -2.326562e-02 7.050541e-02 1.910442e+01 2.198808e-02 9.995807e-01 1.884209e-02 4.001406e-02 -7.091422e-02 -1.723981e-02 9.973334e-01 -1.603753e+00
9.969224e-01 -2.567436e-02 7.407044e-02 1.998656e+01 2.500180e-02 9.996375e-01 9.993038e-03 4.590617e-02 -7.430016e-02 -8.110390e-03 9.972029e-01 -1.645941e+00
9.963076e-01 -2.681720e-02 8.156075e-02 2.081212e+01 2.604676e-02 9.996057e-01 1.049577e-02 3.054908e-02 -8.181004e-02 -8.332619e-03 9.966131e-01 -1.729286e+00
9.956985e-01 -2.804816e-02 8.830513e-02 2.185300e+01 2.726180e-02 9.995774e-01 1.009871e-02 2.486569e-02 -8.855106e-02 -7.647916e-03 9.960423e-01 -1.793193e+00
9.952006e-01 -3.085369e-02 9.286460e-02 2.282403e+01 3.003745e-02 9.994969e-01 1.017489e-02 1.447135e-02 -9.313183e-02 -7.336640e-03 9.956267e-01 -1.863694e+00
9.949165e-01 -3.256492e-02 9.529272e-02 2.392527e+01 3.137570e-02 9.994103e-01 1.395198e-02 1.884977e-02 -9.569086e-02 -1.089118e-02 9.953515e-01 -1.925183e+00
9.946824e-01 -3.551509e-02 9.667320e-02 2.500849e+01 3.439096e-02 9.993203e-01 1.327027e-02 1.961985e-02 -9.707879e-02 -9.875020e-03 9.952277e-01 -1.999500e+00
9.946262e-01 -3.851733e-02 9.609944e-02 2.615744e+01 3.721653e-02 9.991902e-01 1.529257e-02 1.796806e-02 -9.661066e-02 -1.163390e-02 9.952543e-01 -2.060885e+00
9.941840e-01 -4.254746e-02 9.893395e-02 2.730965e+01 4.210259e-02 9.990917e-01 6.581117e-03 5.528618e-02 -9.912409e-02 -2.377466e-03 9.950722e-01 -2.111971e+00
9.937657e-01 -4.710310e-02 1.010495e-01 2.842468e+01 4.659193e-02 9.988866e-01 7.414061e-03 6.856284e-02 -1.012862e-01 -2.659746e-03 9.948538e-01 -2.141763e+00
9.934905e-01 -5.097478e-02 1.018735e-01 2.964771e+01 5.093089e-02 9.986978e-01 3.033553e-03 1.047425e-01 -1.018954e-01 2.174700e-03 9.947928e-01 -2.172885e+00
9.929600e-01 -5.384333e-02 1.055048e-01 3.086073e+01 5.436368e-02 9.985189e-01 -2.060317e-03 1.287537e-01 -1.052376e-01 7.781439e-03 9.944167e-01 -2.185212e+00
9.926572e-01 -5.542299e-02 1.075167e-01 3.233599e+01 5.634990e-02 9.983954e-01 -5.599840e-03 1.912771e-01 -1.070338e-01 1.161727e-02 9.941875e-01 -2.218795e+00
9.925240e-01 -5.999207e-02 1.062875e-01 3.470278e+01 6.084559e-02 9.981357e-01 -4.802954e-03 3.151449e-01 -1.058012e-01 1.123417e-02 9.943238e-01 -2.274020e+00
9.926631e-01 -6.390242e-02 1.026470e-01 3.722526e+01 6.462828e-02 9.979023e-01 -3.758004e-03 4.633665e-01 -1.021916e-01 1.036433e-02 9.947107e-01 -2.317075e+00
9.925092e-01 -6.861111e-02 1.010838e-01 3.986412e+01 6.953021e-02 9.975642e-01 -5.593344e-03 6.048389e-01 -1.004538e-01 1.257982e-02 9.948622e-01 -2.335238e+00
9.919701e-01 -7.378370e-02 1.027193e-01 4.244920e+01 7.470072e-02 9.971927e-01 -5.104158e-03 7.591048e-01 -1.020544e-01 1.273638e-02 9.946973e-01 -2.378457e+00
9.914578e-01 -7.923023e-02 1.036054e-01 4.504474e+01 7.982475e-02 9.968077e-01 -1.598201e-03 9.318572e-01 -1.031480e-01 9.854821e-03 9.946172e-01 -2.413062e+00
9.911739e-01 -8.419488e-02 1.023989e-01 4.757896e+01 8.410011e-02 9.964435e-01 5.250074e-03 1.111930e+00 -1.024768e-01 3.408025e-03 9.947296e-01 -2.456995e+00
9.906387e-01 -9.056794e-02 1.021397e-01 5.015735e+01 9.046669e-02 9.958837e-01 5.632672e-03 1.314331e+00 -1.022294e-01 3.660298e-03 9.947541e-01 -2.518565e+00
9.897103e-01 -9.743927e-02 1.047810e-01 5.270200e+01 9.763479e-02 9.952168e-01 3.274020e-03 1.521594e+00 -1.045989e-01 6.989942e-03 9.944899e-01 -2.561620e+00
9.887794e-01 -1.039380e-01 1.072953e-01 5.525744e+01 1.040032e-01 9.945643e-01 5.002966e-03 1.760098e+00 -1.072320e-01 6.212222e-03 9.942146e-01 -2.642239e+00
9.880992e-01 -1.102445e-01 1.072668e-01 5.782048e+01 1.102008e-01 9.938892e-01 6.352840e-03 2.012283e+00 -1.073117e-01 5.543654e-03 9.942100e-01 -2.689512e+00
9.878544e-01 -1.150646e-01 1.044214e-01 6.036437e+01 1.146972e-01 9.933546e-01 9.536477e-03 2.276019e+00 -1.048248e-01 2.556187e-03 9.944874e-01 -2.765699e+00
9.873841e-01 -1.199695e-01 1.033438e-01 6.289508e+01 1.197788e-01 9.927677e-01 8.071601e-03 2.551266e+00 -1.035648e-01 4.408629e-03 9.946129e-01 -2.823034e+00
9.869739e-01 -1.239958e-01 1.025061e-01 6.542735e+01 1.236786e-01 9.922773e-01 9.469218e-03 2.829476e+00 -1.028886e-01 3.331935e-03 9.946873e-01 -2.906254e+00
9.866685e-01 -1.282985e-01 1.001243e-01 6.794392e+01 1.282332e-01 9.917185e-01 7.114772e-03 3.126738e+00 -1.002080e-01 5.819339e-03 9.949495e-01 -2.965251e+00
9.860948e-01 -1.323587e-01 1.004899e-01 7.046876e+01 1.321292e-01 9.911921e-01 8.965126e-03 3.435796e+00 -1.007914e-01 4.437186e-03 9.948977e-01 -3.040893e+00
9.856107e-01 -1.370102e-01 9.899358e-02 7.299270e+01 1.365944e-01 9.905659e-01 1.099825e-02 3.764107e+00 -9.956655e-02 2.681981e-03 9.950273e-01 -3.110328e+00
9.851555e-01 -1.409177e-01 9.803452e-02 7.552974e+01 1.402144e-01 9.900212e-01 1.406205e-02 4.087234e+00 -9.903786e-02 -1.074616e-04 9.950837e-01 -3.171408e+00
9.846366e-01 -1.438645e-01 9.896353e-02 7.804910e+01 1.431589e-01 9.895974e-01 1.423197e-02 4.420084e+00 -9.998153e-02 1.541902e-04 9.949893e-01 -3.263268e+00
9.840045e-01 -1.475797e-01 9.977671e-02 8.053745e+01 1.465966e-01 9.890475e-01 1.715411e-02 4.761762e+00 -1.012155e-01 -2.252792e-03 9.948620e-01 -3.354877e+00
9.839966e-01 -1.489812e-01 9.775122e-02 8.309550e+01 1.481044e-01 9.888389e-01 1.620605e-02 5.110530e+00 -9.907460e-02 -1.469308e-03 9.950789e-01 -3.437240e+00
9.835825e-01 -1.515041e-01 9.804038e-02 8.560623e+01 1.510853e-01 9.884511e-01 1.172603e-02 5.467996e+00 -9.868468e-02 3.278935e-03 9.951134e-01 -3.537863e+00
9.833774e-01 -1.531311e-01 9.756935e-02 8.811028e+01 1.524651e-01 9.882056e-01 1.428947e-02 5.827213e+00 -9.860674e-02 8.239793e-04 9.951261e-01 -3.641189e+00
9.826217e-01 -1.558689e-01 1.007946e-01 9.057044e+01 1.548884e-01 9.877764e-01 1.752962e-02 6.185453e+00 -1.022949e-01 -1.613058e-03 9.947528e-01 -3.708534e+00
9.824178e-01 -1.585898e-01 9.851122e-02 9.303455e+01 1.577729e-01 9.873446e-01 1.607751e-02 6.545333e+00 -9.981424e-02 -2.524359e-04 9.950061e-01 -3.782060e+00
9.813270e-01 -1.623454e-01 1.031566e-01 9.551769e+01 1.616569e-01 9.867321e-01 1.505634e-02 6.915377e+00 -1.042322e-01 1.900778e-03 9.945512e-01 -3.871971e+00
9.807550e-01 -1.654739e-01 1.036249e-01 9.803433e+01 1.648735e-01 9.862098e-01 1.439318e-02 7.307459e+00 -1.045776e-01 2.968812e-03 9.945123e-01 -3.955482e+00
9.801973e-01 -1.684590e-01 1.040902e-01 1.004521e+02 1.674614e-01 9.857085e-01 1.831371e-02 7.694908e+00 -1.056878e-01 -5.199602e-04 9.943992e-01 -4.050211e+00
9.797868e-01 -1.698632e-01 1.056619e-01 1.029560e+02 1.685427e-01 9.854628e-01 2.136877e-02 8.087554e+00 -1.077556e-01 -3.128292e-03 9.941725e-01 -4.131542e+00
9.799626e-01 -1.718110e-01 1.007682e-01 1.053988e+02 1.704771e-01 9.851213e-01 2.176722e-02 8.484463e+00 -1.030087e-01 -4.152401e-03 9.946718e-01 -4.223083e+00
9.792022e-01 -1.729304e-01 1.061046e-01 1.079078e+02 1.718530e-01 9.849339e-01 1.928418e-02 8.896881e+00 -1.078408e-01 -6.487146e-04 9.941680e-01 -4.327801e+00
9.789965e-01 -1.733692e-01 1.072803e-01 1.103375e+02 1.723287e-01 9.848568e-01 1.896615e-02 9.294337e+00 -1.089438e-01 -8.032471e-05 9.940479e-01 -4.453998e+00
9.788256e-01 -1.746233e-01 1.068045e-01 1.127435e+02 1.742235e-01 9.846187e-01 1.313519e-02 9.709221e+00 -1.074554e-01 5.750789e-03 9.941933e-01 -4.494080e+00
9.784967e-01 -1.760038e-01 1.075499e-01 1.151233e+02 1.754781e-01 9.843779e-01 1.440755e-02 1.011099e+01 -1.084056e-01 4.774917e-03 9.940953e-01 -4.578290e+00
9.778194e-01 -1.778199e-01 1.106769e-01 1.176592e+02 1.775026e-01 9.840372e-01 1.279338e-02 1.054634e+01 -1.111851e-01 7.135822e-03 9.937741e-01 -4.661935e+00
9.769031e-01 -1.801644e-01 1.148963e-01 1.200654e+02 1.797386e-01 9.836128e-01 1.414129e-02 1.096224e+01 -1.155612e-01 6.836621e-03 9.932768e-01 -4.709042e+00
9.758058e-01 -1.835025e-01 1.188697e-01 1.223385e+02 1.824124e-01 9.830170e-01 2.008066e-02 1.136162e+01 -1.205358e-01 2.088485e-03 9.927068e-01 -4.797215e+00
9.750007e-01 -1.861554e-01 1.213251e-01 1.246554e+02 1.864013e-01 9.824286e-01 9.421131e-03 1.178113e+01 -1.209471e-01 1.342955e-02 9.925681e-01 -4.868482e+00
9.741077e-01 -1.889926e-01 1.240802e-01 1.268369e+02 1.909366e-01 9.815947e-01 -3.857608e-03 1.218717e+01 -1.210674e-01 2.744917e-02 9.922647e-01 -4.926953e+00
9.736705e-01 -1.897078e-01 1.263988e-01 1.288846e+02 1.907591e-01 9.816293e-01 3.847245e-03 1.255772e+01 -1.248066e-01 2.036577e-02 9.919720e-01 -4.946773e+00
9.734851e-01 -1.910363e-01 1.258252e-01 1.302708e+02 1.910777e-01 9.815034e-01 1.185313e-02 1.279894e+01 -1.257622e-01 1.250355e-02 9.919816e-01 -5.013388e+00
9.726075e-01 -1.931318e-01 1.293628e-01 1.317433e+02 1.930317e-01 9.811004e-01 1.343244e-02 1.305706e+01 -1.295121e-01 1.190663e-02 9.915063e-01 -5.075418e+00
9.717996e-01 -1.961906e-01 1.308234e-01 1.331185e+02 1.960869e-01 9.804895e-01 1.380169e-02 1.329905e+01 -1.309787e-01 1.224028e-02 9.913096e-01 -5.113826e+00
9.707651e-01 -1.996914e-01 1.331856e-01 1.344160e+02 2.004082e-01 9.796788e-01 8.140028e-03 1.354034e+01 -1.321046e-01 1.878943e-02 9.910577e-01 -5.137352e+00
9.693826e-01 -2.029614e-01 1.382169e-01 1.357124e+02 2.033982e-01 9.790330e-01 1.110739e-02 1.378726e+01 -1.375733e-01 1.734576e-02 9.903397e-01 -5.197397e+00
9.688714e-01 -2.054632e-01 1.381056e-01 1.369399e+02 2.060508e-01 9.784883e-01 1.018505e-02 1.402162e+01 -1.372273e-01 1.858875e-02 9.903651e-01 -5.218235e+00
9.680734e-01 -2.088284e-01 1.386529e-01 1.381156e+02 2.091016e-01 9.778107e-01 1.275856e-02 1.424668e+01 -1.382407e-01 1.664132e-02 9.902589e-01 -5.265927e+00
9.671404e-01 -2.131422e-01 1.385996e-01 1.392685e+02 2.136595e-01 9.768428e-01 1.131053e-02 1.448523e+01 -1.378008e-01 1.867425e-02 9.902839e-01 -5.288444e+00
9.663695e-01 -2.157042e-01 1.400063e-01 1.403098e+02 2.159356e-01 9.763113e-01 1.371963e-02 1.468391e+01 -1.396491e-01 1.697413e-02 9.900556e-01 -5.361974e+00
9.651666e-01 -2.192395e-01 1.427851e-01 1.413680e+02 2.200305e-01 9.754374e-01 1.042319e-02 1.490912e+01 -1.415631e-01 2.135697e-02 9.896988e-01 -5.394161e+00
9.642480e-01 -2.219050e-01 1.448582e-01 1.424315e+02 2.218825e-01 9.749334e-01 1.651847e-02 1.513484e+01 -1.448927e-01 1.621361e-02 9.893145e-01 -5.440732e+00
9.641859e-01 -2.227998e-01 1.438951e-01 1.433396e+02 2.225125e-01 9.747581e-01 1.829460e-02 1.534330e+01 -1.443390e-01 1.437907e-02 9.894238e-01 -5.486346e+00
9.645280e-01 -2.227239e-01 1.417034e-01 1.441405e+02 2.223640e-01 9.747869e-01 1.857405e-02 1.552303e+01 -1.422675e-01 1.359455e-02 9.897349e-01 -5.519883e+00
9.649115e-01 -2.214963e-01 1.410147e-01 1.449834e+02 2.209500e-01 9.750857e-01 1.971906e-02 1.571249e+01 -1.418692e-01 1.213006e-02 9.898111e-01 -5.571192e+00
9.652303e-01 -2.222210e-01 1.376524e-01 1.458299e+02 2.217905e-01 9.749159e-01 1.865464e-02 1.590021e+01 -1.383450e-01 1.252398e-02 9.903049e-01 -5.604577e+00
9.657934e-01 -2.202354e-01 1.368926e-01 1.465153e+02 2.202148e-01 9.753286e-01 1.548568e-02 1.605286e+01 -1.369257e-01 1.518980e-02 9.904649e-01 -5.626621e+00
9.658676e-01 -2.203419e-01 1.361954e-01 1.472390e+02 2.198490e-01 9.753519e-01 1.884000e-02 1.621138e+01 -1.369897e-01 1.174546e-02 9.905028e-01 -5.653318e+00
9.659991e-01 -2.183101e-01 1.385155e-01 1.478955e+02 2.186743e-01 9.757143e-01 1.277196e-02 1.635331e+01 -1.379398e-01 1.795207e-02 9.902779e-01 -5.679113e+00
9.660090e-01 -2.178003e-01 1.392470e-01 1.485060e+02 2.175089e-01 9.759015e-01 1.749446e-02 1.647372e+01 -1.397016e-01 1.338766e-02 9.901031e-01 -5.710287e+00
9.664738e-01 -2.169765e-01 1.372940e-01 1.490469e+02 2.172322e-01 9.760293e-01 1.330126e-02 1.658084e+01 -1.368890e-01 1.696936e-02 9.904410e-01 -5.738254e+00
9.667125e-01 -2.148556e-01 1.389389e-01 1.496838e+02 2.144153e-01 9.765708e-01 1.830915e-02 1.670878e+01 -1.396176e-01 1.209095e-02 9.901317e-01 -5.759154e+00
9.672508e-01 -2.132025e-01 1.377335e-01 1.501301e+02 2.128578e-01 9.769282e-01 1.740061e-02 1.677230e+01 -1.382656e-01 1.248689e-02 9.903165e-01 -5.758868e+00
9.668666e-01 -2.126412e-01 1.412542e-01 1.505590e+02 2.121229e-01 9.770603e-01 1.889268e-02 1.683334e+01 -1.420313e-01 1.169655e-02 9.897931e-01 -5.809120e+00
9.669873e-01 -2.124448e-01 1.407228e-01 1.508857e+02 2.121546e-01 9.770839e-01 1.723704e-02 1.687454e+01 -1.411599e-01 1.318697e-02 9.898990e-01 -5.791493e+00
9.666170e-01 -2.118069e-01 1.441849e-01 1.512739e+02 2.110182e-01 9.772582e-01 2.091915e-02 1.692298e+01 -1.453367e-01 1.020483e-02 9.893296e-01 -5.837213e+00
9.669575e-01 -2.110080e-01 1.430694e-01 1.517153e+02 2.100527e-01 9.774443e-01 2.192314e-02 1.699322e+01 -1.444683e-01 8.853372e-03 9.894698e-01 -5.867354e+00
9.664542e-01 -2.107137e-01 1.468536e-01 1.519785e+02 2.103082e-01 9.774607e-01 1.846167e-02 1.701700e+01 -1.474338e-01 1.304215e-02 9.889860e-01 -5.877801e+00
9.666321e-01 -2.095448e-01 1.473542e-01 1.521447e+02 2.087510e-01 9.777430e-01 2.100771e-02 1.700667e+01 -1.484767e-01 1.045363e-02 9.888607e-01 -5.880750e+00
9.663038e-01 -2.120246e-01 1.459538e-01 1.524344e+02 2.114647e-01 9.771906e-01 1.952200e-02 1.705740e+01 -1.467639e-01 1.199991e-02 9.890988e-01 -5.886294e+00
9.662943e-01 -2.111569e-01 1.472685e-01 1.525265e+02 2.104834e-01 9.773861e-01 2.032331e-02 1.703427e+01 -1.482296e-01 1.135927e-02 9.888877e-01 -5.868529e+00
9.662719e-01 -2.130802e-01 1.446214e-01 1.526092e+02 2.126630e-01 9.769502e-01 1.852045e-02 1.702499e+01 -1.452342e-01 1.285981e-02 9.893137e-01 -5.861135e+00
9.661163e-01 -2.122275e-01 1.468971e-01 1.525068e+02 2.119752e-01 9.771173e-01 1.755274e-02 1.696045e+01 -1.472609e-01 1.418054e-02 9.889960e-01 -5.858244e+00
9.662065e-01 -2.129661e-01 1.452256e-01 1.523084e+02 2.128865e-01 9.769413e-01 1.627174e-02 1.689894e+01 -1.453422e-01 1.519470e-02 9.892648e-01 -5.819680e+00
9.670790e-01 -2.105769e-01 1.428830e-01 1.521445e+02 2.106653e-01 9.774481e-01 1.468306e-02 1.680658e+01 -1.427526e-01 1.590081e-02 9.896307e-01 -5.822842e+00
9.668339e-01 -2.095910e-01 1.459582e-01 1.523752e+02 2.098941e-01 9.776310e-01 1.349700e-02 1.684532e+01 -1.455221e-01 1.758641e-02 9.891987e-01 -5.823160e+00
9.672650e-01 -2.100608e-01 1.423832e-01 1.523991e+02 2.100109e-01 9.775755e-01 1.555052e-02 1.681602e+01 -1.424569e-01 1.486055e-02 9.896895e-01 -5.806609e+00
9.672942e-01 -2.081227e-01 1.450065e-01 1.523851e+02 2.077885e-01 9.780151e-01 1.761697e-02 1.676425e+01 -1.454851e-01 1.308989e-02 9.892738e-01 -5.781428e+00
9.670582e-01 -2.102833e-01 1.434554e-01 1.522473e+02 2.098942e-01 9.775581e-01 1.801464e-02 1.671553e+01 -1.440242e-01 1.268924e-02 9.894928e-01 -5.773642e+00
9.673536e-01 -2.079990e-01 1.447871e-01 1.521441e+02 2.083263e-01 9.779720e-01 1.306765e-02 1.664464e+01 -1.443159e-01 1.752193e-02 9.893765e-01 -5.776947e+00
9.680244e-01 -2.059572e-01 1.432144e-01 1.519576e+02 2.055603e-01 9.784838e-01 1.772473e-02 1.654869e+01 -1.437835e-01 1.228123e-02 9.895329e-01 -5.789051e+00
9.677598e-01 -2.078512e-01 1.422633e-01 1.519251e+02 2.078157e-01 9.780487e-01 1.527348e-02 1.651522e+01 -1.423150e-01 1.478349e-02 9.897110e-01 -5.789324e+00
9.672014e-01 -2.118971e-01 1.400755e-01 1.517711e+02 2.116081e-01 9.772044e-01 1.712778e-02 1.647186e+01 -1.405118e-01 1.307511e-02 9.899927e-01 -5.765941e+00
9.669152e-01 -2.117895e-01 1.421971e-01 1.515823e+02 2.108361e-01 9.772757e-01 2.191436e-02 1.635988e+01 -1.436071e-01 8.790955e-03 9.895958e-01 -5.806190e+00
9.661672e-01 -2.129149e-01 1.455614e-01 1.515686e+02 2.123137e-01 9.770004e-01 1.983564e-02 1.632580e+01 -1.464368e-01 1.174013e-02 9.891503e-01 -5.807145e+00
9.651985e-01 -2.197812e-01 1.417328e-01 1.515172e+02 2.193966e-01 9.754597e-01 1.853147e-02 1.630267e+01 -1.423275e-01 1.320915e-02 9.897315e-01 -5.799167e+00
9.624003e-01 -2.313382e-01 1.423666e-01 1.515327e+02 2.311590e-01 9.727490e-01 1.802749e-02 1.635741e+01 -1.426574e-01 1.555966e-02 9.896498e-01 -5.800355e+00
9.601976e-01 -2.435794e-01 1.367105e-01 1.515320e+02 2.438041e-01 9.697030e-01 1.535749e-02 1.654898e+01 -1.363094e-01 1.858436e-02 9.904920e-01 -5.765344e+00
9.590496e-01 -2.507700e-01 1.316745e-01 1.514973e+02 2.515743e-01 9.677781e-01 1.076534e-02 1.660724e+01 -1.301314e-01 2.280143e-02 9.912345e-01 -5.719633e+00
9.583894e-01 -2.540908e-01 1.301061e-01 1.514312e+02 2.545870e-01 9.669614e-01 1.308567e-02 1.662278e+01 -1.291325e-01 2.058215e-02 9.914137e-01 -5.714581e+00
9.572952e-01 -2.580409e-01 1.303873e-01 1.514088e+02 2.578623e-01 9.660038e-01 1.854592e-02 1.663219e+01 -1.307402e-01 1.586804e-02 9.912897e-01 -5.720661e+00
9.566801e-01 -2.614967e-01 1.279950e-01 1.513458e+02 2.618157e-01 9.650069e-01 1.462795e-02 1.670848e+01 -1.273412e-01 1.951682e-02 9.916669e-01 -5.704440e+00
9.544380e-01 -2.596612e-01 1.470513e-01 1.511912e+02 2.586122e-01 9.656163e-01 2.654722e-02 1.665423e+01 -1.488884e-01 1.269158e-02 9.887726e-01 -5.758682e+00
9.551778e-01 -2.596799e-01 1.421328e-01 1.510851e+02 2.606119e-01 9.653646e-01 1.234870e-02 1.670090e+01 -1.404167e-01 2.524630e-02 9.897706e-01 -5.715400e+00
9.529217e-01 -2.616946e-01 1.531543e-01 1.511546e+02 2.632643e-01 9.646688e-01 1.030602e-02 1.682275e+01 -1.504402e-01 3.049922e-02 9.881486e-01 -5.801552e+00
9.548591e-01 -2.550131e-01 1.523565e-01 1.513146e+02 2.556480e-01 9.666417e-01 1.574231e-02 1.688460e+01 -1.512886e-01 2.391795e-02 9.882002e-01 -5.788175e+00
9.552569e-01 -2.511114e-01 1.562924e-01 1.515658e+02 2.528263e-01 9.674685e-01 9.138304e-03 1.684026e+01 -1.535027e-01 3.078540e-02 9.876686e-01 -5.875834e+00
9.549218e-01 -2.513612e-01 1.579298e-01 1.516387e+02 2.546500e-01 9.670331e-01 -6.096363e-04 1.688566e+01 -1.525701e-01 4.079898e-02 9.874501e-01 -5.886474e+00
9.617328e-01 -2.165776e-01 1.678218e-01 1.520735e+02 2.178917e-01 9.759135e-01 1.077012e-02 1.693739e+01 -1.661122e-01 2.620901e-02 9.857585e-01 -5.977277e+00
9.684716e-01 -2.151106e-01 1.256590e-01 1.522956e+02 2.146705e-01 9.765352e-01 1.719517e-02 1.696699e+01 -1.264093e-01 1.032224e-02 9.919245e-01 -5.846364e+00
9.682937e-01 -2.142339e-01 1.284954e-01 1.523985e+02 2.136327e-01 9.767368e-01 1.860672e-02 1.699138e+01 -1.294924e-01 9.434048e-03 9.915355e-01 -5.842672e+00
9.655415e-01 -2.126261e-01 1.500656e-01 1.526518e+02 2.125867e-01 9.770031e-01 1.649301e-02 1.707748e+01 -1.501214e-01 1.597726e-02 9.885384e-01 -5.837919e+00
9.653372e-01 -2.134467e-01 1.502150e-01 1.529440e+02 2.137638e-01 9.767818e-01 1.422396e-02 1.716672e+01 -1.497633e-01 1.837962e-02 9.885510e-01 -5.840001e+00
9.646097e-01 -2.130059e-01 1.554235e-01 1.531653e+02 2.134780e-01 9.768498e-01 1.384505e-02 1.723974e+01 -1.547745e-01 1.982442e-02 9.877509e-01 -5.769038e+00
9.654395e-01 -2.096402e-01 1.548470e-01 1.535587e+02 2.106784e-01 9.775058e-01 9.863015e-03 1.725896e+01 -1.534315e-01 2.310077e-02 9.878892e-01 -5.808891e+00
9.660718e-01 -2.056696e-01 1.562221e-01 1.541253e+02 2.067427e-01 9.783490e-01 9.526916e-03 1.730840e+01 -1.547991e-01 2.309410e-02 9.876760e-01 -5.794941e+00
9.662100e-01 -2.033882e-01 1.583399e-01 1.546247e+02 2.047785e-01 9.787785e-01 7.660344e-03 1.734691e+01 -1.565377e-01 2.502310e-02 9.873549e-01 -5.799321e+00
9.662418e-01 -2.032596e-01 1.583110e-01 1.551334e+02 2.038356e-01 9.789219e-01 1.276474e-02 1.739573e+01 -1.575687e-01 1.993560e-02 9.873068e-01 -5.823536e+00
9.664893e-01 -2.005645e-01 1.602257e-01 1.556558e+02 2.011802e-01 9.794739e-01 1.254007e-02 1.743885e+01 -1.594520e-01 2.011440e-02 9.870008e-01 -5.825125e+00
9.664739e-01 -2.006490e-01 1.602129e-01 1.563257e+02 2.016588e-01 9.794037e-01 1.010163e-02 1.748954e+01 -1.589400e-01 2.254538e-02 9.870308e-01 -5.854819e+00
9.666997e-01 -1.996676e-01 1.600764e-01 1.568875e+02 2.007274e-01 9.795991e-01 9.689704e-03 1.754208e+01 -1.587454e-01 2.276468e-02 9.870571e-01 -5.847172e+00
9.661776e-01 -1.998053e-01 1.630299e-01 1.574498e+02 2.009009e-01 9.795614e-01 9.910585e-03 1.760583e+01 -1.616780e-01 2.317746e-02 9.865714e-01 -5.869168e+00
9.663162e-01 -1.988847e-01 1.633336e-01 1.580493e+02 1.993428e-01 9.798335e-01 1.374878e-02 1.765643e+01 -1.627741e-01 1.927371e-02 9.864751e-01 -5.864980e+00
9.664238e-01 -1.984573e-01 1.632169e-01 1.585209e+02 1.997311e-01 9.798117e-01 8.735918e-03 1.769638e+01 -1.616555e-01 2.415689e-02 9.865515e-01 -5.861294e+00
9.652892e-01 -2.008682e-01 1.669394e-01 1.591733e+02 2.018232e-01 9.793557e-01 1.140309e-02 1.781044e+01 -1.657836e-01 2.268497e-02 9.859012e-01 -5.909672e+00
9.636055e-01 -2.055909e-01 1.708710e-01 1.601463e+02 2.064050e-01 9.783779e-01 1.318321e-02 1.798647e+01 -1.698868e-01 2.256523e-02 9.852052e-01 -5.922300e+00
9.631363e-01 -2.047673e-01 1.744674e-01 1.613935e+02 2.059021e-01 9.785019e-01 1.176960e-02 1.820687e+01 -1.731267e-01 2.458748e-02 9.845926e-01 -5.921426e+00
9.634210e-01 -2.013057e-01 1.769068e-01 1.627631e+02 2.023906e-01 9.792304e-01 1.208205e-02 1.844260e+01 -1.756647e-01 2.416416e-02 9.841534e-01 -5.939262e+00
9.640347e-01 -1.965090e-01 1.789451e-01 1.641369e+02 1.986068e-01 9.800591e-01 6.295488e-03 1.866521e+01 -1.766139e-01 2.947066e-02 9.838389e-01 -5.932259e+00
9.627671e-01 -2.024761e-01 1.791171e-01 1.658492e+02 2.038227e-01 9.789455e-01 1.105035e-02 1.900450e+01 -1.775833e-01 2.586920e-02 9.837657e-01 -5.978004e+00
9.617253e-01 -2.073957e-01 1.790852e-01 1.678046e+02 2.088361e-01 9.778891e-01 1.098364e-02 1.943275e+01 -1.774034e-01 2.683621e-02 9.837723e-01 -6.032264e+00
9.604866e-01 -2.132353e-01 1.788749e-01 1.700805e+02 2.138360e-01 9.767361e-01 1.614552e-02 1.991339e+01 -1.781564e-01 2.274235e-02 9.837393e-01 -6.095515e+00
9.598022e-01 -2.185055e-01 1.761681e-01 1.724959e+02 2.187705e-01 9.756073e-01 1.815957e-02 2.043948e+01 -1.758388e-01 2.111078e-02 9.841926e-01 -6.168029e+00
9.578281e-01 -2.241331e-01 1.798044e-01 1.749999e+02 2.244677e-01 9.743011e-01 1.875146e-02 2.096947e+01 -1.793865e-01 2.239962e-02 9.835237e-01 -6.264116e+00
9.564533e-01 -2.287333e-01 1.813232e-01 1.775603e+02 2.291125e-01 9.732119e-01 1.914017e-02 2.152310e+01 -1.808439e-01 2.323674e-02 9.832373e-01 -6.354701e+00
9.544314e-01 -2.350196e-01 1.839195e-01 1.800722e+02 2.357011e-01 9.716501e-01 1.846625e-02 2.209065e+01 -1.830454e-01 2.572527e-02 9.827678e-01 -6.456834e+00
9.530012e-01 -2.404161e-01 1.843606e-01 1.825769e+02 2.412062e-01 9.702982e-01 1.847230e-02 2.267669e+01 -1.833257e-01 2.686477e-02 9.826851e-01 -6.531603e+00
9.521933e-01 -2.450451e-01 1.824303e-01 1.850812e+02 2.451820e-01 9.692237e-01 2.216118e-02 2.326283e+01 -1.822462e-01 2.362690e-02 9.829690e-01 -6.629595e+00
9.519837e-01 -2.487334e-01 1.784902e-01 1.875593e+02 2.481942e-01 9.683691e-01 2.570966e-02 2.386483e+01 -1.792392e-01 1.982505e-02 9.836057e-01 -6.739925e+00
9.512252e-01 -2.526013e-01 1.770967e-01 1.900295e+02 2.529113e-01 9.672570e-01 2.120209e-02 2.449076e+01 -1.766537e-01 2.462180e-02 9.839650e-01 -6.816041e+00
9.502258e-01 -2.563753e-01 1.770387e-01 1.924784e+02 2.567755e-01 9.662420e-01 2.104539e-02 2.511109e+01 -1.764578e-01 2.546133e-02 9.839789e-01 -6.892153e+00
9.493423e-01 -2.595253e-01 1.771889e-01 1.949553e+02 2.592749e-01 9.654804e-01 2.497885e-02 2.572956e+01 -1.775551e-01 2.222716e-02 9.838598e-01 -7.027685e+00
9.487304e-01 -2.622156e-01 1.765037e-01 1.974323e+02 2.618960e-01 9.647584e-01 2.552931e-02 2.637773e+01 -1.769777e-01 2.200520e-02 9.839689e-01 -7.117304e+00
9.472755e-01 -2.657375e-01 1.790326e-01 1.998894e+02 2.652051e-01 9.638039e-01 2.735056e-02 2.702706e+01 -1.798204e-01 2.157185e-02 9.834629e-01 -7.197369e+00
9.474086e-01 -2.679869e-01 1.749287e-01 2.023701e+02 2.674037e-01 9.631965e-01 2.734504e-02 2.768358e+01 -1.758188e-01 2.086965e-02 9.842013e-01 -7.287160e+00
9.462028e-01 -2.706732e-01 1.773030e-01 2.048641e+02 2.706542e-01 9.623581e-01 2.476452e-02 2.834427e+01 -1.773320e-01 2.455555e-02 9.838447e-01 -7.421426e+00
9.452153e-01 -2.737392e-01 1.778618e-01 2.073207e+02 2.734435e-01 9.615184e-01 2.666316e-02 2.901994e+01 -1.783161e-01 2.343270e-02 9.836942e-01 -7.516020e+00
9.442062e-01 -2.760825e-01 1.795913e-01 2.097822e+02 2.754505e-01 9.608791e-01 2.895369e-02 2.969556e+01 -1.805591e-01 2.213026e-02 9.833151e-01 -7.628181e+00
9.438180e-01 -2.789454e-01 1.771921e-01 2.122488e+02 2.779474e-01 9.600978e-01 3.094472e-02 3.038127e+01 -1.787536e-01 2.004391e-02 9.836897e-01 -7.717072e+00
9.432094e-01 -2.815049e-01 1.763834e-01 2.146910e+02 2.813727e-01 9.592384e-01 2.628906e-02 3.106713e+01 -1.765942e-01 2.483339e-02 9.839704e-01 -7.823746e+00
9.417282e-01 -2.842058e-01 1.799305e-01 2.171501e+02 2.834323e-01 9.585055e-01 3.054871e-02 3.175811e+01 -1.811465e-01 2.222952e-02 9.832048e-01 -7.964777e+00
9.413732e-01 -2.872708e-01 1.768957e-01 2.195907e+02 2.869341e-01 9.575398e-01 2.804560e-02 3.246571e+01 -1.774413e-01 2.435603e-02 9.838299e-01 -8.049788e+00
9.396531e-01 -2.904969e-01 1.807307e-01 2.220063e+02 2.901500e-01 9.565433e-01 2.895138e-02 3.316717e+01 -1.812870e-01 2.523476e-02 9.831064e-01 -8.161851e+00
9.395763e-01 -2.933027e-01 1.765503e-01 2.241246e+02 2.925008e-01 9.557577e-01 3.115026e-02 3.378766e+01 -1.778758e-01 2.237305e-02 9.837986e-01 -8.254465e+00
9.387433e-01 -2.959226e-01 1.766094e-01 2.259630e+02 2.956077e-01 9.548779e-01 2.870901e-02 3.432498e+01 -1.771360e-01 2.525668e-02 9.838622e-01 -8.328918e+00
9.381872e-01 -2.973681e-01 1.771354e-01 2.276029e+02 2.958970e-01 9.545677e-01 3.529061e-02 3.478151e+01 -1.795820e-01 1.930465e-02 9.835536e-01 -8.434179e+00
9.375139e-01 -3.004234e-01 1.755375e-01 2.294198e+02 2.987627e-01 9.536309e-01 3.645279e-02 3.532190e+01 -1.783493e-01 1.826907e-02 9.837976e-01 -8.536664e+00
9.361205e-01 -3.039903e-01 1.768287e-01 2.310876e+02 3.020545e-01 9.525156e-01 3.843328e-02 3.581424e+01 -1.801154e-01 1.743371e-02 9.834910e-01 -8.620754e+00
9.354274e-01 -3.068738e-01 1.755111e-01 2.326631e+02 3.056934e-01 9.515080e-01 3.440800e-02 3.628742e+01 -1.775591e-01 2.146639e-02 9.838760e-01 -8.681030e+00
9.347619e-01 -3.098364e-01 1.738434e-01 2.342893e+02 3.081964e-01 9.506012e-01 3.704829e-02 3.678055e+01 -1.767346e-01 1.894656e-02 9.840761e-01 -8.748243e+00
9.344329e-01 -3.118687e-01 1.719685e-01 2.358827e+02 3.097859e-01 9.499847e-01 3.952096e-02 3.725942e+01 -1.756928e-01 1.634374e-02 9.843094e-01 -8.843064e+00
9.339559e-01 -3.142508e-01 1.702140e-01 2.374931e+02 3.121766e-01 9.492015e-01 3.952784e-02 3.776286e+01 -1.739890e-01 1.621955e-02 9.846140e-01 -8.926988e+00
9.336004e-01 -3.162668e-01 1.684209e-01 2.390999e+02 3.135646e-01 9.485873e-01 4.312202e-02 3.826213e+01 -1.734000e-01 1.255210e-02 9.847715e-01 -9.028240e+00
9.335930e-01 -3.181423e-01 1.648923e-01 2.406856e+02 3.152152e-01 9.479839e-01 4.433819e-02 3.875972e+01 -1.704211e-01 1.058274e-02 9.853145e-01 -9.107782e+00
9.330480e-01 -3.203371e-01 1.637240e-01 2.423034e+02 3.180701e-01 9.471974e-01 4.060405e-02 3.927244e+01 -1.680860e-01 1.419018e-02 9.856702e-01 -9.205415e+00
9.322344e-01 -3.223937e-01 1.643208e-01 2.438678e+02 3.205630e-01 9.464533e-01 3.828300e-02 3.977644e+01 -1.678642e-01 1.698645e-02 9.856638e-01 -9.293174e+00
9.315733e-01 -3.243915e-01 1.641381e-01 2.452842e+02 3.222240e-01 9.458003e-01 4.041858e-02 4.022722e+01 -1.683533e-01 1.523636e-02 9.856089e-01 -9.393077e+00
9.309480e-01 -3.264921e-01 1.635200e-01 2.467166e+02 3.242871e-01 9.450798e-01 4.076988e-02 4.069319e+01 -1.678505e-01 1.507279e-02 9.856972e-01 -9.471237e+00
9.303880e-01 -3.277307e-01 1.642279e-01 2.481189e+02 3.254736e-01 9.446509e-01 4.124966e-02 4.114502e+01 -1.686569e-01 1.507367e-02 9.855596e-01 -9.549939e+00
9.301325e-01 -3.292069e-01 1.627155e-01 2.495371e+02 3.269145e-01 9.441444e-01 4.145323e-02 4.160262e+01 -1.672736e-01 1.463705e-02 9.858019e-01 -9.648405e+00
9.294891e-01 -3.304494e-01 1.638697e-01 2.508602e+02 3.280519e-01 9.437131e-01 4.228207e-02 4.201669e+01 -1.686181e-01 1.445706e-02 9.855754e-01 -9.739479e+00
9.292837e-01 -3.317509e-01 1.623981e-01 2.521889e+02 3.291761e-01 9.432745e-01 4.331440e-02 4.246076e+01 -1.675556e-01 1.320622e-02 9.857742e-01 -9.822350e+00
9.289851e-01 -3.327684e-01 1.620244e-01 2.535274e+02 3.301894e-01 9.429164e-01 4.339916e-02 4.289497e+01 -1.672173e-01 1.318157e-02 9.858319e-01 -9.897271e+00
9.288046e-01 -3.338609e-01 1.608067e-01 2.548069e+02 3.318073e-01 9.424874e-01 4.026888e-02 4.331047e+01 -1.650025e-01 1.595493e-02 9.861641e-01 -9.965405e+00
9.289494e-01 -3.340474e-01 1.595784e-01 2.560656e+02 3.318921e-01 9.424356e-01 4.077749e-02 4.371523e+01 -1.640140e-01 1.508260e-02 9.863427e-01 -1.003226e+01
9.286116e-01 -3.342949e-01 1.610198e-01 2.572617e+02 3.315658e-01 9.423894e-01 4.434326e-02 4.409126e+01 -1.665671e-01 1.221099e-02 9.859545e-01 -1.011440e+01
9.287549e-01 -3.344712e-01 1.598231e-01 2.584306e+02 3.315863e-01 9.423417e-01 4.519827e-02 4.447521e+01 -1.657255e-01 1.101704e-02 9.861104e-01 -1.017592e+01
9.292672e-01 -3.341801e-01 1.574364e-01 2.596882e+02 3.304671e-01 9.424928e-01 4.998879e-02 4.487052e+01 -1.650879e-01 5.574601e-03 9.862631e-01 -1.027227e+01
9.290698e-01 -3.343068e-01 1.583299e-01 2.609028e+02 3.310245e-01 9.424278e-01 4.746495e-02 4.525266e+01 -1.650823e-01 8.312831e-03 9.862447e-01 -1.036389e+01
9.292840e-01 -3.340294e-01 1.576569e-01 2.620974e+02 3.309264e-01 9.425186e-01 4.633027e-02 4.562446e+01 -1.640702e-01 9.118861e-03 9.864065e-01 -1.043832e+01
9.295950e-01 -3.339794e-01 1.559193e-01 2.633082e+02 3.308387e-01 9.425430e-01 4.645937e-02 4.600686e+01 -1.624771e-01 8.395748e-03 9.866766e-01 -1.051377e+01
9.294984e-01 -3.338690e-01 1.567300e-01 2.644591e+02 3.307672e-01 9.425778e-01 4.625775e-02 4.635953e+01 -1.631743e-01 8.844635e-03 9.865576e-01 -1.057554e+01
9.294936e-01 -3.344496e-01 1.555154e-01 2.656443e+02 3.309860e-01 9.423915e-01 4.844020e-02 4.672190e+01 -1.627572e-01 6.448559e-03 9.866451e-01 -1.066332e+01
9.289946e-01 -3.352313e-01 1.568089e-01 2.668511e+02 3.319199e-01 9.421036e-01 4.764298e-02 4.709995e+01 -1.637017e-01 7.787934e-03 9.864792e-01 -1.073884e+01
9.285936e-01 -3.362344e-01 1.570364e-01 2.680702e+02 3.328727e-01 9.417473e-01 4.804253e-02 4.747250e+01 -1.640421e-01 7.661127e-03 9.864236e-01 -1.083239e+01
9.281645e-01 -3.373227e-01 1.572386e-01 2.693520e+02 3.339841e-01 9.413556e-01 4.800563e-02 4.787411e+01 -1.642108e-01 7.958071e-03 9.863932e-01 -1.090968e+01
9.275407e-01 -3.396391e-01 1.559281e-01 2.706066e+02 3.360784e-01 9.405333e-01 4.948094e-02 4.828104e+01 -1.634612e-01 6.508490e-03 9.865283e-01 -1.096947e+01
9.270183e-01 -3.414395e-01 1.551004e-01 2.718230e+02 3.378780e-01 9.398818e-01 4.960458e-02 4.866454e+01 -1.627130e-01 6.420653e-03 9.866526e-01 -1.105927e+01
9.269978e-01 -3.417795e-01 1.544727e-01 2.729535e+02 3.380457e-01 9.397656e-01 5.065577e-02 4.901443e+01 -1.624812e-01 5.261039e-03 9.866976e-01 -1.115675e+01
9.263978e-01 -3.433855e-01 1.545105e-01 2.742156e+02 3.394485e-01 9.391849e-01 5.202331e-02 4.942100e+01 -1.629780e-01 4.254073e-03 9.866205e-01 -1.123356e+01
9.259826e-01 -3.447905e-01 1.538691e-01 2.753447e+02 3.413390e-01 9.386535e-01 4.916422e-02 4.977358e+01 -1.613811e-01 6.996308e-03 9.868674e-01 -1.130471e+01
9.255815e-01 -3.457403e-01 1.541510e-01 2.765923e+02 3.423153e-01 9.383016e-01 4.909464e-02 5.017543e+01 -1.616141e-01 7.327171e-03 9.868268e-01 -1.141199e+01
9.250799e-01 -3.467800e-01 1.548250e-01 2.777721e+02 3.434879e-01 9.379086e-01 4.840478e-02 5.056046e+01 -1.619976e-01 8.402241e-03 9.867554e-01 -1.146811e+01
9.248407e-01 -3.479052e-01 1.537257e-01 2.789116e+02 3.445776e-01 9.374958e-01 4.865982e-02 5.092522e+01 -1.610462e-01 7.967832e-03 9.869147e-01 -1.154407e+01
9.249495e-01 -3.484732e-01 1.517727e-01 2.800648e+02 3.454753e-01 9.372720e-01 4.656304e-02 5.130083e+01 -1.584783e-01 9.365255e-03 9.873180e-01 -1.160551e+01
9.241903e-01 -3.504184e-01 1.519183e-01 2.812602e+02 3.475909e-01 9.365333e-01 4.567181e-02 5.168908e+01 -1.582808e-01 1.059597e-02 9.873373e-01 -1.170867e+01
9.240505e-01 -3.509007e-01 1.516556e-01 2.823925e+02 3.480017e-01 9.363577e-01 4.614013e-02 5.205732e+01 -1.581945e-01 1.014062e-02 9.873559e-01 -1.177895e+01
9.240714e-01 -3.510731e-01 1.511282e-01 2.834496e+02 3.476169e-01 9.363241e-01 4.959585e-02 5.239612e+01 -1.589167e-01 6.704614e-03 9.872692e-01 -1.185380e+01
9.235973e-01 -3.525677e-01 1.505459e-01 2.844853e+02 3.497998e-01 9.357246e-01 4.538217e-02 5.272210e+01 -1.568698e-01 1.074609e-02 9.875608e-01 -1.193713e+01
9.231032e-01 -3.538606e-01 1.505428e-01 2.855360e+02 3.506688e-01 9.352610e-01 4.814900e-02 5.305437e+01 -1.578348e-01 8.344179e-03 9.874303e-01 -1.202084e+01
9.226007e-01 -3.559571e-01 1.486692e-01 2.865847e+02 3.527166e-01 9.344708e-01 4.853053e-02 5.340248e+01 -1.562018e-01 7.663801e-03 9.876954e-01 -1.207043e+01
9.217888e-01 -3.577353e-01 1.494353e-01 2.876001e+02 3.544508e-01 9.337904e-01 4.899121e-02 5.373605e+01 -1.570671e-01 7.807896e-03 9.875571e-01 -1.214149e+01
9.215461e-01 -3.599433e-01 1.455802e-01 2.886101e+02 3.564066e-01 9.329593e-01 5.060682e-02 5.406850e+01 -1.540360e-01 5.249249e-03 9.880513e-01 -1.220852e+01
9.206476e-01 -3.622701e-01 1.454934e-01 2.895970e+02 3.585678e-01 9.320626e-01 5.184973e-02 5.439748e+01 -1.543926e-01 4.433930e-03 9.879996e-01 -1.229648e+01
9.195969e-01 -3.649057e-01 1.455525e-01 2.906420e+02 3.615680e-01 9.310189e-01 4.972252e-02 5.476262e+01 -1.536562e-01 6.902458e-03 9.881003e-01 -1.237269e+01
9.191186e-01 -3.676245e-01 1.416799e-01 2.916726e+02 3.632530e-01 9.299741e-01 5.652685e-02 5.513197e+01 -1.525393e-01 -4.892237e-04 9.882973e-01 -1.243896e+01
9.180681e-01 -3.704629e-01 1.410962e-01 2.926982e+02 3.663337e-01 9.288468e-01 5.516773e-02 5.549303e+01 -1.514944e-01 1.040569e-03 9.884576e-01 -1.254591e+01
9.164256e-01 -3.740242e-01 1.423729e-01 2.937269e+02 3.703286e-01 9.274082e-01 5.263939e-02 5.587223e+01 -1.517261e-01 4.484655e-03 9.884124e-01 -1.262274e+01
9.150003e-01 -3.780697e-01 1.408463e-01 2.947989e+02 3.746592e-01 9.257572e-01 5.103027e-02 5.628579e+01 -1.496825e-01 6.076660e-03 9.887154e-01 -1.269710e+01
9.146003e-01 -3.799782e-01 1.382855e-01 2.958773e+02 3.767307e-01 9.249734e-01 4.998162e-02 5.669610e+01 -1.469023e-01 6.383182e-03 9.891304e-01 -1.277094e+01
9.152776e-01 -3.805889e-01 1.319812e-01 2.969655e+02 3.758589e-01 9.247288e-01 6.005593e-02 5.711597e+01 -1.449034e-01 -5.361550e-03 9.894313e-01 -1.284826e+01
9.151605e-01 -3.819736e-01 1.287530e-01 2.982977e+02 3.776303e-01 9.241643e-01 5.758281e-02 5.764151e+01 -1.409841e-01 -4.076475e-03 9.900035e-01 -1.294163e+01
9.153883e-01 -3.822089e-01 1.264141e-01 2.995508e+02 3.776126e-01 9.240516e-01 5.947539e-02 5.812671e+01 -1.395452e-01 -6.707501e-03 9.901930e-01 -1.303777e+01
9.155007e-01 -3.830886e-01 1.228885e-01 3.008489e+02 3.789796e-01 9.236989e-01 5.616837e-02 5.863665e+01 -1.350294e-01 -4.849937e-03 9.908297e-01 -1.312118e+01
9.150574e-01 -3.839280e-01 1.235690e-01 3.022635e+02 3.790549e-01 9.233127e-01 6.173546e-02 5.920536e+01 -1.377947e-01 -9.652074e-03 9.904138e-01 -1.326149e+01
9.152074e-01 -3.848024e-01 1.196766e-01 3.035819e+02 3.800735e-01 9.229407e-01 6.102886e-02 5.972892e+01 -1.339385e-01 -1.036816e-02 9.909354e-01 -1.335575e+01
9.143667e-01 -3.865525e-01 1.204609e-01 3.048770e+02 3.817942e-01 9.222125e-01 6.129488e-02 6.025609e+01 -1.347842e-01 -1.005472e-02 9.908240e-01 -1.345555e+01
9.137993e-01 -3.884705e-01 1.185811e-01 3.061283e+02 3.836275e-01 9.213914e-01 6.219241e-02 6.076480e+01 -1.334195e-01 -1.134044e-02 9.909948e-01 -1.356028e+01
9.127015e-01 -3.901318e-01 1.215452e-01 3.072813e+02 3.848087e-01 9.206667e-01 6.553780e-02 6.123779e+01 -1.374710e-01 -1.304478e-02 9.904199e-01 -1.369147e+01
9.130289e-01 -3.900215e-01 1.194214e-01 3.085620e+02 3.844906e-01 9.206753e-01 6.725932e-02 6.173634e+01 -1.361809e-01 -1.549329e-02 9.905628e-01 -1.382420e+01
9.124087e-01 -3.911764e-01 1.203799e-01 3.098858e+02 3.855962e-01 9.201894e-01 6.757846e-02 6.228157e+01 -1.372074e-01 -1.524115e-02 9.904251e-01 -1.392978e+01
9.117985e-01 -3.926754e-01 1.201229e-01 3.112241e+02 3.870580e-01 9.195468e-01 6.796829e-02 6.283516e+01 -1.371481e-01 -1.547887e-02 9.904296e-01 -1.404457e+01
9.112967e-01 -3.934277e-01 1.214619e-01 3.125358e+02 3.876821e-01 9.192233e-01 6.878299e-02 6.335740e+01 -1.387117e-01 -1.559311e-02 9.902101e-01 -1.417191e+01
9.106756e-01 -3.946530e-01 1.221428e-01 3.137163e+02 3.884086e-01 9.186459e-01 7.230891e-02 6.385042e+01 -1.407429e-01 -1.840866e-02 9.898750e-01 -1.428772e+01
9.095032e-01 -3.962834e-01 1.255527e-01 3.149180e+02 3.901900e-01 9.179966e-01 7.094932e-02 6.434612e+01 -1.433730e-01 -1.553922e-02 9.895467e-01 -1.439725e+01
9.089108e-01 -3.977011e-01 1.253597e-01 3.162404e+02 3.910042e-01 9.173112e-01 7.520594e-02 6.489429e+01 -1.449033e-01 -1.933932e-02 9.892568e-01 -1.454493e+01
9.078494e-01 -4.000078e-01 1.257110e-01 3.175992e+02 3.932845e-01 9.163131e-01 7.548444e-02 6.545222e+01 -1.453850e-01 -1.908831e-02 9.891910e-01 -1.469224e+01
9.065456e-01 -4.027966e-01 1.262136e-01 3.190936e+02 3.959428e-01 9.150848e-01 7.648021e-02 6.606226e+01 -1.463021e-01 -1.935943e-02 9.890505e-01 -1.485479e+01
9.051475e-01 -4.055876e-01 1.273055e-01 3.205530e+02 3.991325e-01 9.139159e-01 7.383111e-02 6.668807e+01 -1.462915e-01 -1.601627e-02 9.891118e-01 -1.498631e+01
9.041250e-01 -4.078232e-01 1.274289e-01 3.220106e+02 4.011665e-01 9.129031e-01 7.532325e-02 6.730672e+01 -1.470488e-01 -1.698144e-02 9.889835e-01 -1.512843e+01
9.030491e-01 -4.100511e-01 1.279078e-01 3.234071e+02 4.035899e-01 9.119343e-01 7.410172e-02 6.790504e+01 -1.470290e-01 -1.529521e-02 9.890139e-01 -1.525673e+01
9.029717e-01 -4.107572e-01 1.261773e-01 3.248835e+02 4.045287e-01 9.116269e-01 7.274994e-02 6.853730e+01 -1.449092e-01 -1.464879e-02 9.893365e-01 -1.536631e+01
9.020719e-01 -4.129081e-01 1.255914e-01 3.264601e+02 4.069604e-01 9.106805e-01 7.102250e-02 6.923109e+01 -1.436994e-01 -1.295669e-02 9.895366e-01 -1.548554e+01
9.012151e-01 -4.152135e-01 1.241331e-01 3.280242e+02 4.093883e-01 9.096355e-01 7.045744e-02 6.990383e+01 -1.421708e-01 -1.267865e-02 9.897609e-01 -1.565075e+01
9.004253e-01 -4.167025e-01 1.248734e-01 3.293612e+02 4.109757e-01 9.089698e-01 6.980757e-02 7.048699e+01 -1.425951e-01 -1.153657e-02 9.897138e-01 -1.577258e+01
9.000150e-01 -4.174628e-01 1.252910e-01 3.305621e+02 4.113877e-01 9.085944e-01 7.222547e-02 7.100378e+01 -1.439901e-01 -1.346084e-02 9.894876e-01 -1.589941e+01
8.991503e-01 -4.193499e-01 1.251977e-01 3.318818e+02 4.130333e-01 9.077034e-01 7.401349e-02 7.157133e+01 -1.446799e-01 -1.483843e-02 9.893672e-01 -1.601799e+01
8.994673e-01 -4.192653e-01 1.231871e-01 3.330654e+02 4.128740e-01 9.077163e-01 7.474224e-02 7.208280e+01 -1.431558e-01 -1.636746e-02 9.895648e-01 -1.614841e+01
8.989044e-01 -4.208049e-01 1.220414e-01 3.342700e+02 4.145157e-01 9.070071e-01 7.426209e-02 7.261784e+01 -1.419422e-01 -1.616646e-02 9.897429e-01 -1.626427e+01
8.984501e-01 -4.223362e-01 1.200819e-01 3.354264e+02 4.158724e-01 9.062569e-01 7.581893e-02 7.313326e+01 -1.408462e-01 -1.818075e-02 9.898645e-01 -1.635716e+01
8.979375e-01 -4.234340e-01 1.200493e-01 3.365973e+02 4.166522e-01 9.057033e-01 7.811735e-02 7.364403e+01 -1.418066e-01 -2.012572e-02 9.896898e-01 -1.648690e+01
8.966156e-01 -4.251724e-01 1.237294e-01 3.378078e+02 4.182957e-01 9.049230e-01 7.837912e-02 7.417181e+01 -1.452902e-01 -1.852044e-02 9.892157e-01 -1.660393e+01
8.962330e-01 -4.262018e-01 1.229566e-01 3.388582e+02 4.190398e-01 9.043932e-01 8.048928e-02 7.462439e+01 -1.455058e-01 -2.061343e-02 9.891427e-01 -1.674456e+01
8.955542e-01 -4.271500e-01 1.246019e-01 3.398225e+02 4.205022e-01 9.040318e-01 7.684135e-02 7.504932e+01 -1.454668e-01 -1.642023e-02 9.892269e-01 -1.684086e+01
8.952885e-01 -4.278909e-01 1.239678e-01 3.408711e+02 4.209792e-01 9.036447e-01 7.875844e-02 7.551523e+01 -1.457228e-01 -1.832367e-02 9.891558e-01 -1.696230e+01
8.957162e-01 -4.276262e-01 1.217721e-01 3.418532e+02 4.210285e-01 9.037848e-01 7.686441e-02 7.594417e+01 -1.429250e-01 -1.757918e-02 9.895774e-01 -1.705142e+01
8.960814e-01 -4.270943e-01 1.209485e-01 3.428288e+02 4.204330e-01 9.040180e-01 7.737812e-02 7.637261e+01 -1.423874e-01 -1.848635e-02 9.896384e-01 -1.715942e+01
8.962824e-01 -4.263242e-01 1.221697e-01 3.437413e+02 4.204862e-01 9.044816e-01 7.144248e-02 7.676434e+01 -1.409579e-01 -1.266197e-02 9.899346e-01 -1.721227e+01
8.969963e-01 -4.258600e-01 1.184949e-01 3.447467e+02 4.194596e-01 9.046043e-01 7.579307e-02 7.719556e+01 -1.394682e-01 -1.828229e-02 9.900578e-01 -1.733546e+01
8.967529e-01 -4.257175e-01 1.208255e-01 3.456588e+02 4.198787e-01 9.047567e-01 7.153532e-02 7.758023e+01 -1.397715e-01 -1.341744e-02 9.900929e-01 -1.740647e+01
8.969173e-01 -4.261825e-01 1.179310e-01 3.466569e+02 4.198191e-01 9.044518e-01 7.562427e-02 7.800813e+01 -1.388926e-01 -1.831904e-02 9.901380e-01 -1.752122e+01
8.970631e-01 -4.268987e-01 1.141727e-01 3.476329e+02 4.211817e-01 9.041579e-01 7.144623e-02 7.843833e+01 -1.337304e-01 -1.600432e-02 9.908885e-01 -1.758062e+01
8.966219e-01 -4.281224e-01 1.130501e-01 3.485526e+02 4.226436e-01 9.035983e-01 6.987411e-02 7.883685e+01 -1.320665e-01 -1.487078e-02 9.911293e-01 -1.764995e+01
8.967451e-01 -4.288034e-01 1.094340e-01 3.495282e+02 4.235106e-01 9.032656e-01 6.892091e-02 7.925797e+01 -1.284015e-01 -1.545803e-02 9.916018e-01 -1.773335e+01
8.966607e-01 -4.297236e-01 1.064760e-01 3.504500e+02 4.238940e-01 9.027205e-01 7.354879e-02 7.965180e+01 -1.277237e-01 -2.081377e-02 9.915914e-01 -1.783748e+01
8.961945e-01 -4.307237e-01 1.063606e-01 3.513609e+02 4.246728e-01 9.022073e-01 7.533430e-02 8.005154e+01 -1.284075e-01 -2.234574e-02 9.914697e-01 -1.791714e+01
8.956319e-01 -4.317387e-01 1.069822e-01 3.522815e+02 4.255188e-01 9.017038e-01 7.657668e-02 8.044646e+01 -1.295273e-01 -2.306160e-02 9.913076e-01 -1.802778e+01
8.950418e-01 -4.330278e-01 1.067104e-01 3.532332e+02 4.273595e-01 9.011755e-01 7.243394e-02 8.086019e+01 -1.275307e-01 -1.922769e-02 9.916482e-01 -1.811720e+01
8.941539e-01 -4.344085e-01 1.085271e-01 3.541813e+02 4.283858e-01 9.004821e-01 7.495096e-02 8.127168e+01 -1.302860e-01 -2.052625e-02 9.912640e-01 -1.824120e+01
8.934956e-01 -4.359653e-01 1.077025e-01 3.550413e+02 4.302490e-01 8.997687e-01 7.281467e-02 8.165147e+01 -1.286520e-01 -1.872071e-02 9.915131e-01 -1.829487e+01
8.928877e-01 -4.374813e-01 1.065908e-01 3.559009e+02 4.318637e-01 8.990366e-01 7.229484e-02 8.203121e+01 -1.274567e-01 -1.851846e-02 9.916713e-01 -1.840907e+01
8.919958e-01 -4.391017e-01 1.073923e-01 3.567939e+02 4.336147e-01 8.982768e-01 7.125551e-02 8.242993e+01 -1.277564e-01 -1.699275e-02 9.916600e-01 -1.850896e+01
8.916808e-01 -4.406017e-01 1.038055e-01 3.576951e+02 4.350783e-01 8.974981e-01 7.213770e-02 8.283346e+01 -1.249493e-01 -1.916027e-02 9.919781e-01 -1.859172e+01
8.914439e-01 -4.419031e-01 1.002470e-01 3.586062e+02 4.377014e-01 8.969926e-01 6.182218e-02 8.326089e+01 -1.172402e-01 -1.123277e-02 9.930401e-01 -1.860855e+01
8.917195e-01 -4.434751e-01 9.036706e-02 3.595846e+02 4.405860e-01 8.962698e-01 5.083873e-02 8.373011e+01 -1.035390e-01 -5.519427e-03 9.946101e-01 -1.861329e+01
8.919385e-01 -4.448710e-01 8.084228e-02 3.605854e+02 4.433029e-01 8.955913e-01 3.740129e-02 8.422124e+01 -8.904039e-02 2.477963e-03 9.960249e-01 -1.856506e+01
8.921132e-01 -4.465368e-01 6.883956e-02 3.615942e+02 4.456460e-01 8.947505e-01 2.865271e-02 8.472147e+01 -7.438872e-02 5.116620e-03 9.972162e-01 -1.849203e+01
8.914275e-01 -4.488934e-01 6.206335e-02 3.626329e+02 4.488485e-01 8.934743e-01 1.544862e-02 8.523663e+01 -6.238680e-02 1.408572e-02 9.979526e-01 -1.846784e+01
8.907143e-01 -4.510703e-01 5.624507e-02 3.637406e+02 4.513988e-01 8.922913e-01 7.445668e-03 8.578147e+01 -5.354551e-02 1.875699e-02 9.983892e-01 -1.840792e+01
8.898534e-01 -4.534539e-01 5.040301e-02 3.648301e+02 4.540443e-01 8.909792e-01 -2.945941e-04 8.633173e+01 -4.477445e-02 2.314734e-02 9.987289e-01 -1.836518e+01
8.895991e-01 -4.550040e-01 3.980884e-02 3.660383e+02 4.556615e-01 8.901089e-01 -8.867185e-03 8.692062e+01 -3.139960e-02 2.602760e-02 9.991680e-01 -1.834341e+01
8.891737e-01 -4.564036e-01 3.264783e-02 3.671794e+02 4.570298e-01 8.893263e-01 -1.492322e-02 8.751170e+01 -2.222357e-02 2.819037e-02 9.993555e-01 -1.828076e+01
8.892642e-01 -4.568776e-01 2.172830e-02 3.684527e+02 4.572833e-01 8.890903e-01 -2.026235e-02 8.816507e+01 -1.006100e-02 2.795458e-02 9.995586e-01 -1.821157e+01
8.891028e-01 -4.573763e-01 1.741315e-02 3.696053e+02 4.577028e-01 8.886247e-01 -2.922857e-02 8.876747e+01 -2.105300e-03 3.395725e-02 9.994211e-01 -1.809418e+01
8.887554e-01 -4.583532e-01 5.120645e-03 3.708882e+02 4.582269e-01 8.881093e-01 -3.591357e-02 8.943382e+01 1.191341e-02 3.426479e-02 9.993418e-01 -1.798758e+01
8.877450e-01 -4.603325e-01 1.684314e-03 3.722908e+02 4.599910e-01 8.869331e-01 -4.192748e-02 9.019468e+01 1.780671e-02 3.799568e-02 9.991192e-01 -1.789006e+01
8.868945e-01 -4.619531e-01 4.189658e-03 3.742592e+02 4.617989e-01 8.862771e-01 -3.542362e-02 9.120705e+01 1.265086e-02 3.335179e-02 9.993636e-01 -1.786996e+01
8.859607e-01 -4.637389e-01 4.460711e-03 3.762610e+02 4.636422e-01 8.854768e-01 -3.108804e-02 9.223404e+01 1.046688e-02 2.961096e-02 9.995067e-01 -1.788178e+01
8.849728e-01 -4.655196e-01 1.070566e-02 3.782398e+02 4.655893e-01 8.842895e-01 -3.547805e-02 9.324533e+01 7.048822e-03 3.638155e-02 9.993131e-01 -1.784585e+01
8.840107e-01 -4.672413e-01 1.451262e-02 3.802215e+02 4.674576e-01 8.833749e-01 -3.364832e-02 9.426057e+01 2.901796e-03 3.652951e-02 9.993284e-01 -1.785808e+01
8.834297e-01 -4.680964e-01 2.092304e-02 3.821890e+02 4.685376e-01 8.829713e-01 -2.888384e-02 9.526074e+01 -4.954020e-03 3.532007e-02 9.993638e-01 -1.783018e+01
8.821858e-01 -4.705050e-01 1.932151e-02 3.841595e+02 4.708484e-01 8.819600e-01 -2.117803e-02 9.628734e+01 -7.076425e-03 2.778046e-02 9.995890e-01 -1.781437e+01
8.807659e-01 -4.731957e-01 1.836490e-02 3.860845e+02 4.735284e-01 8.804461e-01 -2.419560e-02 9.733889e+01 -4.720055e-03 3.000696e-02 9.995385e-01 -1.775760e+01
8.800046e-01 -4.743965e-01 2.323542e-02 3.880689e+02 4.748501e-01 8.798147e-01 -2.105781e-02 9.838705e+01 -1.045311e-02 2.956431e-02 9.995082e-01 -1.775340e+01
8.781168e-01 -4.779256e-01 2.231420e-02 3.899498e+02 4.784239e-01 8.775716e-01 -3.128527e-02 9.940990e+01 -4.630280e-03 3.814777e-02 9.992614e-01 -1.767833e+01
8.766257e-01 -4.804748e-01 2.590952e-02 3.917642e+02 4.810685e-01 8.762854e-01 -2.639938e-02 1.003856e+02 -1.001989e-02 3.560663e-02 9.993157e-01 -1.762930e+01
8.750712e-01 -4.836176e-01 1.909112e-02 3.935926e+02 4.839820e-01 8.746488e-01 -2.740238e-02 1.013807e+02 -3.445752e-03 3.321879e-02 9.994422e-01 -1.757370e+01
8.736800e-01 -4.860329e-01 2.133540e-02 3.953131e+02 4.864724e-01 8.732637e-01 -2.747686e-02 1.022748e+02 -5.276771e-03 3.438507e-02 9.993947e-01 -1.752854e+01
8.703750e-01 -4.920232e-01 1.898973e-02 3.965689e+02 4.923446e-01 8.701688e-01 -2.007263e-02 1.029536e+02 -6.648069e-03 2.682020e-02 9.996182e-01 -1.748914e+01
8.689018e-01 -4.945654e-01 2.036512e-02 3.976387e+02 4.949157e-01 8.687313e-01 -1.908630e-02 1.035139e+02 -8.252390e-03 2.666314e-02 9.996104e-01 -1.749579e+01
8.670689e-01 -4.981647e-01 4.829338e-03 3.987072e+02 4.981448e-01 8.668249e-01 -2.159586e-02 1.040850e+02 6.572105e-03 2.113081e-02 9.997551e-01 -1.742965e+01
8.656449e-01 -5.006410e-01 4.167599e-03 3.996368e+02 5.006428e-01 8.655226e-01 -1.507648e-02 1.045970e+02 3.940755e-03 1.513736e-02 9.998776e-01 -1.739889e+01
8.646001e-01 -5.024605e-01 3.899606e-04 4.004503e+02 5.023455e-01 8.643850e-01 -2.208433e-02 1.050538e+02 1.075943e-02 1.929001e-02 9.997560e-01 -1.742213e+01
8.644542e-01 -5.027082e-01 1.873353e-03 4.011878e+02 5.026103e-01 8.641992e-01 -2.329528e-02 1.054620e+02 1.009178e-02 2.107927e-02 9.997269e-01 -1.739924e+01
8.634675e-01 -5.044028e-01 1.327900e-03 4.019642e+02 5.043592e-01 8.633519e-01 -1.566355e-02 1.059060e+02 6.754293e-03 1.419471e-02 9.998764e-01 -1.740507e+01
8.625689e-01 -5.059187e-01 -4.606497e-03 4.027168e+02 5.057563e-01 8.624655e-01 -1.907648e-02 1.063229e+02 1.362410e-02 1.412501e-02 9.998074e-01 -1.737995e+01
8.615975e-01 -5.075621e-01 -5.525106e-03 4.034926e+02 5.074025e-01 8.615221e-01 -1.795974e-02 1.067702e+02 1.387568e-02 1.267061e-02 9.998235e-01 -1.735614e+01
8.601503e-01 -5.100019e-01 -6.283334e-03 4.043158e+02 5.098222e-01 8.600771e-01 -1.866375e-02 1.072419e+02 1.492270e-02 1.285025e-02 9.998060e-01 -1.737036e+01
8.594068e-01 -5.112011e-01 -9.663863e-03 4.051431e+02 5.110189e-01 8.594116e-01 -1.647172e-02 1.077148e+02 1.672560e-02 9.217490e-03 9.998176e-01 -1.734776e+01
8.585793e-01 -5.125386e-01 -1.207045e-02 4.058708e+02 5.123642e-01 8.586385e-01 -1.492202e-02 1.081357e+02 1.801226e-02 6.627269e-03 9.998158e-01 -1.733739e+01
8.573242e-01 -5.143856e-01 -2.006607e-02 4.066506e+02 5.140476e-01 8.575331e-01 -1.979418e-02 1.085911e+02 2.738916e-02 6.655109e-03 9.996027e-01 -1.726497e+01
8.568692e-01 -5.150865e-01 -2.147349e-02 4.075043e+02 5.147723e-01 8.571241e-01 -1.865189e-02 1.090881e+02 2.801278e-02 4.928277e-03 9.995954e-01 -1.725386e+01
8.558973e-01 -5.165061e-01 -2.571313e-02 4.082745e+02 5.161390e-01 8.562754e-01 -1.981994e-02 1.095401e+02 3.225465e-02 3.692284e-03 9.994729e-01 -1.723658e+01
8.551869e-01 -5.176424e-01 -2.648729e-02 4.091083e+02 5.172988e-01 8.555931e-01 -1.903072e-02 1.100342e+02 3.251346e-02 2.572980e-03 9.994680e-01 -1.721862e+01
8.544266e-01 -5.188807e-01 -2.679593e-02 4.099063e+02 5.185468e-01 8.548441e-01 -1.873047e-02 1.105068e+02 3.262522e-02 2.108869e-03 9.994654e-01 -1.721885e+01
8.537765e-01 -5.198260e-01 -2.909846e-02 4.106395e+02 5.194753e-01 8.542713e-01 -1.913130e-02 1.109394e+02 3.480293e-02 1.217921e-03 9.993935e-01 -1.718086e+01
8.529852e-01 -5.209339e-01 -3.231261e-02 4.114037e+02 5.205168e-01 8.535964e-01 -2.086569e-02 1.113939e+02 3.845157e-02 9.788712e-04 9.992600e-01 -1.716858e+01
8.525289e-01 -5.218143e-01 -3.007174e-02 4.121460e+02 5.213896e-01 8.530558e-01 -2.118506e-02 1.118494e+02 3.670754e-02 2.381787e-03 9.993232e-01 -1.716876e+01
8.526626e-01 -5.212860e-01 -3.503617e-02 4.129506e+02 5.208175e-01 8.533819e-01 -2.210309e-02 1.123309e+02 4.142127e-02 5.990257e-04 9.991416e-01 -1.714098e+01
8.530794e-01 -5.204287e-01 -3.754359e-02 4.136226e+02 5.199909e-01 8.539042e-01 -2.138248e-02 1.127304e+02 4.318668e-02 -1.281369e-03 9.990662e-01 -1.714518e+01
8.531145e-01 -5.200047e-01 -4.231664e-02 4.143764e+02 5.195323e-01 8.541585e-01 -2.235104e-02 1.131738e+02 4.776776e-02 -2.916862e-03 9.988542e-01 -1.708858e+01
8.527223e-01 -5.206261e-01 -4.258232e-02 4.151523e+02 5.201355e-01 8.537805e-01 -2.276012e-02 1.136410e+02 4.820547e-02 -2.740512e-03 9.988337e-01 -1.709677e+01
8.521872e-01 -5.208440e-01 -4.998421e-02 4.159118e+02 5.203503e-01 8.536305e-01 -2.345988e-02 1.140833e+02 5.488699e-02 -6.017094e-03 9.984744e-01 -1.703028e+01
8.521652e-01 -5.214269e-01 -4.391460e-02 4.166725e+02 5.209999e-01 8.532841e-01 -2.157073e-02 1.145326e+02 4.871919e-02 -4.497682e-03 9.988024e-01 -1.706838e+01
8.520556e-01 -5.211194e-01 -4.935366e-02 4.174211e+02 5.206416e-01 8.534627e-01 -2.310558e-02 1.149714e+02 5.416227e-02 -6.008328e-03 9.985141e-01 -1.701886e+01
8.521560e-01 -5.209447e-01 -4.946372e-02 4.182351e+02 5.205581e-01 8.535577e-01 -2.142122e-02 1.154510e+02 5.337940e-02 -7.494519e-03 9.985462e-01 -1.701303e+01
8.518832e-01 -5.211210e-01 -5.223028e-02 4.190139e+02 5.206910e-01 8.534458e-01 -2.260538e-02 1.159084e+02 5.635586e-02 -7.938694e-03 9.983792e-01 -1.698150e+01
8.514561e-01 -5.218616e-01 -5.179725e-02 4.197462e+02 5.214179e-01 8.529965e-01 -2.281174e-02 1.163379e+02 5.608745e-02 -7.584817e-03 9.983971e-01 -1.698606e+01
8.511198e-01 -5.225283e-01 -5.058974e-02 4.204479e+02 5.221514e-01 8.525828e-01 -2.145382e-02 1.167540e+02 5.434218e-02 -8.155730e-03 9.984891e-01 -1.698243e+01
8.507116e-01 -5.231821e-01 -5.069838e-02 4.210464e+02 5.227198e-01 8.521930e-01 -2.304597e-02 1.171098e+02 5.526205e-02 -6.895574e-03 9.984481e-01 -1.695994e+01
8.504460e-01 -5.236554e-01 -5.026726e-02 4.217600e+02 5.232757e-01 8.518925e-01 -2.149207e-02 1.175359e+02 5.407673e-02 -8.025791e-03 9.985045e-01 -1.697046e+01
8.496961e-01 -5.241494e-01 -5.730619e-02 4.225559e+02 5.237597e-01 8.515601e-01 -2.282817e-02 1.180064e+02 6.076504e-02 -1.061766e-02 9.980956e-01 -1.692914e+01
8.495397e-01 -5.244913e-01 -5.649117e-02 4.231740e+02 5.240926e-01 8.513548e-01 -2.284721e-02 1.183748e+02 6.007719e-02 -1.019699e-02 9.981416e-01 -1.692904e+01
8.494065e-01 -5.245516e-01 -5.791507e-02 4.238395e+02 5.241284e-01 8.513151e-01 -2.349313e-02 1.187706e+02 6.162733e-02 -1.039971e-02 9.980450e-01 -1.691106e+01
8.492769e-01 -5.245250e-01 -6.001863e-02 4.243940e+02 5.241702e-01 8.513088e-01 -2.277743e-02 1.190976e+02 6.304172e-02 -1.211563e-02 9.979373e-01 -1.689623e+01
8.490680e-01 -5.249328e-01 -5.940538e-02 4.250490e+02 5.245764e-01 8.510607e-01 -2.270219e-02 1.194936e+02 6.247471e-02 -1.188695e-02 9.979758e-01 -1.688075e+01
8.490726e-01 -5.246348e-01 -6.191983e-02 4.255814e+02 5.245920e-01 8.511581e-01 -1.825636e-02 1.198192e+02 6.228148e-02 -1.698167e-02 9.979141e-01 -1.696996e+01
8.491672e-01 -5.243922e-01 -6.267233e-02 4.258842e+02 5.243009e-01 8.513161e-01 -1.921831e-02 1.199839e+02 6.343190e-02 -1.653960e-02 9.978491e-01 -1.694895e+01
8.496835e-01 -5.241860e-01 -5.715907e-02 4.262078e+02 5.239877e-01 8.515003e-01 -1.960689e-02 1.201728e+02 5.894861e-02 -1.329100e-02 9.981725e-01 -1.694824e+01
8.496519e-01 -5.240600e-01 -5.876038e-02 4.266190e+02 5.237793e-01 8.515871e-01 -2.131801e-02 1.204033e+02 6.121150e-02 -1.266459e-02 9.980445e-01 -1.690444e+01
8.497289e-01 -5.241651e-01 -5.667192e-02 4.268909e+02 5.238194e-01 8.515455e-01 -2.198648e-02 1.205578e+02 5.978327e-02 -1.100331e-02 9.981507e-01 -1.689487e+01
8.498509e-01 -5.237885e-01 -5.830182e-02 4.273231e+02 5.234295e-01 8.517721e-01 -2.249207e-02 1.208068e+02 6.144095e-02 -1.140199e-02 9.980456e-01 -1.687017e+01
8.498439e-01 -5.236959e-01 -5.922783e-02 4.277368e+02 5.233732e-01 8.518175e-01 -2.208058e-02 1.210400e+02 6.201481e-02 -1.223321e-02 9.980003e-01 -1.684681e+01
8.499923e-01 -5.237219e-01 -5.681980e-02 4.281198e+02 5.232897e-01 8.518326e-01 -2.342742e-02 1.212560e+02 6.067042e-02 -9.820100e-03 9.981095e-01 -1.683680e+01
8.498506e-01 -5.239677e-01 -5.667286e-02 4.285522e+02 5.235510e-01 8.516796e-01 -2.315759e-02 1.215007e+02 6.040095e-02 -9.990647e-03 9.981242e-01 -1.681868e+01
8.491045e-01 -5.249653e-01 -5.859031e-02 4.288657e+02 5.245656e-01 8.510526e-01 -2.324719e-02 1.216759e+02 6.206740e-02 -1.099517e-02 9.980114e-01 -1.680256e+01
8.482037e-01 -5.262549e-01 -6.005242e-02 4.292129e+02 5.258578e-01 8.502473e-01 -2.351807e-02 1.218803e+02 6.343590e-02 -1.163093e-02 9.979181e-01 -1.679995e+01
8.482341e-01 -5.263118e-01 -5.911696e-02 4.295879e+02 5.259332e-01 8.502133e-01 -2.305331e-02 1.220902e+02 6.239526e-02 -1.153697e-02 9.979848e-01 -1.679286e+01
8.472471e-01 -5.277407e-01 -6.051442e-02 4.299750e+02 5.272230e-01 8.493433e-01 -2.553033e-02 1.223236e+02 6.487092e-02 -1.027409e-02 9.978408e-01 -1.676057e+01
8.474094e-01 -5.279911e-01 -5.588250e-02 4.302936e+02 5.275208e-01 8.492012e-01 -2.406182e-02 1.225147e+02 6.015991e-02 -9.088965e-03 9.981474e-01 -1.675998e+01
8.472514e-01 -5.280836e-01 -5.738309e-02 4.305931e+02 5.275460e-01 8.491471e-01 -2.538416e-02 1.226882e+02 6.213165e-02 -8.765451e-03 9.980295e-01 -1.674341e+01
8.475355e-01 -5.280164e-01 -5.368639e-02 4.308524e+02 5.275784e-01 8.491899e-01 -2.318581e-02 1.228397e+02 5.783243e-02 -8.672984e-03 9.982886e-01 -1.674852e+01
8.474351e-01 -5.278120e-01 -5.716905e-02 4.311023e+02 5.272585e-01 8.493191e-01 -2.560014e-02 1.229827e+02 6.206683e-02 -8.448409e-03 9.980363e-01 -1.669309e+01
8.481410e-01 -5.269164e-01 -5.491773e-02 4.312692e+02 5.264614e-01 8.498707e-01 -2.362375e-02 1.230832e+02 5.912072e-02 -8.875795e-03 9.982114e-01 -1.671402e+01
8.484949e-01 -5.262240e-01 -5.607779e-02 4.315144e+02 5.257586e-01 8.502967e-01 -2.394815e-02 1.232286e+02 6.028485e-02 -9.163499e-03 9.981391e-01 -1.670471e+01
8.490530e-01 -5.256290e-01 -5.313282e-02 4.315934e+02 5.250563e-01 8.506900e-01 -2.534616e-02 1.232667e+02 5.852223e-02 -6.377481e-03 9.982657e-01 -1.671328e+01
8.497710e-01 -5.244519e-01 -5.328660e-02 4.317620e+02 5.239087e-01 8.514128e-01 -2.481939e-02 1.233531e+02 5.838547e-02 -6.826514e-03 9.982708e-01 -1.669902e+01
8.498713e-01 -5.237222e-01 -5.859887e-02 4.319415e+02 5.231587e-01 8.518447e-01 -2.580719e-02 1.234432e+02 6.343292e-02 -8.723719e-03 9.979480e-01 -1.666227e+01
8.508565e-01 -5.228121e-01 -5.206548e-02 4.320405e+02 5.222722e-01 8.524250e-01 -2.457148e-02 1.234870e+02 5.722817e-02 -6.285544e-03 9.983413e-01 -1.668541e+01
8.506681e-01 -5.231374e-01 -5.187555e-02 4.320721e+02 5.225533e-01 8.522303e-01 -2.533252e-02 1.234860e+02 5.746230e-02 -5.558172e-03 9.983322e-01 -1.667367e+01
8.507767e-01 -5.232150e-01 -4.924542e-02 4.320594e+02 5.226467e-01 8.521880e-01 -2.481440e-02 1.234650e+02 5.494963e-02 -4.626449e-03 9.984784e-01 -1.668434e+01
8.506935e-01 -5.233483e-01 -4.926499e-02 4.320396e+02 5.227000e-01 8.521119e-01 -2.626511e-02 1.234397e+02 5.572509e-02 -3.407249e-03 9.984403e-01 -1.667414e+01
8.510656e-01 -5.227150e-01 -4.956146e-02 4.320421e+02 5.221402e-01 8.524950e-01 -2.494431e-02 1.234247e+02 5.528966e-02 -4.648788e-03 9.984595e-01 -1.669372e+01
8.515152e-01 -5.221974e-01 -4.724138e-02 4.320019e+02 5.216301e-01 8.528166e-01 -2.461186e-02 1.233881e+02 5.314048e-02 -3.685157e-03 9.985802e-01 -1.669623e+01
8.513974e-01 -5.222685e-01 -4.855957e-02 4.319501e+02 5.217031e-01 8.527702e-01 -2.467768e-02 1.233370e+02 5.429853e-02 -4.323164e-03 9.985154e-01 -1.667908e+01
8.505300e-01 -5.236899e-01 -4.845323e-02 4.319222e+02 5.231408e-01 8.518966e-01 -2.440868e-02 1.233012e+02 5.405972e-02 -4.587553e-03 9.985272e-01 -1.667273e+01
8.489497e-01 -5.261041e-01 -4.998975e-02 4.318599e+02 5.254943e-01 8.504087e-01 -2.570884e-02 1.232529e+02 5.603723e-02 -4.443814e-03 9.984188e-01 -1.667785e+01
8.484641e-01 -5.271679e-01 -4.693384e-02 4.318033e+02 5.266027e-01 8.497529e-01 -2.469245e-02 1.232175e+02 5.289923e-02 -3.764828e-03 9.985927e-01 -1.669675e+01
8.481110e-01 -5.276012e-01 -4.842260e-02 4.317444e+02 5.270154e-01 8.494821e-01 -2.519868e-02 1.231778e+02 5.442898e-02 -4.148183e-03 9.985090e-01 -1.669216e+01
8.482951e-01 -5.273369e-01 -4.807554e-02 4.317029e+02 5.268180e-01 8.496414e-01 -2.392373e-02 1.231580e+02 5.346283e-02 -5.032675e-03 9.985572e-01 -1.671177e+01
8.485199e-01 -5.266010e-01 -5.201313e-02 4.316729e+02 5.260673e-01 8.500876e-01 -2.457900e-02 1.231375e+02 5.715905e-02 -6.506631e-03 9.983439e-01 -1.670221e+01
8.493333e-01 -5.254664e-01 -5.018063e-02 4.316229e+02 5.249717e-01 8.507913e-01 -2.364032e-02 1.231144e+02 5.511544e-02 -6.264905e-03 9.984604e-01 -1.672163e+01
8.500483e-01 -5.244238e-01 -4.896453e-02 4.314868e+02 5.239139e-01 8.514398e-01 -2.375718e-02 1.230286e+02 5.414918e-02 -5.458447e-03 9.985179e-01 -1.671776e+01
8.503399e-01 -5.237008e-01 -5.157040e-02 4.314482e+02 5.232353e-01 8.518716e-01 -2.323077e-02 1.229991e+02 5.609734e-02 -7.229403e-03 9.983991e-01 -1.673181e+01
8.506281e-01 -5.234867e-01 -4.892391e-02 4.314125e+02 5.230346e-01 8.520105e-01 -2.265073e-02 1.229622e+02 5.354103e-02 -6.321545e-03 9.985456e-01 -1.673904e+01
8.505923e-01 -5.236266e-01 -4.804034e-02 4.313886e+02 5.231457e-01 8.519303e-01 -2.309792e-02 1.229424e+02 5.302170e-02 -5.485188e-03 9.985783e-01 -1.674993e+01
8.508217e-01 -5.234881e-01 -4.541634e-02 4.313107e+02 5.230876e-01 8.520141e-01 -2.124765e-02 1.228886e+02 4.981826e-02 -5.678763e-03 9.987422e-01 -1.676700e+01
8.503017e-01 -5.242734e-01 -4.609068e-02 4.311955e+02 5.238206e-01 8.515346e-01 -2.237621e-02 1.228092e+02 5.097906e-02 -5.116723e-03 9.986866e-01 -1.676386e+01
8.495753e-01 -5.255557e-01 -4.486712e-02 4.311149e+02 5.250645e-01 8.507501e-01 -2.305999e-02 1.227665e+02 5.029001e-02 -3.966930e-03 9.987268e-01 -1.677436e+01
8.482956e-01 -5.273886e-01 -4.749487e-02 4.310356e+02 5.269167e-01 8.496060e-01 -2.298101e-02 1.227262e+02 5.247185e-02 -5.531145e-03 9.986071e-01 -1.676454e+01
8.474687e-01 -5.286723e-01 -4.798262e-02 4.309620e+02 5.282384e-01 8.488020e-01 -2.235253e-02 1.226963e+02 5.254490e-02 -6.403188e-03 9.985980e-01 -1.677549e+01
8.467287e-01 -5.300249e-01 -4.608831e-02 4.308891e+02 5.296150e-01 8.479606e-01 -2.169828e-02 1.226730e+02 5.058170e-02 -6.036506e-03 9.987017e-01 -1.678417e+01
8.462006e-01 -5.307633e-01 -4.727402e-02 4.307866e+02 5.302975e-01 8.475010e-01 -2.293985e-02 1.226255e+02 5.224042e-02 -5.657578e-03 9.986185e-01 -1.677763e+01
8.459371e-01 -5.311385e-01 -4.777408e-02 4.307325e+02 5.307309e-01 8.472574e-01 -2.189562e-02 1.226180e+02 5.210656e-02 -6.832864e-03 9.986181e-01 -1.678127e+01
8.457531e-01 -5.314212e-01 -4.788710e-02 4.306807e+02 5.309903e-01 8.470826e-01 -2.236600e-02 1.226173e+02 5.245010e-02 -6.511472e-03 9.986023e-01 -1.677459e+01
8.451926e-01 -5.322142e-01 -4.896530e-02 4.306337e+02 5.317655e-01 8.465830e-01 -2.285988e-02 1.226243e+02 5.361954e-02 -6.717059e-03 9.985389e-01 -1.678034e+01
8.454000e-01 -5.318860e-01 -4.895005e-02 4.305733e+02 5.315250e-01 8.467773e-01 -2.120146e-02 1.226254e+02 5.272655e-02 -8.094458e-03 9.985762e-01 -1.679062e+01
8.455056e-01 -5.316751e-01 -4.941512e-02 4.305290e+02 5.312663e-01 8.469151e-01 -2.215776e-02 1.226325e+02 5.363113e-02 -7.518080e-03 9.985325e-01 -1.676840e+01
8.457007e-01 -5.312701e-01 -5.042114e-02 4.304156e+02 5.308970e-01 8.471601e-01 -2.163454e-02 1.226052e+02 5.420857e-02 -8.472091e-03 9.984937e-01 -1.677178e+01
8.461426e-01 -5.303965e-01 -5.217444e-02 4.304023e+02 5.299564e-01 8.477110e-01 -2.307915e-02 1.226202e+02 5.646994e-02 -8.121926e-03 9.983712e-01 -1.675314e+01
8.468410e-01 -5.292704e-01 -5.228042e-02 4.303935e+02 5.288576e-01 8.484105e-01 -2.257395e-02 1.226439e+02 5.630296e-02 -8.532351e-03 9.983773e-01 -1.676163e+01
8.472790e-01 -5.287341e-01 -5.058283e-02 4.304039e+02 5.283157e-01 8.487523e-01 -2.240873e-02 1.226703e+02 5.478054e-02 -7.737261e-03 9.984685e-01 -1.676401e+01
8.477882e-01 -5.277866e-01 -5.192778e-02 4.303750e+02 5.274006e-01 8.493320e-01 -2.199411e-02 1.226754e+02 5.571212e-02 -8.740390e-03 9.984086e-01 -1.676266e+01
8.483206e-01 -5.270185e-01 -5.102653e-02 4.303622e+02 5.266432e-01 8.498112e-01 -2.163313e-02 1.226803e+02 5.476398e-02 -8.520951e-03 9.984630e-01 -1.675602e+01
8.487537e-01 -5.264055e-01 -5.014380e-02 4.303665e+02 5.259632e-01 8.502041e-01 -2.271094e-02 1.226991e+02 5.458762e-02 -7.097800e-03 9.984838e-01 -1.675440e+01
8.493274e-01 -5.256495e-01 -4.832739e-02 4.303214e+02 5.252459e-01 8.506730e-01 -2.173021e-02 1.226813e+02 5.253328e-02 -6.927698e-03 9.985951e-01 -1.675558e+01
8.494952e-01 -5.248759e-01 -5.350940e-02 4.302855e+02 5.244874e-01 8.511291e-01 -2.219388e-02 1.226644e+02 5.719243e-02 -9.211414e-03 9.983207e-01 -1.675249e+01
8.498837e-01 -5.246542e-01 -4.935305e-02 4.302458e+02 5.243062e-01 8.512758e-01 -2.079201e-02 1.226416e+02 5.292168e-02 -8.205318e-03 9.985650e-01 -1.677068e+01
8.501281e-01 -5.241210e-01 -5.078706e-02 4.302989e+02 5.237454e-01 8.516033e-01 -2.150995e-02 1.226678e+02 5.452424e-02 -8.313281e-03 9.984778e-01 -1.676272e+01
8.503349e-01 -5.238029e-01 -5.060602e-02 4.303903e+02 5.233545e-01 8.518100e-01 -2.280311e-02 1.227205e+02 5.505104e-02 -7.094607e-03 9.984583e-01 -1.675669e+01
8.508376e-01 -5.231906e-01 -4.844742e-02 4.304856e+02 5.227192e-01 8.521961e-01 -2.294736e-02 1.227799e+02 5.329254e-02 -5.799922e-03 9.985621e-01 -1.677146e+01
8.513108e-01 -5.223801e-01 -4.887677e-02 4.305776e+02 5.219267e-01 8.526899e-01 -2.263670e-02 1.228395e+02 5.350169e-02 -6.239221e-03 9.985483e-01 -1.678378e+01
8.513995e-01 -5.220026e-01 -5.130538e-02 4.305110e+02 5.215441e-01 8.529139e-01 -2.301672e-02 1.228049e+02 5.577386e-02 -7.161590e-03 9.984177e-01 -1.675731e+01
8.514279e-01 -5.220823e-01 -5.000743e-02 4.305356e+02 5.216295e-01 8.528687e-01 -2.275162e-02 1.228245e+02 5.452799e-02 -6.713985e-03 9.984897e-01 -1.677345e+01
8.520030e-01 -5.211417e-01 -5.002179e-02 4.305552e+02 5.206007e-01 8.534536e-01 -2.432688e-02 1.228196e+02 5.536903e-02 -5.314807e-03 9.984518e-01 -1.677319e+01
8.524206e-01 -5.204301e-01 -5.031584e-02 4.305811e+02 5.199523e-01 8.538803e-01 -2.319424e-02 1.228219e+02 5.503469e-02 -6.390593e-03 9.984640e-01 -1.677351e+01
8.526863e-01 -5.200635e-01 -4.959929e-02 4.305755e+02 5.195143e-01 8.541132e-01 -2.440263e-02 1.228102e+02 5.505433e-02 -4.959759e-03 9.984710e-01 -1.677028e+01
8.532639e-01 -5.190707e-01 -5.006343e-02 4.306568e+02 5.185885e-01 8.547089e-01 -2.320355e-02 1.228427e+02 5.483395e-02 -6.163570e-03 9.984764e-01 -1.678672e+01
8.533427e-01 -5.186353e-01 -5.313800e-02 4.307216e+02 5.180238e-01 8.549777e-01 -2.577742e-02 1.228594e+02 5.880088e-02 -5.529773e-03 9.982544e-01 -1.676394e+01
8.539571e-01 -5.178306e-01 -5.107518e-02 4.307408e+02 5.173112e-01 8.554624e-01 -2.394499e-02 1.228433e+02 5.609234e-02 -5.973771e-03 9.984077e-01 -1.677522e+01
8.542295e-01 -5.176690e-01 -4.807112e-02 4.307364e+02 5.170856e-01 8.555733e-01 -2.483736e-02 1.228147e+02 5.398589e-02 -3.640079e-03 9.985350e-01 -1.678598e+01
8.545343e-01 -5.171613e-01 -4.811751e-02 4.307620e+02 5.166464e-01 8.558749e-01 -2.355175e-02 1.228020e+02 5.336263e-02 -4.733967e-03 9.985640e-01 -1.678365e+01
8.544544e-01 -5.171812e-01 -4.930826e-02 4.308106e+02 5.167034e-01 8.558559e-01 -2.298052e-02 1.227987e+02 5.408586e-02 -5.841933e-03 9.985192e-01 -1.677413e+01
8.536807e-01 -5.184206e-01 -4.969389e-02 4.308914e+02 5.178878e-01 8.551100e-01 -2.406263e-02 1.228267e+02 5.496830e-02 -5.194063e-03 9.984746e-01 -1.675614e+01
8.531469e-01 -5.192969e-01 -4.971050e-02 4.308990e+02 5.188104e-01 8.545732e-01 -2.324932e-02 1.228129e+02 5.455456e-02 -5.955236e-03 9.984930e-01 -1.676485e+01
8.527848e-01 -5.199097e-01 -4.951949e-02 4.309340e+02 5.194239e-01 8.542008e-01 -2.323260e-02 1.228176e+02 5.437844e-02 -5.909201e-03 9.985029e-01 -1.676416e+01
8.526845e-01 -5.199754e-01 -5.054303e-02 4.309202e+02 5.195150e-01 8.541545e-01 -2.289104e-02 1.227943e+02 5.507434e-02 -6.739027e-03 9.984595e-01 -1.676761e+01
8.525717e-01 -5.204063e-01 -4.794581e-02 4.308839e+02 5.198684e-01 8.539075e-01 -2.406143e-02 1.227554e+02 5.346300e-02 -4.411425e-03 9.985601e-01 -1.676608e+01
8.529862e-01 -5.197935e-01 -4.721421e-02 4.308340e+02 5.192413e-01 8.542835e-01 -2.425686e-02 1.227041e+02 5.294287e-02 -3.824800e-03 9.985902e-01 -1.677267e+01
8.529737e-01 -5.198709e-01 -4.658462e-02 4.308392e+02 5.193796e-01 8.542329e-01 -2.304575e-02 1.226972e+02 5.177493e-02 -4.537683e-03 9.986485e-01 -1.678216e+01
8.526652e-01 -5.203847e-01 -4.649605e-02 4.308169e+02 5.198895e-01 8.539203e-01 -2.312946e-02 1.226699e+02 5.174014e-02 -4.451128e-03 9.986507e-01 -1.678116e+01
8.528776e-01 -5.200549e-01 -4.629020e-02 4.308200e+02 5.195696e-01 8.541210e-01 -2.290919e-02 1.226538e+02 5.145146e-02 -4.512253e-03 9.986653e-01 -1.678290e+01
8.525041e-01 -5.209355e-01 -4.316090e-02 4.308695e+02 5.204558e-01 8.535899e-01 -2.258061e-02 1.226758e+02 4.860475e-02 -3.213280e-03 9.988129e-01 -1.678031e+01
8.523324e-01 -5.208941e-01 -4.689172e-02 4.308795e+02 5.204145e-01 8.536072e-01 -2.287824e-02 1.226591e+02 5.194426e-02 -4.903266e-03 9.986380e-01 -1.677609e+01
8.517323e-01 -5.220169e-01 -4.528307e-02 4.308539e+02 5.214803e-01 8.529289e-01 -2.388867e-02 1.226415e+02 5.109353e-02 -3.267475e-03 9.986885e-01 -1.678563e+01
8.519129e-01 -5.216116e-01 -4.653832e-02 4.308991e+02 5.211597e-01 8.531669e-01 -2.232955e-02 1.226618e+02 5.135231e-02 -5.231074e-03 9.986669e-01 -1.677453e+01
8.507584e-01 -5.231214e-01 -5.053946e-02 4.308683e+02 5.225155e-01 8.522457e-01 -2.559365e-02 1.226439e+02 5.646062e-02 -4.633636e-03 9.983941e-01 -1.677508e+01
8.517708e-01 -5.220693e-01 -4.393456e-02 4.308729e+02 5.215946e-01 8.528953e-01 -2.256342e-02 1.226366e+02 4.925124e-02 -3.697165e-03 9.987796e-01 -1.678571e+01
8.512380e-01 -5.226969e-01 -4.670997e-02 4.308533e+02 5.220916e-01 8.525137e-01 -2.530820e-02 1.226146e+02 5.304941e-02 -2.843577e-03 9.985878e-01 -1.676796e+01
8.514864e-01 -5.224143e-01 -4.532358e-02 4.307982e+02 5.218431e-01 8.526876e-01 -2.457359e-02 1.225748e+02 5.148444e-02 -2.727718e-03 9.986701e-01 -1.678972e+01
8.511551e-01 -5.226865e-01 -4.831001e-02 4.307415e+02 5.221077e-01 8.525155e-01 -2.491574e-02 1.225371e+02 5.420816e-02 -4.015869e-03 9.985216e-01 -1.677799e+01
8.518585e-01 -5.219715e-01 -4.339114e-02 4.307275e+02 5.214999e-01 8.529557e-01 -2.245845e-02 1.225229e+02 4.873339e-02 -3.497058e-03 9.988057e-01 -1.681091e+01
8.514314e-01 -5.224581e-01 -4.584736e-02 4.306661e+02 5.220119e-01 8.526499e-01 -2.217261e-02 1.224817e+02 5.067601e-02 -5.054413e-03 9.987023e-01 -1.680026e+01
8.515601e-01 -5.222399e-01 -4.594462e-02 4.306049e+02 5.217039e-01 8.527912e-01 -2.392535e-02 1.224368e+02 5.167594e-02 -3.595610e-03 9.986574e-01 -1.678982e+01
8.517653e-01 -5.219254e-01 -4.571336e-02 4.305214e+02 5.214697e-01 8.529775e-01 -2.233125e-02 1.223818e+02 5.064771e-02 -4.817151e-03 9.987050e-01 -1.679910e+01
8.517883e-01 -5.217521e-01 -4.723885e-02 4.304607e+02 5.212630e-01 8.530830e-01 -2.311779e-02 1.223404e+02 5.236041e-02 -4.932401e-03 9.986161e-01 -1.679580e+01
8.522407e-01 -5.212309e-01 -4.476849e-02 4.303668e+02 5.207621e-01 8.534057e-01 -2.248619e-02 1.222779e+02 4.992617e-02 -4.150090e-03 9.987443e-01 -1.681730e+01
8.520607e-01 -5.213941e-01 -4.626868e-02 4.302346e+02 5.208998e-01 8.533047e-01 -2.312124e-02 1.222004e+02 5.153656e-02 -4.400644e-03 9.986614e-01 -1.680891e+01
8.522352e-01 -5.212569e-01 -4.457068e-02 4.302328e+02 5.207991e-01 8.533893e-01 -2.224951e-02 1.221950e+02 4.963385e-02 -4.250552e-03 9.987584e-01 -1.680934e+01
8.520210e-01 -5.214112e-01 -4.680362e-02 4.302028e+02 5.209398e-01 8.532909e-01 -2.272585e-02 1.221702e+02 5.178661e-02 -5.018969e-03 9.986455e-01 -1.681155e+01
8.522168e-01 -5.214311e-01 -4.285030e-02 4.300978e+02 5.209994e-01 8.532842e-01 -2.157428e-02 1.221075e+02 4.781299e-02 -3.939017e-03 9.988486e-01 -1.682308e+01
8.517300e-01 -5.218735e-01 -4.694725e-02 4.299839e+02 5.214330e-01 8.530043e-01 -2.215718e-02 1.220306e+02 5.160946e-02 -5.607910e-03 9.986516e-01 -1.681039e+01
8.517779e-01 -5.222064e-01 -4.213013e-02 4.298932e+02 5.218128e-01 8.528081e-01 -2.072815e-02 1.219756e+02 4.675329e-02 -4.328262e-03 9.988971e-01 -1.684070e+01
8.511218e-01 -5.230902e-01 -4.436607e-02 4.298412e+02 5.226963e-01 8.522608e-01 -2.098686e-02 1.219414e+02 4.878948e-02 -5.327602e-03 9.987949e-01 -1.683244e+01
8.514438e-01 -5.227644e-01 -4.196181e-02 4.297966e+02 5.223675e-01 8.524668e-01 -2.079608e-02 1.219097e+02 4.664250e-02 -4.212793e-03 9.989027e-01 -1.684678e+01
8.509514e-01 -5.231801e-01 -4.652247e-02 4.298765e+02 5.227491e-01 8.522036e-01 -2.196701e-02 1.219610e+02 5.113932e-02 -5.626718e-03 9.986757e-01 -1.681832e+01
8.509891e-01 -5.233173e-01 -4.423289e-02 4.299183e+02 5.229092e-01 8.521230e-01 -2.126848e-02 1.219889e+02 4.882203e-02 -5.030540e-03 9.987949e-01 -1.683721e+01
8.501408e-01 -5.245878e-01 -4.547796e-02 4.299788e+02 5.241674e-01 8.513392e-01 -2.168142e-02 1.220360e+02 5.009098e-02 -5.405803e-03 9.987300e-01 -1.682671e+01
8.501319e-01 -5.245215e-01 -4.639980e-02 4.299729e+02 5.240586e-01 8.513819e-01 -2.261145e-02 1.220229e+02 5.136415e-02 -5.093507e-03 9.986670e-01 -1.682007e+01
8.498051e-01 -5.251873e-01 -4.482853e-02 4.299286e+02 5.247028e-01 8.509771e-01 -2.291248e-02 1.220069e+02 5.018139e-02 -4.050512e-03 9.987319e-01 -1.682993e+01
8.500686e-01 -5.248925e-01 -4.325788e-02 4.298553e+02 5.244465e-01 8.511592e-01 -2.199790e-02 1.219702e+02 4.836588e-02 -3.986726e-03 9.988217e-01 -1.684365e+01
8.496648e-01 -5.255406e-01 -4.332111e-02 4.299556e+02 5.251194e-01 8.507568e-01 -2.150921e-02 1.220482e+02 4.815968e-02 -4.473134e-03 9.988297e-01 -1.683820e+01
8.497205e-01 -5.253218e-01 -4.485546e-02 4.299318e+02 5.249285e-01 8.508852e-01 -2.109074e-02 1.220380e+02 4.924627e-02 -5.624671e-03 9.987708e-01 -1.682799e+01
8.496010e-01 -5.253335e-01 -4.693468e-02 4.299248e+02 5.248733e-01 8.508792e-01 -2.263819e-02 1.220458e+02 5.182834e-02 -5.401324e-03 9.986414e-01 -1.681660e+01
8.497114e-01 -5.252811e-01 -4.550001e-02 4.298983e+02 5.248638e-01 8.509110e-01 -2.164141e-02 1.220427e+02 5.008429e-02 -5.492359e-03 9.987299e-01 -1.681882e+01
8.495179e-01 -5.254830e-01 -4.676526e-02 4.299156e+02 5.249859e-01 8.507910e-01 -2.333451e-02 1.220662e+02 5.204935e-02 -4.728021e-03 9.986333e-01 -1.682121e+01
8.499645e-01 -5.248020e-01 -4.629459e-02 4.299484e+02 5.243663e-01 8.512065e-01 -2.207890e-02 1.220936e+02 5.099331e-02 -5.509038e-03 9.986838e-01 -1.682628e+01
8.497871e-01 -5.250134e-01 -4.714658e-02 4.298990e+02 5.245196e-01 8.510796e-01 -2.329457e-02 1.220736e+02 5.235546e-02 -4.933881e-03 9.986163e-01 -1.680712e+01
8.495423e-01 -5.255638e-01 -4.539428e-02 4.298191e+02 5.250910e-01 8.507420e-01 -2.274158e-02 1.220554e+02 5.057098e-02 -4.516197e-03 9.987103e-01 -1.682966e+01
8.496176e-01 -5.250415e-01 -4.981346e-02 4.298092e+02 5.245810e-01 8.510510e-01 -2.296159e-02 1.220534e+02 5.444957e-02 -6.622617e-03 9.984946e-01 -1.681423e+01
8.496068e-01 -5.252062e-01 -4.823629e-02 4.297650e+02 5.247651e-01 8.509519e-01 -2.241357e-02 1.220412e+02 5.281851e-02 -6.270007e-03 9.985844e-01 -1.681923e+01
8.498205e-01 -5.248440e-01 -4.841447e-02 4.297583e+02 5.244191e-01 8.511729e-01 -2.211804e-02 1.220445e+02 5.281760e-02 -6.593114e-03 9.985824e-01 -1.681147e+01
8.498750e-01 -5.247084e-01 -4.892510e-02 4.297466e+02 5.242722e-01 8.512563e-01 -2.239037e-02 1.220472e+02 5.339621e-02 -6.621050e-03 9.985514e-01 -1.681077e+01
8.497898e-01 -5.248565e-01 -4.881535e-02 4.296794e+02 5.244234e-01 8.511649e-01 -2.232365e-02 1.220195e+02 5.326663e-02 -6.629504e-03 9.985583e-01 -1.682104e+01
8.502285e-01 -5.242735e-01 -4.742064e-02 4.297003e+02 5.238264e-01 8.515304e-01 -2.240842e-02 1.220393e+02 5.212825e-02 -5.787901e-03 9.986236e-01 -1.681639e+01
8.506575e-01 -5.235468e-01 -4.775591e-02 4.296851e+02 5.230943e-01 8.519770e-01 -2.252802e-02 1.220357e+02 5.248141e-02 -5.817217e-03 9.986050e-01 -1.681902e+01
8.508000e-01 -5.233721e-01 -4.712813e-02 4.296955e+02 5.229055e-01 8.520876e-01 -2.272380e-02 1.220456e+02 5.205030e-02 -5.310153e-03 9.986303e-01 -1.681850e+01
8.508325e-01 -5.229884e-01 -5.066798e-02 4.296654e+02 5.225257e-01 8.523121e-01 -2.304124e-02 1.220299e+02 5.523523e-02 -6.871090e-03 9.984497e-01 -1.681855e+01
8.510462e-01 -5.228611e-01 -4.833756e-02 4.296009e+02 5.224400e-01 8.523927e-01 -2.198103e-02 1.220023e+02 5.269561e-02 -6.546598e-03 9.985892e-01 -1.682176e+01
8.513158e-01 -5.223029e-01 -4.960963e-02 4.295945e+02 5.218877e-01 8.527302e-01 -2.201595e-02 1.219887e+02 5.380261e-02 -7.148126e-03 9.985260e-01 -1.682285e+01
8.514987e-01 -5.219872e-01 -4.979309e-02 4.295856e+02 5.216074e-01 8.529179e-01 -2.137178e-02 1.219792e+02 5.362521e-02 -7.774401e-03 9.985309e-01 -1.681460e+01
8.515270e-01 -5.221971e-01 -4.703029e-02 4.295346e+02 5.217932e-01 8.528019e-01 -2.146745e-02 1.219485e+02 5.131776e-02 -6.259971e-03 9.986628e-01 -1.681391e+01
8.516242e-01 -5.220267e-01 -4.716307e-02 4.294768e+02 5.216591e-01 8.529011e-01 -2.077237e-02 1.219153e+02 5.106916e-02 -6.912793e-03 9.986712e-01 -1.684340e+01
8.519702e-01 -5.212836e-01 -4.909435e-02 4.294063e+02 5.209452e-01 8.533448e-01 -2.046744e-02 1.218587e+02 5.256375e-02 -8.137821e-03 9.985844e-01 -1.682166e+01
8.518494e-01 -5.215395e-01 -4.846764e-02 4.293625e+02 5.211216e-01 8.532014e-01 -2.189663e-02 1.218352e+02 5.277262e-02 -6.604898e-03 9.985847e-01 -1.683688e+01
8.521239e-01 -5.211838e-01 -4.745892e-02 4.293219e+02 5.208118e-01 8.534163e-01 -2.087310e-02 1.218030e+02 5.138094e-02 -6.930699e-03 9.986551e-01 -1.684984e+01
8.520883e-01 -5.212336e-01 -4.755048e-02 4.293516e+02 5.208149e-01 8.533916e-01 -2.178683e-02 1.218184e+02 5.193521e-02 -6.200697e-03 9.986312e-01 -1.683529e+01
8.520986e-01 -5.213000e-01 -4.662972e-02 4.293757e+02 5.208991e-01 8.533517e-01 -2.133445e-02 1.218303e+02 5.091320e-02 -6.110328e-03 9.986844e-01 -1.683619e+01
8.519103e-01 -5.214661e-01 -4.818773e-02 4.293925e+02 5.210938e-01 8.532413e-01 -2.098564e-02 1.218301e+02 5.205907e-02 -7.232448e-03 9.986178e-01 -1.684071e+01
8.516562e-01 -5.219576e-01 -4.734913e-02 4.293960e+02 5.215873e-01 8.529432e-01 -2.084835e-02 1.218221e+02 5.126807e-02 -6.941082e-03 9.986608e-01 -1.683570e+01
8.507548e-01 -5.235530e-01 -4.591798e-02 4.293705e+02 5.231459e-01 8.519734e-01 -2.143783e-02 1.218123e+02 5.034474e-02 -5.783468e-03 9.987152e-01 -1.683939e+01
8.505806e-01 -5.238981e-01 -4.520428e-02 4.293202e+02 5.234566e-01 8.517667e-01 -2.205412e-02 1.217765e+02 5.005762e-02 -4.903673e-03 9.987343e-01 -1.682737e+01
8.502034e-01 -5.243616e-01 -4.689466e-02 4.292695e+02 5.239238e-01 8.514764e-01 -2.217192e-02 1.217478e+02 5.155580e-02 -5.718591e-03 9.986538e-01 -1.682059e+01
8.500203e-01 -5.245404e-01 -4.819763e-02 4.292849e+02 5.241327e-01 8.513588e-01 -2.175595e-02 1.217644e+02 5.244535e-02 -6.768951e-03 9.986008e-01 -1.683265e+01
8.501865e-01 -5.243366e-01 -4.747699e-02 4.292875e+02 5.238726e-01 8.514932e-01 -2.273756e-02 1.217651e+02 5.234846e-02 -5.540733e-03 9.986135e-01 -1.682593e+01
8.502112e-01 -5.242624e-01 -4.785260e-02 4.292394e+02 5.237888e-01 8.515388e-01 -2.295879e-02 1.217431e+02 5.278477e-02 -5.544838e-03 9.985905e-01 -1.683030e+01
8.505197e-01 -5.239488e-01 -4.575821e-02 4.292035e+02 5.234370e-01 8.517404e-01 -2.349333e-02 1.217324e+02 5.128343e-02 -3.969995e-03 9.986762e-01 -1.683596e+01
8.510569e-01 -5.231363e-01 -4.506130e-02 4.291977e+02 5.226566e-01 8.522388e-01 -2.278075e-02 1.217304e+02 5.032042e-02 -4.163871e-03 9.987245e-01 -1.684891e+01
8.509554e-01 -5.232804e-01 -4.530475e-02 4.292134e+02 5.228093e-01 8.521490e-01 -2.263717e-02 1.217522e+02 5.045199e-02 -4.422519e-03 9.987167e-01 -1.684574e+01
8.507938e-01 -5.235822e-01 -4.484930e-02 4.292347e+02 5.230925e-01 8.519661e-01 -2.297648e-02 1.217642e+02 5.024016e-02 -3.912078e-03 9.987295e-01 -1.684256e+01
8.509827e-01 -5.234631e-01 -4.260024e-02 4.292212e+02 5.229737e-01 8.520436e-01 -2.281059e-02 1.217651e+02 4.823776e-02 -2.867387e-03 9.988317e-01 -1.684554e+01
8.504044e-01 -5.241686e-01 -4.538280e-02 4.292576e+02 5.237250e-01 8.516002e-01 -2.212083e-02 1.217997e+02 5.024304e-02 -4.956461e-03 9.987247e-01 -1.686012e+01
8.506887e-01 -5.238155e-01 -4.411437e-02 4.292566e+02 5.233636e-01 8.518213e-01 -2.216003e-02 1.218002e+02 4.918532e-02 -4.236568e-03 9.987807e-01 -1.684993e+01
8.504930e-01 -5.240497e-01 -4.509608e-02 4.292645e+02 5.235856e-01 8.516760e-01 -2.249823e-02 1.218139e+02 5.019744e-02 -4.477073e-03 9.987293e-01 -1.685772e+01
8.508407e-01 -5.233146e-01 -4.703060e-02 4.292831e+02 5.228310e-01 8.521250e-01 -2.304039e-02 1.218313e+02 5.213332e-02 -4.985345e-03 9.986277e-01 -1.684217e+01
8.509386e-01 -5.231354e-01 -4.725403e-02 4.293047e+02 5.226825e-01 8.522311e-01 -2.246608e-02 1.218549e+02 5.202417e-02 -5.581603e-03 9.986302e-01 -1.684269e+01
8.511536e-01 -5.226902e-01 -4.829591e-02 4.293319e+02 5.222337e-01 8.525020e-01 -2.263982e-02 1.218683e+02 5.300597e-02 -5.951780e-03 9.985765e-01 -1.684162e+01
8.514156e-01 -5.222780e-01 -4.813715e-02 4.293825e+02 5.218647e-01 8.527501e-01 -2.178735e-02 1.218900e+02 5.242800e-02 -6.570992e-03 9.986031e-01 -1.682971e+01
8.507223e-01 -5.234887e-01 -4.723520e-02 4.293964e+02 5.230170e-01 8.520163e-01 -2.283699e-02 1.219045e+02 5.220007e-02 -5.276879e-03 9.986227e-01 -1.683518e+01
8.508295e-01 -5.234850e-01 -4.530526e-02 4.294345e+02 5.229980e-01 8.520247e-01 -2.295436e-02 1.219270e+02 5.061746e-02 -4.164315e-03 9.987094e-01 -1.683696e+01
8.501638e-01 -5.246970e-01 -4.375500e-02 4.294336e+02 5.239323e-01 8.512883e-01 -2.834299e-02 1.219270e+02 5.211960e-02 1.171526e-03 9.986402e-01 -1.672099e+01
8.503066e-01 -5.246400e-01 -4.161135e-02 4.294107e+02 5.238841e-01 8.513215e-01 -2.823881e-02 1.219152e+02 5.023984e-02 2.212117e-03 9.987347e-01 -1.671782e+01
8.501516e-01 -5.248375e-01 -4.228206e-02 4.293936e+02 5.240656e-01 8.511999e-01 -2.853229e-02 1.219062e+02 5.096531e-02 2.098200e-03 9.986982e-01 -1.671234e+01
8.500670e-01 -5.247263e-01 -4.525864e-02 4.293813e+02 5.238624e-01 8.512688e-01 -3.015861e-02 1.219026e+02 5.435228e-02 1.927538e-03 9.985200e-01 -1.669731e+01
8.506716e-01 -5.238602e-01 -4.391172e-02 4.294498e+02 5.230287e-01 8.518013e-01 -2.958608e-02 1.219516e+02 5.290303e-02 2.200951e-03 9.985972e-01 -1.670767e+01
8.506720e-01 -5.239025e-01 -4.339668e-02 4.294585e+02 5.230833e-01 8.517753e-01 -2.937563e-02 1.219633e+02 5.235418e-02 2.288948e-03 9.986259e-01 -1.671947e+01
8.507584e-01 -5.237806e-01 -4.317337e-02 4.295255e+02 5.229332e-01 8.518482e-01 -2.992260e-02 1.220079e+02 5.245005e-02 2.880119e-03 9.986194e-01 -1.672230e+01
8.508918e-01 -5.236668e-01 -4.190648e-02 4.296233e+02 5.228402e-01 8.519167e-01 -2.959286e-02 1.220677e+02 5.119764e-02 3.269924e-03 9.986832e-01 -1.672611e+01
8.510700e-01 -5.234743e-01 -4.067424e-02 4.296729e+02 5.225995e-01 8.520279e-01 -3.063053e-02 1.220981e+02 5.068988e-02 4.812387e-03 9.987028e-01 -1.672549e+01
8.512626e-01 -5.231917e-01 -4.027810e-02 4.297095e+02 5.223784e-01 8.522054e-01 -2.943498e-02 1.221233e+02 4.972535e-02 4.016482e-03 9.987549e-01 -1.672942e+01
8.511778e-01 -5.232689e-01 -4.106159e-02 4.297767e+02 5.224381e-01 8.521589e-01 -2.972430e-02 1.221624e+02 5.054480e-02 3.848523e-03 9.987144e-01 -1.672350e+01
8.514040e-01 -5.229179e-01 -4.084221e-02 4.297884e+02 5.221447e-01 8.523778e-01 -2.858546e-02 1.221660e+02 4.976083e-02 3.012237e-03 9.987566e-01 -1.673281e+01
8.514405e-01 -5.228841e-01 -4.051169e-02 4.297659e+02 5.220699e-01 8.523947e-01 -2.942893e-02 1.221500e+02 4.991988e-02 3.907054e-03 9.987456e-01 -1.673050e+01
8.512999e-01 -5.228534e-01 -4.373561e-02 4.297866e+02 5.219427e-01 8.524151e-01 -3.105912e-02 1.221602e+02 5.352026e-02 3.613144e-03 9.985602e-01 -1.670003e+01
8.517261e-01 -5.223975e-01 -4.078548e-02 4.298268e+02 5.215724e-01 8.526928e-01 -2.961529e-02 1.221770e+02 5.024845e-02 3.951538e-03 9.987289e-01 -1.672601e+01
8.518825e-01 -5.220254e-01 -4.225774e-02 4.298379e+02 5.211163e-01 8.529181e-01 -3.112068e-02 1.221806e+02 5.228819e-02 4.489964e-03 9.986219e-01 -1.670902e+01
8.520013e-01 -5.221314e-01 -3.837289e-02 4.298176e+02 5.212513e-01 8.528411e-01 -3.096969e-02 1.221708e+02 4.889622e-02 6.384300e-03 9.987835e-01 -1.672561e+01
8.523949e-01 -5.212950e-01 -4.091948e-02 4.297960e+02 5.204735e-01 8.533679e-01 -2.950738e-02 1.221553e+02 5.030142e-02 3.854441e-03 9.987267e-01 -1.672613e+01
8.522025e-01 -5.216365e-01 -4.057200e-02 4.297791e+02 5.207959e-01 8.531566e-01 -2.992487e-02 1.221465e+02 5.022418e-02 4.372320e-03 9.987284e-01 -1.672170e+01
8.523020e-01 -5.214650e-01 -4.068840e-02 4.297635e+02 5.206469e-01 8.532636e-01 -2.946201e-02 1.221286e+02 5.008134e-02 3.926240e-03 9.987375e-01 -1.670593e+01
8.527972e-01 -5.206141e-01 -4.120477e-02 4.297786e+02 5.196945e-01 8.537754e-01 -3.139062e-02 1.221235e+02 5.152202e-02 5.355941e-03 9.986575e-01 -1.669349e+01
8.530886e-01 -5.204565e-01 -3.694476e-02 4.297974e+02 5.195741e-01 8.538561e-01 -3.118600e-02 1.221199e+02 4.777647e-02 7.408882e-03 9.988306e-01 -1.670942e+01
8.526551e-01 -5.210987e-01 -3.788799e-02 4.297953e+02 5.202234e-01 8.534707e-01 -3.091297e-02 1.221067e+02 4.844498e-02 6.647878e-03 9.988037e-01 -1.669941e+01
8.523468e-01 -5.213159e-01 -4.164821e-02 4.298533e+02 5.203103e-01 8.533393e-01 -3.300400e-02 1.221238e+02 5.274557e-02 6.460868e-03 9.985871e-01 -1.669271e+01
8.523216e-01 -5.212967e-01 -4.239805e-02 4.299098e+02 5.203694e-01 8.533623e-01 -3.143777e-02 1.221433e+02 5.256931e-02 4.732434e-03 9.986061e-01 -1.671482e+01
8.516490e-01 -5.223103e-01 -4.342689e-02 4.300828e+02 5.215096e-01 8.527530e-01 -2.898164e-02 1.222469e+02 5.216983e-02 2.034647e-03 9.986361e-01 -1.673784e+01
8.511506e-01 -5.229527e-01 -4.542123e-02 4.302785e+02 5.223162e-01 8.523600e-01 -2.585287e-02 1.223686e+02 5.223507e-02 -1.719554e-03 9.986333e-01 -1.680001e+01
8.518640e-01 -5.213606e-01 -5.010911e-02 4.305770e+02 5.208198e-01 8.533196e-01 -2.433729e-02 1.225148e+02 5.544759e-02 -5.365762e-03 9.984472e-01 -1.683630e+01
8.515015e-01 -5.199705e-01 -6.764487e-02 4.309325e+02 5.196813e-01 8.540453e-01 -2.319345e-02 1.226914e+02 6.983169e-02 -1.540452e-02 9.974399e-01 -1.687144e+01
8.541845e-01 -5.160902e-01 -6.340242e-02 4.311065e+02 5.159956e-01 8.563777e-01 -1.912544e-02 1.226974e+02 6.416687e-02 -1.637872e-02 9.978048e-01 -1.690191e+01
8.538387e-01 -5.117511e-01 -9.523851e-02 4.316240e+02 5.123347e-01 8.585509e-01 -2.008793e-02 1.228661e+02 9.204713e-02 -3.164215e-02 9.952518e-01 -1.694645e+01
8.580308e-01 -5.094918e-01 -6.481731e-02 4.323173e+02 5.091994e-01 8.603622e-01 -2.219686e-02 1.231643e+02 6.707548e-02 -1.395935e-02 9.976503e-01 -1.699878e+01
8.591763e-01 -5.080612e-01 -6.074350e-02 4.340240e+02 5.071259e-01 8.613111e-01 -3.108506e-02 1.241713e+02 6.811217e-02 -4.097058e-03 9.976693e-01 -1.699829e+01
8.617699e-01 -5.042893e-01 -5.518220e-02 4.358808e+02 5.030857e-01 8.635317e-01 -3.489687e-02 1.252226e+02 6.524970e-02 2.311692e-03 9.978663e-01 -1.699037e+01
8.633665e-01 -5.018024e-01 -5.284617e-02 4.377639e+02 5.002330e-01 8.649395e-01 -4.057634e-02 1.263005e+02 6.607005e-02 8.596852e-03 9.977779e-01 -1.693287e+01
8.643633e-01 -5.003456e-01 -5.030423e-02 4.395589e+02 4.985318e-01 8.657202e-01 -4.466142e-02 1.273445e+02 6.589554e-02 1.352542e-02 9.977348e-01 -1.690613e+01
8.656797e-01 -4.978535e-01 -5.235087e-02 4.414260e+02 4.955168e-01 8.670564e-01 -5.173171e-02 1.284231e+02 7.114597e-02 1.884235e-02 9.972879e-01 -1.684051e+01
8.657842e-01 -4.978890e-01 -5.024090e-02 4.433978e+02 4.954127e-01 8.669583e-01 -5.430954e-02 1.295317e+02 7.059689e-02 2.213036e-02 9.972594e-01 -1.675392e+01
8.669094e-01 -4.961278e-01 -4.822186e-02 4.453251e+02 4.934616e-01 8.678545e-01 -5.765570e-02 1.306011e+02 7.045415e-02 2.618663e-02 9.971712e-01 -1.667306e+01
8.672829e-01 -4.955443e-01 -4.749949e-02 4.474437e+02 4.927021e-01 8.680989e-01 -6.040749e-02 1.317731e+02 7.116884e-02 2.898728e-02 9.970430e-01 -1.656985e+01
8.660294e-01 -4.979589e-01 -4.505544e-02 4.495817e+02 4.951818e-01 8.666773e-01 -6.054244e-02 1.329953e+02 6.919618e-02 3.012090e-02 9.971482e-01 -1.644249e+01
8.668457e-01 -4.966571e-01 -4.370689e-02 4.519585e+02 4.936247e-01 8.672569e-01 -6.481060e-02 1.343176e+02 7.009374e-02 3.460598e-02 9.969400e-01 -1.633143e+01
8.654964e-01 -4.991776e-01 -4.168529e-02 4.544544e+02 4.959347e-01 8.656247e-01 -6.886634e-02 1.357412e+02 7.046035e-02 3.893039e-02 9.967546e-01 -1.618372e+01
8.647839e-01 -5.001540e-01 -4.466291e-02 4.571471e+02 4.967905e-01 8.651264e-01 -6.895986e-02 1.372744e+02 7.312962e-02 3.744727e-02 9.966192e-01 -1.602598e+01
8.646795e-01 -5.004372e-01 -4.349832e-02 4.598790e+02 4.971625e-01 8.649617e-01 -6.834280e-02 1.388134e+02 7.182566e-02 3.746889e-02 9.967132e-01 -1.586658e+01
8.646585e-01 -5.003521e-01 -4.487053e-02 4.626959e+02 4.972099e-01 8.651307e-01 -6.581421e-02 1.404002e+02 7.174914e-02 3.459676e-02 9.968225e-01 -1.569660e+01
8.644338e-01 -5.006021e-01 -4.638566e-02 4.654749e+02 4.972135e-01 8.649243e-01 -6.844305e-02 1.419551e+02 7.438283e-02 3.610092e-02 9.965761e-01 -1.555235e+01
8.642246e-01 -5.010030e-01 -4.595605e-02 4.682810e+02 4.975908e-01 8.646655e-01 -6.897248e-02 1.435279e+02 7.429202e-02 3.674040e-02 9.965595e-01 -1.538469e+01
8.641635e-01 -5.010433e-01 -4.666017e-02 4.710793e+02 4.977456e-01 8.647240e-01 -6.709347e-02 1.450979e+02 7.396490e-02 3.475483e-02 9.966550e-01 -1.522321e+01
8.639538e-01 -5.016257e-01 -4.422185e-02 4.738504e+02 4.983699e-01 8.643159e-01 -6.771579e-02 1.466850e+02 7.218962e-02 3.646447e-02 9.967241e-01 -1.506036e+01
8.636606e-01 -5.019856e-01 -4.583415e-02 4.765888e+02 4.987713e-01 8.641894e-01 -6.636070e-02 1.482468e+02 7.292151e-02 3.445236e-02 9.967424e-01 -1.490958e+01
8.636570e-01 -5.020531e-01 -4.515819e-02 4.793582e+02 4.986957e-01 8.640552e-01 -6.863809e-02 1.498102e+02 7.347913e-02 3.675957e-02 9.966190e-01 -1.474209e+01
8.634719e-01 -5.023355e-01 -4.555547e-02 4.821168e+02 4.990329e-01 8.639345e-01 -6.769872e-02 1.513580e+02 7.336441e-02 3.572226e-02 9.966652e-01 -1.458201e+01
8.639706e-01 -5.016122e-01 -4.404462e-02 4.848871e+02 4.983711e-01 8.643242e-01 -6.760220e-02 1.529250e+02 7.197891e-02 3.645575e-02 9.967397e-01 -1.441229e+01
8.641102e-01 -5.015096e-01 -4.244651e-02 4.876299e+02 4.983007e-01 8.643349e-01 -6.798150e-02 1.544847e+02 7.078138e-02 3.759237e-02 9.967833e-01 -1.426493e+01
8.643371e-01 -5.011733e-01 -4.179343e-02 4.899195e+02 4.981690e-01 8.646098e-01 -6.540219e-02 1.558092e+02 6.891285e-02 3.570936e-02 9.969834e-01 -1.414902e+01