1.0 0.0 0.0 0.0 0.0 1.0 0.0 0.0 0.0 0.0 1.0 0.0
0.9999815 0.003844848 -0.004713709 0.3542467 -0.00384189 0.9999925 0.0006364525 0.006050655 0.00471612 -0.0006183312 0.9999887 -0.02064154
0.9999892 0.004635717 -0.0003426712 0.5179455 -0.004634763 0.9999856 0.00273422 -0.0004030445 0.0003553413 -0.002732602 0.9999962 -0.01949488
0.9999865 0.004840878 -0.001873446 0.1922893 -0.004833729 0.999981 0.003801757 -0.0001031729 0.001891814 -0.003792651 0.999991 -0.02937802
0.99999 0.004478102 -2.820311e-06 0.1476029 -0.004478091 0.9999888 0.00157329 0.0009809735 9.865629e-06 -0.001573261 0.9999987 -0.03408683
0.9999877 0.004956713 -0.0003378834 0.04509004 -0.004957107 0.9999869 -0.001175569 -0.0123056 0.000332052 0.00117723 0.9999992 -0.01287138
0.9999769 0.006042527 -0.003120518 0.4261781 -0.006053583 0.9999753 -0.003545948 -0.01402164 0.003099015 0.003564756 0.9999889 -0.03223167
0.9999769 0.006766438 0.000567684 0.5089512 -0.006764239 0.9999698 -0.00378987 -0.02007851 -0.0005933108 0.003785942 0.9999927 -0.02420533
0.9999806 0.006010752 -0.001621632 0.3690065 -0.006010687 0.999982 4.497581e-05 -0.02276372 0.001621873 -3.522781e-05 0.9999987 -0.02175674
0.99998 0.006229644 -0.001036194 0.3650993 -0.006227076 0.9999777 0.002463711 -0.03166938 0.001051519 -0.002457209 0.9999964 -0.03136779
0.9999717 0.006136056 -0.004362036 0.1667157 -0.006129568 0.9999802 0.001499101 -0.043286 0.004371148 -0.001472321 0.9999894 -0.00217245
0.9999811 0.005843597 -0.001910534 0.2171349 -0.005841953 0.9999825 0.0008648592 -0.04026842 0.001915555 -0.0008536816 0.9999978 -0.03113503
0.9999793 0.006399265 -0.0006809006 0.1705663 -0.006399279 0.9999795 -1.765729e-05 -0.05452421 0.0006807737 2.20142e-05 0.9999998 -0.0220217
0.999975 0.007057639 -0.0004610042 0.2243998 -0.007057262 0.9999748 0.0008138922 -0.07247086 0.0004667367 -0.0008106183 0.9999996 -0.02677164
0.9999723 0.007062295 0.002347573 0.3626035 -0.00706755 0.9999725 0.002238111 -0.08086897 -0.002331703 -0.002254641 0.9999948 -0.03725832
0.9999731 0.007280592 -0.0008962356 0.3618654 -0.007278125 0.9999698 0.002725913 -0.08669645 0.0009160549 -0.002719317 0.9999959 -0.02504063
0.9999741 0.007166918 -0.0006457726 0.2807438 -0.007165131 0.9999707 0.002728133 -0.1039491 0.0006653059 -0.002723436 0.9999961 -0.02904505
0.9999737 0.007163533 0.001158167 0.2775974 -0.007167003 0.9999697 0.003019938 -0.1110104 -0.001136498 -0.003028159 0.9999948 -0.03325652
0.9999743 0.007168722 -2.939246e-05 0.5180655 -0.007168597 0.9999695 0.003087618 -0.1255002 5.152584e-05 -0.003087328 0.9999952 -0.04598994
0.999974 0.007202435 -0.0002387227 0.6142526 -0.007201841 0.9999712 0.002401137 -0.1452892 0.0002560099 -0.002399356 0.9999971 -0.04699183
0.9999807 0.00567346 0.002526143 1.054756 -0.005675176 0.9999837 0.0006722868 -0.1479635 -0.002522288 -0.0006866102 0.9999966 -0.05315452
0.9999799 0.005271749 0.003523784 1.448849 -0.00526821 0.9999857 -0.001012798 -0.1588391 -0.003529072 0.0009942134 0.9999933 -0.05643544
0.9999781 0.005420343 0.003799958 1.860989 -0.005421557 0.9999853 0.0003091861 -0.1812712 -0.003798226 -0.000329781 0.9999927 -0.06659575
0.9999764 0.005357366 0.004300284 2.219103 -0.005365181 0.9999839 0.001808013 -0.1946999 -0.004290529 -0.001831042 0.9999891 -0.07578927
0.999973 0.003415303 0.006508924 2.929507 -0.003435982 0.9999889 0.003168478 -0.2263729 -0.006498031 -0.003190757 0.9999738 -0.07833101
0.9999785 0.004186751 0.005035246 3.4857 -0.004202553 0.9999862 0.003131713 -0.2164937 -0.005022065 -0.003152806 0.9999824 -0.1001847
0.9999579 0.003195669 0.008596181 4.585242 -0.003208921 0.9999938 0.001528227 -0.2554765 -0.008591243 -0.001555747 0.9999619 -0.1358638
0.999978 0.003628778 0.005553174 5.431437 -0.003627173 0.9999934 -0.0002990398 -0.2615238 -0.005554223 0.0002788908 0.9999846 -0.1477315
0.999977 0.003046639 0.006063623 5.813343 -0.003043051 0.9999952 -0.0006009226 -0.2604923 -0.006065425 0.0005824568 0.9999815 -0.1538445
0.9999827 0.002807788 0.005178225 6.500495 -0.002800947 0.9999954 -0.001327971 -0.2639974 -0.005181929 0.001313444 0.9999857 -0.1597722
0.9999454 0.002580451 0.01012858 7.49339 -0.002568246 0.9999959 -0.001217876 -0.2881388 -0.01013168 0.001191797 0.999948 -0.1816435
0.9999497 0.001659661 0.009890191 8.517413 -0.001664287 0.9999986 0.0004595035 -0.2938241 -0.009889415 -0.0004759405 0.999951 -0.179314
0.9999564 0.001243957 0.009258646 9.991334 -0.001255237 0.9999985 0.001212696 -0.31554 -0.009257124 -0.001224265 0.9999564 -0.2188035
0.9999511 0.0008114902 0.009862151 11.44998 -0.000837184 0.9999962 0.002601448 -0.3279495 -0.009860003 -0.002609577 0.999948 -0.2369225
0.9999765 -0.0001917091 0.006860961 13.29202 0.0001748958 0.999997 0.002451087 -0.3373621 -0.00686141 -0.002449829 0.9999735 -0.2892424
0.9999706 -0.0008960772 0.007613197 15.55711 0.000878009 0.9999968 0.002376294 -0.3592632 -0.007615301 -0.002369539 0.9999682 -0.3470592
0.9999789 -0.001517316 0.006315209 18.02408 0.00150671 0.9999975 0.001683907 -0.3858534 -0.006317748 -0.001674357 0.9999787 -0.3742211
0.999974 -0.001422432 0.007069394 20.3907 0.00140834 0.9999971 0.001998004 -0.415011 -0.007072215 -0.001987996 0.999973 -0.4355331
0.9999813 -0.001777473 0.005847433 22.75656 0.001762617 0.9999952 0.0025448 -0.4308897 -0.005851928 -0.002534446 0.9999797 -0.4585057
0.9999835 -0.001921194 0.005399961 25.08343 0.001904908 0.9999936 0.003019584 -0.4450086 -0.005405727 -0.003009248 0.9999809 -0.5195358
0.9999827 -0.001846475 0.005582869 27.42439 0.001826087 0.9999918 0.003654807 -0.4680181 -0.005589571 -0.003644549 0.9999777 -0.5759718
0.9999919 -0.001673503 0.003664782 29.76346 0.001662506 0.999994 0.003001753 -0.487829 -0.003669784 -0.002995636 0.9999888 -0.6061165
0.9999956 -0.001866806 0.002314793 32.09924 0.001863835 0.9999974 0.001285336 -0.5086017 -0.002317187 -0.001281016 0.9999965 -0.6556485
0.9999971 -0.002386928 -1.786665e-05 34.4271 0.002386928 0.9999971 8.528621e-06 -0.5243941 1.784624e-05 -8.571244e-06 1.0 -0.6970065
0.9999954 -0.003035935 -0.000242758 36.72261 0.003035967 0.9999955 0.0001343742 -0.5417656 0.0002423489 -0.0001351105 0.9999999 -0.7307479
0.999993 -0.003656597 -0.0007516662 39.0253 0.003655258 0.9999917 -0.001774675 -0.5531613 0.0007581493 0.001771915 0.9999982 -0.7802878
0.9999896 -0.004513013 -0.0006634677 41.3281 0.004511361 0.9999869 -0.002470642 -0.5697855 0.000674609 0.002467623 0.9999967 -0.8176669
0.9999855 -0.004946967 -0.002146272 43.63152 0.004940968 0.9999839 -0.002791107 -0.5759944 0.002160045 0.002780462 0.9999938 -0.8345938
0.999983 -0.005185611 -0.002672362 45.9037 0.005186331 0.9999864 0.0002625305 -0.587606 0.002670964 -0.0002763858 0.9999964 -0.8938043
0.9999861 -0.004516801 -0.002730773 48.19099 0.004519343 0.9999894 0.0009252427 -0.6034012 0.002726565 -0.0009375711 0.9999958 -0.919333
0.9999745 -0.004686209 -0.005395901 50.47129 0.004694435 0.9999878 0.001512724 -0.6166832 0.005388747 -0.001538016 0.9999843 -0.9721544
0.9999666 -0.004550841 -0.006790045 52.73735 0.004555911 0.9999894 0.0007313844 -0.6180988 0.006786644 -0.0007622948 0.9999767 -1.018556
0.9999604 -0.004219395 -0.007837789 54.99382 0.004242907 0.9999865 0.002985634 -0.6270828 0.007825086 -0.003018771 0.9999648 -1.04485
0.9999683 -0.003801631 -0.006989509 57.25238 0.003832636 0.9999828 0.004427925 -0.653403 0.006972556 -0.004454573 0.9999658 -1.110318
0.9999639 -0.003905597 -0.007542099 59.5177 0.003930891 0.9999866 0.003341818 -0.6667355 0.007528947 -0.003371345 0.999966 -1.145089
0.9999617 -0.003649296 -0.007957364 61.77676 0.003657635 0.9999927 0.001033686 -0.6789672 0.007953534 -0.001062751 0.9999678 -1.192143
0.9999578 -0.00372774 -0.008394945 64.03496 0.003730298 0.9999931 0.0002889731 -0.6917115 0.008393809 -0.0003202766 0.9999647 -1.221954
0.999956 -0.00384417 -0.008559465 66.28233 0.003852345 0.999992 0.0009388918 -0.7044458 0.008555789 -0.0009718246 0.9999629 -1.271649
0.9999427 -0.004473509 -0.009729568 68.53005 0.004487026 0.9999889 0.00136794 -0.7175024 0.009723341 -0.001411518 0.9999517 -1.311206
0.9999409 -0.005430357 -0.009417584 70.77674 0.005436872 0.999985 0.0006663326 -0.7321389 0.009413825 -0.0007174954 0.9999554 -1.343905
0.999931 -0.006880395 -0.00951666 73.00973 0.006877338 0.9999764 -0.0003539045 -0.7389181 0.009518869 0.0002884309 0.9999546 -1.383071
0.9999227 -0.008298617 -0.009257466 75.25024 0.008291414 0.9999654 -0.0008161277 -0.7462145 0.009263918 0.0007393071 0.9999568 -1.413384
0.9998925 -0.01016962 -0.01056788 77.49944 0.01016137 0.9999481 -0.0008346405 -0.7432899 0.01057582 0.0007271666 0.9999438 -1.457456
0.9998668 -0.01162002 -0.01145551 79.7206 0.01160659 0.9999319 -0.001238585 -0.7405475 0.01146912 0.001105461 0.9999336 -1.480309
0.9998277 -0.01308169 -0.01316791 81.9583 0.01308419 0.9999143 0.0001037124 -0.7311296 0.01316543 -0.000275986 0.9999133 -1.528029
0.9997883 -0.01438888 -0.01470423 84.19429 0.01437433 0.999896 -0.001095146 -0.7181174 0.01471846 0.0008835504 0.9998913 -1.565634
0.9997561 -0.01467109 -0.01650809 86.41545 0.01466129 0.9998922 -0.0007142846 -0.7100232 0.01651679 0.0004720805 0.9998635 -1.596448
0.999696 -0.01563054 -0.01906601 88.64941 0.01562403 0.9998778 -0.0004899447 -0.6957526 0.01907134 0.0001919078 0.9998181 -1.63694
0.9996994 -0.01617225 -0.01842992 90.87223 0.01615405 0.9998689 -0.001135483 -0.6846281 0.01844587 0.0008374234 0.9998295 -1.669949
0.9996394 -0.01711002 -0.02069578 93.08727 0.01707338 0.9998523 -0.001945548 -0.6677299 0.02072601 0.001591499 0.9997839 -1.700155
0.9996479 -0.01764075 -0.01982283 95.31144 0.01759806 0.9998424 -0.002325844 -0.6462417 0.01986073 0.001976182 0.9998008 -1.747654
0.999556 -0.01913236 -0.02284257 97.53343 0.01907738 0.9998144 -0.002622172 -0.6198798 0.0228885 0.002185231 0.9997357 -1.762382
0.9995661 -0.01973185 -0.02187164 99.76335 0.01967718 0.9998027 -0.002712166 -0.5993692 0.02192084 0.002280617 0.9997571 -1.813565
0.9995169 -0.0212393 -0.02269058 101.9764 0.02118118 0.9997717 -0.002798522 -0.5764532 0.02274484 0.002316557 0.9997386 -1.826865
0.9994899 -0.02251725 -0.0226486 104.2125 0.02246229 0.9997441 -0.00267791 -0.545773 0.02270311 0.002167805 0.9997399 -1.870249
0.9994207 -0.02396476 -0.02416567 106.4156 0.02387954 0.9997076 -0.003808928 -0.5186581 0.02424988 0.003229657 0.9997007 -1.888231
0.9993656 -0.02574063 -0.02461104 108.6265 0.02566065 0.9996643 -0.003560243 -0.4794597 0.02469442 0.002926449 0.9996908 -1.913352
0.9992944 -0.02766689 -0.02540061 110.8426 0.02761245 0.9996157 -0.002491663 -0.4348253 0.02545979 0.001788532 0.9996743 -1.955242
0.9992087 -0.02950097 -0.02667672 113.0429 0.02942475 0.9995618 -0.003245273 -0.3924704 0.02676077 0.00245775 0.9996389 -1.987986
0.9991252 -0.03053715 -0.02857043 115.244 0.03047294 0.999532 -0.002680332 -0.3399661 0.02863891 0.001807362 0.9995882 -2.020503
0.9990276 -0.03153195 -0.03081522 117.4554 0.03138123 0.9994931 -0.00536265 -0.2967443 0.0309687 0.004390416 0.9995107 -2.0376
0.9989489 -0.03239593 -0.03242747 119.6622 0.0322346 0.9994652 -0.005485797 -0.2420911 0.03258785 0.004434745 0.999459 -2.080448
0.9989582 -0.0334843 -0.03100611 121.8552 0.03326186 0.9994174 -0.007662467 -0.193675 0.03124462 0.006623163 0.9994898 -2.087224
0.998934 -0.03453492 -0.0306314 124.0424 0.03441501 0.9993978 -0.004433508 -0.1366382 0.03076606 0.003374602 0.9995209 -2.11456
0.9989052 -0.03571714 -0.03021058 126.2178 0.03568869 0.9993619 -0.001480458 -0.08399618 0.03024417 0.0004006612 0.9995425 -2.149657
0.9988559 -0.03646603 -0.03093762 128.3893 0.03650163 0.9993334 0.0005864571 -0.02759233 0.03089561 -0.00171506 0.9995211 -2.168663
0.998825 -0.03792607 -0.0301693 130.5782 0.03786594 0.9992795 -0.002562095 0.03141645 0.03024474 0.001416696 0.9995415 -2.22609
0.9988387 -0.0388388 -0.02851027 132.7552 0.03873844 0.9992412 -0.004064258 0.1024612 0.02864649 0.002955095 0.9995852 -2.243232
0.9986299 -0.04045957 -0.033185 134.9263 0.04029713 0.9991724 -0.005549774 0.1743602 0.03338208 0.004204911 0.9994338 -2.283485
0.9985893 -0.04145856 -0.03317364 137.0865 0.0413634 0.9991379 -0.003549916 0.2480894 0.03329222 0.002172734 0.9994433 -2.306466
0.9983717 -0.04349157 -0.03691152 139.269 0.04335069 0.9990494 -0.004608836 0.3171839 0.03707688 0.003001192 0.9993079 -2.302194
0.9983724 -0.04572513 -0.03408357 141.423 0.04559118 0.9989492 -0.004697302 0.397916 0.03426254 0.003135747 0.9994079 -2.358348
0.9981981 -0.04871082 -0.03504034 143.6062 0.04859039 0.9988096 -0.004280833 0.4813466 0.03520715 0.002570495 0.9993767 -2.371111
0.9980579 -0.05100128 -0.03576685 145.727 0.05091661 0.9986976 -0.003274858 0.5648199 0.03588729 0.001447372 0.9993548 -2.404289
0.9978305 -0.05311896 -0.03889319 147.8976 0.0530657 0.9985881 -0.002401205 0.6616907 0.03896583 0.0003321015 0.9992405 -2.439759
0.9977239 -0.0552217 -0.03869709 150.051 0.05513078 0.9984732 -0.003413578 0.7581828 0.03882651 0.001272408 0.9992452 -2.458182
0.9975333 -0.05771647 -0.03995181 152.2133 0.05758931 0.9983311 -0.004327604 0.8632792 0.0401349 0.002016132 0.9991922 -2.498653
0.9974048 -0.0605031 -0.03902547 154.3684 0.0603428 0.9981637 -0.005273629 0.9705155 0.03927288 0.002905037 0.9992243 -2.520722
0.9971645 -0.06319228 -0.04086176 156.5343 0.06307365 0.998 -0.004187083 1.08832 0.04104463 0.00159791 0.9991561 -2.542158
0.9969985 -0.06547059 -0.04132337 158.6824 0.06537749 0.997854 -0.003601701 1.206734 0.04147049 0.0008892727 0.9991393 -2.569652
0.9968032 -0.06792622 -0.04206382 160.8355 0.06779566 0.9976889 -0.004524265 1.327641 0.04227393 0.001658058 0.9991047 -2.567651
0.9966572 -0.07086909 -0.04064498 163.004 0.07072058 0.9974834 -0.005081857 1.463442 0.04090283 0.002190433 0.9991607 -2.611186
0.9965848 -0.07272091 -0.03911993 165.1637 0.07258049 0.9973501 -0.004999427 1.587199 0.03937983 0.002143009 0.999222 -2.607617
0.9963319 -0.07546379 -0.04034872 167.3436 0.07537846 0.9971483 -0.003634426 1.737911 0.04050793 0.0005796695 0.9991791 -2.64249
0.9961902 -0.07745695 -0.04006783 169.5098 0.07741357 0.9969957 -0.002635155 1.88452 0.04015156 -0.0004766784 0.9991935 -2.68819
0.9960436 -0.07848135 -0.04168867 171.664 0.07847876 0.9969143 -0.001701417 2.036438 0.04169357 -0.001576989 0.9991292 -2.699928
0.9958796 -0.07984887 -0.04298808 173.856 0.07972375 0.9968063 -0.00462002 2.192326 0.04321969 0.001173813 0.9990649 -2.742367
0.9957505 -0.08113591 -0.04356579 176.0309 0.08096308 0.9967006 -0.005719753 2.3437 0.04388613 0.002168226 0.9990342 -2.74075
0.9955494 -0.08209769 -0.04627502 178.2085 0.08199424 0.9966242 -0.004132437 2.514492 0.04645807 0.0003197595 0.9989202 -2.78744
0.9954838 -0.08278127 -0.04646776 180.4094 0.08245346 0.996555 -0.00893084 2.668223 0.04704698 0.005059078 0.9988798 -2.80443
0.9954852 -0.08358093 -0.04498153 182.596 0.08306248 0.996456 -0.01327726 2.828945 0.04593183 0.009481043 0.9988996 -2.74844
0.9951168 -0.08590911 -0.04860276 184.8006 0.08540926 0.9962704 -0.01227308 3.027131 0.04947586 0.008062018 0.9987428 -2.822659
0.9951792 -0.08659706 -0.04603674 186.9987 0.08669678 0.9962347 0.0001699603 3.186444 0.04584868 -0.004160378 0.9989398 -2.835413
0.9948857 -0.0864918 -0.05216861 189.2033 0.08672082 0.9962305 0.00213817 3.327204 0.05178702 -0.006651339 0.998636 -2.759791
0.9948976 -0.08844987 -0.04853215 191.4236 0.08835192 0.9960806 -0.004163955 3.523401 0.04871023 -0.0001451985 0.9988129 -2.901598
0.9947942 -0.08997481 -0.04784338 193.6341 0.08986759 0.995944 -0.004391553 3.691122 0.04804445 6.912276e-05 0.9988452 -2.889574
0.9946089 -0.09119907 -0.04935428 195.8508 0.09124058 0.9958278 -0.001415888 3.884982 0.04927749 -0.003094858 0.9987803 -2.897081
0.9942413 -0.09323908 -0.05282773 198.0912 0.09336641 0.9956319 -5.794177e-05 4.08277 0.05260237 -0.004874727 0.9986036 -2.944849
0.9941216 -0.09446477 -0.05290328 200.3406 0.09461638 0.9955138 0.0003630132 4.266059 0.05263165 -0.005366396 0.9985996 -2.935161
0.9938662 -0.09635822 -0.05426875 202.5934 0.09631713 0.995345 -0.003378126 4.461046 0.05434164 -0.001869605 0.9985207 -2.968057
0.9938106 -0.09893601 -0.05051894 204.8759 0.09884932 0.9950933 -0.004217853 4.669855 0.05068836 -0.0008020155 0.9987142 -2.985063
0.9934806 -0.1013129 -0.05226963 207.1497 0.1012671 0.9948529 -0.00352929 4.879282 0.05235815 -0.001786915 0.9986268 -2.983448
0.9932517 -0.1040019 -0.05132836 209.4433 0.103933 0.9945762 -0.004015396 5.096244 0.05146758 -0.001346413 0.9986737 -3.022476
0.9929086 -0.1068257 -0.05216113 211.7405 0.1067826 0.9942759 -0.003619927 5.316742 0.05224925 -0.001975646 0.9986321 -3.014749
0.9926255 -0.1097979 -0.05137078 214.0536 0.1096348 0.9939539 -0.005990016 5.544743 0.05171788 0.000313818 0.9986617 -3.047283
0.992368 -0.1126968 -0.05005117 216.3655 0.1125596 0.9936293 -0.005559763 5.773729 0.05035888 -0.0001164079 0.9987312 -3.063182
0.9920024 -0.1158331 -0.0501386 218.6837 0.1156499 0.9932683 -0.006548082 6.022847 0.05055957 0.000697186 0.9987208 -3.059961
0.9918057 -0.1184116 -0.04796003 221.0326 0.1182417 0.9929644 -0.00637508 6.272159 0.04837749 0.0006519647 0.9988289 -3.072726
0.9913945 -0.1214957 -0.04874061 223.3686 0.1212642 0.9925905 -0.007690132 6.530694 0.04931378 0.001713465 0.9987819 -3.075474
0.9911352 -0.1244543 -0.04649782 225.7207 0.1242087 0.9922228 -0.008146079 6.796225 0.04715001 0.002298434 0.9988852 -3.123959
0.9907354 -0.127888 -0.04569627 228.0978 0.1276848 0.9917874 -0.007349364 7.074084 0.04626089 0.001446554 0.9989284 -3.09269
0.990237 -0.1315886 -0.04599001 230.4607 0.1313862 0.9913036 -0.007409248 7.365383 0.04656503 0.001294458 0.9989144 -3.110643
0.9898216 -0.1353205 -0.04406327 232.8696 0.1350729 0.9907986 -0.008563569 7.667075 0.04481665 0.002524653 0.998992 -3.112841
0.9893786 -0.1388136 -0.04313697 235.2674 0.1385578 0.9903145 -0.008878566 7.976412 0.04395163 0.002807298 0.9990297 -3.125104
0.9889956 -0.1420701 -0.04127748 237.6689 0.1418068 0.9898511 -0.009254914 8.291282 0.0421734 0.003299643 0.9991049 -3.142868
0.9885651 -0.1452385 -0.04055695 240.0835 0.1449753 0.989391 -0.009374654 8.611469 0.04148823 0.003387701 0.9991332 -3.126094
0.9881405 -0.1482248 -0.0400959 242.4962 0.1479867 0.9889497 -0.008858241 8.948951 0.04096584 0.002819526 0.9991566 -3.146027
0.987696 -0.1514539 -0.03896593 244.9379 0.1511903 0.9884576 -0.009642049 9.287072 0.03997649 0.003632142 0.999194 -3.145419
0.987362 -0.1541778 -0.03668215 247.3918 0.1539301 0.9880363 -0.00949989 9.638586 0.03770796 0.003733342 0.9992818 -3.14351
0.9869599 -0.1573681 -0.03384446 249.8481 0.1570468 0.9875187 -0.01196859 9.989888 0.03530551 0.006497357 0.9993554 -3.129402
0.9865723 -0.1606247 -0.02957887 252.3066 0.160326 0.9869884 -0.01222449 10.36678 0.03115756 0.00731808 0.9994877 -3.148377
0.9862471 -0.1630071 -0.02730242 254.786 0.1626853 0.9865838 -0.01363545 10.73733 0.0291588 0.009006223 0.9995342 -3.142206
0.9859669 -0.1652015 -0.0240373 257.2582 0.1649102 0.986214 -0.01364841 11.11542 0.02596066 0.009492888 0.9996179 -3.141013
0.98555 -0.1677462 -0.02350145 259.762 0.1674742 0.9857893 -0.01311435 11.51386 0.02536736 0.008988958 0.9996378 -3.11983
0.9851865 -0.1700733 -0.02197193 262.2578 0.169832 0.9853946 -0.01243027 11.91304 0.02376508 0.008514599 0.9996813 -3.143206
0.9846978 -0.1728539 -0.02217655 264.7737 0.1726178 0.9849138 -0.01216622 12.32672 0.02394497 0.008151985 0.99968 -3.145378
0.9842716 -0.1751743 -0.02287646 267.2931 0.1749415 0.9845078 -0.01182515 12.7465 0.02459351 0.007637113 0.9996684 -3.106145
0.9838176 -0.1775825 -0.02382168 269.8283 0.1773674 0.9840846 -0.0108766 13.17672 0.02537404 0.006475403 0.999657 -3.146803
0.9834151 -0.1799147 -0.02292096 272.3725 0.1796934 0.9836566 -0.01139283 13.60068 0.0245961 0.007085139 0.9996724 -3.132144
0.982891 -0.1827813 -0.02272078 274.9145 0.182595 0.983137 -0.01003889 14.04204 0.02417256 0.005718437 0.9996914 -3.111713
0.9825395 -0.1847743 -0.0217856 277.467 0.1846032 0.9827659 -0.009636994 14.49268 0.02319082 0.005447036 0.9997162 -3.119068
0.9820434 -0.1875701 -0.02020515 280.0344 0.1874264 0.9822394 -0.008798534 14.96223 0.02149663 0.004853564 0.9997571 -3.142978
0.9817243 -0.1893269 -0.01930514 282.6147 0.189186 0.9819009 -0.008899755 15.41912 0.0206407 0.005084842 0.999774 -3.121611
0.9814856 -0.1905871 -0.01904252 285.1952 0.1904192 0.9816489 -0.01028853 15.88618 0.02065393 0.00647198 0.9997658 -3.12977
0.9813144 -0.1914413 -0.01929505 287.784 0.1912308 0.9814688 -0.01223769 16.36818 0.02128029 0.008319212 0.9997389 -3.175465
0.9813684 -0.191157 -0.01936933 290.3896 0.1909596 0.9815296 -0.01159526 16.84866 0.02122808 0.00768046 0.9997451 -3.128706
0.9813909 -0.1910715 -0.01906724 293.017 0.1909026 0.9815546 -0.01033424 17.32086 0.02069011 0.006501947 0.9997648 -3.150139
0.9813595 -0.1914766 -0.01643985 295.654 0.1913072 0.9814649 -0.01133552 17.8106 0.01830562 0.007979156 0.9998006 -3.121679
0.9813318 -0.1918049 -0.01409881 298.3005 0.1916385 0.9813881 -0.01234136 18.30038 0.01620354 0.009409096 0.9998245 -3.130989
0.9812924 -0.1921921 -0.01128801 300.9513 0.1920576 0.9813102 -0.01199812 18.78666 0.01338299 0.009605719 0.9998643 -3.140925
0.9811782 -0.1928107 -0.01065176 303.5984 0.1927011 0.9812011 -0.01051518 19.27554 0.01247896 0.008264663 0.999888 -3.116775
0.9808899 -0.1943336 -0.009464869 306.2909 0.1942361 0.9809006 -0.01032256 19.77999 0.01129012 0.008286878 0.999902 -3.132614
0.9805276 -0.1963048 -0.005485523 308.9828 0.1962286 0.9804839 -0.01206668 20.28332 0.007747216 0.0107553 0.9999121 -3.110949
0.9800864 -0.1985081 -0.005012302 311.6687 0.1984363 0.9800384 -0.01214703 20.7969 0.007323534 0.01091052 0.9999136 -3.105177
0.9796385 -0.2007662 -0.001209914 314.3654 0.2007352 0.9795637 -0.01265372 21.32146 0.003725627 0.0121532 0.9999192 -3.135862
0.9794033 -0.2019113 -0.0009979749 317.0863 0.2018877 0.9793447 -0.01120373 21.83667 0.003239521 0.0107715 0.9999368 -3.087858
0.9789223 -0.2042286 0.001348615 319.8111 0.2042313 0.9788657 -0.01055818 22.38603 0.0008361701 0.01061107 0.9999434 -3.120361
0.9785593 -0.2059405 0.003198588 322.5428 0.2059638 0.9784936 -0.011379 22.90317 -0.0007864012 0.01179382 0.9999301 -3.10089
0.9781986 -0.2076501 0.002981232 325.273 0.20767 0.9781455 -0.01023046 23.45 -0.0007917226 0.01062653 0.9999432 -3.083459
0.977617 -0.2103572 0.003858831 328.0493 0.2103876 0.9775552 -0.01108521 24.01816 -0.001440367 0.01164894 0.9999311 -3.114757
0.9772282 -0.2120497 0.007741798 330.7931 0.2121193 0.9771956 -0.009679978 24.57365 -0.005512616 0.01110173 0.9999232 -3.073684
0.9765415 -0.2151472 0.008848984 333.5721 0.2152311 0.9765123 -0.00997267 25.14863 -0.006495549 0.0116433 0.9999111 -3.083351
0.9761203 -0.2170407 0.009085106 336.3661 0.217133 0.976082 -0.01083475 25.72476 -0.006516226 0.01254869 0.9999 -3.094702
0.9756975 -0.2188619 0.01067043 339.162 0.2189604 0.9756908 -0.009138584 26.3177 -0.008410958 0.01125289 0.9999013 -3.056956
0.9752035 -0.2211137 0.009325763 341.9434 0.2211939 0.9751911 -0.008681147 26.9114 -0.007174883 0.01052869 0.9999188 -3.09347
0.9746537 -0.2234811 0.01031374 344.756 0.2235449 0.9746783 -0.005490809 27.51969 -0.008825486 0.007657221 0.9999318 -3.088957
0.9741315 -0.2258121 0.008756908 347.6169 0.2258711 0.9741359 -0.006455198 28.15703 -0.007072756 0.008266144 0.9999408 -3.103449
0.9735841 -0.2281224 0.009705876 350.4486 0.2281871 0.9735979 -0.00617104 28.77323 -0.008041867 0.008222783 0.9999338 -3.113739
0.9731324 -0.2300605 0.009244382 353.294 0.2301273 0.9731357 -0.006945166 29.40381 -0.007398231 0.008885951 0.9999331 -3.11085
0.9727136 -0.2316455 0.01298707 356.1038 0.2317532 0.9727458 -0.007489112 30.0358 -0.0108983 0.01029456 0.9998876 -3.152965
0.9724646 -0.2327372 0.01208135 358.9502 0.2328719 0.972442 -0.01127075 30.67237 -0.00912529 0.01377381 0.9998635 -3.14543
0.9721515 -0.2340766 0.01138373 361.8191 0.2342092 0.9721099 -0.01217673 31.33101 -0.008215945 0.0145038 0.9998611 -3.170154
0.9721552 -0.2342014 0.008005365 364.6339 0.2342915 0.9720762 -0.0132536 31.95438 -0.004677812 0.01476014 0.9998801 -3.151604
0.9718351 -0.2355288 0.007918959 367.4585 0.2356083 0.971782 -0.01133661 32.60803 -0.005025404 0.01288309 0.9999044 -3.171421
0.9716313 -0.2363503 0.008440488 370.2847 0.2364309 0.9715931 -0.0103441 33.25141 -0.005755891 0.01204624 0.9999109 -3.16951
0.9712736 -0.2378138 0.008496514 373.112 0.2378819 0.9712597 -0.008180031 33.91362 -0.006306998 0.009966214 0.9999304 -3.189783
0.9712112 -0.2380257 0.009624488 375.9551 0.2381125 0.9711941 -0.009183018 34.56136 -0.007161452 0.01121036 0.9999115 -3.203797
0.9707773 -0.2398062 0.009185798 378.8271 0.2398789 0.9707712 -0.007847391 35.24041 -0.007035455 0.009821549 0.999927 -3.222957
0.9705802 -0.2405386 0.01073671 381.7025 0.2406355 0.970575 -0.008875662 35.91492 -0.008285839 0.01119817 0.999903 -3.234181
0.9701627 -0.2422857 0.009047243 384.5307 0.2423547 0.9701586 -0.007511188 36.58419 -0.006957407 0.009479717 0.9999309 -3.238188
0.9698047 -0.2436 0.01174324 387.3907 0.2437071 0.9698097 -0.008738035 37.26111 -0.009260121 0.0113361 0.9998929 -3.268559
0.9694844 -0.2448614 0.01195551 390.2575 0.244952 0.9695115 -0.006789753 37.95005 -0.009928451 0.009511085 0.9999055 -3.266824
0.9693142 -0.2456508 0.00926096 393.1435 0.2457297 0.9692999 -0.008643913 38.64283 -0.006853264 0.01065436 0.9999198 -3.283386
0.9689612 -0.2469627 0.01111471 396.0244 0.2470443 0.9689813 -0.006668326 39.34195 -0.009123119 0.009207175 0.999916 -3.3023
0.9688271 -0.2475708 0.009094544 398.903 0.2476507 0.9688071 -0.009054057 40.04375 -0.006569338 0.01102409 0.9999176 -3.2993
0.9682676 -0.2496018 0.01252192 401.8169 0.2496933 0.9683043 -0.006345842 40.75792 -0.01054109 0.009271113 0.9999015 -3.336738
0.9681944 -0.2499831 0.01039157 404.6968 0.2500576 0.9682083 -0.006603184 41.46072 -0.008410515 0.008991657 0.9999242 -3.331726
0.9677368 -0.251679 0.01196371 407.6013 0.2517654 0.9677674 -0.006343941 42.18429 -0.009981452 0.009151313 0.9999083 -3.365202
0.9675437 -0.2525292 0.009390702 410.5004 0.2526064 0.9675343 -0.008204947 42.89672 -0.007013838 0.0103108 0.9999222 -3.373765
0.9671228 -0.2540603 0.01126353 413.4408 0.2541356 0.967151 -0.005829235 43.63366 -0.009412557 0.00850005 0.9999196 -3.384308
0.9669678 -0.2547918 0.007373405 416.3495 0.2548344 0.9669688 -0.005558243 44.36759 -0.005713657 0.007253639 0.9999574 -3.416843
0.9666808 -0.2558584 0.00804681 419.2751 0.2559081 0.9666833 -0.005894884 45.08925 -0.006270459 0.007757715 0.9999502 -3.422938
0.9665409 -0.2564225 0.006801861 422.2029 0.2564642 0.9665339 -0.006190265 45.84747 -0.004986906 0.007727577 0.9999577 -3.448252
0.9663787 -0.2569951 0.008110337 425.132 0.2570517 0.9663727 -0.006936165 46.58477 -0.006055049 0.008787738 0.9999431 -3.464127
0.9663033 -0.2573172 0.006758685 428.0768 0.2573546 0.9663018 -0.005410884 47.33156 -0.005138617 0.006967934 0.9999625 -3.49377
0.9661019 -0.2580403 0.007889975 431.0438 0.2580925 0.9660982 -0.006511377 48.08605 -0.005942293 0.008326998 0.9999477 -3.491462
0.9660771 -0.2581217 0.008256605 433.9625 0.2581701 0.9660842 -0.005446854 48.83166 -0.006570624 0.00739369 0.9999511 -3.537757
0.9658593 -0.2589051 0.009165313 436.9427 0.2589546 0.9658781 -0.004696001 49.58585 -0.007636757 0.006909077 0.999947 -3.538214
0.9658989 -0.2588133 0.007410676 439.8877 0.2588528 0.9659041 -0.004963322 50.33657 -0.005873429 0.006712341 0.9999602 -3.558865
0.9657974 -0.2591764 0.007940886 442.8589 0.259219 0.9658062 -0.004893283 51.10635 -0.006401133 0.006784348 0.9999565 -3.608095
0.965605 -0.2598918 0.007959208 445.8493 0.25994 0.9656075 -0.005766812 51.87211 -0.006186724 0.007637379 0.9999517 -3.604206
0.9654832 -0.2603625 0.007317297 448.8463 0.2604084 0.9654784 -0.006234807 52.64844 -0.005441382 0.007925087 0.9999538 -3.636476
0.9652441 -0.2612007 0.008834183 451.8525 0.2612649 0.9652407 -0.007116152 53.42079 -0.006668372 0.009176886 0.9999356 -3.640901
0.9652063 -0.2613396 0.008856226 454.8158 0.261407 0.9651989 -0.007563991 54.18391 -0.006571251 0.009615892 0.9999322 -3.666026
0.965131 -0.2616217 0.008726384 457.8291 0.2616911 0.9651179 -0.008063064 54.96696 -0.006312517 0.01006553 0.9999294 -3.676161
0.9651439 -0.261588 0.008298541 460.8468 0.2616524 0.9651294 -0.007946161 55.75002 -0.005930546 0.009840523 0.999934 -3.691018
0.9650846 -0.2618083 0.008261571 463.8478 0.2618679 0.9650769 -0.007207017 56.52681 -0.006086193 0.009118821 0.9999399 -3.698749
0.965094 -0.2617716 0.008312745 466.8882 0.2618392 0.9650744 -0.008470478 57.31841 -0.005805087 0.01035141 0.9999295 -3.716127
0.9651803 -0.2614397 0.008736901 469.9102 0.2615075 0.9651698 -0.007791893 58.09686 -0.006395483 0.009805347 0.9999315 -3.727845
0.9653273 -0.2609361 0.007449226 472.9408 0.2609917 0.9653093 -0.007836944 58.88452 -0.005145865 0.009509402 0.9999415 -3.742541
0.9655159 -0.2602396 0.007380635 475.9951 0.2602884 0.9655077 -0.006679309 59.67226 -0.005387841 0.008370074 0.9999505 -3.747402
0.9657733 -0.2592844 0.007313128 479.035 0.2593352 0.9657607 -0.007160596 60.45435 -0.005206102 0.008812063 0.9999476 -3.766793
0.9656445 -0.2597913 0.006251085 482.0904 0.2598351 0.9656224 -0.007679332 61.24275 -0.004041165 0.009039756 0.9999509 -3.788614
0.9657285 -0.2594853 0.00597894 485.1498 0.2595302 0.9656963 -0.008632288 62.02996 -0.003533889 0.009888162 0.9999449 -3.799763
0.9657757 -0.2593296 0.005038179 488.2231 0.2593617 0.9657518 -0.007398041 62.82425 -0.0029471 0.00845156 0.9999599 -3.811334
0.9658656 -0.2590017 0.004667736 491.3142 0.2590314 0.9658389 -0.007610615 63.61655 -0.002537118 0.008559922 0.9999601 -3.815099
0.9660799 -0.2581819 0.005632659 494.3743 0.2582142 0.9660689 -0.006034113 64.39909 -0.003883638 0.007283868 0.9999659 -3.853226
0.9661086 -0.2581199 0.002861508 497.4637 0.2581347 0.9660777 -0.007761133 65.19417 -0.0007611362 0.008236752 0.9999658 -3.849622
0.9660735 -0.258231 0.004327592 500.5602 0.2582587 0.966042 -0.008066474 65.97936 -0.002097622 0.008910445 0.9999581 -3.879025
0.966205 -0.2577385 0.004326495 503.676 0.2577658 0.9661754 -0.007868328 66.77734 -0.002152182 0.00871764 0.9999597 -3.885412
0.9662559 -0.2575516 0.004087744 506.7806 0.2575786 0.9662168 -0.008850172 67.56832 -0.001670271 0.009604447 0.9999525 -3.901456
0.9661346 -0.2580012 0.004391124 509.8756 0.2580325 0.9660891 -0.009535016 68.36105 -0.001782171 0.01034516 0.9999449 -3.907737
0.966211 -0.2577431 0.002188555 513.0151 0.2577505 0.9661375 -0.01196348 69.16058 0.0009690591 0.01212335 0.999926 -3.918142
0.9658524 -0.2590368 0.005397092 516.1554 0.2590862 0.9657686 -0.01286424 69.96593 -0.00188003 0.01382327 0.9999027 -3.918099
0.9655902 -0.2599716 0.007100378 519.2418 0.2600457 0.9655073 -0.01310752 70.75218 -0.003447884 0.01450292 0.9998889 -3.925416
0.9649132 -0.2623181 0.01147618 522.3501 0.2624617 0.9648468 -0.01358493 71.55917 -0.007509183 0.01612034 0.9998419 -3.944965
0.9642982 -0.2644553 0.01386522 525.4744 0.2646412 0.9642465 -0.01390734 72.36679 -0.009691617 0.01708013 0.9998072 -3.939627
0.9636946 -0.2666045 0.01465483 528.555 0.2668033 0.9636512 -0.01386276 73.18095 -0.01042627 0.01726943 0.9997965 -3.942122
0.9630633 -0.2688411 0.01528284 531.6711 0.2690533 0.9630222 -0.0140956 73.99577 -0.01092824 0.01768686 0.9997839 -3.960588
0.9624949 -0.2709191 0.01436668 534.7634 0.271116 0.9624423 -0.01417763 74.82754 -0.009986108 0.01754093 0.9997963 -3.947778
0.9618746 -0.2730682 0.01519815 537.8975 0.2732865 0.9618185 -0.0148281 75.66597 -0.01056878 0.01841622 0.9997746 -3.942984
0.9611301 -0.2757153 0.01448997 541.0142 0.2759143 0.9610773 -0.01421301 76.51798 -0.01000724 0.01765855 0.999794 -3.950343
0.9607311 -0.2771679 0.01317553 544.1214 0.2773405 0.960672 -0.01383224 77.36864 -0.008823515 0.01694317 0.9998176 -3.95154
0.9600388 -0.279602 0.0121792 547.217 0.2797534 0.95998 -0.01328922 78.23517 -0.007976096 0.01616533 0.9998375 -3.952034
0.9595816 -0.2812217 0.01083763 550.3353 0.2813602 0.959491 -0.01461963 79.09964 -0.006287251 0.01707801 0.9998344 -3.947767
0.9590511 -0.283042 0.01040653 553.4493 0.2831818 0.9589297 -0.01618044 79.978 -0.005399385 0.0184648 0.9998149 -3.944319
0.9585403 -0.2847258 0.01147521 556.5873 0.2848688 0.9584681 -0.01373571 80.8684 -0.007087708 0.01643516 0.9998398 -3.936549
0.9582987 -0.2856303 0.008876101 559.7106 0.2857399 0.9581786 -0.01568661 81.73965 -0.00402432 0.01756871 0.9998376 -3.943337
0.9577552 -0.2873903 0.01057602 562.8149 0.2875265 0.9576539 -0.01508297 82.63548 -0.005793472 0.01748667 0.9998303 -3.958058
0.9576147 -0.2879039 0.009241972 565.9338 0.2880288 0.9574528 -0.01798741 83.52521 -0.003670108 0.01988696 0.9997955 -3.925772
0.9574938 -0.2883846 0.006318304 569.0621 0.2884511 0.95735 -0.01664091 84.42812 -0.001249845 0.0177561 0.9998416 -3.95596
0.9572462 -0.2891986 0.006622991 572.1777 0.2892728 0.9570662 -0.0185899 85.30978 -0.0009624669 0.01971096 0.9998053 -3.923623
0.9570385 -0.2898964 0.006108512 575.2696 0.28996 0.9568716 -0.01787909 86.21072 -0.0006619773 0.01888221 0.9998215 -3.931555
0.957024 -0.2899348 0.006554198 578.3963 0.2900085 0.9568137 -0.0200649 87.11171 -0.0004536328 0.02110337 0.9997772 -3.923449
0.9571864 -0.2894244 0.005265305 581.4838 0.2894723 0.9570296 -0.01732463 88.00764 -2.488121e-05 0.01810706 0.999836 -3.91455
0.957267 -0.2891894 0.003075392 584.5812 0.2891965 0.9570978 -0.0181441 88.89996 0.002303629 0.01825814 0.9998307 -3.9158
0.957315 -0.2890094 0.004654921 587.6906 0.2890449 0.9571255 -0.01906999 89.79762 0.001056063 0.01960147 0.9998073 -3.923976
0.9576264 -0.2880026 0.002498548 590.7684 0.2879882 0.9573915 -0.02155128 90.67664 0.003814736 0.02135763 0.9997646 -3.901011
0.9581279 -0.2863302 0.002429062 593.8284 0.2863108 0.9578719 -0.02252889 91.55271 0.004123974 0.02228103 0.9997432 -3.89993
0.9582749 -0.2858218 0.00388807 596.9407 0.2858376 0.9580338 -0.02163331 92.44822 0.002458368 0.02184202 0.9997584 -3.896739
0.9586321 -0.2846327 0.002973197 599.9859 0.2846343 0.9584292 -0.01992111 93.31312 0.002820601 0.01994328 0.9997971 -3.887254
0.9588456 -0.2839233 0.001655219 603.0302 0.2838925 0.9586167 -0.02142262 94.17957 0.004495659 0.02101089 0.9997692 -3.881073
0.9592534 -0.2825342 -0.002718979 606.0853 0.2823884 0.9589925 -0.02429523 95.04613 0.009471714 0.02253748 0.9997011 -3.865248
0.9600233 -0.2799134 -0.001932359 609.1424 0.2797883 0.9597602 -0.02405238 95.89836 0.008587184 0.02255019 0.9997088 -3.860133
0.9604477 -0.2784295 -0.004150163 612.1968 0.2782659 0.9602271 -0.02306712 96.75849 0.01040767 0.02099992 0.9997253 -3.837501
0.9608701 -0.2769832 -0.002997468 615.1888 0.2768356 0.9606178 -0.02398945 97.58892 0.009524098 0.02222094 0.9997077 -3.815675
0.9612545 -0.2756503 -0.00257008 618.1983 0.2755128 0.9609987 -0.02396762 98.42102 0.009076525 0.02233089 0.9997094 -3.817814
0.9615753 -0.2745227 -0.003203701 621.223 0.2743636 0.961307 -0.02476355 99.25127 0.009877896 0.02293304 0.9996882 -3.786242
0.9618418 -0.2736063 -8.929055e-06 624.2332 0.2735188 0.961535 -0.02525448 100.0745 0.00691837 0.02428837 0.9996811 -3.76027
0.9621282 -0.2725973 4.270114e-06 627.215 0.2725123 0.961828 -0.02497606 100.8828 0.006804299 0.02403134 0.999688 -3.759403
0.9624764 -0.271361 0.001577571 630.1968 0.2713192 0.9621886 -0.02406322 101.6867 0.005011898 0.02358831 0.9997092 -3.735545
0.9625353 -0.2711556 -0.0006862336 633.1901 0.2710643 0.9622711 -0.02363192 102.5097 0.00706827 0.02256055 0.9997205 -3.72356
0.9626936 -0.2705938 2.287328e-05 636.1302 0.2704991 0.9623545 -0.02653481 103.3021 0.007158143 0.02555108 0.9996479 -3.691826
0.9630772 -0.269217 0.002130912 639.1268 0.2691842 0.9627615 -0.02510237 104.098 0.004706422 0.02474912 0.9996826 -3.691875
0.9632306 -0.2686733 -0.001189581 642.0583 0.2685671 0.9629571 -0.024189 104.8869 0.007644454 0.02298011 0.9997067 -3.649211
0.963545 -0.2675364 0.002329773 645.0205 0.2675209 0.9632955 -0.02223438 105.6831 0.003704247 0.02204709 0.9997501 -3.678452
0.9633359 -0.2682981 -0.0001017486 647.9349 0.2682246 0.9630808 -0.02304157 106.4557 0.006280002 0.02216948 0.9997345 -3.619799
0.9635477 -0.2675354 0.0007936046 650.8721 0.2674771 0.9632667 -0.02393749 107.2434 0.005639673 0.02327718 0.9997131 -3.642462
0.9636284 -0.2672164 0.003967612 653.8333 0.267229 0.9632944 -0.02554606 108.0232 0.003004349 0.02567717 0.9996658 -3.596506
0.9636604 -0.2671057 0.003637864 656.7522 0.2671125 0.9633486 -0.02470274 108.8065 0.00309371 0.02477677 0.9996882 -3.572715
0.9637635 -0.2667286 0.003974902 659.7062 0.2667398 0.9634148 -0.0261134 109.5775 0.00313571 0.02622741 0.9996511 -3.568312
0.9637307 -0.266867 0.002271126 662.5916 0.2668366 0.9634038 -0.02552229 110.351 0.004623045 0.02520264 0.9996717 -3.51989
0.9638658 -0.2663822 0.001790099 665.5437 0.2663342 0.9635137 -0.02659925 111.1291 0.005360781 0.02611487 0.9996446 -3.506903
0.9639027 -0.2662503 0.001510312 668.4415 0.2662005 0.9635768 -0.02563143 111.8927 0.005369077 0.02510825 0.9996703 -3.463249
0.964026 -0.2658074 0.000566114 671.3319 0.2657393 0.9637259 -0.02480035 112.6598 0.006046539 0.02405862 0.9996923 -3.468375
0.9641471 -0.2653486 0.003231254 674.2473 0.2653463 0.9638391 -0.0246129 113.4209 0.003416592 0.02458786 0.9996918 -3.428065
0.9641402 -0.265389 0.001534409 677.1929 0.2653395 0.9638114 -0.02574305 114.2016 0.005353042 0.02522705 0.9996674 -3.406571
0.9641742 -0.2652532 0.002963154 680.0948 0.26524 0.9638385 -0.02575531 114.9723 0.003975677 0.02561855 0.9996639 -3.385076
0.9641799 -0.2652479 0.0008054876 682.9966 0.2651807 0.9638577 -0.02564321 115.7393 0.006025431 0.02493826 0.9996709 -3.355777
0.9643669 -0.2645662 0.001054412 685.8795 0.264502 0.9640281 -0.02623152 116.4882 0.005923493 0.02557571 0.9996554 -3.335889
0.9642792 -0.2648839 0.001471073 688.8146 0.2648264 0.96392 -0.0269268 117.2765 0.005714481 0.02635453 0.9996364 -3.301225
0.9643184 -0.2647442 0.0006937122 691.6848 0.2646696 0.9639772 -0.02641622 118.0356 0.006324819 0.02565725 0.9996508 -3.280964
0.9643162 -0.2647497 0.001349571 694.6124 0.2647079 0.9640447 -0.02340011 118.8023 0.004894124 0.02292235 0.9997253 -3.242363
0.9639395 -0.2661013 0.003279281 697.515 0.266102 0.9636465 -0.02398281 119.5699 0.003221789 0.0239906 0.999707 -3.213769
0.9633537 -0.2681775 0.00552087 700.4219 0.26823 0.9630166 -0.02552906 120.3385 0.001529631 0.02607438 0.9996588 -3.212037
0.9628884 -0.2698432 0.005524159 703.3043 0.269893 0.9625176 -0.02679008 121.1012 0.001912019 0.02728679 0.9996258 -3.159344
0.96249 -0.2712849 0.004189102 706.2134 0.2713002 0.962142 -0.02605821 121.9065 0.003038688 0.02621727 0.9996517 -3.142238
0.9627762 -0.2702911 0.002187747 709.0673 0.2702511 0.9624169 -0.02679695 122.655 0.005137451 0.02639071 0.9996385 -3.113579
0.9629538 -0.2696643 0.001045774 711.9155 0.2695941 0.962599 -0.02687439 123.4395 0.006240402 0.02616074 0.9996383 -3.089309
0.9632428 -0.2686315 -0.0006733148 714.7908 0.2685108 0.9628795 -0.02765436 124.1993 0.008077153 0.02645707 0.9996173 -3.029861
0.9634842 -0.2677602 -0.001652175 717.6482 0.2676146 0.9631306 -0.02760008 124.9639 0.008981464 0.0261501 0.9996177 -3.024799
0.9637437 -0.26682 -0.002254122 720.4877 0.2666576 0.9633915 -0.02775942 125.7097 0.009578371 0.02615189 0.9996121 -2.967353
0.9639057 -0.2662427 -0.0008200528 723.2053 0.266117 0.9635366 -0.027909 126.4379 0.008220718 0.02668341 0.9996101 -2.943905
0.9639781 -0.2659813 -0.0004276701 725.7314 0.2658587 0.96358 -0.02885344 127.1119 0.008086569 0.02770038 0.9995835 -2.906236
0.9641272 -0.2654305 0.002300849 727.9966 0.2653897 0.9637371 -0.02790949 127.7134 0.005190617 0.02751892 0.9996078 -2.881778
0.9641085 -0.2655078 0.0005982211 730.2522 0.2654195 0.963725 -0.02804479 128.323 0.00686959 0.027197 0.9996065 -2.850501
0.9642285 -0.2650469 0.003678293 732.4722 0.2650432 0.9638232 -0.02823194 128.9115 0.003937564 0.02819695 0.9995946 -2.826119
0.9642174 -0.265112 0.000611776 734.5746 0.2650239 0.963832 -0.02811447 129.469 0.006863833 0.02727059 0.9996045 -2.795595
0.9642999 -0.2647994 0.002643275 736.7914 0.2647638 0.9638824 -0.02881665 130.0607 0.005082825 0.02848774 0.9995812 -2.77219
0.9642036 -0.2651631 -6.612903e-05 739.1075 0.265063 0.9638464 -0.02723505 130.6906 0.007285467 0.0262426 0.9996291 -2.731692
0.9645735 -0.2638142 -4.963041e-05 741.1861 0.2637072 0.9641875 -0.0283007 131.2208 0.007513979 0.02728501 0.9995995 -2.699036
0.9646749 -0.2634415 0.0009107108 743.1714 0.263362 0.9642866 -0.02814072 131.7504 0.00653525 0.0273865 0.9996036 -2.688422
0.9649222 -0.2625315 0.001538871 745.1483 0.262466 0.9645132 -0.02874445 132.2684 0.006062064 0.02814006 0.9995856 -2.650346
0.9651254 -0.2617803 0.001980435 747.0533 0.2617302 0.9647266 -0.02827925 132.7701 0.005492374 0.02781137 0.9995981 -2.635407
0.9654154 -0.260711 0.001731685 748.9662 0.2606532 0.9650123 -0.02847873 133.2611 0.005753621 0.02794517 0.9995929 -2.59985
0.9656718 -0.2597619 0.001294644 750.9055 0.2596964 0.9652896 -0.02781475 133.7654 0.005975506 0.02719614 0.9996123 -2.584717
0.9658684 -0.259028 0.001695474 752.9147 0.2589746 0.9654884 -0.02764467 134.2822 0.005523782 0.0271402 0.9996164 -2.542613
0.9658195 -0.2592102 0.001659226 755.0431 0.2591552 0.9654368 -0.02775839 134.8445 0.00559338 0.02723959 0.9996133 -2.533727
0.9659004 -0.2588987 0.002797658 757.134 0.2588741 0.9655064 -0.02795651 135.3861 0.004536745 0.02772744 0.9996052 -2.49832
0.9659683 -0.2586551 0.001659949 759.2278 0.2585975 0.9655718 -0.02825898 135.9311 0.00570653 0.02772654 0.9995993 -2.472659
0.9659393 -0.2587508 0.003052819 761.5322 0.2587322 0.9655368 -0.02821999 136.5316 0.004354337 0.02804866 0.9995971 -2.43054
0.9659946 -0.2585459 0.002907184 763.8428 0.2585283 0.9656246 -0.02705959 137.1229 0.004188898 0.02689101 0.9996296 -2.406196
0.9659912 -0.2585507 0.003541845 766.0854 0.25855 0.9656167 -0.02713124 137.6921 0.003594738 0.02712429 0.9996256 -2.368365
0.9659238 -0.2587821 0.00478671 768.315 0.2588142 0.9655334 -0.02757926 138.2643 0.002515291 0.02787833 0.9996082 -2.336957
0.9659464 -0.2587027 0.004518039 770.6758 0.2587259 0.9655434 -0.02805593 138.8609 0.002895783 0.02826946 0.9995961 -2.307615
0.9658931 -0.2587944 0.008714817 773.0933 0.2589374 0.9655125 -0.02715229 139.4677 -0.001387402 0.0284828 0.9995933 -2.258959
0.9657719 -0.2593305 0.005681241 775.7015 0.2593887 0.9654034 -0.02671096 140.1409 0.001442275 0.02727034 0.9996271 -2.226265
0.9656222 -0.2598954 0.005307443 778.2583 0.2599428 0.9652478 -0.02696182 140.7984 0.001884258 0.02741456 0.9996223 -2.192153
0.9653906 -0.2607767 0.004063672 780.9069 0.2607916 0.9650342 -0.02638923 141.4949 0.002960115 0.02653569 0.9996435 -2.164213
0.9654152 -0.2606976 0.003193178 783.4476 0.2606855 0.9650347 -0.0274078 142.1517 0.004063618 0.02729232 0.9996192 -2.125743
0.9653699 -0.2608422 0.00473284 785.9745 0.2608724 0.9649847 -0.02739 142.8023 0.00257735 0.02767615 0.9996136 -2.09735
0.9653962 -0.2607566 0.004031809 788.6799 0.2607715 0.9650477 -0.02609107 143.5001 0.002912531 0.0262396 0.9996514 -2.062491
0.9654205 -0.2606731 0.003559139 791.3251 0.2606751 0.9650692 -0.02626499 144.1749 0.003411763 0.02628454 0.9996487 -2.026197
0.9652997 -0.2611349 0.002253255 793.9351 0.2611002 0.9649404 -0.02676472 144.852 0.004814946 0.0264243 0.9996392 -1.992654
0.9652257 -0.2614106 0.001960944 796.4907 0.2613651 0.9648532 -0.0273307 145.5152 0.005252509 0.02689281 0.9996246 -1.953612
0.9652349 -0.2613836 0.0004880999 799.0213 0.2612894 0.9648331 -0.02871986 146.1741 0.007035967 0.02784895 0.9995874 -1.914852
0.9652653 -0.261242 -0.003948792 801.4177 0.2610299 0.9649116 -0.0284418 146.8027 0.01124043 0.02642312 0.9995877 -1.878754
0.9656624 -0.2597347 -0.005827002 804.0549 0.2594832 0.9653494 -0.02772499 147.4832 0.01282623 0.02526097 0.9995986 -1.83562
0.966014 -0.2584013 -0.006757998 806.7761 0.2581342 0.9657264 -0.02718416 148.194 0.0135508 0.02451581 0.9996076 -1.787001
0.9665437 -0.2563837 -0.00778327 809.481 0.256064 0.9662216 -0.02910358 148.8788 0.01498205 0.02613687 0.9995461 -1.745034
0.9669346 -0.2548758 -0.008704083 812.2679 0.2545158 0.9665984 -0.03015148 149.5936 0.01609824 0.02693918 0.9995074 -1.692753
0.9672803 -0.2535622 -0.008664231 815.1415 0.253208 0.9669502 -0.02988452 150.3248 0.01595546 0.02671286 0.9995158 -1.644865
0.9676124 -0.252256 -0.009647956 818.0872 0.25189 0.9673196 -0.02905138 151.072 0.01666104 0.02568025 0.9995313 -1.57718
0.9679083 -0.2511713 -0.008158957 821.1155 0.2508653 0.9676272 -0.02764953 151.8217 0.0148396 0.02471541 0.9995844 -1.542562
0.9682049 -0.2500278 -0.008092967 824.1295 0.2496996 0.9678811 -0.02926612 152.5645 0.01515037 0.02631479 0.9995389 -1.467319
0.968339 -0.2494638 -0.009343849 827.1058 0.249137 0.9680876 -0.02715345 153.3082 0.01581946 0.02396584 0.9995876 -1.43186
0.9685312 -0.2486822 -0.01022061 830.1801 0.2483311 0.9682883 -0.02737065 154.0771 0.0167031 0.02397124 0.9995731 -1.370407
0.9687444 -0.2478875 -0.009278307 833.3071 0.2475712 0.9685042 -0.0266069 154.844 0.0155816 0.02347825 0.9996029 -1.335307
0.969192 -0.2461221 -0.009530384 836.543 0.2457957 0.9689481 -0.02690454 155.6195 0.01585625 0.02373314 0.9995926 -1.283877
0.9695063 -0.2449495 -0.007565147 839.7508 0.2446723 0.9692359 -0.02678083 156.3958 0.01389236 0.0241132 0.9996127 -1.234229
0.9696895 -0.2442333 -0.007230501 842.9543 0.2439592 0.9694053 -0.02715477 157.176 0.01364139 0.02456775 0.9996051 -1.192394
0.9700789 -0.242684 -0.007171932 846.1453 0.2424074 0.9697852 -0.02747842 157.9316 0.01362381 0.02491771 0.9995967 -1.13668
0.9702833 -0.2418466 -0.007786651 849.352 0.2415519 0.9699926 -0.02769563 158.7004 0.01425109 0.02499172 0.999586 -1.07987
0.9706262 -0.2405013 -0.00662308 852.5901 0.2402326 0.9703121 -0.02797322 159.4627 0.01315405 0.02556046 0.9995868 -1.026156
0.9706631 -0.2403398 -0.007060857 855.8159 0.2400611 0.9703569 -0.02789061 160.2334 0.01355478 0.02537735 0.999586 -0.9671642
0.9708197 -0.2397352 -0.006015715 859.0511 0.2394992 0.9705319 -0.0266073 161.0028 0.01221715 0.02439013 0.9996279 -0.9170719
0.9708869 -0.2394688 -0.005773235 862.3075 0.2392426 0.9706036 -0.02629209 161.7721 0.01189966 0.02414544 0.9996376 -0.8646635
0.9709298 -0.239306 -0.00528585 865.5827 0.2390847 0.9706259 -0.02690147 162.5538 0.01156827 0.02485567 0.9996241 -0.829209
0.9710459 -0.2388434 -0.004882931 868.8901 0.2386214 0.9707129 -0.02785913 163.3331 0.01139389 0.02588731 0.9995999 -0.7553463
0.9712465 -0.2380264 -0.004858975 872.1888 0.2378163 0.9709382 -0.02688043 164.1155 0.01111602 0.02495198 0.9996269 -0.723024
0.9715484 -0.2368177 -0.003316619 875.5102 0.2366453 0.9712198 -0.02704098 164.8808 0.009624948 0.02548676 0.9996288 -0.6527386
0.9717336 -0.2360735 -0.001737114 878.8375 0.2359473 0.9714082 -0.02636427 165.6578 0.007911351 0.02520918 0.9996509 -0.5930012
0.9718886 -0.235441 0.0001757778 882.1797 0.2353591 0.9715298 -0.02712572 166.4257 0.006215735 0.02640455 0.999632 -0.5552303
0.9717539 -0.2359962 -0.000409832 885.5359 0.2359019 0.9714119 -0.02663215 167.2172 0.006683201 0.02578321 0.9996452 -0.4921064
0.9715768 -0.2367162 -0.001988914 888.8979 0.2365772 0.971234 -0.02712807 167.9958 0.008353356 0.02588648 0.99963 -0.4341215
0.9716005 -0.2366263 0.0006428119 892.2745 0.2365568 0.9712422 -0.02701256 168.785 0.005767555 0.02639748 0.9996349 -0.3910761
0.9718282 -0.2356758 -0.002634434 895.6611 0.2354909 0.9714042 -0.03029888 169.561 0.009699814 0.02882492 0.9995374 -0.3275672
0.9719946 -0.2349856 -0.002884419 899.0367 0.2347777 0.9715263 -0.03188312 170.3379 0.01029436 0.03031302 0.9994875 -0.274888
0.9720044 -0.2349569 -0.001619497 902.3973 0.2347869 0.971521 -0.03196517 171.1074 0.009083815 0.03069005 0.9994877 -0.186321
0.971899 -0.2353928 0.001597247 905.7388 0.2353323 0.9714439 -0.03025967 171.8771 0.005571273 0.02978523 0.9995408 -0.158311
0.9718636 -0.2355396 0.001518644 909.0769 0.2354842 0.9714484 -0.0288958 172.6578 0.005330823 0.0284404 0.9995813 -0.1268162
0.9718585 -0.2355652 -0.0002370924 912.4072 0.2354431 0.971386 -0.03123576 173.4238 0.007588366 0.03030092 0.999512 -0.04841928
0.971697 -0.2362263 0.001483223 915.7681 0.236157 0.9712167 -0.03110957 174.2078 0.005908367 0.03057935 0.9995149 -0.01998508
0.9714338 -0.2373076 -0.001186481 919.0986 0.2371607 0.9709857 -0.03068471 174.9805 0.008433771 0.02952678 0.9995284 0.04771033
0.9712203 -0.2381816 0.000748401 922.4313 0.2381034 0.9708105 -0.0288706 175.7672 0.006149891 0.02821791 0.9995829 0.09129715
0.9709569 -0.2392537 0.0005631391 925.7508 0.2391783 0.9705861 -0.0275065 176.5474 0.006034457 0.02684232 0.9996215 0.1492973
0.9706139 -0.2406088 0.004011868 929.0836 0.2406271 0.9702303 -0.02741814 177.3325 0.00270461 0.02757779 0.999616 0.1905543
0.9702623 -0.2420235 0.003945793 932.4386 0.2420394 0.9698789 -0.02741622 178.1271 0.002808429 0.02755596 0.9996163 0.2161514
0.969861 -0.2436107 0.004839014 935.7737 0.2436487 0.9694492 -0.02834963 178.9248 0.002215097 0.02867422 0.9995863 0.2834384
0.9694458 -0.2452455 0.005423048 939.1044 0.2453028 0.9690934 -0.02616191 179.723 0.001160651 0.02669284 0.999643 0.3035303
0.9690585 -0.2467819 0.004948739 942.423 0.2468263 0.9687141 -0.02588281 180.5261 0.001593494 0.02630343 0.9996527 0.3496321
0.9686751 -0.2483099 0.003294162 945.7602 0.2483107 0.9683356 -0.02584816 181.3436 0.003228499 0.02585645 0.9996604 0.3952853
0.9681979 -0.2501634 0.003341294 949.1062 0.2501629 0.9678429 -0.0264274 182.1647 0.003377321 0.02642282 0.9996452 0.4336082
0.9677716 -0.2518146 0.002750298 952.4446 0.2517984 0.967422 -0.02631672 182.9937 0.003966235 0.02616109 0.9996499 0.4831995
0.9673808 -0.253308 0.003061556 955.7922 0.253302 0.9670489 -0.02557844 183.8336 0.003518548 0.02551959 0.9996681 0.5145825
0.967199 -0.2540185 0.0008336722 959.1465 0.2539629 0.9669073 -0.02435785 184.6684 0.005381261 0.02377061 0.9997029 0.5680301
0.9669663 -0.254903 0.0007864085 962.4949 0.2548527 0.9667044 -0.02307718 185.5079 0.005122217 0.02251528 0.9997334 0.5911922
0.9665598 -0.2564109 0.003940488 965.8679 0.2564409 0.9664228 -0.01628064 186.3697 0.000366356 0.01674672 0.9998597 0.6283785
0.9662885 -0.2574402 -0.003328678 969.2003 0.257387 0.9662389 -0.01159711 187.2147 0.00620186 0.01034939 0.9999272 0.5732491
0.9659983 -0.2585428 -0.001706102 972.5839 0.2584982 0.9659195 -0.01334095 188.0783 0.005097163 0.01244631 0.9999096 0.5984119
0.9658215 -0.2592042 -0.001428286 975.9692 0.2591703 0.9657601 -0.01176308 188.9396 0.004428422 0.01099087 0.9999298 0.6238615
0.9658258 -0.2591588 -0.004148718 979.3239 0.2590788 0.9657534 -0.01409767 189.8044 0.007660172 0.01254105 0.999892 0.5619256
0.9657091 -0.2596103 -0.002904818 982.7043 0.2595578 0.9656502 -0.01221798 190.6779 0.005976953 0.01104505 0.9999211 0.5655327
0.965587 -0.2599942 -0.006686904 986.0781 0.2599137 0.9655699 -0.01095176 191.5434 0.009304066 0.00883686 0.9999177 0.6122042
0.9654771 -0.2604465 -0.004648414 989.4705 0.2603731 0.9654276 -0.01247697 192.4186 0.007737291 0.01083591 0.9999114 0.5791138
0.9651789 -0.2615691 -0.00335931 992.8499 0.2615014 0.9651053 -0.01373618 193.2909 0.006835049 0.01237941 0.9999 0.566033
0.9648061 -0.2629321 -0.003997827 996.2432 0.2628809 0.964774 -0.0102333 194.1737 0.006547663 0.008822198 0.9999396 0.5896774
0.964443 -0.2642165 -0.006279877 999.6142 0.2641419 0.9644246 -0.01068774 195.0435 0.008880345 0.008648935 0.9999232 0.5340499
0.9638966 -0.2662639 -0.002620851 1003.024 0.2662232 0.9638535 -0.01057274 195.9376 0.005341256 0.009493298 0.9999407 0.5195816
0.9633151 -0.2683355 -0.004489172 1006.382 0.2682722 0.9632767 -0.01131073 196.8251 0.007359387 0.009691481 0.999926 0.5181921
0.963019 -0.2694303 -0.00128015 1009.758 0.2694016 0.9629675 -0.01078701 197.7277 0.004139091 0.01004323 0.999941 0.4576879
0.9624765 -0.2713231 -0.004775907 1013.127 0.2712754 0.9624618 -0.008784425 198.6261 0.006980045 0.007159216 0.99995 0.4608816
0.9621943 -0.272318 -0.00499408 1016.48 0.2722666 0.9621791 -0.009076976 199.5392 0.007277024 0.007374094 0.9999464 0.4440469
0.9620392 -0.2728679 -0.004858261 1019.844 0.272816 0.9620214 -0.009282349 200.447 0.007206607 0.007604572 0.9999451 0.3895141
0.9620919 -0.2726537 -0.006251164 1023.169 0.2726071 0.962097 -0.007401247 201.3461 0.008032204 0.005416569 0.9999531 0.3744838
0.9618445 -0.2734419 -0.009200422 1026.537 0.2733913 0.9618815 -0.006393563 202.2741 0.01059799 0.003634298 0.9999372 0.332307
0.9617018 -0.274037 -0.005786175 1029.887 0.2740165 0.9617161 -0.004101574 203.1879 0.006688641 0.002358984 0.9999748 0.3043489
0.9615976 -0.2743963 -0.006063136 1033.234 0.2743876 0.9616165 -0.002250609 204.1057 0.006447971 0.0005005307 0.9999791 0.261827
0.9616114 -0.2743482 -0.006043077 1036.586 0.2743437 0.9616302 -0.001571856 205.019 0.006242442 -0.0001463657 0.9999805 0.1937377
0.9617717 -0.2737706 -0.006699032 1039.906 0.2737625 0.9617949 -0.002117211 205.9238 0.007022725 0.0002023303 0.9999753 0.1533478
0.9618825 -0.273361 -0.007477798 1043.249 0.2733539 0.9619116 -0.001977734 206.8445 0.007733616 -0.0001417372 0.9999701 0.09321438
0.9620523 -0.2727384 -0.008317051 1046.589 0.2727442 0.9620864 -0.0004539559 207.7556 0.008125534 -0.001831698 0.9999653 0.05581037
0.9624509 -0.2713096 -0.008909003 1049.921 0.2713225 0.9624885 0.0002542954 208.6526 0.00850582 -0.00266196 0.9999603 -0.002080562
0.9628065 -0.2700919 -0.007348775 1053.259 0.270109 0.9628288 0.001419817 209.5599 0.00669213 -0.003351979 0.999972 -0.06856343
0.962859 -0.2699439 -0.005734595 1056.594 0.2699645 0.9628649 0.003182441 210.4616 0.004662561 -0.004612379 0.9999785 -0.1039066
0.9630085 -0.2693916 -0.00654473 1059.921 0.2694263 0.9630072 0.005156352 211.3569 0.004913544 -0.006728933 0.9999653 -0.2106544
0.9632956 -0.2683861 -0.005520063 1063.223 0.2684168 0.9632851 0.005872523 212.2334 0.00374129 -0.007138654 0.9999675 -0.2639374
0.9634065 -0.2679544 -0.006952862 1066.55 0.2679969 0.9634002 0.006128245 213.1346 0.005056299 -0.007767337 0.999957 -0.3396964
0.9636734 -0.2670275 -0.005475048 1069.868 0.26706 0.9636582 0.006448977 214.0138 0.003554022 -0.007676874 0.9999642 -0.4333148
0.9640708 -0.265546 -0.007273522 1073.202 0.2656089 0.9640312 0.009789888 214.8917 0.004412238 -0.01137006 0.9999256 -0.5007805
0.9642618 -0.2648536 -0.007191252 1076.524 0.2649208 0.9642071 0.01103189 215.7864 0.004012019 -0.01254274 0.9999133 -0.5975685
0.9643651 -0.2644004 -0.009612607 1079.881 0.2645012 0.9643179 0.01142082 216.6639 0.006249938 -0.01355639 0.9998886 -0.6827485
0.9644552 -0.2641381 -0.007557319 1083.198 0.264211 0.9643989 0.01128076 217.5471 0.004308593 -0.01287651 0.9999078 -0.7705124
0.9646351 -0.263419 -0.009457622 1086.517 0.2635176 0.9645875 0.01138657 218.4093 0.006123263 -0.01347614 0.9998904 -0.8586934
0.9650333 -0.2620515 -0.006306003 1089.859 0.2621151 0.9649413 0.01356992 219.2786 0.002528904 -0.01474833 0.9998881 -0.9502733
0.965494 -0.260292 -0.008336343 1093.183 0.2603963 0.9653702 0.01594898 220.1435 0.003896265 -0.0175694 0.9998381 -1.041157
0.965996 -0.2584841 -0.006133538 1096.519 0.2585516 0.965856 0.01653328 220.9953 0.001650524 -0.01755692 0.9998445 -1.157385
0.9662318 -0.2575644 -0.007524358 1099.87 0.2576551 0.9661039 0.01602994 221.8667 0.003140571 -0.01742733 0.9998432 -1.2553
0.9664211 -0.2568598 -0.007308373 1103.208 0.2569414 0.9663211 0.01430529 222.7136 0.003387781 -0.01570276 0.999871 -1.350948
0.9667991 -0.255473 -0.005750092 1106.574 0.2555331 0.9666711 0.01579938 223.5661 0.001522134 -0.01674416 0.9998587 -1.45033
0.9669126 -0.2551046 -0.001328364 1109.937 0.2550862 0.9667486 0.01811634 224.4107 -0.003337368 -0.01785577 0.999835 -1.543585
0.9671724 -0.2541205 0.000632982 1113.268 0.2540558 0.9669768 0.02029078 225.2493 -0.005768382 -0.01946387 0.9997939 -1.666385
0.9674319 -0.2531296 0.0009320769 1116.621 0.2530616 0.9672452 0.01990648 226.0985 -0.005940467 -0.01902229 0.9998014 -1.804198
0.9676776 -0.252189 -0.0008680787 1120.0 0.2521484 0.9674474 0.02160527 226.9468 -0.00460879 -0.02112582 0.9997662 -1.913564
0.9677264 -0.2519919 -0.002370603 1123.341 0.2519726 0.9674202 0.02465482 227.7818 -0.003919448 -0.02445645 0.9996932 -2.049441
0.9679269 -0.2512256 -0.001832473 1126.711 0.2511765 0.9675326 0.02813067 228.6277 -0.005294168 -0.02768871 0.9996026 -2.180152
0.9680613 -0.2506484 -0.00571445 1130.087 0.2507091 0.9676572 0.02801226 229.4654 -0.001491599 -0.02855025 0.9995912 -2.318024
0.9683045 -0.2497495 -0.003420759 1133.46 0.2497493 0.9679333 0.02702813 230.2955 -0.003439195 -0.02702579 0.9996288 -2.463453
0.9684666 -0.2491169 -0.003631479 1136.864 0.2491239 0.9681059 0.02661076 231.1334 -0.003113535 -0.02667632 0.9996393 -2.590222
0.9687847 -0.2478805 -0.003368438 1140.228 0.2478715 0.9683534 0.02917774 231.9599 -0.003970752 -0.02910189 0.9995686 -2.742221
0.9690936 -0.2466646 -0.0037777 1143.616 0.2466601 0.9685965 0.03129604 232.7885 -0.004060559 -0.0312606 0.999503 -2.880483
0.9693371 -0.2457167 -0.00297383 1147.004 0.2456857 0.9688312 0.0317012 233.6106 -0.004908375 -0.03145977 0.9994929 -3.034895
0.9695656 -0.2448287 -0.001196393 1150.409 0.2447466 0.9690887 0.03107967 234.4347 -0.006449785 -0.03042659 0.9995162 -3.187508
0.9696427 -0.2445229 -0.001257657 1153.777 0.2444429 0.9691657 0.03107559 235.2517 -0.006379817 -0.03043965 0.9995162 -3.347383
0.9698086 -0.2438623 -0.001575431 1157.198 0.2437815 0.9692752 0.03280297 236.079 -0.006472383 -0.03219666 0.9994606 -3.51514
0.9698525 -0.2436822 -0.002274145 1160.578 0.2436394 0.9694027 0.02996925 236.894 -0.005098408 -0.02961982 0.9995483 -3.643304
0.9701028 -0.2426646 -0.003798768 1163.967 0.242663 0.9696071 0.03125332 237.7036 -0.003900762 -0.03124076 0.9995043 -3.832618
0.9703612 -0.2416574 -0.0009519013 1167.371 0.2415671 0.9698751 0.03142733 238.5087 -0.006671421 -0.03072581 0.9995056 -3.978065
0.970687 -0.2403458 -0.0008085347 1170.707 0.2402364 0.9701324 0.03361223 239.3096 -0.007294171 -0.03282119 0.9994346 -4.167248
0.971105 -0.2386511 0.0008147624 1174.106 0.2384841 0.9705426 0.03424218 240.1026 -0.008962696 -0.03305845 0.9994133 -4.342049
0.9716983 -0.2361888 -0.004149793 1177.483 0.2361867 0.9710729 0.0351165 240.9008 -0.004264371 -0.03510277 0.9993746 -4.508442
0.9720223 -0.2348714 -0.002832487 1180.873 0.2348334 0.9714626 0.03336925 241.6856 -0.005085827 -0.03310082 0.9994391 -4.694818
0.9724925 -0.2329014 -0.003925238 1184.252 0.232895 0.9718791 0.03479512 242.4665 -0.004288974 -0.03475216 0.9993868 -4.860474
0.9728216 -0.2315558 -0.0001161518 1187.653 0.2314188 0.9722286 0.03488535 243.2331 -0.00796498 -0.0339641 0.9993913 -5.035751
0.9731903 -0.2300012 0.0003064019 1190.999 0.2298322 0.9725248 0.03705075 243.998 -0.008819699 -0.03598701 0.9993134 -5.224666
0.9735775 -0.2283567 3.363658e-05 1194.373 0.228214 0.9729741 0.03521306 244.7587 -0.008073865 -0.03427496 0.9993798 -5.404097
0.9740726 -0.2262338 -0.0009304651 1197.709 0.2261198 0.9734336 0.03601154 245.5071 -0.00724128 -0.03528825 0.999351 -5.5892
0.9744871 -0.2244402 -0.001201147 1201.044 0.2243288 0.9738046 0.03716563 246.2489 -0.007171781 -0.03648688 0.9993084 -5.759497
0.9749088 -0.2226012 0.001240677 1204.397 0.2223957 0.9742203 0.03788373 246.9797 -0.009641655 -0.03665726 0.9992814 -5.946204
0.975139 -0.2215936 0.000565622 1207.738 0.2214237 0.9744848 0.03675752 247.7097 -0.008696423 -0.03571845 0.9993241 -6.13503
0.9755216 -0.2198966 0.001757346 1211.038 0.2196842 0.9748737 0.03687698 248.4335 -0.009822315 -0.03558823 0.9993182 -6.317111
0.9758964 -0.2182342 2.611009e-05 1214.314 0.2180879 0.9752468 0.03648788 249.1492 -0.007988367 -0.0356027 0.9993341 -6.485577
0.9764453 -0.2157631 -0.0008978567 1217.678 0.2156472 0.9757663 0.03709983 249.8508 -0.007128676 -0.03641957 0.9993111 -6.680785
0.9769453 -0.2134894 -0.0004161925 1221.021 0.2133574 0.9762688 0.0371179 250.5495 -0.007517963 -0.03635095 0.9993108 -6.844319
0.9772583 -0.2120522 -8.039549e-05 1224.368 0.2119087 0.976583 0.03715042 251.2514 -0.007799315 -0.0363226 0.9993097 -7.043618
0.9777303 -0.209858 0.001740105 1227.685 0.2096452 0.9770514 0.037678 251.934 -0.0096072 -0.03647412 0.9992884 -7.213753
0.9781833 -0.2077418 -0.0008595723 1231.004 0.2076204 0.977453 0.03846393 252.607 -0.007150372 -0.03780324 0.9992596 -7.389089
0.9783941 -0.2067445 0.001285785 1234.321 0.2065443 0.977685 0.0383628 253.2783 -0.00918839 -0.03726837 0.999263 -7.594373
0.9786662 -0.2054509 0.00155742 1237.632 0.2052379 0.9779452 0.03874076 253.9413 -0.009482395 -0.03759463 0.9992481 -7.766652
0.9789004 -0.2043278 0.002044794 1240.901 0.2041088 0.9782275 0.03756227 254.5993 -0.00967529 -0.03635237 0.9992922 -7.957457
0.9793898 -0.2019648 0.002423752 1244.191 0.2017477 0.9787704 0.03614349 255.2362 -0.00967201 -0.03490958 0.9993437 -8.138427
0.9798052 -0.1999267 0.003342506 1247.501 0.1996469 0.9790875 0.03910345 255.8821 -0.01109043 -0.03764644 0.9992296 -8.315724
0.9803477 -0.1972432 0.003680301 1250.771 0.1969612 0.9796613 0.03833918 256.5055 -0.01116759 -0.03686085 0.999258 -8.502289
0.9808691 -0.1945831 0.005769121 1254.051 0.1942155 0.9801767 0.03916375 257.1201 -0.01327536 -0.03729405 0.9992161 -8.685785
0.9813024 -0.1924444 0.0032649 1257.338 0.1921949 0.9806579 0.03702766 257.7337 -0.01032752 -0.03570783 0.9993089 -8.874853
0.9817326 -0.1901879 0.005449495 1260.597 0.1898488 0.9810739 0.03809769 258.3448 -0.01259208 -0.03636717 0.9992592 -9.058352
0.9822807 -0.1873444 0.005160916 1263.86 0.1870153 0.9816099 0.03830513 258.9326 -0.01224226 -0.03666122 0.9992527 -9.235727
0.982847 -0.1842807 0.007245717 1267.147 0.1838943 0.9822452 0.0371139 259.5164 -0.01395645 -0.03514484 0.9992847 -9.417776
0.983319 -0.1817558 0.006974346 1270.432 0.1813608 0.982661 0.03854469 260.0914 -0.01385914 -0.03663685 0.9992325 -9.603439
0.9838787 -0.1786675 0.007792667 1273.656 0.1782297 0.9831934 0.03956033 260.6477 -0.01472984 -0.03753368 0.9991868 -9.785408
0.9844218 -0.1757067 0.006400053 1276.928 0.1752954 0.9836346 0.04164858 261.1939 -0.01361325 -0.03987787 0.9991118 -9.966941
0.9848336 -0.173378 0.006549236 1280.156 0.1729506 0.984012 0.04252285 261.7424 -0.01381706 -0.04074524 0.999074 -10.16433
0.9853959 -0.1702267 0.004220105 1283.409 0.1699007 0.9845557 0.04223263 262.2782 -0.01134405 -0.04089887 0.9990989 -10.36128
0.985954 -0.1669791 0.003541975 1286.645 0.1667076 0.9851977 0.03992541 262.7917 -0.01015626 -0.03877415 0.9991964 -10.53792
0.9864506 -0.1640211 0.003517505 1289.894 0.1637554 0.9857035 0.0396592 263.3014 -0.009972162 -0.03854583 0.9992071 -10.72135
0.9870193 -0.1605212 0.005085464 1293.101 0.1601956 0.9862802 0.03985738 263.8019 -0.01141365 -0.03852533 0.9991924 -10.91694
0.9876025 -0.1568844 0.005346379 1296.329 0.1565398 0.9868257 0.04086834 264.2885 -0.01168755 -0.03952475 0.9991502 -11.09683
0.988167 -0.1532576 0.006163151 1299.545 0.1528986 0.9874464 0.03964272 264.7623 -0.01216133 -0.03823129 0.9991949 -11.27774
0.9885972 -0.1503892 0.007667533 1302.758 0.1499742 0.987893 0.03969273 265.2207 -0.01354406 -0.03809019 0.9991825 -11.47539
0.9892385 -0.1461782 0.00625566 1305.999 0.1458276 0.988538 0.03907343 265.6698 -0.01189564 -0.0377407 0.9992167 -11.64062
0.9897927 -0.1424014 0.005676632 1309.217 0.1420702 0.9890665 0.03954174 266.1064 -0.01124537 -0.03833165 0.9992018 -11.82684
0.9903028 -0.1388185 0.005457254 1312.437 0.1384926 0.9895529 0.04006124 266.5344 -0.01096148 -0.03891697 0.9991823 -12.01887
0.9908092 -0.1351258 0.006177836 1315.638 0.1347775 0.9900755 0.03981716 266.9435 -0.01149685 -0.03861858 0.9991879 -12.18928
0.9912402 -0.1319296 0.006118863 1318.879 0.1316039 0.9905654 0.03822086 267.3521 -0.0111036 -0.03708079 0.9992506 -12.38256
0.9917255 -0.1280716 0.008843308 1322.07 0.1276586 0.9911119 0.03742733 267.7373 -0.01355809 -0.03598871 0.9992602 -12.55644
0.9921653 -0.1246903 0.007764784 1325.268 0.1243223 0.9915479 0.03710471 268.1213 -0.01232575 -0.03584867 0.9992812 -12.71942
0.9926168 -0.12081 0.01081305 1328.466 0.1203241 0.9920125 0.03785633 268.4758 -0.0153001 -0.03627576 0.9992247 -12.91434
0.9930669 -0.1172046 0.009011504 1331.678 0.1167755 0.9924049 0.03867861 268.8329 -0.01347637 -0.03735812 0.9992111 -13.07605
0.9933743 -0.1146179 0.00837316 1334.871 0.1141978 0.9926534 0.03997737 269.1785 -0.01289377 -0.0387563 0.9991655 -13.27598
0.993652 -0.1121721 0.008554135 1338.06 0.1117958 0.9930739 0.0361402 269.5157 -0.01254881 -0.03495446 0.9993101 -13.43307
0.9938968 -0.110148 0.006050216 1341.237 0.109868 0.9933151 0.03541426 269.853 -0.009910581 -0.03453339 0.9993544 -13.61197
0.9941699 -0.1077411 0.004245902 1344.435 0.1075468 0.9936637 0.03265058 270.1761 -0.007736809 -0.03200359 0.9994578 -13.79332
0.9943932 -0.1055621 0.006238856 1347.621 0.1053247 0.9939667 0.03061171 270.4876 -0.00943265 -0.02978297 0.9995119 -13.91372
0.9945157 -0.1043342 0.007281936 1350.814 0.1040359 0.9940096 0.0334881 270.7934 -0.01073227 -0.03254685 0.9994126 -14.07977
0.9946377 -0.1027218 0.01200039 1353.975 0.1022483 0.9941428 0.0350071 271.0895 -0.01552609 -0.03359236 0.999315 -14.24777
0.9948866 -0.1003427 0.01148788 1357.147 0.09987642 0.9943571 0.03575585 271.3792 -0.0150109 -0.03442565 0.9992945 -14.40316
0.9951755 -0.09755311 0.01043934 1360.283 0.09715781 0.9947103 0.03333792 271.6452 -0.01363634 -0.03216283 0.9993896 -14.56792
0.9954461 -0.09462266 0.01155954 1363.448 0.09422448 0.9950632 0.03115674 271.9202 -0.01445061 -0.02992566 0.9994476 -14.72815
0.9956419 -0.09263267 0.01078604 1366.566 0.09226715 0.9952666 0.03051755 272.1819 -0.01356191 -0.02938936 0.999476 -14.88015
0.9958465 -0.09038893 0.01093781 1369.69 0.09003096 0.9954962 0.02969619 272.4354 -0.01357275 -0.02858811 0.9994991 -15.03317
0.995998 -0.08854052 0.0121936 1372.768 0.08813735 0.9956453 0.03037002 272.6895 -0.01482948 -0.02917376 0.9994643 -15.18621
0.996214 -0.08636137 0.009964152 1375.874 0.08602559 0.995833 0.03026882 272.9338 -0.01253669 -0.02929705 0.9994921 -15.34054
0.9964229 -0.08368998 0.01171657 1378.953 0.08330799 0.9960728 0.0299841 273.1558 -0.01417993 -0.02890076 0.9994817 -15.48338
0.9967167 -0.08042301 0.009373976 1382.02 0.08013821 0.996402 0.02758278 273.3668 -0.01155854 -0.026741 0.9995756 -15.6273
0.9968485 -0.07805091 0.01417952 1385.073 0.07766613 0.9966426 0.02591675 273.5806 -0.01615474 -0.0247338 0.9995635 -15.79548
0.9971326 -0.0749215 0.01064835 1388.109 0.07461664 0.9968573 0.02661007 273.7823 -0.01260855 -0.02573922 0.9995891 -15.9085
0.997268 -0.07297164 0.01147288 1391.112 0.07262446 0.99696 0.02821968 273.9744 -0.01349724 -0.02730937 0.9995359 -16.06968
0.9973672 -0.07090595 0.01519811 1394.114 0.07045798 0.9971155 0.02822301 274.1664 -0.01715545 -0.02707788 0.9994861 -16.18058
0.9974974 -0.06935066 0.01376192 1397.103 0.06894024 0.9972181 0.02834118 274.3398 -0.01568911 -0.0273215 0.9995036 -16.35997
0.9976571 -0.06679522 0.01479244 1400.073 0.06642331 0.9974943 0.02434775 274.5094 -0.01638169 -0.02330814 0.9995941 -16.48553
0.997798 -0.06497239 0.01332854 1403.014 0.06464019 0.9976199 0.02400094 274.6741 -0.01485622 -0.02308653 0.9996231 -16.61357
0.9979831 -0.06163035 0.01521376 1405.939 0.06129229 0.9978824 0.02176855 274.8185 -0.01652315 -0.02079216 0.9996473 -16.75541
0.998152 -0.05926923 0.01340787 1408.827 0.05893343 0.9979688 0.02418909 274.9682 -0.01481431 -0.02335422 0.9996175 -16.87472
0.9983794 -0.05544528 0.01282288 1411.719 0.0551357 0.9982057 0.02335262 275.1058 -0.01409467 -0.02260777 0.9996451 -17.01606
0.9985647 -0.05238168 0.01116701 1414.591 0.05209043 0.9983307 0.02494666 275.2371 -0.01245512 -0.02432916 0.9996264 -17.13873
0.9987602 -0.04887169 0.00946342 1417.433 0.04867179 0.9986084 0.02031221 275.3551 -0.01044294 -0.01982642 0.9997489 -17.27648
0.9988871 -0.04605995 0.01015023 1420.265 0.04585469 0.9987558 0.0196038 275.4554 -0.01104055 -0.01911655 0.9997563 -17.38581
0.9990041 -0.04302788 0.01180995 1423.058 0.04283245 0.9989487 0.01633 275.5537 -0.01250018 -0.01580788 0.9997969 -17.47457
0.9990709 -0.04064709 0.01432239 1425.852 0.04038519 0.9990199 0.01812443 275.6393 -0.01504505 -0.01752918 0.9997332 -17.62157
0.9991862 -0.03720745 0.01557436 1428.616 0.03693699 0.9991678 0.01730747 275.7224 -0.01620536 -0.01671811 0.9997289 -17.69754
0.9993285 -0.03368923 0.01440776 1431.359 0.03343192 0.9992836 0.01774164 275.7851 -0.01499514 -0.01724805 0.9997388 -17.82407
0.9994702 -0.02992453 0.0127977 1434.064 0.02971489 0.999426 0.01626878 275.8428 -0.01327719 -0.01587988 0.9997857 -17.91952
0.9995605 -0.02635461 0.01357292 1436.787 0.02614996 0.9995447 0.01504041 275.8898 -0.01396312 -0.01467887 0.9997948 -18.02467
0.9996378 -0.02303097 0.01392393 1439.47 0.02281264 0.9996173 0.01564095 275.9383 -0.01427883 -0.01531765 0.9997807 -18.10023
0.9996811 -0.01842325 0.01727236 1442.125 0.01813795 0.9996988 0.0165312 275.9638 -0.01757171 -0.01621264 0.9997141 -18.22467
0.9997406 -0.01525264 0.01691337 1444.761 0.01494664 0.999725 0.01807291 275.9816 -0.01718437 -0.01781543 0.9996936 -18.32471
0.9998344 -0.01117333 0.01436498 1447.391 0.01089561 0.9997549 0.01926774 275.9897 -0.01457675 -0.01910803 0.9997112 -18.42072
0.9998688 -0.007742111 0.01422914 1450.0 0.007474631 0.9997962 0.0187561 275.9937 -0.01437145 -0.01864728 0.9997228 -18.53963
0.9999061 -0.003677538 0.01319753 1452.569 0.003415358 0.9997975 0.01983369 275.98 -0.0132678 -0.01978675 0.9997162 -18.63848
0.9999592 0.0002756413 0.009023394 1455.115 -0.0004742546 0.9997574 0.0220162 275.9568 -0.009015137 -0.02201958 0.9997169 -18.76076
0.9999675 0.003803193 0.007105334 1457.676 -0.003952599 0.9997689 0.02113299 275.9404 -0.007023319 -0.02116039 0.9997514 -18.87083
0.9999587 0.007209124 0.005532163 1460.188 -0.007314111 0.9997889 0.0191981 275.9022 -0.005392594 -0.01923777 0.9998004 -18.96944
0.9999328 0.01085972 0.004063989 1462.703 -0.01092623 0.9998004 0.01671853 275.8641 -0.00388162 -0.01676181 0.999852 -19.053
0.9998847 0.01434106 0.004983917 1465.182 -0.0144121 0.9997907 0.01452286 275.8105 -0.0047746 -0.01459301 0.9998821 -19.17764
0.9998317 0.01778901 0.004473701 1467.66 -0.01785644 0.9997202 0.01551421 275.739 -0.004196467 -0.01559149 0.9998696 -19.23517
0.9997565 0.02158935 0.004555737 1470.128 -0.02165775 0.9996446 0.01554187 275.6644 -0.004218579 -0.01563676 0.9998688 -19.31891
0.9996701 0.02483749 0.006535033 1472.572 -0.0249389 0.999562 0.01592243 275.5746 -0.006136698 -0.01608016 0.9998519 -19.40637
0.9995869 0.02799581 0.006503467 1475.015 -0.02809298 0.9994872 0.01536417 275.487 -0.00607 -0.01554053 0.9998608 -19.4939
0.9994797 0.03149939 0.006946325 1477.444 -0.03159695 0.9993967 0.01441452 275.3881 -0.006488086 -0.0146265 0.999872 -19.58415
0.999364 0.03508261 0.006398584 1479.864 -0.03516503 0.9992936 0.01325967 275.2834 -0.00592888 -0.01347624 0.9998916 -19.65304
0.9992015 0.03889146 0.009153952 1482.271 -0.0389974 0.9991709 0.0116943 275.1637 -0.008691554 -0.01204195 0.9998897 -19.73971
0.9990499 0.0421106 0.01122374 1484.664 -0.04224803 0.9990314 0.01230292 275.0357 -0.01069478 -0.01276541 0.9998613 -19.81159
0.9989027 0.0455936 0.01070529 1487.056 -0.04571932 0.9988844 0.01180741 274.907 -0.010155 -0.0122839 0.999873 -19.89212
0.9987673 0.04892625 0.008369062 1489.43 -0.04904089 0.9986975 0.01409077 274.7713 -0.007668752 -0.01448383 0.9998657 -19.95434
0.9985837 0.05252635 0.00845661 1491.778 -0.05264 0.9985179 0.01382977 274.6308 -0.007717649 -0.01425534 0.9998686 -20.03741
0.9984055 0.05570097 0.0091561 1494.171 -0.05583183 0.9983318 0.01471742 274.4757 -0.008321051 -0.01520516 0.9998498 -20.11456
0.9981853 0.05922632 0.01087588 1496.526 -0.0593687 0.998148 0.01327076 274.315 -0.01006976 -0.01389236 0.9998528 -20.18639
0.9979818 0.06243006 0.01160787 1498.885 -0.06256802 0.9979694 0.01192734 274.1432 -0.01083967 -0.01262955 0.9998615 -20.26506
0.9977846 0.06548793 0.01171374 1501.232 -0.06560574 0.9977958 0.009972102 273.9678 -0.01103487 -0.0107185 0.9998817 -20.32584
0.9976154 0.06822783 0.01041827 1503.591 -0.06832511 0.9976197 0.009284537 273.7869 -0.00976001 -0.009974226 0.9999026 -20.39633
0.997421 0.07122496 0.008858713 1505.944 -0.0712755 0.9974414 0.005527014 273.6026 -0.008442386 -0.006144169 0.9999455 -20.45931
0.9971981 0.07356845 0.01355247 1508.289 -0.07369567 0.997239 0.009139718 273.4138 -0.01284265 -0.01011287 0.9998664 -20.5134
0.9970295 0.07599592 0.01251739 1510.632 -0.07617278 0.9969919 0.01431686 273.203 -0.01139171 -0.01522782 0.9998192 -20.55827
0.9968823 0.07761624 0.01419018 1512.948 -0.07780077 0.9968848 0.01294865 273.002 -0.01314095 -0.01401229 0.9998155 -20.64431
0.9967785 0.07868533 0.01553111 1515.292 -0.07885469 0.9968297 0.01061097 272.7969 -0.01464695 -0.01180148 0.9998231 -20.72811
0.9966618 0.07981451 0.01716979 1517.628 -0.08001131 0.9967322 0.01109678 272.5897 -0.016228 -0.01243352 0.999791 -20.7728
0.996625 0.08079769 0.01450138 1519.95 -0.08097259 0.9966452 0.01190721 272.3759 -0.01349066 -0.01304124 0.9998239 -20.86464
0.9965196 0.08169147 0.01659089 1522.274 -0.08190621 0.996559 0.01270359 272.1658 -0.01549603 -0.01401828 0.9997817 -20.92771
0.9964842 0.08276925 0.01297842 1524.581 -0.0829278 0.9964811 0.01219366 271.9508 -0.01192349 -0.01322706 0.9998415 -20.98314
0.9963275 0.08397216 0.01673975 1526.896 -0.08418211 0.996375 0.01225703 271.731 -0.01564982 -0.0136212 0.9997848 -21.07969
0.9962544 0.08493231 0.01623994 1529.21 -0.08514017 0.9962897 0.0125659 271.5152 -0.01511244 -0.0139015 0.9997892 -21.13802
0.9961984 0.08565922 0.01585227 1531.526 -0.08582915 0.9962559 0.01036793 271.2918 -0.01490481 -0.0116891 0.9998206 -21.20789
0.9960624 0.0871157 0.01644905 1533.836 -0.08728173 0.9961369 0.009659593 271.0655 -0.01554401 -0.01105726 0.999818 -21.26969
0.9958641 0.08937035 0.01635826 1536.148 -0.08955456 0.9959222 0.01089669 270.8307 -0.01531771 -0.01231658 0.9998068 -21.32027
0.9956545 0.09146527 0.01749956 1538.449 -0.09167341 0.9957229 0.01148464 270.5998 -0.01637426 -0.01303898 0.9997809 -21.39577
0.9953465 0.09389593 0.02165284 1540.761 -0.09411426 0.9955181 0.009292653 270.358 -0.02068326 -0.01128725 0.9997224 -21.45711
0.9950297 0.09708852 0.02212936 1543.054 -0.09726014 0.9952357 0.006812932 270.1011 -0.02136247 -0.008931374 0.9997319 -21.51913
0.9947268 0.1002144 0.02181128 1545.393 -0.1003766 0.9949286 0.006470898 269.8533 -0.02105219 -0.008626116 0.9997411 -21.57001
0.9943703 0.1038709 0.02094331 1547.692 -0.104088 0.9945222 0.009551635 269.5958 -0.01983645 -0.01167781 0.9997351 -21.63148
0.9939681 0.1071528 0.02335877 1549.992 -0.1074849 0.9941157 0.01345222 269.3221 -0.02177987 -0.01588179 0.9996367 -21.71371
0.9936318 0.1098568 0.02504724 1552.295 -0.1102103 0.9938207 0.01319502 269.0425 -0.0234429 -0.01587145 0.9995992 -21.77317
0.9932294 0.1125615 0.02872851 1554.601 -0.1128781 0.9935621 0.009643199 268.7534 -0.0274581 -0.01282073 0.9995407 -21.80406
0.9930012 0.1154423 0.02493426 1556.903 -0.1158234 0.9931651 0.01441642 268.4669 -0.02309958 -0.0172035 0.9995852 -21.84663
0.992726 0.1189771 0.01842551 1559.175 -0.1192255 0.9927818 0.01302578 268.1807 -0.01674274 -0.01512782 0.9997454 -22.01633
0.9921717 0.1223245 0.02513928 1561.495 -0.1226274 0.9923934 0.01087745 267.8754 -0.02361747 -0.01387507 0.9996248 -22.02966
0.9921444 0.1241547 0.01533245 1563.811 -0.1243672 0.9921405 0.01378113 267.5698 -0.01350095 -0.01557972 0.9997874 -22.0029
0.9919775 0.1261335 0.008423614 1566.099 -0.126224 0.991938 0.0112551 267.2532 -0.006936058 -0.01222807 0.9999012 -22.1629
0.9977832 0.06654706 0.0004544941 1568.149 -0.06654859 0.9977645 0.006087245 269.39 -4.838988e-05 -0.006103997 0.9999813 -22.04895