1.0 0.0 0.0 0.0 0.0 1.0 0.0 0.0 0.0 0.0 1.0 0.0
0.9999912 0.003945753 0.001434793 0.9082358 -0.00394578 0.9999923 1.518997e-05 -0.007566479 -0.001434722 -2.085121e-05 0.999999 -0.01214898
0.9999829 0.004996847 0.0030471 1.598868 -0.004999245 0.9999872 0.0007798964 -0.01746625 -0.003043164 -0.0007951162 0.9999951 -0.02743108
0.9999632 0.007396764 0.00435809 2.265303 -0.00739393 0.9999726 -0.0006660046 -0.0317016 -0.004362896 0.0006337566 0.9999903 -0.0406574
0.9999454 0.009463545 0.004427821 2.899838 -0.009463787 0.9999552 3.38991e-05 -0.05122346 -0.004427302 -7.580121e-05 0.9999902 -0.05840192
0.9999306 0.01122591 0.003569748 3.532064 -0.01122941 0.9999365 0.0009619014 -0.06461813 -0.003558723 -0.001001921 0.9999931 -0.06927891
0.9999195 0.01180882 0.004651253 4.150246 -0.01182094 0.9999268 0.002587548 -0.0760817 -0.004620356 -0.002642322 0.9999858 -0.0824112
0.9999084 0.0124992 0.00519214 4.769481 -0.01251351 0.999918 0.002733102 -0.09161679 -0.005157552 -0.002797823 0.9999828 -0.07970071
0.9998975 0.01329218 0.005323755 5.359844 -0.01330562 0.9999084 0.002497063 -0.1109334 -0.005290075 -0.002567643 0.9999827 -0.1107336
0.9998916 0.0137853 0.005175109 5.954453 -0.01379434 0.9999034 0.001716393 -0.1209538 -0.005150947 -0.001787594 0.9999852 -0.1227417
0.9998795 0.01479371 0.004705459 6.528867 -0.01479969 0.9998897 0.001239342 -0.1401915 -0.004686605 -0.001308832 0.9999881 -0.1245672
0.999868 0.01527676 0.005528824 7.084531 -0.0152832 0.9998827 0.001123839 -0.1523051 -0.005511006 -0.001208188 0.9999841 -0.1373814
0.9998451 0.01683646 0.005116705 7.633627 -0.0168435 0.9998573 0.001337318 -0.171917 -0.00509346 -0.001423294 0.999986 -0.1508109
0.9998108 0.0180954 0.00713479 8.158557 -0.01810837 0.9998344 0.001757522 -0.1934847 -0.007101806 -0.001886389 0.999973 -0.1703089
0.9997986 0.01913242 0.00605923 8.693336 -0.01914374 0.9998151 0.001816518 -0.2117433 -0.006023355 -0.001932148 0.99998 -0.1748022
0.9997773 0.02016354 0.006222778 9.207459 -0.02017778 0.9997939 0.002233636 -0.2254299 -0.006176458 -0.002358701 0.9999781 -0.1929977
0.9997627 0.02084356 0.006334078 9.700691 -0.02085683 0.9997803 0.002035811 -0.2431993 -0.006290254 -0.002167436 0.9999779 -0.1951038
0.9997517 0.02163783 0.005318864 10.19002 -0.02164678 0.9997644 0.001630275 -0.2565148 -0.005282335 -0.001745007 0.9999845 -0.2176875
0.9997268 0.0227257 0.005475501 10.65685 -0.02273582 0.99974 0.001792315 -0.2725368 -0.005433345 -0.001916315 0.9999834 -0.2287933
0.9997124 0.02352557 0.004648844 11.1123 -0.02352999 0.9997227 0.000899212 -0.2878736 -0.004626401 -0.001008341 0.9999888 -0.2262092
0.9996905 0.02437576 0.00496501 11.5501 -0.02437895 0.9997026 0.0005836143 -0.3042962 -0.004949308 -0.0007044754 0.9999875 -0.2409556
0.9996696 0.02521428 0.004993967 11.96981 -0.02522154 0.999681 0.001394818 -0.322312 -0.004957204 -0.001520313 0.9999865 -0.2486844
0.9996641 0.02543087 0.005004027 12.39327 -0.02544412 0.9996729 0.002601588 -0.3374764 -0.00493623 -0.002728037 0.9999841 -0.2609879
0.9996436 0.02642426 0.003813135 12.81393 -0.0264365 0.9996455 0.003194988 -0.3526286 -0.003727357 -0.003294655 0.9999876 -0.2688695
0.9996319 0.0268934 0.003568676 13.22458 -0.02690546 0.9996324 0.003373744 -0.3674224 -0.003476633 -0.00346852 0.999988 -0.276906
0.9996164 0.02743406 0.003791322 13.65392 -0.02744946 0.9996148 0.004071515 -0.3828751 -0.003678164 -0.004174022 0.9999845 -0.2792446
0.999579 0.02861024 0.004816643 14.06346 -0.02862965 0.9995819 0.004010136 -0.4038401 -0.004699899 -0.004146346 0.9999803 -0.2932981
0.9995666 0.02900673 0.005024141 14.47345 -0.02902816 0.9995695 0.004246498 -0.4194625 -0.004898802 -0.004390499 0.9999784 -0.2956724
0.9995451 0.0296942 0.0052763 14.8889 -0.02971589 0.9995501 0.004079849 -0.4406828 -0.005152778 -0.004234783 0.9999778 -0.3088961
0.9995142 0.030621 0.005800826 15.30861 -0.03065152 0.9995164 0.005248008 -0.4612301 -0.005637321 -0.005423263 0.9999694 -0.3203529
0.9995011 0.03126797 0.004448892 15.72819 -0.03129164 0.999496 0.005353273 -0.4718882 -0.004279263 -0.005489815 0.9999758 -0.3312267
0.9994842 0.03168112 0.005249735 16.14132 -0.03171035 0.9994814 0.005581204 -0.4909387 -0.005070194 -0.005744796 0.9999707 -0.3277001
0.9994743 0.03211994 0.004403736 16.55502 -0.03214456 0.9994674 0.005637589 -0.5130512 -0.004220312 -0.005776182 0.9999744 -0.3452767
0.999453 0.0326977 0.004949499 16.96334 -0.03272318 0.999451 0.005159063 -0.5264037 -0.004778093 -0.005318205 0.9999744 -0.3543525
0.9994254 0.03372626 0.003368587 17.37879 -0.03374292 0.9994179 0.005020887 -0.5514101 -0.00319729 -0.005131668 0.9999817 -0.3622061
0.9994117 0.03406671 0.003958 17.78845 -0.03408487 0.9994081 0.004614658 -0.5671321 -0.003798452 -0.004746851 0.9999815 -0.3656628
0.9993938 0.03458088 0.004037201 18.21438 -0.03459711 0.9993932 0.004023488 -0.5853429 -0.003895616 -0.004160724 0.9999837 -0.3741147
0.9993599 0.0355982 0.003541507 18.63237 -0.03560905 0.9993612 0.003048613 -0.6070383 -0.003430719 -0.003172771 0.9999891 -0.3878609
0.9993428 0.03613931 0.002811704 19.05755 -0.03614701 0.9993427 0.002736893 -0.6229346 -0.002710946 -0.002836729 0.9999923 -0.3969454
0.9993322 0.03653216 0.0006396252 19.49926 -0.03653349 0.99933 0.002216554 -0.6367961 -0.0005582212 -0.002238441 0.9999973 -0.415383
0.9993207 0.036844 -0.000718857 19.93142 -0.03684174 0.9993168 0.002936072 -0.6635597 0.0008265426 -0.002907594 0.9999954 -0.4160898
0.9993296 0.03661026 -0.0002426949 20.37851 -0.03660917 0.9993234 0.003549164 -0.6764967 0.0003724665 -0.0035379 0.9999937 -0.4143322
0.999342 0.03626701 -0.0005625727 20.83014 -0.03626258 0.999321 0.006523743 -0.7001791 0.0007987873 -0.00649905 0.9999785 -0.4288175
0.9993527 0.03597071 -0.0005999949 21.28267 -0.03596401 0.9993138 0.0088454 -0.7186191 0.0009177586 -0.008818096 0.9999607 -0.4423603
0.9993364 0.03634883 -0.002332254 21.7606 -0.03632013 0.9992757 0.01135093 -0.7413986 0.002743158 -0.01125869 0.9999329 -0.4565727
0.9993544 0.03564924 -0.004455841 22.23929 -0.03559514 0.9992981 0.01168169 -0.7525186 0.004869157 -0.01151554 0.9999219 -0.4676611
0.9993637 0.03537061 -0.004602462 22.73268 -0.03531036 0.9992975 0.01257324 -0.7749217 0.00504395 -0.01240273 0.9999104 -0.4633319
0.9993708 0.03516145 -0.004668531 23.2366 -0.03511365 0.9993336 0.009954162 -0.802744 0.005015424 -0.009783968 0.9999396 -0.4751445
0.9993674 0.03546744 -0.002616012 23.75167 -0.03544401 0.9993353 0.008518357 -0.8284169 0.002916398 -0.008420246 0.9999603 -0.4909367
0.9993684 0.03524998 -0.004491496 24.2779 -0.03521414 0.9993491 0.007824834 -0.8437431 0.004764398 -0.007661728 0.9999593 -0.5046306
0.9993643 0.0352327 -0.005453861 24.81027 -0.03517979 0.9993356 0.009510349 -0.8691865 0.005785313 -0.009312437 0.9999399 -0.5291513
0.9993435 0.03497192 -0.009459653 25.35109 -0.03486645 0.9993305 0.01109278 -0.884797 0.009841255 -0.01075567 0.9998937 -0.529912
0.9993629 0.03440452 -0.009496342 25.91128 -0.03429475 0.9993457 0.01148981 -0.9065046 0.00988543 -0.01115681 0.9998889 -0.5342223
0.9993675 0.03442844 -0.008905824 26.48954 -0.03434448 0.9993657 0.009415639 -0.9339279 0.00922434 -0.009103817 0.999916 -0.5378597
0.9993693 0.03486777 -0.006727138 27.07676 -0.03482477 0.9993727 0.006406735 -0.9649475 0.006946308 -0.006168424 0.9999568 -0.5513175
0.9993481 0.03509172 -0.008483337 27.66236 -0.03504261 0.9993685 0.005869618 -0.9892554 0.008683955 -0.005568513 0.9999468 -0.5793198
0.9993192 0.03524788 -0.01089657 28.25828 -0.03518127 0.9993614 0.006245744 -1.004948 0.01110976 -0.005858137 0.9999211 -0.5882842
0.9993009 0.03561508 -0.01137092 28.87214 -0.03550543 0.9993224 0.009703858 -1.033235 0.01170882 -0.009293344 0.9998882 -0.5991262
0.9992856 0.03578465 -0.01215464 29.48977 -0.03564347 0.9992969 0.01163992 -1.065956 0.01256262 -0.01119837 0.9998584 -0.6087767
0.9992958 0.03564054 -0.01173101 30.12805 -0.03549977 0.9992977 0.01199636 -1.089523 0.01215033 -0.01157147 0.9998592 -0.6210331
0.9992915 0.0357136 -0.01187615 30.77103 -0.03557795 0.9993016 0.01144358 -1.116132 0.01227654 -0.01101294 0.999864 -0.6292144
0.9992782 0.03608215 -0.01188093 31.42184 -0.035948 0.9992896 0.01131728 -1.152629 0.01228084 -0.01088202 0.9998654 -0.6535866
0.9992774 0.03621253 -0.01154972 32.08568 -0.03608203 0.9992847 0.01131393 -1.180511 0.01195117 -0.01088901 0.9998693 -0.6626577
0.9992675 0.03615985 -0.01253028 32.75943 -0.03597753 0.9992477 0.01448195 -1.200991 0.01304452 -0.01402054 0.9998166 -0.6946062
0.9992197 0.03626249 -0.01565446 33.45076 -0.03598702 0.9991986 0.01753389 -1.230544 0.01627774 -0.01695685 0.9997237 -0.6953977
0.9992129 0.03620451 -0.01621326 34.14773 -0.03593141 0.9992126 0.01683026 -1.258768 0.01680982 -0.01623445 0.9997269 -0.7235959
0.9992257 0.03682517 -0.01384839 34.86409 -0.03665171 0.999249 0.01257716 -1.298868 0.01430114 -0.01205986 0.999825 -0.7337155
0.9992096 0.03726841 -0.01382999 35.59053 -0.03714957 0.9992714 0.008752548 -1.338945 0.01414611 -0.008231851 0.9998661 -0.7511181
0.9991862 0.03749913 -0.01485681 36.31441 -0.0374022 0.9992776 0.006749686 -1.362256 0.01509918 -0.006188516 0.9998668 -0.7716169
0.9992077 0.03769572 -0.01276756 37.05474 -0.03757503 0.999248 0.00956494 -1.398516 0.01311851 -0.00907762 0.9998727 -0.7775392
0.9992353 0.037398 -0.01140886 37.7989 -0.03724833 0.9992206 0.01306074 -1.432698 0.01188842 -0.01262579 0.9998496 -0.7998008
0.9992445 0.03727263 -0.01101029 38.5643 -0.03711894 0.9992148 0.01384796 -1.469626 0.01151779 -0.01342881 0.9998435 -0.8153742
0.9992774 0.03647603 -0.01068986 39.34613 -0.03634816 0.9992681 0.01192202 -1.506106 0.0111169 -0.01152485 0.9998718 -0.8293353
0.9993334 0.03493407 -0.0106025 40.12498 -0.03483127 0.999346 0.00973036 -1.538196 0.01093548 -0.009354576 0.9998965 -0.8556181
0.9993749 0.0341376 -0.00918639 40.92337 -0.03406098 0.9993845 0.008372121 -1.5741 0.009466541 -0.008053991 0.9999228 -0.8733068
0.9994164 0.0335684 -0.00633284 41.73267 -0.03350727 0.9993931 0.009522805 -1.613875 0.006648662 -0.009305051 0.9999346 -0.8623301
0.9994691 0.03222083 -0.004824458 42.5404 -0.03216042 0.9994092 0.01211501 -1.654892 0.005211963 -0.01195342 0.9999149 -0.9122319
0.9995216 0.03089402 -0.001481424 43.36259 -0.03087329 0.9994462 0.01241161 -1.683594 0.001864048 -0.01235994 0.9999219 -0.919055
0.9995802 0.02878152 -0.003319872 44.20541 -0.02873824 0.9995097 0.01242229 -1.715701 0.003675777 -0.01232167 0.9999173 -0.9399729
0.9996328 0.02709404 -0.000310488 45.04586 -0.027091 0.9996055 0.00741231 -1.746263 0.0005111949 -0.007401177 0.9999725 -0.9625512
0.999663 0.02591112 0.001599185 45.88863 -0.02592211 0.9996372 0.007286455 -1.786844 -0.001409805 -0.007325453 0.9999722 -0.9843746
0.9996842 0.02502679 0.00225894 46.74646 -0.02503979 0.9996688 0.005921901 -1.81852 -0.002109986 -0.005976595 0.9999799 -0.979423
0.999712 0.02398743 0.0007348892 47.60762 -0.0239928 0.9996762 0.008483399 -1.847145 -0.0005311564 -0.008498587 0.9999638 -1.044839
0.9997162 0.02380311 0.0009948912 48.48547 -0.02381009 0.9996866 0.007718199 -1.871806 -0.0008108623 -0.007739697 0.9999697 -1.007264
0.9997358 0.02298489 0.0003495997 49.35281 -0.02298706 0.9996979 0.008684985 -1.898844 -0.0001498706 -0.008690726 0.9999622 -1.068627
0.9997585 0.02194567 0.001116351 50.23886 -0.02195427 0.9997237 0.008382653 -1.934454 -0.00093208 -0.008405137 0.9999642 -1.060279
0.9997866 0.02051536 0.002413621 51.11933 -0.02053872 0.999738 0.01009151 -1.951045 -0.002205958 -0.01013892 0.9999462 -1.097576
0.9998072 0.01938544 0.00312 52.00061 -0.01941771 0.9997544 0.01066998 -1.97778 -0.002912392 -0.0107285 0.9999382 -1.126123
0.9998198 0.01878363 0.002744879 52.88541 -0.01881349 0.9997593 0.01129062 -2.003834 -0.002532139 -0.01134022 0.9999325 -1.137562
0.9998439 0.01757341 -0.001840441 53.76224 -0.01754998 0.9997733 0.01205498 -2.026383 0.002051871 -0.0120208 0.9999256 -1.170668
0.9998593 0.01666302 -0.001925382 54.66537 -0.01664247 0.9998091 0.01023747 -2.055005 0.002095602 -0.01020399 0.9999458 -1.186481
0.9998602 0.01609289 -0.004538484 55.55228 -0.01606334 0.99985 0.006474166 -2.073098 0.004641991 -0.006400357 0.9999688 -1.211495
0.9998526 0.0163431 -0.005262823 56.42339 -0.01631551 0.9998531 0.00524297 -2.096924 0.005347736 -0.005156332 0.9999724 -1.243356
0.9998326 0.01666828 -0.007550246 57.3066 -0.01662065 0.9998417 0.006328018 -2.121881 0.007654529 -0.006201469 0.9999515 -1.254193
0.9998226 0.01695953 -0.008200541 58.17506 -0.01689028 0.9998218 0.008442027 -2.141779 0.008342251 -0.008302019 0.9999307 -1.290319
0.9997884 0.01833986 -0.009316878 59.04845 -0.01824898 0.999786 0.00974831 -2.174997 0.009493668 -0.009576224 0.9999091 -1.299939
0.9997862 0.01919881 -0.007680321 59.92339 -0.0191327 0.9997801 0.008590239 -2.20759 0.007843554 -0.008441457 0.9999336 -1.313949
0.9998077 0.01903293 -0.004730378 60.78586 -0.01899628 0.9997901 0.007674212 -2.224016 0.004875448 -0.007582876 0.9999593 -1.342026
0.9998083 0.01880367 -0.005452567 61.65356 -0.01875793 0.9997895 0.008321989 -2.247529 0.005607903 -0.008218115 0.9999505 -1.37286
0.9998147 0.01826099 -0.006091215 62.50007 -0.018199 0.9997835 0.01008098 -2.272001 0.006273985 -0.00996826 0.9999306 -1.387425
0.999829 0.01755437 -0.005818855 63.36153 -0.01749186 0.9997905 0.01062501 -2.292437 0.006004152 -0.01052141 0.9999266 -1.416506
0.9998349 0.01721544 -0.005816911 64.21852 -0.0171544 0.9997988 0.01038511 -2.315799 0.005994525 -0.01028361 0.9999291 -1.440432
0.9998316 0.01705878 -0.006762134 65.07487 -0.01699576 0.9998126 0.00927017 -2.343112 0.006919004 -0.009153682 0.9999341 -1.44783
0.9998462 0.01654817 -0.005819625 65.91433 -0.01649884 0.9998282 0.008424394 -2.363972 0.005958035 -0.00832708 0.9999476 -1.493889
0.9998602 0.01631681 -0.003666105 66.75929 -0.0162869 0.999835 0.008044671 -2.389539 0.003796763 -0.007983837 0.9999609 -1.498857
0.9998667 0.01572018 -0.004410915 67.60143 -0.01568138 0.9998393 0.008697256 -2.406976 0.004546928 -0.008626929 0.9999524 -1.52485
0.9998749 0.01546867 -0.003286025 68.43377 -0.0154364 0.9998344 0.009629312 -2.433411 0.003434434 -0.009577383 0.9999483 -1.565937
0.9998924 0.01445759 -0.002469129 69.27895 -0.01442844 0.9998304 0.01144084 -2.452387 0.002634117 -0.01140398 0.9999315 -1.56073
0.9999076 0.01310644 -0.003606437 70.10567 -0.01306128 0.9998394 0.01227279 -2.472225 0.00376671 -0.01222455 0.9999182 -1.595495
0.9999251 0.01193535 -0.002710656 70.93741 -0.0118993 0.9998454 0.01294992 -2.485183 0.002864798 -0.0129167 0.9999125 -1.622683
0.999939 0.01028064 -0.004044601 71.77464 -0.01023542 0.9998866 0.01104565 -2.501896 0.004157699 -0.01100358 0.9999308 -1.641613
0.9999561 0.008849656 -0.003097027 72.60579 -0.008822892 0.9999245 0.008551243 -2.522666 0.003172469 -0.008523542 0.9999586 -1.665028
0.9999677 0.007625109 -0.002551126 73.4351 -0.007610942 0.9999559 0.005517622 -2.539234 0.002593086 -0.005498026 0.9999815 -1.673007
0.9999786 0.006534533 0.000308277 74.25105 -0.006535447 0.999974 0.003066918 -2.556872 -0.0002882281 -0.003068867 0.9999952 -1.709401
0.9999831 0.005490501 0.001937803 75.06787 -0.005499299 0.9999745 0.004564126 -2.567949 -0.001912694 -0.004574705 0.9999877 -1.715299
0.9999856 0.004528696 0.002884739 75.88078 -0.004551704 0.9999573 0.00801976 -2.581116 -0.002848298 -0.008032775 0.9999637 -1.752684
0.9999887 0.004359716 0.001886873 76.695 -0.004380471 0.9999284 0.0111389 -2.595434 -0.001838175 -0.01114704 0.9999362 -1.768076
0.9999907 0.004177593 0.001090587 77.49776 -0.004189484 0.9999293 0.01113926 -2.605772 -0.001043974 -0.01114373 0.9999374 -1.787978
0.9999877 0.004769177 0.001357456 78.30866 -0.004780789 0.9999508 0.00868362 -2.623978 -0.001315975 -0.008690003 0.9999614 -1.811148
0.9999802 0.006287772 0.0002179337 79.12904 -0.006289038 0.9999597 0.006400404 -2.647003 -0.0001776807 -0.006401649 0.9999795 -1.828439
0.9999683 0.007901696 0.0009979072 79.92319 -0.00790732 0.9999521 0.005762247 -2.669496 -0.000952328 -0.005769955 0.9999829 -1.841681
0.9999571 0.009072145 0.001832895 80.72937 -0.009084342 0.9999359 0.00675979 -2.682879 -0.001771452 -0.006776152 0.9999754 -1.863856
0.9999396 0.01074586 0.002336641 81.5256 -0.01076557 0.9999051 0.008590855 -2.694027 -0.002244104 -0.00861549 0.9999604 -1.910697
0.9999321 0.01153408 0.001639133 82.33566 -0.01154776 0.9998964 0.008600762 -2.718916 -0.001539761 -0.008619107 0.9999617 -1.893446
0.9999293 0.01187989 0.000516373 83.12445 -0.01188404 0.9998893 0.008951674 -2.731588 -0.0004099709 -0.008957178 0.9999598 -1.933327
0.999922 0.01243394 0.001131555 83.91898 -0.0124411 0.9999012 0.006551469 -2.746722 -0.001049983 -0.006565037 0.9999779 -1.947934
0.999909 0.01347707 0.0004868119 84.70615 -0.01348021 0.9998835 0.007153688 -2.762863 -0.0003903444 -0.007159601 0.9999743 -1.966563
0.999888 0.01495627 -0.0005574673 85.51111 -0.0149526 0.9998698 0.006085385 -2.788281 0.0006484093 -0.006076368 0.9999813 -1.984643
0.9998716 0.01593617 -0.001713219 86.29142 -0.01592179 0.9998404 0.008105277 -2.800766 0.001842112 -0.008076959 0.9999657 -2.0152
0.9998587 0.01664323 -0.002378329 87.08035 -0.01662079 0.9998199 0.009161415 -2.824751 0.002530376 -0.009120589 0.9999552 -2.018759
0.9998441 0.01749462 -0.00239137 87.86421 -0.0174694 0.9997954 0.01018958 -2.846717 0.002569144 -0.01014621 0.9999452 -2.046007
0.9998161 0.01874666 -0.004051509 88.64656 -0.01870621 0.9997771 0.00980188 -2.868832 0.004234358 -0.009724287 0.9999437 -2.07668
0.9997792 0.02056132 -0.004325687 89.41308 -0.02052246 0.9997504 0.008844283 -2.893204 0.004506457 -0.008753558 0.9999515 -2.090698
0.9997373 0.02237378 -0.0049806 90.19415 -0.02233154 0.9997156 0.008381033 -2.920408 0.005166699 -0.008267608 0.9999525 -2.116678
0.9996812 0.02470911 -0.005181682 90.96725 -0.02465871 0.99965 0.009573044 -2.951599 0.005416411 -0.00944222 0.9999408 -2.128752
0.9996238 0.02709159 -0.004275197 91.73779 -0.02704674 0.9995818 0.01022275 -2.978603 0.00455036 -0.01010328 0.9999386 -2.152668
0.9995654 0.0291423 -0.004438626 92.51602 -0.02909376 0.9995201 0.01063379 -3.019271 0.004746389 -0.01050003 0.9999336 -2.167696
0.9994748 0.03214009 -0.00414993 93.28178 -0.03209407 0.9994273 0.01071758 -3.043601 0.004492018 -0.01057876 0.999934 -2.212962
0.9993575 0.03526002 -0.006420576 94.04565 -0.03519659 0.9993329 0.00973737 -3.08366 0.006759633 -0.009505131 0.999932 -2.221555
0.9992032 0.03936107 -0.006610656 94.80162 -0.03928776 0.9991686 0.01087514 -3.124611 0.007033217 -0.01060675 0.999919 -2.24797
0.9989693 0.04462146 -0.008326629 95.5628 -0.04453875 0.9989589 0.009867151 -3.174473 0.008758247 -0.009486123 0.9999167 -2.257155
0.9987118 0.05001981 -0.008528493 96.3261 -0.04994243 0.998711 0.009056742 -3.225358 0.008970518 -0.008619142 0.9999226 -2.280363
0.9984233 0.05550732 -0.00836061 97.08933 -0.05543936 0.9984288 0.008152351 -3.282835 0.00879999 -0.00767599 0.9999318 -2.287477
0.9981401 0.06045401 -0.00785318 97.83868 -0.06037965 0.9981314 0.009384733 -3.3333 0.008405849 -0.008893106 0.9999251 -2.321306
0.9978002 0.06589181 -0.007281277 98.58755 -0.06581438 0.9977776 0.01040581 -3.400545 0.007950753 -0.009903705 0.9999194 -2.336159
0.9974254 0.07125491 -0.008074985 99.339 -0.07116486 0.9974045 0.01093898 -3.461621 0.008833482 -0.01033616 0.9999076 -2.36605
0.9970449 0.0763917 -0.008117967 100.0974 -0.07629941 0.9970229 0.01112917 -3.527 0.008943976 -0.01047689 0.9999051 -2.375408
0.9966438 0.08120205 -0.01036315 100.8427 -0.08108882 0.996647 0.0109157 -3.589437 0.01121478 -0.01003873 0.9998867 -2.399635
0.9962333 0.08618665 -0.009543439 101.5964 -0.08608648 0.9962329 0.01045247 -3.667095 0.01040835 -0.009591538 0.9998998 -2.428153
0.9957822 0.09111263 -0.01078333 102.3586 -0.09100378 0.9957985 0.0101889 -3.747888 0.01166636 -0.009164603 0.99989 -2.434128
0.995346 0.09570049 -0.01130054 103.1033 -0.09557556 0.99536 0.01112233 -3.823166 0.01231252 -0.009990515 0.9998743 -2.471466
0.9949194 0.1000951 -0.01078695 103.8618 -0.09997116 0.9949243 0.01147216 -3.914058 0.01188051 -0.01033549 0.999876 -2.474183
0.9944749 0.1041984 -0.01274131 104.6113 -0.1040504 0.9945022 0.01177652 -3.992695 0.01389836 -0.01038572 0.9998495 -2.516384
0.9940066 0.108508 -0.01330212 105.3691 -0.1083724 0.9940547 0.01052051 -4.087138 0.01436459 -0.009015874 0.9998562 -2.523965
0.9937175 0.1110118 -0.01420896 106.1349 -0.1108911 0.9937917 0.009016989 -4.182801 0.01512173 -0.007384693 0.9998584 -2.533199
0.993407 0.1140411 -0.01171285 106.9036 -0.1139336 0.9934433 0.009468845 -4.289614 0.01271589 -0.00807193 0.9998866 -2.552709
0.9931235 0.1165923 -0.01058273 107.6599 -0.1164756 0.993132 0.01104948 -4.384137 0.01179833 -0.009740867 0.9998829 -2.579576
0.9927914 0.1192527 -0.0120062 108.4256 -0.1191045 0.9928044 0.01239021 -4.480917 0.01339738 -0.0108709 0.9998512 -2.608767
0.9925451 0.1212756 -0.01210674 109.2021 -0.1211132 0.9925491 0.01334676 -4.586202 0.01363517 -0.01178097 0.9998376 -2.606566
0.9924249 0.1224174 -0.01033489 109.9897 -0.1222529 0.9923812 0.01528188 -4.689967 0.01212692 -0.01390265 0.9998298 -2.647698
0.9922833 0.1236147 -0.009650039 110.7774 -0.1234482 0.9922175 0.01627746 -4.804665 0.01158707 -0.01496057 0.9998209 -2.648515
0.9922885 0.1236014 -0.0092791 111.592 -0.123425 0.9921969 0.01765247 -4.909012 0.01138856 -0.01637107 0.9998011 -2.686697
0.9923934 0.1227241 -0.009704251 112.4097 -0.1225751 0.9923506 0.01468807 -5.021948 0.0114326 -0.01338685 0.999845 -2.709272
0.9923793 0.1225663 -0.01268228 113.2393 -0.1224164 0.9924065 0.01199125 -5.120609 0.0140557 -0.01034734 0.9998477 -2.759234
0.9924286 0.1220741 -0.01354152 114.0733 -0.121951 0.9924899 0.009573687 -5.238248 0.01460852 -0.007849799 0.9998625 -2.734459
0.992591 0.1209098 -0.0119944 114.912 -0.1207258 0.9925719 0.01503367 -5.3387 0.01372303 -0.01347426 0.999815 -2.770546
0.9925982 0.1209288 -0.01118602 115.734 -0.1206787 0.992473 0.02083763 -5.455187 0.01362169 -0.01933347 0.9997203 -2.783345
0.9925622 0.1212644 -0.01073235 116.594 -0.1209541 0.9923191 0.02594136 -5.560226 0.01379568 -0.02445029 0.9996058 -2.850321
0.9924563 0.1216928 -0.01487908 117.4782 -0.121385 0.9924022 0.02009141 -5.697189 0.01721101 -0.01813375 0.9996874 -2.850451
0.9926592 0.1203055 -0.01242663 118.3519 -0.1200863 0.9926164 0.01709101 -5.806596 0.01439102 -0.01547328 0.9997767 -2.898385
0.9929548 0.1180771 -0.009930389 119.2274 -0.1179416 0.9929317 0.01327716 -5.920135 0.01142793 -0.01201241 0.9998626 -2.920619
0.9933034 0.1154294 -0.004931593 120.1006 -0.1153381 0.9931986 0.01592775 -6.031459 0.006736582 -0.01525229 0.999861 -2.926002
0.9936962 0.1119298 -0.006297812 120.9891 -0.111825 0.9936135 0.01507424 -6.146316 0.007944848 -0.01427496 0.9998665 -2.975592
0.9941325 0.1081481 0.002160102 121.895 -0.1081661 0.9940637 0.01172454 -6.262545 -0.0008792927 -0.01188939 0.999929 -2.981011
0.9946015 0.1037388 -0.002454801 122.7976 -0.1037158 0.9945736 0.008150754 -6.351474 0.00328703 -0.007852151 0.9999638 -3.003785
0.9951872 0.09795868 -0.002574458 123.6916 -0.09791658 0.9951067 0.0132157 -6.446132 0.003856453 -0.01290002 0.9999093 -3.039642
0.9959251 0.0901841 -0.0003623184 124.6306 -0.09016754 0.9958049 0.01557234 -6.538958 0.001765175 -0.01547621 0.9998787 -3.027462
0.9963928 0.08485737 0.0006950488 125.5253 -0.08485844 0.9962857 0.0146162 -6.622458 0.0005478245 -0.01462245 0.999893 -3.110816
0.9967857 0.08010604 -0.001149118 126.4515 -0.08008682 0.996717 0.01188378 -6.701917 0.002097308 -0.01175355 0.9999287 -3.113477
0.9972709 0.07379658 -0.002177428 127.4024 -0.07377089 0.9972235 0.01015857 -6.784301 0.00292105 -0.009970213 0.9999461 -3.125268
0.9977064 0.0676905 -0.0001776657 128.3256 -0.06768408 0.9976414 0.01141098 -6.857881 0.0009496617 -0.01137278 0.9999349 -3.171341
0.9981369 0.06091804 0.003405211 129.2877 -0.06095216 0.9980797 0.01102546 -6.924211 -0.002727023 -0.01121247 0.9999334 -3.163576
0.9984806 0.05485198 0.005277819 130.2089 -0.05490867 0.9984276 0.01127258 -6.98217 -0.004651198 -0.01154525 0.9999225 -3.223896
0.9987646 0.0492226 0.006805451 131.1628 -0.04929318 0.9987279 0.01062383 -7.046764 -0.00627386 -0.01094617 0.9999204 -3.218407
0.9990187 0.0438306 0.006363529 132.1154 -0.04389353 0.9989849 0.01011042 -7.094326 -0.005913925 -0.01037981 0.9999287 -3.267685
0.9991943 0.03955454 0.006793774 133.0676 -0.03961722 0.9991713 0.009353111 -7.148596 -0.006418185 -0.009614726 0.9999332 -3.271054
0.9993447 0.03575604 0.005629322 134.0408 -0.03581734 0.9992958 0.01119433 -7.187884 -0.005225092 -0.01138862 0.9999215 -3.31464
0.9994562 0.03267899 0.004405301 135.0032 -0.03273144 0.999387 0.01241092 -7.225616 -0.003997025 -0.01254836 0.9999133 -3.340513
0.9995521 0.02973258 0.00341679 135.9836 -0.02977906 0.9994518 0.0144701 -7.271893 -0.002984684 -0.01456537 0.9998895 -3.361479
0.9996222 0.02691301 0.005579615 136.9688 -0.02698866 0.9995382 0.01395884 -7.30162 -0.005201365 -0.01410415 0.999887 -3.39412
0.9997007 0.0242991 0.002840473 137.9572 -0.02433879 0.999593 0.01488743 -7.337676 -0.002477565 -0.0149521 0.9998851 -3.413482
0.999769 0.0211091 0.004036603 138.9648 -0.02117518 0.9996295 0.01709652 -7.361479 -0.003674215 -0.01717804 0.9998457 -3.444213
0.9998378 0.01795135 -0.001505877 139.9491 -0.01792234 0.999687 0.0174647 -7.38743 0.00181892 -0.01743487 0.9998463 -3.47729
0.9998941 0.01440472 -0.002065822 140.9507 -0.0143571 0.9996666 0.02146187 -7.40153 0.002374286 -0.02142994 0.9997675 -3.533371
0.999929 0.01094942 -0.004705179 141.9803 -0.01085556 0.9997503 0.01953138 -7.432739 0.004917862 -0.01947892 0.9997982 -3.534905
0.9999406 0.008312811 -0.007046887 142.9908 -0.008181357 0.9997958 0.0184821 -7.438516 0.007199085 -0.01842335 0.9998044 -3.590796
0.9999258 0.005960268 -0.01062542 144.0227 -0.005796382 0.9998648 0.0153887 -7.444895 0.0107157 -0.01532597 0.9998251 -3.607449
0.9999379 0.004537613 -0.01017667 145.0413 -0.004370267 0.999856 0.01640651 -7.464252 0.01024965 -0.01636102 0.9998136 -3.632018
0.9999481 0.003792968 -0.009454906 146.0868 -0.0036585 0.9998926 0.01419901 -7.474326 0.009507746 -0.01416369 0.9998545 -3.673625
0.999916 0.003566305 -0.01246282 147.1243 -0.003374102 0.9998755 0.01540932 -7.489988 0.01251622 -0.01536597 0.9998036 -3.69685
0.9999176 0.002145241 -0.01265605 148.1789 -0.001950185 0.9998796 0.0154044 -7.512952 0.01268756 -0.01537845 0.9998012 -3.738542
0.9999177 0.00196871 -0.01267323 149.2323 -0.001779375 0.9998869 0.01493372 -7.517868 0.0127012 -0.01490995 0.9998082 -3.777951
0.9998721 0.001655346 -0.01590364 150.3007 -0.001470773 0.9999316 0.0116104 -7.535881 0.01592177 -0.01158552 0.9998061 -3.77157
0.9998581 0.001163708 -0.01680346 151.3807 -0.0009524136 0.9999205 0.01257696 -7.544242 0.01681676 -0.01255917 0.9997797 -3.831389
0.9998828 0.0005637382 -0.01529886 152.457 -0.0003709374 0.9999206 0.01260222 -7.549664 0.01530474 -0.01259507 0.9998035 -3.840914
0.9999095 0.0006517877 -0.01344037 153.5229 -0.0004451275 0.9998817 0.01537335 -7.568381 0.0134488 -0.01536598 0.9997915 -3.863513
0.9999183 0.0008503132 -0.01275189 154.6123 -0.0006675094 0.9998971 0.01433283 -7.59262 0.01276276 -0.01432315 0.9998159 -3.903214
0.9999663 0.001253879 -0.008119375 155.7237 -0.001130022 0.9998833 0.01524118 -7.606874 0.008137538 -0.01523149 0.9998509 -3.937367
0.9999492 0.00125904 -0.01000782 156.8328 -0.001123786 0.9999081 0.01350898 -7.6156 0.01002391 -0.01349704 0.9998587 -3.9646
0.9999661 0.0007302942 -0.008206662 157.9257 -0.0006179556 0.9999062 0.01368292 -7.630763 0.008215884 -0.01367738 0.9998727 -4.002341
0.9999641 -0.0002077503 -0.008476962 159.0571 0.0003267946 0.9999012 0.01404431 -7.640087 0.008473207 -0.01404657 0.9998654 -4.025037
0.9999821 -0.0009358166 -0.005902713 160.1888 0.001016413 0.9999061 0.01366601 -7.652224 0.00588937 -0.01367177 0.9998892 -4.060338
0.9999699 -0.001731312 -0.00756216 161.2989 0.00184073 0.9998933 0.01448619 -7.664073 0.007536274 -0.01449967 0.9998665 -4.085501
0.9999837 -0.003195738 -0.00472444 162.4338 0.003263159 0.9998919 0.01433257 -7.682711 0.004678126 -0.01434775 0.9998861 -4.122012
0.9999805 -0.005662463 -0.002636478 163.5895 0.005699227 0.9998837 0.01415225 -7.685785 0.002556034 -0.014167 0.9998963 -4.147539
0.9999616 -0.008317645 0.002745032 164.7366 0.008284216 0.999894 0.01197276 -7.695442 -0.002844327 -0.01194956 0.9999245 -4.167304
0.9999192 -0.01136653 0.005696387 165.8896 0.011293 0.9998546 0.01277772 -7.697293 -0.005840797 -0.01271236 0.9999021 -4.227545
0.9998499 -0.01504437 0.008590897 167.0405 0.01492141 0.9997877 0.01420258 -7.701553 -0.008802743 -0.01407226 0.9998623 -4.22948
0.9997829 -0.01864331 0.009303291 168.2038 0.01850184 0.9997153 0.01506784 -7.689192 -0.009581557 -0.01489244 0.9998432 -4.277865
0.9997157 -0.02184619 0.009549037 169.3795 0.02169896 0.9996481 0.01525924 -7.669368 -0.009879032 -0.0150477 0.999838 -4.310185
0.999657 -0.02499381 0.007817416 170.5605 0.02487125 0.9995719 0.01539994 -7.658143 -0.008198974 -0.01520023 0.9998509 -4.339929
0.9995952 -0.02732076 0.007937939 171.7343 0.02718777 0.9994956 0.01640501 -7.635855 -0.008382133 -0.01618255 0.9998339 -4.399204
0.9995497 -0.02933803 0.006304309 172.9226 0.02922102 0.9994124 0.0179135 -7.61895 -0.006826151 -0.01772122 0.9998196 -4.393242
0.9994608 -0.03149088 0.009303215 174.1107 0.03131545 0.9993395 0.01843666 -7.594739 -0.009877657 -0.01813539 0.9997867 -4.463875
0.9994227 -0.0324749 0.009988164 175.3098 0.03225771 0.9992551 0.02118696 -7.567488 -0.01066877 -0.02085254 0.9997256 -4.472414
0.9993671 -0.03418223 0.009844712 176.5134 0.03395823 0.9991792 0.02208676 -7.549016 -0.01059161 -0.02173848 0.9997076 -4.519622
0.9993462 -0.03507517 0.008766731 177.7346 0.03490202 0.9992065 0.01917962 -7.511623 -0.009432504 -0.0188611 0.9997776 -4.588779
0.9993275 -0.03629476 0.005209197 178.9529 0.03621984 0.9992483 0.01382001 -7.485837 -0.005706875 -0.01362204 0.9998909 -4.59159
0.9992637 -0.03808935 0.004616099 180.1672 0.03803125 0.9992036 0.01208019 -7.443574 -0.005072549 -0.01189574 0.9999164 -4.656837
0.9992031 -0.03944847 0.006084036 181.3833 0.0393547 0.9991151 0.01482993 -7.422013 -0.006663672 -0.01457868 0.9998715 -4.682955
0.9991483 -0.04095485 0.005040975 182.6058 0.04086269 0.9990166 0.01719826 -7.385531 -0.005740371 -0.01697762 0.9998394 -4.728164
0.9990618 -0.04294761 0.005567851 183.8406 0.0428592 0.9989666 0.01513008 -7.34621 -0.006211897 -0.01487725 0.99987 -4.749341
0.9989655 -0.04505748 0.006146826 185.0766 0.04497171 0.9988977 0.0134425 -7.294176 -0.006745736 -0.01315216 0.9998907 -4.787976
0.9989219 -0.046105 0.005414261 186.3119 0.04602198 0.9988341 0.01456867 -7.252275 -0.006079638 -0.01430379 0.9998792 -4.82872
0.9988642 -0.04750998 0.003605804 187.5417 0.04744343 0.9987341 0.01671886 -7.216975 -0.004395552 -0.01652879 0.9998537 -4.862448
0.9988016 -0.04888044 0.002440067 188.7927 0.04882905 0.9986464 0.01792604 -7.168915 -0.003312997 -0.01778541 0.9998363 -4.900424
0.998715 -0.05067332 0.0008052525 190.0508 0.0506505 0.9985527 0.01808866 -7.113619 -0.001720699 -0.01802463 0.9998361 -4.936564
0.9986087 -0.05261213 0.003557642 191.3027 0.052554 0.9985079 0.01482695 -7.062462 -0.004332411 -0.01461935 0.9998838 -4.967961
0.9985079 -0.05446406 0.00397112 192.5648 0.0543965 0.9983993 0.01549708 -7.014889 -0.004808798 -0.01525794 0.999872 -5.015482
0.9984118 -0.05627355 0.002655484 193.8293 0.05622936 0.9983125 0.01450638 -6.960764 -0.003467329 -0.01433403 0.9998912 -5.049094
0.9982873 -0.05849184 0.00113392 195.098 0.0584649 0.9981505 0.01666552 -6.891708 -0.00210662 -0.01657068 0.9998605 -5.092077
0.9981731 -0.06041833 0.0004774691 196.3696 0.06040459 0.9980636 0.01485442 -6.826468 -0.001374024 -0.01479844 0.9998896 -5.126538
0.998034 -0.0626227 -0.002552729 197.6431 0.06265592 0.9979044 0.0161692 -6.75851 0.00153482 -0.01629735 0.999866 -5.163055
0.9978878 -0.06492769 0.002098008 198.9082 0.0648971 0.9978157 0.01232608 -6.695055 -0.00289373 -0.01216389 0.9999219 -5.216193
0.997704 -0.06772376 0.0003508219 200.1694 0.06770927 0.9975744 0.01614727 -6.621958 -0.001443524 -0.01608644 0.9998696 -5.242731
0.997511 -0.07047688 0.0022207 201.4471 0.07043178 0.9973843 0.01624289 -6.546592 -0.003359639 -0.01604605 0.9998656 -5.27881
0.99731 -0.07328696 -0.00131151 202.7066 0.07329842 0.9971957 0.01509461 -6.466012 0.0002015947 -0.01515013 0.9998852 -5.329104
0.9971744 -0.0751214 -0.0002650788 203.9803 0.07512014 0.9971215 0.01027889 -6.397685 -0.0005078486 -0.01026975 0.9999471 -5.368978
0.9969894 -0.07749472 -0.002597449 205.2337 0.07751741 0.9969385 0.01022798 -6.304755 0.001796882 -0.01039854 0.9999443 -5.401209
0.9968225 -0.07963695 -0.00169403 206.4835 0.07964861 0.9967862 0.008572533 -6.218648 0.001005895 -0.00868022 0.9999618 -5.432673
0.9965637 -0.08281435 -0.001632974 207.7283 0.08282726 0.9965047 0.01086728 -6.136434 0.0007272991 -0.01096519 0.9999396 -5.466043
0.9962681 -0.08628421 -0.002214225 208.9764 0.08630347 0.9962082 0.01100264 -6.034742 0.001256475 -0.01115268 0.999937 -5.505022
0.9959065 -0.09036473 -0.002095195 210.222 0.09038369 0.995832 0.01222398 -5.936559 0.0009818459 -0.01236331 0.9999231 -5.545238
0.995455 -0.09520281 -0.002388244 211.4572 0.09522278 0.9954008 0.01048648 -5.832116 0.001378918 -0.01066623 0.9999422 -5.573232
0.9950383 -0.09949276 -0.0002508362 212.6802 0.09948853 0.9949656 0.01206964 -5.72589 -0.0009512685 -0.01203471 0.9999271 -5.622535
0.9945157 -0.1045665 -0.002088935 213.9164 0.1045845 0.9944377 0.01249168 -5.600976 0.0007711047 -0.01264164 0.9999198 -5.638608
0.9939917 -0.1094499 0.001134839 215.1484 0.1094267 0.9939131 0.01275316 -5.478871 -0.002523763 -0.01255235 0.999918 -5.690897
0.9934554 -0.1142097 -0.001580838 216.368 0.1142204 0.9933859 0.01174108 -5.344123 0.0002294369 -0.0118448 0.9999298 -5.716428
0.9929781 -0.1182837 -0.001877826 217.5896 0.1182983 0.9928842 0.01366686 -5.210368 0.0002478979 -0.01379303 0.9999048 -5.765223
0.9924465 -0.1225044 -0.006530656 218.7926 0.1225987 0.9923136 0.0168266 -5.0744 0.004419128 -0.01750015 0.9998371 -5.79101
0.9919462 -0.1264002 -0.008111997 219.9939 0.1265247 0.9918126 0.0172984 -4.936063 0.005859059 -0.01818545 0.9998175 -5.850926
0.991412 -0.1302617 -0.0115818 221.1967 0.1304254 0.9913489 0.01472329 -4.781846 0.009563725 -0.01610741 0.9998245 -5.886979
0.9910102 -0.1333044 -0.01134194 222.3962 0.133456 0.9909577 0.01386616 -4.634826 0.009390962 -0.01525516 0.9998395 -5.933054
0.9906039 -0.1362563 -0.01175237 223.5884 0.1364019 0.9905732 0.01263214 -4.481759 0.009920369 -0.01411649 0.9998512 -5.956779
0.9902907 -0.1382915 -0.01413448 224.774 0.1384999 0.9902488 0.01500874 -4.326036 0.01192107 -0.01682064 0.9997874 -5.995696
0.9898717 -0.1412694 -0.01403118 225.9664 0.1414356 0.9898789 0.01165116 -4.172408 0.01224322 -0.01351767 0.9998337 -6.028996
0.9897221 -0.142584 -0.01094855 227.1537 0.1426838 0.9897279 0.008951085 -4.014918 0.009559802 -0.01042127 0.9999 -6.067056
0.9894309 -0.1445105 -0.01196466 228.3242 0.1446116 0.9894557 0.008060135 -3.866765 0.01067373 -0.009705175 0.9998959 -6.093215
0.9891992 -0.1463269 -0.008573242 229.4965 0.1464169 0.9891614 0.01104206 -3.705319 0.006864571 -0.01217806 0.9999023 -6.130422
0.9889635 -0.1478629 -0.009365642 230.658 0.1479721 0.988915 0.01230751 -3.553742 0.007442 -0.01355753 0.9998804 -6.156205
0.9886472 -0.1500198 -0.008417959 231.8401 0.1501292 0.9885619 0.01436678 -3.382704 0.006166373 -0.01546746 0.9998614 -6.201933
0.9883714 -0.1518352 -0.008246578 233.005 0.1519442 0.9882786 0.01476975 -3.211955 0.00590735 -0.01585102 0.9998569 -6.23765
0.9880775 -0.1536947 -0.008995386 234.1737 0.1538232 0.9879694 0.01595744 -3.036626 0.006434592 -0.01715089 0.9998322 -6.27009
0.9876985 -0.1560909 -0.009346818 235.3602 0.156228 0.9875851 0.01638675 -2.855823 0.006672955 -0.0176454 0.999822 -6.320417
0.987403 -0.1579601 -0.009156544 236.5162 0.1580758 0.987332 0.01369608 -2.693613 0.006877115 -0.01497098 0.9998643 -6.338244
0.9870757 -0.1599424 -0.01000107 237.6957 0.1600683 0.987015 0.01339118 -2.516704 0.007729389 -0.01481896 0.9998603 -6.387588
0.9866913 -0.1623405 -0.009263672 238.8501 0.1624595 0.9866159 0.01399891 -2.336202 0.006867096 -0.01531758 0.9998591 -6.41729
0.9864068 -0.1640162 -0.01001502 240.0152 0.1641496 0.9863306 0.01437862 -2.155879 0.007519792 -0.01582713 0.9998465 -6.453217
0.9860067 -0.1663117 -0.01144954 241.1816 0.1664589 0.9859575 0.01339296 -1.969438 0.009061355 -0.01511142 0.9998447 -6.48945
0.9856658 -0.1683594 -0.01086457 242.3429 0.1685015 0.9856044 0.01383646 -1.782223 0.008378664 -0.01546883 0.9998453 -6.526641
0.985374 -0.1700395 -0.01116116 243.503 0.1701829 0.9853202 0.01347944 -1.590345 0.008705284 -0.01518173 0.9998469 -6.556896
0.9850394 -0.1720138 -0.01042685 244.6806 0.1721329 0.9850023 0.01186143 -1.404311 0.00823014 -0.01347878 0.9998753 -6.599284
0.9847001 -0.1740622 -0.008247832 245.8401 0.1741527 0.9846462 0.01194195 -1.210469 0.006042554 -0.01319562 0.9998947 -6.62053
0.9841188 -0.1772953 -0.008752974 247.0077 0.1774088 0.9840293 0.01457475 -1.011572 0.006029148 -0.01589614 0.9998555 -6.658179
0.9834595 -0.1809601 -0.007797997 248.1724 0.1810744 0.9833043 0.0180219 -0.8093504 0.004406558 -0.01913583 0.9998072 -6.706501
0.9829001 -0.1839378 -0.008622882 249.3138 0.1840557 0.9827886 0.01581318 -0.6089462 0.005565828 -0.01712986 0.9998378 -6.735076
0.9821073 -0.1880037 -0.01094312 250.4808 0.1881428 0.9820489 0.01349413 -0.3930704 0.008209733 -0.01531155 0.9998491 -6.787178
0.9814402 -0.1914792 -0.01053201 251.6349 0.1916138 0.9813741 0.01373761 -0.186122 0.007705377 -0.01550072 0.9998502 -6.806317
0.9807009 -0.1951449 -0.01201102 252.8006 0.1953066 0.9806393 0.0142051 0.03673968 0.009006427 -0.01627678 0.999827 -6.855948
0.9798478 -0.199496 -0.009982033 253.9659 0.1996333 0.9797488 0.01546336 0.2615462 0.006695005 -0.01714449 0.9998306 -6.875878
0.9789801 -0.2039188 -0.003882754 255.1281 0.2039533 0.9788843 0.01373361 0.4921054 0.001000225 -0.01423683 0.9998981 -6.897447
0.9781556 -0.2077493 -0.007195149 256.2784 0.207835 0.9780561 0.01451848 0.7277954 0.004021055 -0.01569674 0.9998687 -6.966249
0.9771037 -0.2126883 -0.005660546 257.4308 0.2127577 0.9769297 0.01851373 0.9594284 0.001592302 -0.01929416 0.9998126 -6.994229
0.9760271 -0.217482 -0.008526917 258.5821 0.2176191 0.975794 0.02163351 1.203297 0.003615613 -0.02297051 0.9997296 -7.020565
0.9751772 -0.221331 -0.006486685 259.7481 0.221412 0.975027 0.01729902 1.456787 0.002495883 -0.01830584 0.9998293 -7.084308
0.9740839 -0.2260484 -0.007920301 260.9159 0.2261504 0.9739594 0.01610061 1.717836 0.004074534 -0.01747452 0.999839 -7.09179
0.9729349 -0.2310264 -0.004941725 262.0697 0.2310763 0.9728087 0.01572156 1.977233 0.001175257 -0.01643797 0.9998642 -7.147722
0.9716979 -0.2362013 -0.00349281 263.2497 0.2362251 0.9715228 0.018468 2.250895 -0.000968821 -0.0187704 0.9998233 -7.179502
0.9704778 -0.2411777 -0.00247183 264.4083 0.2411823 0.9703106 0.01811825 2.525502 -0.001971275 -0.01817952 0.9998328 -7.214242
0.9692736 -0.2459798 -0.001631681 265.5799 0.2459687 0.96911 0.01802793 2.810372 -0.002853228 -0.01787534 0.9998361 -7.267915
0.9680119 -0.2508945 -0.00219984 266.7466 0.2508976 0.9678855 0.01574878 3.094296 -0.001822088 -0.01579694 0.9998736 -7.293254
0.9666709 -0.2560084 -0.002670612 267.9126 0.2560161 0.9665222 0.01704669 3.390259 -0.001782888 -0.01716226 0.9998511 -7.336903
0.9653627 -0.2609013 -0.002304617 269.0845 0.2609025 0.9652188 0.0168135 3.688514 -0.002162205 -0.01683241 0.999856 -7.378024
0.9639475 -0.2660409 -0.005229245 270.2646 0.2660922 0.9637686 0.01856817 4.009217 9.9889e-05 -0.01929021 0.9998139 -7.415648
0.9626092 -0.2708371 -0.005547586 271.4483 0.2708927 0.9624635 0.01677245 4.33235 0.0007967455 -0.01764812 0.999844 -7.455215
0.9612513 -0.275578 -0.007262301 272.6231 0.2756633 0.9611101 0.0166401 4.660686 0.002394227 -0.01799727 0.9998352 -7.491126
0.9599333 -0.2801027 -0.008401914 273.8082 0.2802036 0.9598169 0.01540598 4.992222 0.003749042 -0.01714296 0.999846 -7.525109
0.9588454 -0.2837681 -0.009543196 274.9832 0.2838938 0.9587117 0.01661217 5.334073 0.004435172 -0.01863776 0.9998165 -7.574532
0.9579876 -0.2865619 -0.01191623 276.1671 0.2867207 0.9578981 0.014921 5.672289 0.007138742 -0.01771076 0.9998177 -7.602755
0.9576548 -0.2876358 -0.01276343 277.3468 0.2878233 0.9575377 0.01671746 6.004232 0.007412927 -0.01968317 0.9997788 -7.645845
0.9574493 -0.2883138 -0.01288148 278.522 0.2885103 0.9573145 0.01762344 6.350255 0.007250549 -0.02059 0.9997617 -7.695408
0.9570228 -0.2896969 -0.01352713 279.7006 0.2899019 0.9569048 0.01702918 6.700755 0.008010875 -0.02021886 0.9997635 -7.729095
0.9572275 -0.2889255 -0.01541476 280.8623 0.2891681 0.9571289 0.01691912 7.029372 0.009865546 -0.02065291 0.999738 -7.76385
0.9572783 -0.2887665 -0.0152335 282.0318 0.2890015 0.9571862 0.01650803 7.368221 0.009814326 -0.02020529 0.9997477 -7.814059
0.9571347 -0.289249 -0.01510278 283.1995 0.2894911 0.9570197 0.01754957 7.713529 0.009377467 -0.02116942 0.9997319 -7.852412
0.9569156 -0.2900397 -0.01376478 284.3656 0.2902438 0.9568132 0.01634166 8.052286 0.008430589 -0.01963273 0.9997717 -7.894575
0.9567621 -0.2905447 -0.01378573 285.5268 0.2907564 0.9566419 0.01723196 8.388005 0.008181348 -0.02049518 0.9997565 -7.92868
0.9560792 -0.2928322 -0.01271954 286.7029 0.2930101 0.9559819 0.01561615 8.730143 0.007586737 -0.01865724 0.9997972 -7.966499
0.9553051 -0.2954138 -0.01108098 287.8555 0.2955689 0.9551712 0.01693915 9.083445 0.005580172 -0.01945725 0.9997951 -8.016005
0.9547902 -0.297022 -0.01239809 289.0222 0.297195 0.9546857 0.01582095 9.434071 0.007137111 -0.01879034 0.999798 -8.055337
0.9544513 -0.2980447 -0.01385633 290.1634 0.2982423 0.9543647 0.01547454 9.779111 0.008611888 -0.01890223 0.9997842 -8.094728
0.9541292 -0.2991203 -0.01283124 291.3419 0.29928 0.954075 0.01314105 10.12857 0.008311209 -0.0163784 0.9998313 -8.119064
0.9536445 -0.300718 -0.01144445 292.4881 0.3008611 0.9535654 0.01399941 10.47604 0.006703152 -0.01679365 0.9998365 -8.171323
0.9527262 -0.3036728 -0.00977163 293.65 0.3037819 0.9526547 0.01286364 10.83979 0.005402654 -0.01522397 0.9998695 -8.18713
0.9518143 -0.3065233 -0.009644981 294.8087 0.306632 0.9517365 0.01321217 11.20246 0.005129644 -0.01553299 0.9998662 -8.240761
0.9511499 -0.3085678 -0.009991338 295.963 0.3086784 0.9510832 0.01259802 11.54919 0.005615248 -0.01506672 0.9998707 -8.25912
0.9500903 -0.3118393 -0.009201287 297.1186 0.311936 0.9500246 0.01221215 11.93558 0.00493322 -0.01447286 0.9998831 -8.308631
0.949402 -0.3139637 -0.007908182 298.2737 0.3140334 0.9493581 0.01010264 12.29102 0.004335836 -0.0120749 0.9999177 -8.325474
0.9484738 -0.3167848 -0.0066936 299.433 0.3168402 0.948424 0.01020599 12.66501 0.003115268 -0.01180092 0.9999255 -8.360674
0.9477999 -0.3188397 -0.004070977 300.5729 0.3188638 0.9477609 0.008660113 13.02894 0.001097125 -0.009506141 0.9999542 -8.389129
0.9469766 -0.3212868 -0.003170612 301.734 0.3213022 0.9469165 0.01069105 13.4034 -0.0004325887 -0.0111429 0.9999378 -8.440783
0.9462364 -0.3234697 -0.002036291 302.8888 0.3234691 0.946156 0.01250661 13.78903 -0.00211886 -0.01249289 0.9999197 -8.462433
0.9455776 -0.3253465 -0.005712402 304.0302 0.3253962 0.9454615 0.0148339 14.16972 0.0005746982 -0.0158854 0.9998736 -8.505528
0.9451932 -0.3264623 -0.00567215 305.1844 0.3265115 0.9450594 0.01590157 14.55697 0.0001692544 -0.01688208 0.9998575 -8.534712
0.9449342 -0.3271477 -0.008580485 306.3345 0.327245 0.944818 0.01515005 14.94235 0.003150693 -0.01712373 0.9998484 -8.579468
0.9447011 -0.3278547 -0.007156713 307.4909 0.3279272 0.9445871 0.0148032 15.33284 0.00190684 -0.01633148 0.9998648 -8.618648
0.9443715 -0.3287947 -0.007514462 308.6474 0.3288726 0.9442604 0.01465748 15.72054 0.002276309 -0.01631341 0.9998643 -8.642851
0.9441992 -0.329338 -0.004935614 309.8069 0.3293748 0.9440825 0.0148527 16.10806 -0.0002319319 -0.01564958 0.9998775 -8.684768
0.94383 -0.330409 -0.003850935 310.9598 0.3304269 0.9436921 0.01621854 16.49696 -0.001724654 -0.01657999 0.9998611 -8.727508
0.9435541 -0.3312123 -0.002007922 312.1288 0.3312047 0.9434427 0.01480035 16.89662 -0.003007699 -0.01462997 0.9998885 -8.760898
0.9430842 -0.3325376 -0.003321165 313.2905 0.3325511 0.9429853 0.01373762 17.29458 -0.001436465 -0.01406019 0.9999001 -8.809714
0.9427941 -0.3333503 -0.004103626 314.4376 0.3333752 0.9427017 0.01321394 17.68933 -0.0005363763 -0.01382607 0.9999043 -8.853466
0.9423423 -0.3345482 -0.008277256 315.593 0.3346418 0.9422079 0.01609333 18.09062 0.002414903 -0.01793534 0.9998362 -8.877593
0.9421721 -0.334995 -0.009493958 316.7596 0.3351165 0.9420068 0.01789302 18.49556 0.002949303 -0.02003988 0.9997948 -8.924118
0.942072 -0.3351157 -0.01406396 317.9118 0.3353174 0.9419703 0.01593938 18.89638 0.007906303 -0.01973194 0.999774 -8.948212
0.941727 -0.336036 -0.01516868 319.0676 0.3362218 0.9417067 0.01197968 19.30174 0.01025885 -0.01638163 0.9998132 -8.99534
0.9417271 -0.3361226 -0.01310216 320.2334 0.3362406 0.9417411 0.008126153 19.69516 0.009607455 -0.01205809 0.9998811 -9.013208
0.941781 -0.3360318 -0.01144778 321.367 0.3361252 0.9417875 0.007498149 20.0801 0.008261763 -0.0109095 0.9999064 -9.059855
0.9418266 -0.3359933 -0.008436738 322.521 0.3360575 0.9418082 0.007902286 20.47452 0.005290674 -0.01027781 0.9999332 -9.102315
0.9416723 -0.3364153 -0.008830424 323.6694 0.3364951 0.9416316 0.01006318 20.87444 0.004929596 -0.01244762 0.9999104 -9.111513
0.9417199 -0.3363489 -0.005746501 324.8091 0.3363966 0.9416277 0.01321439 21.26083 0.0009664195 -0.01437736 0.9998962 -9.169483
0.9417958 -0.3361264 -0.006311004 325.9473 0.3361837 0.9416872 0.01433337 21.65483 0.001125171 -0.01562076 0.9998773 -9.18873
0.9416263 -0.3365931 -0.006714369 327.0916 0.3366578 0.9415061 0.01508515 22.05409 0.001244064 -0.01646502 0.9998637 -9.244635
0.9418988 -0.3358271 -0.006847014 328.2322 0.3358946 0.9417725 0.01547416 22.4405 0.001251687 -0.01687496 0.9998568 -9.274044
0.941633 -0.3365883 -0.005964847 329.3699 0.3366411 0.9414918 0.01631327 22.83305 0.0001249996 -0.01736912 0.9998491 -9.316904
0.9417282 -0.3363304 -0.00547395 330.5058 0.3363749 0.9416058 0.01518024 23.22403 4.872726e-05 -0.01613696 0.9998698 -9.35288
0.9414978 -0.336992 -0.004268606 331.6496 0.3370186 0.9414012 0.01350672 23.62525 -0.0005331846 -0.01415514 0.9998997 -9.385083
0.941186 -0.3378725 -0.00335276 332.7827 0.3378864 0.9410924 0.01332904 24.01109 -0.001348259 -0.01367796 0.9999055 -9.42705
0.9412769 -0.3376306 -0.001824259 333.9327 0.337624 0.9411862 0.01335921 24.40159 -0.00279351 -0.01319063 0.9999091 -9.459222
0.9409537 -0.3385348 -0.0005988763 335.068 0.3385092 0.9408575 0.01408784 24.80013 -0.004205766 -0.01345873 0.9999006 -9.497051
0.9411257 -0.3380561 0.0006945005 336.2015 0.33802 0.9410515 0.0128229 25.19555 -0.00498842 -0.0118332 0.9999176 -9.528625
0.9408807 -0.3387343 0.001648984 337.3417 0.3386826 0.9408032 0.01355206 25.59158 -0.006141916 -0.01219239 0.9999068 -9.563201
0.9406216 -0.3394539 0.001444684 338.4682 0.3393967 0.9405262 0.01484278 25.97867 -0.006397202 -0.01347111 0.9998888 -9.61641
0.9404552 -0.3399177 3.126729e-05 339.6008 0.3398755 0.9403398 0.01567194 26.37734 -0.005356571 -0.01472813 0.9998772 -9.648985
0.9403751 -0.3401337 -0.00190486 340.7292 0.3401203 0.9402499 0.01576313 26.77346 -0.003570528 -0.01547114 0.9998739 -9.697407
0.9403858 -0.340097 -0.002929747 341.8435 0.3400974 0.9402441 0.01657613 27.16509 -0.002882815 -0.01658436 0.9998583 -9.733365
0.9399642 -0.3412296 -0.005436293 342.9831 0.3412724 0.9398153 0.01674604 27.57214 -0.000605132 -0.01759593 0.999845 -9.761987
0.9400358 -0.341039 -0.005004809 344.0899 0.341074 0.9398831 0.01697698 27.95671 -0.001085878 -0.01766598 0.9998434 -9.821855
0.9398127 -0.3416358 -0.006091227 345.2228 0.34169 0.9396713 0.01630462 28.36357 0.0001535092 -0.0174046 0.9998485 -9.835185
0.9396911 -0.3419579 -0.006739158 346.3463 0.3420216 0.9395798 0.01453068 28.75397 0.001363095 -0.01595929 0.9998717 -9.893033
0.9394634 -0.3426072 -0.005361935 347.4705 0.3426489 0.9393687 0.01335551 29.15373 0.0004611383 -0.01438428 0.9998964 -9.919681
0.9393498 -0.3429034 -0.006253848 348.5855 0.3429573 0.9392633 0.01282771 29.5487 0.001475345 -0.01419451 0.9998981 -9.951096
0.9392083 -0.3433044 -0.005467338 349.7056 0.3433476 0.9391104 0.01357456 29.94327 0.0004742274 -0.01462654 0.9998929 -9.99695
0.9392269 -0.3432357 -0.006482467 350.8286 0.3432935 0.9391346 0.01325443 30.33096 0.001538517 -0.0146743 0.9998912 -10.01847
0.9389759 -0.3439387 -0.005505428 351.9411 0.3439821 0.9388856 0.01304807 30.74158 0.0006812282 -0.0141456 0.9998997 -10.07443
0.9389428 -0.3440482 -0.004156148 353.0684 0.3440733 0.9388711 0.01160331 31.1221 -9.001186e-05 -0.01232487 0.9999241 -10.09762
0.9387158 -0.3446609 -0.004625129 354.1804 0.3446918 0.9386445 0.0115824 31.52821 0.0003493498 -0.01246683 0.9999222 -10.13157
0.9386494 -0.34486 -0.002972072 355.2963 0.3448678 0.938554 0.01350472 31.91704 -0.001867789 -0.01370117 0.9999044 -10.1679
0.9386185 -0.3449119 -0.005580104 356.4081 0.3449568 0.9384779 0.01625585 32.32001 -0.000370031 -0.01718294 0.9998523 -10.19688
0.9386424 -0.3448644 -0.004360734 357.5118 0.3448891 0.9385073 0.01597944 32.71025 -0.001418161 -0.01650295 0.9998628 -10.25521
0.9383664 -0.3455936 -0.005791108 358.6285 0.3456421 0.9382384 0.01549764 33.10978 7.755589e-05 -0.01654411 0.9998631 -10.2838
0.9381644 -0.3461363 -0.00609739 359.7324 0.3461891 0.9380566 0.01424696 33.50946 0.0007883068 -0.01547684 0.9998799 -10.30814
0.9379721 -0.3466365 -0.007176517 360.8302 0.3467038 0.9378836 0.01305541 33.90823 0.002205256 -0.01473373 0.999889 -10.37944
0.9383121 -0.3457279 -0.006529181 361.9343 0.3457859 0.9382221 0.01309532 34.29833 0.001598404 -0.01454519 0.999893 -10.37986
0.9383222 -0.3456789 -0.007589683 363.0347 0.3457511 0.938242 0.01257914 34.6847 0.002772615 -0.01442743 0.9998921 -10.43734
0.938619 -0.3449242 -0.004653986 364.1199 0.3449546 0.9384986 0.01506898 35.06578 -0.0008298964 -0.01574944 0.9998756 -10.46214
0.9385071 -0.345183 -0.007284493 365.2155 0.3452579 0.9383645 0.01639951 35.4551 0.001174679 -0.01790608 0.999839 -10.51825
0.9385371 -0.3451277 -0.00591554 366.3193 0.3451784 0.938408 0.01556198 35.84729 0.0001803183 -0.01664742 0.9998614 -10.54394
0.9383404 -0.3456558 -0.006283753 367.4073 0.3457092 0.9382596 0.01241483 36.2296 0.001604534 -0.01382169 0.9999032 -10.56833
0.9380652 -0.3464444 -0.003157604 368.5003 0.3464553 0.9379758 0.01304877 36.62402 -0.001558918 -0.01333457 0.9999099 -10.61448
0.9379731 -0.3466982 -0.002589879 369.5874 0.3466994 0.9378723 0.01396448 37.01632 -0.002412483 -0.01399621 0.9998991 -10.66028
0.9377168 -0.3473309 -0.006958615 370.6704 0.3474006 0.9375224 0.0190949 37.40034 -0.0001083915 -0.02032303 0.9997935 -10.69172
0.937354 -0.3483256 -0.006069113 371.7472 0.3483706 0.9370728 0.02307494 37.79206 -0.00235039 -0.02374368 0.9997153 -10.72655
0.9370783 -0.3490532 -0.006791349 372.8425 0.3491192 0.9369121 0.01765458 38.18731 0.0002005082 -0.01891472 0.9998211 -10.789
0.9369335 -0.3494068 -0.008397976 373.9192 0.3494942 0.9368378 0.01372992 38.58394 0.003070214 -0.01579907 0.9998705 -10.79892
0.9367251 -0.3499758 -0.007935287 374.9903 0.3500526 0.9366459 0.01255755 38.97592 0.003037718 -0.01454074 0.9998897 -10.85549
0.9364952 -0.3506002 -0.00749422 376.0755 0.350676 0.9363755 0.01507816 39.36046 0.001730999 -0.01674867 0.9998583 -10.8847
0.9363524 -0.351007 -0.006184103 377.1414 0.3510614 0.9362168 0.01594023 39.7495 0.0001945295 -0.01709667 0.9998538 -10.91473
0.9362586 -0.3512612 -0.005958741 378.2013 0.3513117 0.9361175 0.01624749 40.12722 -0.0001290308 -0.01730523 0.9998503 -10.96523
0.9360932 -0.3517119 -0.005316594 379.277 0.3517508 0.9359426 0.01680959 40.5173 -0.0009361056 -0.01760546 0.9998446 -10.98476
0.9360204 -0.3518973 -0.005849499 380.3355 0.3519459 0.9358897 0.01564655 40.9019 -3.149454e-05 -0.0167042 0.9998605 -11.04547
0.9359496 -0.3521179 -0.003378025 381.397 0.3521262 0.9358212 0.01568781 41.28657 -0.002362732 -0.01587249 0.9998713 -11.07592
0.9358103 -0.3524715 -0.004790786 382.4697 0.3525026 0.9356799 0.01564929 41.67233 -0.001033288 -0.01633353 0.9998661 -11.09718
0.9355589 -0.3531446 -0.004288489 383.528 0.3531689 0.9354476 0.01447818 42.06189 -0.001101235 -0.01505975 0.999886 -11.15425
0.9356117 -0.3530175 -0.003081487 384.5786 0.353025 0.9355094 0.01398288 42.44399 -0.002053441 -0.01417039 0.9998975 -11.18409
0.9355552 -0.3531344 -0.005715743 385.6437 0.3531806 0.9354389 0.01475393 42.8359 0.0001366073 -0.01582181 0.9998748 -11.20919
0.9355075 -0.3532756 -0.004685674 386.6963 0.353304 0.935366 0.01633103 43.22329 -0.001386535 -0.01693327 0.9998556 -11.26695
0.9354342 -0.3534346 -0.006848263 387.747 0.3534993 0.9353136 0.01506117 43.60571 0.001082133 -0.01650959 0.9998631 -11.28672
0.9354331 -0.3534548 -0.005884293 388.797 0.3535038 0.9353114 0.01508249 43.99099 0.0001726691 -0.01618877 0.9998689 -11.33626
0.9353823 -0.3535689 -0.006995782 389.8366 0.3536373 0.9352396 0.01635279 44.37533 0.0007608964 -0.01777008 0.9998418 -11.35372
0.9356982 -0.352717 -0.007727251 390.8779 0.3527964 0.9355793 0.01503706 44.74754 0.001925628 -0.0167963 0.9998571 -11.42021
0.9358504 -0.3523086 -0.007910189 391.9171 0.3523934 0.9357115 0.01622485 45.12981 0.001685501 -0.01797153 0.9998371 -11.43028
0.9358301 -0.3523549 -0.008245207 392.9531 0.3524449 0.9356977 0.01588375 45.51925 0.002118304 -0.01777048 0.9998398 -11.48238
0.935985 -0.3519555 -0.007707339 393.9784 0.3520364 0.9358494 0.01600464 45.88448 0.001579989 -0.01769336 0.9998422 -11.50924
0.9361057 -0.3516247 -0.008139579 395.0087 0.3517162 0.9359394 0.01769595 46.25484 0.001395819 -0.0194281 0.9998103 -11.55062
0.936305 -0.3510986 -0.007911738 396.0309 0.3511849 0.9361503 0.01707405 46.62762 0.001411901 -0.018765 0.9998229 -11.60692
0.9365013 -0.3506092 -0.006206574 397.0577 0.3506639 0.9363725 0.01553417 46.99786 0.0003652442 -0.01672419 0.99986 -11.61485
0.9366558 -0.3501742 -0.007347378 398.073 0.3502451 0.9365573 0.01373242 47.36536 0.002072503 -0.01543593 0.9998787 -11.68401
0.9369676 -0.349365 -0.005983472 399.0909 0.3494161 0.9368423 0.01532628 47.73275 0.0002511039 -0.01645095 0.9998646 -11.69338
0.9368922 -0.3494776 -0.009926572 400.0927 0.3495981 0.9367663 0.01580821 48.1011 0.003774264 -0.0182809 0.9998258 -11.74066
0.9369966 -0.3492358 -0.008473646 401.1111 0.3493271 0.9368863 0.01464223 48.46803 0.002825252 -0.0166798 0.9998569 -11.77187
0.9370679 -0.3489755 -0.01095252 402.1016 0.349108 0.9369718 0.01440411 48.84072 0.005235516 -0.01732124 0.9998363 -11.79752
0.9375469 -0.3477187 -0.009875538 403.1072 0.3478331 0.9374454 0.01443842 49.19177 0.004237268 -0.01697174 0.999847 -11.85201
0.9377042 -0.3472722 -0.0106205 404.1021 0.3474021 0.9375963 0.01498896 49.55176 0.004752498 -0.01774479 0.9998313 -11.8741
0.9379717 -0.3465739 -0.009783091 405.0887 0.3466911 0.9378511 0.01550462 49.90091 0.003801586 -0.01793461 0.9998319 -11.89971
0.9380499 -0.3463426 -0.01044734 406.0763 0.3464745 0.937921 0.01611993 50.26117 0.004215757 -0.01874103 0.9998155 -11.95062
0.9381229 -0.3461732 -0.009466581 407.0503 0.3462814 0.9380171 0.01459415 50.59972 0.003827713 -0.01696921 0.9998487 -11.98804
0.9381889 -0.3459567 -0.01075521 408.0302 0.34608 0.9381115 0.0132389 50.95129 0.005509501 -0.01614275 0.9998545 -11.99735
0.9386368 -0.3446964 -0.0120513 408.9948 0.3448423 0.9385645 0.01343024 51.29689 0.006681567 -0.01676191 0.9998372 -12.06462
0.9389218 -0.3438779 -0.01318429 409.9524 0.3440407 0.9388629 0.01313333 51.64524 0.007861977 -0.0168671 0.9998268 -12.07325
0.93908 -0.3434359 -0.0134375 410.8915 0.3436135 0.9389998 0.01446481 51.97711 0.007650071 -0.01820092 0.9998051 -12.11473
0.9392463 -0.3430128 -0.01259555 411.8415 0.3431695 0.9391747 0.01363147 52.30504 0.007153647 -0.01712571 0.9998277 -12.14539
0.9394017 -0.3424481 -0.01592555 412.7767 0.3426836 0.9393208 0.01562726 52.64684 0.009607672 -0.0201377 0.999751 -12.18656
0.939577 -0.3418041 -0.0191068 413.6992 0.3421571 0.9394302 0.01998972 52.97038 0.01111693 -0.0253194 0.9996176 -12.22272
0.9396519 -0.3418062 -0.01492835 414.6237 0.3420497 0.9394883 0.01907429 53.29014 0.007505304 -0.02302943 0.9997066 -12.23659
0.9399194 -0.3411093 -0.01399984 415.5457 0.3412841 0.9398718 0.01289097 53.60921 0.008760825 -0.0168944 0.9998189 -12.27597
0.9403286 -0.3399242 -0.01528642 416.4583 0.3400743 0.9403598 0.00853857 53.93614 0.01147227 -0.01322758 0.9998467 -12.30043
0.9403538 -0.340078 -0.009037288 417.3602 0.3401706 0.9402838 0.01226943 54.24583 0.00432505 -0.01461183 0.9998839 -12.34173
0.9405144 -0.3396165 -0.009655382 418.2394 0.3397325 0.9403936 0.01554476 54.55231 0.003800603 -0.01790031 0.9998326 -12.36476
0.9408084 -0.3388546 -0.007559184 419.1308 0.3389377 0.94063 0.01834384 54.86171 0.0008945016 -0.01982013 0.9998032 -12.41189
0.9409683 -0.3383637 -0.009417401 420.0037 0.3384795 0.9408259 0.01668214 55.16514 0.003215502 -0.01888496 0.9998165 -12.43831
0.9412378 -0.3376106 -0.009514969 420.8654 0.3377309 0.9410803 0.01748959 55.46552 0.00304968 -0.01967536 0.9998018 -12.46711
0.9413198 -0.3373135 -0.01169199 421.7271 0.3374808 0.9411572 0.01816382 55.76546 0.004877094 -0.02104379 0.9997666 -12.50598
0.9414362 -0.3370366 -0.01021167 422.5772 0.3371743 0.9412607 0.0184842 56.06682 0.003381986 -0.02084481 0.999777 -12.53834
0.9415709 -0.33658 -0.01257613 423.4084 0.3367616 0.9414294 0.0173838 56.33989 0.005988501 -0.02060323 0.9997698 -12.56753
0.9417353 -0.3361711 -0.011121 424.2487 0.3363241 0.9415822 0.01758232 56.63297 0.004560665 -0.02029815 0.9997836 -12.6134
0.9418976 -0.3356518 -0.01291089 425.0656 0.3358417 0.9417545 0.01757739 56.91547 0.006259008 -0.02089212 0.9997621 -12.63403
0.942085 -0.3350989 -0.01358318 425.8776 0.3353055 0.9419386 0.01794125 57.19775 0.006782432 -0.0214567 0.9997468 -12.68173
0.9422463 -0.3346295 -0.01396342 426.6832 0.3348491 0.9420878 0.01861655 57.47253 0.006925124 -0.02221701 0.9997292 -12.69918
0.9421565 -0.3347989 -0.01583996 427.4679 0.3350632 0.942006 0.01890409 57.74081 0.008592273 -0.023118 0.9996958 -12.73942
0.9422527 -0.3345898 -0.01447297 428.257 0.3348274 0.9420772 0.01952606 58.01559 0.007101431 -0.02324443 0.9997046 -12.76524
0.9421437 -0.3348473 -0.01557454 429.0161 0.3351014 0.9420019 0.01842228 58.28579 0.008502592 -0.02257549 0.999709 -12.79149
0.9421278 -0.3349816 -0.01351169 429.7759 0.3351853 0.9419855 0.01773025 58.54723 0.006788506 -0.02123308 0.9997515 -12.82989
0.9421279 -0.3349394 -0.01451471 430.5297 0.3351596 0.9420063 0.0170966 58.80561 0.00794662 -0.02097193 0.9997485 -12.85041
0.9417718 -0.3359945 -0.01317277 431.2671 0.3361947 0.9416138 0.01834616 59.06166 0.006239457 -0.02170651 0.9997449 -12.88546
0.9414165 -0.3369705 -0.01363269 432.0091 0.3371799 0.9412634 0.01824421 59.3153 0.006684197 -0.02177207 0.9997406 -12.90561
0.9407482 -0.3388835 -0.01228042 432.7214 0.3390638 0.940585 0.01831715 59.56968 0.005343397 -0.02139567 0.9997568 -12.9501
0.9400497 -0.3408234 -0.01208481 433.451 0.3409876 0.9399281 0.01620264 59.8201 0.005836617 -0.01935206 0.9997957 -12.96454
0.9392642 -0.3430495 -0.009993246 434.1529 0.3431654 0.9391677 0.01420123 60.07659 0.004513609 -0.01676804 0.9998492 -13.00214
0.93832 -0.3456421 -0.009332334 434.8452 0.3457419 0.9382391 0.01303789 60.32563 0.004249517 -0.01546029 0.9998714 -13.02709
0.937154 -0.3487955 -0.009168543 435.5132 0.3488955 0.93706 0.01379364 60.56574 0.003780317 -0.01612563 0.9998628 -13.04344
0.9360396 -0.3517757 -0.009145332 436.1662 0.3518816 0.9359125 0.015723 60.81329 0.003028261 -0.01793542 0.9998345 -13.07838
0.9349306 -0.3547229 -0.00874072 436.8176 0.3548214 0.9347992 0.01588124 61.04374 0.002537379 -0.01794925 0.9998357 -13.08987
0.933909 -0.3574106 -0.008465746 437.4441 0.3575034 0.9337804 0.01566176 61.28623 0.002307469 -0.0176532 0.9998415 -13.12011
0.9330256 -0.3597233 -0.007900527 438.0595 0.3598047 0.932907 0.01501504 61.50666 0.001969197 -0.01685206 0.9998561 -13.15545
0.9319884 -0.3624053 -0.0077425 438.6572 0.3624825 0.9318794 0.01438626 61.7433 0.002001419 -0.01621435 0.9998665 -13.16755
0.9309726 -0.3649688 -0.009372792 439.2389 0.3650701 0.9308791 0.01370449 61.96363 0.003723227 -0.01618023 0.9998621 -13.19128
0.9301966 -0.3669623 -0.008537354 439.7916 0.3670505 0.9300975 0.01387325 62.18341 0.002849611 -0.01603849 0.9998673 -13.21774
0.9291022 -0.3696946 -0.00975207 440.338 0.3698002 0.9290152 0.01336481 62.38973 0.004118922 -0.01602359 0.9998631 -13.23712
0.9283331 -0.3716404 -0.008999589 440.8431 0.3717341 0.9282421 0.01341885 62.59299 0.003366811 -0.01580262 0.9998695 -13.25831
0.9274762 -0.3737222 -0.01093899 441.3476 0.3738449 0.9274002 0.01299985 62.79116 0.005286489 -0.01614654 0.9998556 -13.27188
0.9267087 -0.3756213 -0.01093948 441.8253 0.3757458 0.9266261 0.01337972 62.98277 0.005111097 -0.01650957 0.9998506 -13.30289
0.9259464 -0.3774706 -0.01180139 442.2884 0.3776106 0.9258645 0.01360664 63.16693 0.005790376 -0.01705535 0.9998378 -13.31206
0.9251557 -0.3794062 -0.01174242 442.7328 0.3795418 0.9250826 0.01304625 63.34447 0.005912878 -0.01652655 0.9998459 -13.32819
0.9243423 -0.3813772 -0.01194537 443.1635 0.3815147 0.9242737 0.01283062 63.52489 0.006147486 -0.01641722 0.9998463 -13.3438
0.9236895 -0.3829292 -0.0127653 443.5687 0.3830822 0.9236211 0.01312632 63.69523 0.006763847 -0.0170148 0.9998323 -13.36146
0.9231732 -0.3841541 -0.01330124 443.9527 0.3843186 0.9231021 0.01347462 63.84015 0.007102073 -0.01755132 0.9998208 -13.37629
0.9228689 -0.3848596 -0.01400262 444.3174 0.3850341 0.9228085 0.01315499 63.99411 0.007858917 -0.01753182 0.9998154 -13.38985
0.9225274 -0.3856461 -0.01483972 444.6489 0.38584 0.9224637 0.01371407 64.13049 0.008400328 -0.01837736 0.9997959 -13.40614
0.9222603 -0.3862523 -0.01565443 444.9634 0.3864921 0.9221294 0.01736362 64.26284 0.007728668 -0.02206409 0.9997267 -13.42229
0.922067 -0.3866768 -0.01653885 445.2729 0.3869563 0.9218842 0.01985339 64.39014 0.007570059 -0.02470597 0.9996661 -13.44007
0.9218966 -0.387067 -0.01690641 445.5498 0.387336 0.9217725 0.01751004 64.51196 0.008806301 -0.0226909 0.9997038 -13.43723
0.9216503 -0.3876394 -0.01721773 445.8254 0.38791 0.9215417 0.01693539 64.62389 0.009302033 -0.02228744 0.9997084 -13.45354
0.9213849 -0.3882075 -0.01856924 446.0559 0.3885135 0.9212788 0.0174026 64.71671 0.01035162 -0.02324889 0.9996761 -13.45893
0.9211914 -0.3886319 -0.01928036 446.2674 0.388962 0.9210762 0.01809558 64.81025 0.01072616 -0.02416881 0.9996504 -13.46973
0.9210989 -0.3888454 -0.01939063 446.4805 0.3891758 0.9209901 0.01787128 64.89078 0.01090941 -0.02400758 0.9996523 -13.47219
0.9210835 -0.3888777 -0.01947813 446.6785 0.3892058 0.920985 0.01748192 64.9737 0.01114073 -0.02368331 0.9996575 -13.48733
0.9210322 -0.3889523 -0.02039169 446.8612 0.3892978 0.9209528 0.01712563 65.04713 0.01211873 -0.0237117 0.9996454 -13.49109
0.9206946 -0.3897066 -0.02121666 447.0027 0.3900563 0.920653 0.01594524 65.10817 0.01331922 -0.02295639 0.9996477 -13.49973
0.9205623 -0.3899994 -0.02157749 447.14 0.3903225 0.9205797 0.01346991 65.16774 0.01461054 -0.02082207 0.9996764 -13.49956
0.9206978 -0.389724 -0.02075203 447.2625 0.3900075 0.920735 0.01187634 65.21775 0.01447863 -0.01902797 0.9997141 -13.50704
0.9204996 -0.3902125 -0.02036551 447.3538 0.3904992 0.9205165 0.01263781 65.25126 0.01381535 -0.01958582 0.9997127 -13.51451
0.9202495 -0.3907945 -0.02050751 447.4364 0.3911062 0.9202352 0.01426206 65.28799 0.0132982 -0.02114527 0.999688 -13.51423
0.9202527 -0.3907572 -0.02106621 447.5271 0.3910973 0.9202192 0.01548128 65.33442 0.01333611 -0.02248562 0.9996582 -13.52491
0.9202434 -0.3907675 -0.02127864 447.6083 0.3911145 0.9202091 0.01564289 65.36552 0.01346807 -0.02271765 0.9996512 -13.52015
0.9201479 -0.3909976 -0.02118389 447.6771 0.3913506 0.9200982 0.0162496 65.39349 0.0131377 -0.02324236 0.9996435 -13.52639
0.9201509 -0.390997 -0.02106444 447.7465 0.3913474 0.9200994 0.01625855 65.42442 0.01302433 -0.02320383 0.9996459 -13.52779
0.9200516 -0.3912266 -0.02114056 447.8012 0.391583 0.9199932 0.0165928 65.44375 0.01295762 -0.02354452 0.9996388 -13.53148
0.9199049 -0.3915519 -0.02149416 447.8691 0.3919142 0.9198555 0.01640357 65.47519 0.01334867 -0.02351359 0.9996344 -13.53128
0.9199974 -0.3913148 -0.02185105 447.9257 0.3916836 0.9199562 0.01626809 65.49366 0.01373606 -0.02352529 0.9996289 -13.53614
0.9200362 -0.3912084 -0.02212228 447.9801 0.3915825 0.9200007 0.01618428 65.5109 0.01402109 -0.02355282 0.9996243 -13.53934
0.9198979 -0.3915432 -0.02194813 448.0237 0.3919103 0.9198645 0.01598061 65.53044 0.01393221 -0.02330222 0.9996314 -13.54021
0.9197705 -0.391849 -0.02183007 448.0604 0.3922119 0.9197378 0.01587499 65.55168 0.01385734 -0.02316336 0.9996356 -13.54378
0.919557 -0.3923428 -0.02195387 448.0871 0.3927081 0.9195268 0.01583874 65.57176 0.01397295 -0.02318609 0.9996335 -13.54493
0.9196361 -0.3921494 -0.02209673 448.121 0.3925184 0.919607 0.01587673 65.58601 0.01409426 -0.0232742 0.9996297 -13.54796
0.9194973 -0.3924579 -0.0223955 448.1462 0.3928311 0.9194767 0.01568004 65.60188 0.01443839 -0.02321541 0.9996262 -13.54315
0.9195994 -0.3922158 -0.02244063 448.1663 0.3925934 0.9195745 0.01591008 65.60579 0.01439565 -0.02344094 0.9996216 -13.54467
0.919562 -0.3923013 -0.02247878 448.189 0.392677 0.919542 0.01571932 65.61706 0.01450348 -0.02328178 0.9996237 -13.54226
0.9196171 -0.3921692 -0.02253292 448.1998 0.3925471 0.9195966 0.01577661 65.61359 0.01453409 -0.02335368 0.9996216 -13.54441
0.9196146 -0.3921686 -0.02264528 448.2155 0.3925502 0.9195938 0.01585785 65.62172 0.01460551 -0.02347252 0.9996178 -13.54548
0.9195713 -0.392269 -0.02266139 448.2177 0.3926492 0.9195539 0.01572879 65.62025 0.01466845 -0.02336172 0.9996195 -13.5453
0.919597 -0.3922106 -0.02263033 448.2163 0.392594 0.9195727 0.0160041 65.62213 0.01453325 -0.02360185 0.9996158 -13.54498
0.9196606 -0.3920513 -0.02280514 448.2153 0.3924478 0.9196241 0.01661448 65.61768 0.01445843 -0.02422951 0.9996018 -13.54331
0.9195904 -0.3922224 -0.02269456 448.2234 0.3926195 0.9195466 0.01684625 65.62299 0.01426123 -0.02440198 0.9996005 -13.5477
0.9196915 -0.391973 -0.02290613 448.2212 0.3923714 0.9196575 0.01657291 65.62335 0.01456966 -0.02422968 0.9996002 -13.54783
0.9196467 -0.3920797 -0.0228781 448.2276 0.3924828 0.9196032 0.01695193 65.62047 0.01439226 -0.02456904 0.9995945 -13.54611
0.9196611 -0.3920372 -0.02302912 448.2222 0.3924407 0.9196254 0.01672543 65.61743 0.01462117 -0.02441929 0.9995949 -13.54657
0.9197577 -0.3918086 -0.0230619 448.2158 0.3922113 0.9197252 0.0166071 65.61412 0.0147038 -0.02431964 0.9995961 -13.54736
0.9196723 -0.392019 -0.02288969 448.2204 0.3924208 0.9196316 0.01684267 65.61497 0.01444743 -0.02447213 0.9995961 -13.54634
0.919611 -0.3921616 -0.02291183 448.2173 0.3925636 0.9195712 0.01681645 65.61807 0.01447429 -0.02445895 0.9995961 -13.54649
0.9195957 -0.392195 -0.02295642 448.2249 0.3925951 0.9195613 0.01661985 65.61854 0.01459161 -0.02429612 0.9995983 -13.54656
0.9195927 -0.392211 -0.02279844 448.2216 0.3926094 0.9195527 0.01676055 65.62428 0.01439069 -0.02436377 0.9995996 -13.54516
0.9196578 -0.3920447 -0.02303215 448.2236 0.3924485 0.9196216 0.01673963 65.62248 0.01461818 -0.02443367 0.9995946 -13.54715
0.9196628 -0.3920327 -0.0230375 448.2249 0.3924336 0.9196318 0.01653196 65.62071 0.01470495 -0.02424452 0.9995979 -13.54617
0.9196865 -0.3919858 -0.02288986 448.2224 0.3923856 0.9196492 0.01670452 65.62217 0.01450271 -0.02434457 0.9995984 -13.54737
0.9196455 -0.3920752 -0.02300409 448.2222 0.3924805 0.9196054 0.01688507 65.62309 0.01453447 -0.02455694 0.9995928 -13.54378
0.9197041 -0.3919398 -0.02297063 448.2189 0.3923395 0.9196714 0.01656532 65.61467 0.01463282 -0.02424748 0.9995989 -13.54518
0.919692 -0.3919646 -0.02303196 448.2181 0.392368 0.9196565 0.01671716 65.61898 0.01462896 -0.02441164 0.9995949 -13.54494
0.9197119 -0.3919228 -0.02294346 448.2203 0.3923244 0.9196746 0.01673651 65.61382 0.0145411 -0.02439404 0.9995967 -13.54635
0.9197132 -0.3919246 -0.02286454 448.2248 0.3923238 0.9196756 0.01670028 65.62138 0.0144827 -0.02432977 0.9995991 -13.54556
0.9196628 -0.3920345 -0.02300593 448.2217 0.392438 0.9196256 0.01676417 65.6214 0.01458471 -0.02444579 0.9995947 -13.54258
0.9195647 -0.3922619 -0.02305364 448.2183 0.3926678 0.919526 0.01684675 65.62519 0.01459009 -0.0245441 0.9995923 -13.54587
0.9196818 -0.3920026 -0.02278974 448.2227 0.3924008 0.9196415 0.01675981 65.62186 0.0143885 -0.02435641 0.9995998 -13.54615
0.9197413 -0.39185 -0.02301362 448.2292 0.3922526 0.9197063 0.01668572 65.62074 0.01462747 -0.0243737 0.9995959 -13.54526
0.9196509 -0.3920658 -0.02294732 448.2245 0.3924673 0.919614 0.01672098 65.62076 0.01454695 -0.02438354 0.9995968 -13.54629
0.9196677 -0.3920248 -0.02297608 448.2201 0.3924253 0.9196339 0.0166048 65.61512 0.01462009 -0.02428729 0.9995981 -13.54741
0.9196109 -0.392141 -0.02326778 448.2231 0.3925494 0.9195801 0.01666095 65.61825 0.01486314 -0.02445534 0.9995905 -13.54592
0.9196578 -0.3920626 -0.0227274 448.2207 0.3924596 0.9196162 0.01677913 65.62665 0.01432202 -0.02435064 0.9996009 -13.54727
0.9196813 -0.3919871 -0.0230737 448.2224 0.3923882 0.9196519 0.01648645 65.62085 0.0147573 -0.02421612 0.9995978 -13.54843
0.9196615 -0.3920419 -0.02292936 448.2255 0.3924415 0.9196266 0.01662213 65.62296 0.01456988 -0.02428516 0.9995989 -13.54707
0.919696 -0.391966 -0.02284817 448.2179 0.3923643 0.9196588 0.0166689 65.61856 0.01447888 -0.02429513 0.9996 -13.5468
0.9197543 -0.391819 -0.02302077 448.2199 0.3922186 0.9197246 0.01647589 65.61743 0.0147172 -0.02418295 0.9995992 -13.54704
0.91964 -0.3920812 -0.02312068 448.2208 0.3924839 0.9196106 0.01651509 65.62115 0.01478677 -0.02426243 0.9995962 -13.54676
0.9196335 -0.3920911 -0.02321083 448.2058 0.3924963 0.919605 0.01653671 65.61789 0.0148609 -0.02431788 0.9995938 -13.54561
0.9196851 -0.3919758 -0.02311507 448.2092 0.3923788 0.9196547 0.01654769 65.61517 0.01477159 -0.02428853 0.9995959 -13.54718
0.9196303 -0.3921062 -0.02308123 448.2147 0.3925106 0.9195958 0.01670008 65.61924 0.0146772 -0.02441753 0.9995941 -13.54416
0.9196257 -0.3921156 -0.02310767 448.2151 0.3925198 0.9195931 0.01664273 65.62028 0.01472378 -0.0243753 0.9995944 -13.54623
0.9196279 -0.3920998 -0.02328816 448.2171 0.3925055 0.9196026 0.01644867 65.61965 0.01496633 -0.02426739 0.9995935 -13.54448
0.9195558 -0.3922822 -0.02306058 448.2177 0.3926856 0.9195217 0.01666495 65.62624 0.01466734 -0.02437991 0.9995952 -13.54733
0.9196562 -0.392049 -0.02302065 448.2198 0.3924515 0.9196216 0.01666426 65.62784 0.01463708 -0.02435988 0.9995961 -13.54469
0.9196229 -0.3921202 -0.02314154 448.2136 0.3925236 0.9195935 0.01653318 65.62153 0.01479781 -0.02428789 0.9995955 -13.5469
0.9195974 -0.3921884 -0.0229977 448.2155 0.3925886 0.9195651 0.01655395 65.62656 0.01465562 -0.0242516 0.9995984 -13.5472
0.9196264 -0.3921154 -0.02308339 448.2241 0.3925187 0.9195938 0.01662115 65.62495 0.01470994 -0.02434591 0.9995953 -13.54564
0.9195739 -0.3922368 -0.02311064 448.2191 0.3926389 0.9195448 0.01648831 65.6215 0.01478394 -0.02423635 0.999597 -13.54598
0.9196384 -0.3920915 -0.02301121 448.2236 0.3924938 0.9196035 0.01667206 65.6189 0.01462422 -0.02436403 0.9995962 -13.54636
0.9196035 -0.3921734 -0.02301078 448.2223 0.3925743 0.9195708 0.01657712 65.62226 0.01465894 -0.02427781 0.9995978 -13.54676
0.919664 -0.3920354 -0.02294384 448.2183 0.3924363 0.9196278 0.01669052 65.62074 0.01455652 -0.02435367 0.9995974 -13.54538
0.9196295 -0.3921133 -0.02299409 448.2136 0.392513 0.9195981 0.01652237 65.6263 0.01466668 -0.02421994 0.999599 -13.54489
0.9196821 -0.391988 -0.02302787 448.2145 0.3923887 0.9196508 0.01653448 65.61764 0.01469628 -0.02424234 0.9995981 -13.54691
0.9196821 -0.3919927 -0.02294293 448.2197 0.3923909 0.9196506 0.01650016 65.61862 0.01463154 -0.0241775 0.9996006 -13.54674
0.9196034 -0.3921666 -0.02312881 448.2119 0.39257 0.9195732 0.01655551 65.61819 0.01477612 -0.02430418 0.9995954 -13.54573
0.919576 -0.3922348 -0.02306303 448.219 0.3926373 0.9195435 0.01659827 65.62622 0.01469704 -0.02431877 0.9995962 -13.5465
0.9195737 -0.3922411 -0.02304605 448.2133 0.3926396 0.919547 0.01635623 65.61993 0.01477633 -0.02408955 0.9996006 -13.54733
0.9195889 -0.3922179 -0.02283263 448.2113 0.3926139 0.9195546 0.01653965 65.62639 0.0145087 -0.02417409 0.9996025 -13.54691
0.9196019 -0.3921764 -0.0230235 448.2197 0.3925766 0.9195712 0.016512 65.62741 0.01469613 -0.02422295 0.9995986 -13.54601
0.9195735 -0.3922465 -0.02296433 448.2127 0.3926446 0.9195428 0.01646784 65.61889 0.01465723 -0.02416021 0.9996006 -13.54702
0.9196377 -0.3920924 -0.02302116 448.2234 0.3924941 0.9196043 0.01661604 65.62676 0.01465534 -0.02431641 0.9995969 -13.5479
0.9196399 -0.3920833 -0.02308773 448.2247 0.392485 0.9196103 0.01650254 65.62305 0.01476134 -0.02423799 0.9995973 -13.5462
0.9196715 -0.3920165 -0.02296524 448.214 0.392415 0.9196404 0.01649287 65.61848 0.01465429 -0.02417994 0.9996002 -13.54689
0.9196178 -0.3921435 -0.022946 448.2135 0.3925425 0.919585 0.01655428 65.62064 0.01460914 -0.02423089 0.9995996 -13.54555
0.9196005 -0.3921859 -0.02291739 448.216 0.392585 0.9195658 0.01661285 65.6289 0.01455872 -0.02427421 0.9995993 -13.54447
0.9195017 -0.392413 -0.02299318 448.2184 0.3928134 0.919469 0.01656591 65.62376 0.01464083 -0.02426441 0.9995984 -13.54651
0.9195372 -0.3923317 -0.02296093 448.2094 0.3927303 0.9195057 0.01650162 65.6194 0.01463859 -0.02419131 0.9996002 -13.54703
0.9195268 -0.3923527 -0.02301854 448.2166 0.3927544 0.9194933 0.01662108 65.62016 0.01464406 -0.02432416 0.9995968 -13.54554
0.9195507 -0.3922857 -0.02320671 448.2197 0.3926856 0.9195303 0.01619142 65.62183 0.01498761 -0.02400177 0.9995996 -13.54811
0.9196687 -0.3920216 -0.02299112 448.2205 0.3924198 0.9196396 0.01642183 65.61744 0.01470583 -0.02412482 0.9996008 -13.54835
0.9197005 -0.3919428 -0.02306162 448.2156 0.3923439 0.9196705 0.01650358 65.62015 0.01474063 -0.02422644 0.9995978 -13.54669
0.9196761 -0.3920033 -0.02300843 448.2165 0.3924027 0.919646 0.01647906 65.6169 0.01469976 -0.02418397 0.9995995 -13.54531
0.9196258 -0.3921229 -0.02297975 448.2177 0.3925192 0.9195991 0.01631414 65.61736 0.014735 -0.0240229 0.9996028 -13.54817
0.919705 -0.3919222 -0.02322955 448.222 0.3923236 0.9196835 0.01625586 65.62024 0.01499281 -0.02406409 0.999598 -13.54684
0.9195623 -0.3922709 -0.02299195 448.2172 0.3926698 0.9195319 0.01647355 65.61685 0.01467974 -0.0241767 0.9995999 -13.54777
0.9196744 -0.3920062 -0.02302475 448.2154 0.3924039 0.9196481 0.01633589 65.61456 0.01477089 -0.0240587 0.9996014 -13.54795
0.9196464 -0.3920717 -0.02302666 448.217 0.3924722 0.9196154 0.01652488 65.61884 0.01469673 -0.02423437 0.9995983 -13.5475
0.9195662 -0.392247 -0.02324317 448.2128 0.3926525 0.919539 0.01650257 65.61437 0.01489991 -0.02430169 0.9995936 -13.54824
0.9196226 -0.3921242 -0.02308528 448.2153 0.3925258 0.919593 0.01650414 65.61604 0.01475739 -0.02423915 0.9995973 -13.54586
0.9196546 -0.3920513 -0.02304817 448.2119 0.3924542 0.9196209 0.0166541 65.61968 0.01466632 -0.02436137 0.9995956 -13.54574
0.9197008 -0.3919444 -0.02302248 448.222 0.3923447 0.9196699 0.01652161 65.61446 0.01469753 -0.02422768 0.9995984 -13.54731
0.9196286 -0.3921174 -0.02295991 448.2213 0.3925184 0.9195932 0.01666507 65.61746 0.01457912 -0.02433786 0.9995975 -13.5456
0.9196958 -0.3919587 -0.02297961 448.2218 0.3923579 0.9196643 0.01651681 65.62002 0.01465962 -0.02420667 0.9995995 -13.54933
0.9196482 -0.3920732 -0.02292972 448.2224 0.3924693 0.9196192 0.01637783 65.61768 0.01466531 -0.02406105 0.9996029 -13.54667
0.9196262 -0.3921226 -0.02296685 448.2137 0.3925204 0.9195963 0.01643954 65.61875 0.01467391 -0.02413319 0.9996011 -13.54572
0.9197583 -0.3918155 -0.02292256 448.2196 0.3922116 0.919729 0.01639374 65.62083 0.01465922 -0.02406877 0.9996028 -13.54746
0.9195803 -0.3922352 -0.02287982 448.2162 0.392631 0.9195493 0.01643757 65.61729 0.01459173 -0.02409899 0.9996031 -13.54481
0.9195988 -0.3921957 -0.02281807 448.2207 0.3925898 0.9195669 0.01643294 65.62005 0.01453781 -0.02406986 0.9996046 -13.54563
0.9197204 -0.3919131 -0.02277073 448.2203 0.3923054 0.9196891 0.01638631 65.61983 0.01451999 -0.0240039 0.9996064 -13.54673
0.9196777 -0.3920061 -0.0228968 448.2204 0.3924032 0.9196452 0.01650957 65.61707 0.01458508 -0.02416826 0.9996015 -13.54513
0.9196739 -0.3920144 -0.0229019 448.2202 0.3924118 0.9196414 0.01651358 65.6175 0.01458797 -0.02417408 0.9996013 -13.54506