1.0 0.0 0.0 0.0 0.0 1.0 0.0 0.0 0.0 0.0 1.0 0.0
0.9999942 -6.68228e-05 -0.00339262 1.472801 5.838518e-05 0.9999969 -0.002487092 -0.006487845 0.003392775 0.002486879 0.9999912 0.003946946
0.9999977 0.00201361 0.0006543725 2.896641 -0.002012835 0.9999974 -0.001182847 -0.02982788 -0.0006567525 0.001181527 0.9999991 -0.03588747
0.9999956 0.002818258 -0.0009130768 4.325867 -0.002817497 0.9999957 0.0008344236 -0.05668629 0.0009154244 -0.0008318473 0.9999992 -0.045533
0.9999889 0.004474797 0.001484329 5.753546 -0.004478619 0.9999865 0.0025816 -0.0774288 -0.001472757 -0.002588219 0.9999956 -0.0734662
0.9999792 0.006391099 0.0008574111 7.182203 -0.006394335 0.9999722 0.003826306 -0.1057278 -0.0008329331 -0.003831709 0.9999923 -0.1130974
0.9999694 0.007449027 0.002391282 8.60393 -0.007457856 0.9999654 0.003704891 -0.1289209 -0.002363601 -0.003722611 0.9999903 -0.123194
0.9999464 0.00961608 -0.00384259 10.05341 -0.009606254 0.9999504 0.002567373 -0.1622394 0.003867088 -0.002530322 0.9999893 -0.1789178
0.9999278 0.01122587 -0.004276661 11.50017 -0.01121649 0.9999346 0.002210348 -0.1922902 0.004301195 -0.002162219 0.9999884 -0.1958773
0.999867 0.012189 -0.01084087 12.95837 -0.01215711 0.9999217 0.00300242 -0.2151865 0.01087662 -0.002870227 0.9999367 -0.2254739
0.999851 0.01398928 -0.01011497 14.40853 -0.01396294 0.999899 0.002670138 -0.2438787 0.0101513 -0.002528505 0.9999453 -0.275232
0.9997889 0.01579604 -0.01313989 15.89447 -0.01575938 0.9998716 0.002888848 -0.2835737 0.01318383 -0.002681161 0.9999095 -0.2803844
0.9998217 0.01653524 -0.009119801 17.34287 -0.01649637 0.9998546 0.004321142 -0.3258715 0.009189926 -0.004169927 0.9999491 -0.3165407
0.9997759 0.01728138 -0.01222266 18.81676 -0.0172249 0.9998406 0.004711122 -0.3748495 0.01230212 -0.004499532 0.9999142 -0.3694278
0.9998057 0.01804537 -0.007929887 20.2674 -0.01799644 0.9998187 0.006199517 -0.4115897 0.008040323 -0.006055603 0.9999493 -0.3622436
0.9997532 0.01890203 -0.01167054 21.71197 -0.01881484 0.9997945 0.007535913 -0.4562308 0.01181059 -0.007314475 0.9999035 -0.4386748
0.9997813 0.01941122 -0.007788017 23.16357 -0.01935005 0.999782 0.007855252 -0.4991347 0.007938799 -0.007702836 0.9999388 -0.4373275
0.9997303 0.01979751 -0.01213795 24.58278 -0.01965932 0.9997417 0.01140014 -0.5436234 0.01236051 -0.01115845 0.9998614 -0.5002481
0.9997672 0.02009395 -0.007864329 26.0268 -0.01999902 0.9997283 0.01196918 -0.5830697 0.008102701 -0.01180911 0.9998974 -0.5164961
0.9996997 0.02122636 -0.01224495 27.48314 -0.02104105 0.9996649 0.01506866 -0.6389422 0.0125607 -0.01480649 0.9998115 -0.5820036
0.9997212 0.02216368 -0.008143802 28.94907 -0.02203805 0.9996414 0.01520595 -0.6841702 0.008477903 -0.01502223 0.9998512 -0.6174149
0.9996725 0.02301331 -0.01119387 30.37523 -0.02281387 0.9995843 0.01762981 -0.734403 0.01159494 -0.01736866 0.9997819 -0.6679632
0.9996575 0.02393514 -0.01058416 31.85691 -0.02373677 0.9995472 0.01848688 -0.7836578 0.01102185 -0.01822932 0.9997731 -0.7246453
0.9996189 0.02463545 -0.0124548 33.33253 -0.02439931 0.9995261 0.0187689 -0.835362 0.01291128 -0.01845786 0.9997463 -0.778372
0.9996012 0.02554465 -0.01203915 34.7785 -0.02532427 0.9995149 0.01811556 -0.8807521 0.01249607 -0.01780345 0.9997634 -0.8204634
0.9995346 0.02655293 -0.01501852 36.27621 -0.02626585 0.9994743 0.01899985 -0.9382061 0.01551513 -0.01859654 0.9997067 -0.9214588
0.9995369 0.02770722 -0.01258178 37.74986 -0.02750431 0.9994932 0.01602433 -0.9918826 0.01301939 -0.01567085 0.9997925 -0.9079828
0.9994212 0.02919318 -0.01746508 39.20242 -0.02890026 0.9994411 0.01679522 -1.043288 0.01794563 -0.01628076 0.9997064 -0.9855882
0.99949 0.03029574 -0.01009061 40.66547 -0.03010473 0.999374 0.01857293 -1.120209 0.01064698 -0.01825968 0.9997766 -1.045437
0.999483 0.0309678 -0.008640924 42.14274 -0.03076934 0.9992795 0.02222584 -1.170702 0.009322981 -0.02194848 0.9997156 -1.052036
0.9994801 0.03167333 -0.006022381 43.60291 -0.03150712 0.9991671 0.02593742 -1.24083 0.006838888 -0.02573419 0.9996454 -1.147197
0.9994658 0.03262201 -0.002001018 45.07957 -0.03255909 0.9991322 0.02598466 -1.317925 0.002846953 -0.02590563 0.9996603 -1.22034
0.9994347 0.03361892 -0.0002440068 46.53948 -0.03360251 0.999127 0.02482376 -1.377882 0.001078342 -0.02480153 0.9996918 -1.259943
0.9993665 0.03535641 0.004072394 47.98805 -0.03545352 0.9990081 0.02694256 -1.450756 -0.003115762 -0.02706988 0.9996287 -1.339086
0.9992987 0.03714686 0.004715254 49.4583 -0.03726514 0.9989091 0.0281368 -1.532302 -0.003664917 -0.02829279 0.999593 -1.393225
0.9992057 0.03914535 0.007458196 50.9244 -0.03934293 0.9988194 0.02849867 -1.604697 -0.0063338 -0.02876946 0.999566 -1.489622
0.9990857 0.04135139 0.0108594 52.38445 -0.04164435 0.9987316 0.02830175 -1.686482 -0.009675312 -0.0287281 0.9995404 -1.523067
0.9989867 0.04345152 0.01173181 53.82454 -0.04377847 0.9986138 0.02922177 -1.767012 -0.01044582 -0.02970576 0.9995041 -1.607382
0.9988911 0.04489669 0.0141771 55.27287 -0.04531104 0.9985104 0.0304008 -1.852174 -0.01279109 -0.03100947 0.9994372 -1.682117
0.9987823 0.04726093 0.0141549 56.71326 -0.04770493 0.9983205 0.03287098 -1.937664 -0.01257762 -0.03350621 0.9993594 -1.753586
0.9987025 0.04897365 0.01395972 58.15964 -0.04937885 0.9983193 0.0303327 -2.023748 -0.01245076 -0.03098266 0.9994424 -1.799793
0.9986089 0.05052603 0.01507852 59.5858 -0.0509921 0.9981761 0.03231649 -2.110113 -0.01341819 -0.03304042 0.999364 -1.906365
0.998559 0.05186912 0.01376863 61.00908 -0.05228324 0.9981306 0.0316471 -2.208476 -0.01210139 -0.03232136 0.9994043 -1.955438
0.9984712 0.05347252 0.01399685 62.42234 -0.05391623 0.9979827 0.03351795 -2.297936 -0.01217633 -0.03422137 0.9993401 -2.043257
0.9983765 0.05549509 0.01283198 63.82911 -0.05591763 0.9978102 0.03532342 -2.396521 -0.01084361 -0.03598361 0.9992936 -2.108863
0.9983191 0.05705806 0.01016383 65.24262 -0.05739477 0.9976778 0.03667273 -2.480811 -0.008047754 -0.03719444 0.9992756 -2.190393
0.9982406 0.05869 0.008433917 66.61624 -0.05896181 0.9975837 0.03674261 -2.573323 -0.006257115 -0.03717524 0.9992892 -2.273804
0.9981353 0.06073266 0.006126736 67.99434 -0.06092488 0.9973929 0.03867463 -2.677276 -0.00376195 -0.03897578 0.9992331 -2.349019
0.99805 0.0622201 0.004975411 69.39209 -0.06236767 0.9972838 0.03918314 -2.769697 -0.002523918 -0.03941704 0.9992197 -2.424356
0.9979396 0.06412487 0.002134089 70.77067 -0.06415874 0.9971249 0.04032225 -2.885838 0.0004577059 -0.04037609 0.9991844 -2.507428
0.9978273 0.06585496 0.001963699 72.1413 -0.06587989 0.9969759 0.04121912 -2.984241 0.0007567232 -0.04125893 0.9991482 -2.587492
0.997738 0.06721675 -0.0009135811 73.48286 -0.0671194 0.996863 0.04194161 -3.082424 0.003729894 -0.04178542 0.9991196 -2.679193
0.9976578 0.06838606 -0.001505343 74.8241 -0.0682649 0.9968036 0.04150081 -3.181659 0.004338609 -0.04130084 0.9991373 -2.759485
0.9975675 0.06966314 -0.002467389 76.17007 -0.06949807 0.9966942 0.04208173 -3.29553 0.005390778 -0.04180789 0.9991111 -2.827134
0.9974899 0.07073916 -0.003134582 77.4752 -0.07055269 0.996671 0.04085701 -3.402027 0.006014338 -0.04053331 0.9991601 -2.933133
0.9973989 0.07194551 -0.004383877 78.81085 -0.07170392 0.9965687 0.04134156 -3.511625 0.007343175 -0.04091968 0.9991354 -2.998287
0.9972995 0.07335286 -0.003612188 80.11879 -0.07313487 0.9964221 0.04236306 -3.61728 0.006706714 -0.04198448 0.9990957 -3.066257
0.9972005 0.07459056 -0.005238708 81.39658 -0.07430365 0.9963373 0.04232139 -3.728827 0.008376295 -0.04181365 0.9990903 -3.17003
0.9971374 0.07555974 -0.002783414 82.68268 -0.07537045 0.9962255 0.0430578 -3.836517 0.006026343 -0.04272475 0.9990687 -3.214743
0.9970551 0.07653615 -0.004845455 83.95651 -0.07625164 0.9961243 0.04384137 -3.951467 0.008182125 -0.04334278 0.9990268 -3.314142
0.996974 0.0776872 -0.002759191 85.24491 -0.07749398 0.9960413 0.04355084 -4.063866 0.006131611 -0.04320523 0.9990474 -3.399192
0.9968988 0.07864708 -0.002725636 86.47522 -0.07844757 0.9959176 0.04465784 -4.17567 0.006226717 -0.04430553 0.9989986 -3.465287
0.9967955 0.07997873 -0.001449621 87.71969 -0.07982794 0.995749 0.0459488 -4.290038 0.005118385 -0.04568584 0.9989427 -3.564943
0.996718 0.08094401 -0.001101999 88.98756 -0.08080781 0.9956673 0.04600839 -4.408894 0.004821328 -0.04576834 0.9989405 -3.636212
0.9967 0.08117263 7.774937e-05 90.19665 -0.08108962 0.9956365 0.04617829 -4.515978 0.003671003 -0.04603221 0.9989332 -3.717216
0.9966248 0.08207367 -0.00167824 91.41232 -0.08189433 0.9954451 0.04880888 -4.62669 0.00567652 -0.04850671 0.9988067 -3.802843
0.9965482 0.08300754 -0.001207584 92.6312 -0.08284983 0.9953653 0.04882834 -4.740208 0.005255108 -0.04855975 0.9988065 -3.882538
0.9964674 0.08391764 -0.003248285 93.84206 -0.08366827 0.9953521 0.0476852 -4.852504 0.007234816 -0.04724497 0.9988571 -3.96557
0.9964279 0.08432037 -0.004638857 95.03514 -0.08399896 0.995291 0.04837207 -4.963763 0.008695763 -0.04780962 0.9988186 -4.047071
0.9963695 0.08493027 -0.005879547 96.23137 -0.08454278 0.9952148 0.04898699 -5.075804 0.01001189 -0.04831208 0.9987821 -4.134047
0.9963006 0.0856294 -0.007267022 97.42344 -0.08517009 0.9951439 0.04934182 -5.185724 0.01145684 -0.04854035 0.9987555 -4.21557
0.9962122 0.08645783 -0.009286602 98.61531 -0.08587395 0.9949878 0.05123511 -5.305532 0.01366973 -0.05024357 0.9986435 -4.303565
0.9961699 0.08676599 -0.01083037 99.8058 -0.086081 0.9948903 0.05275517 -5.414085 0.01535239 -0.05162082 0.9985487 -4.375727
0.9961627 0.08686061 -0.01073001 100.9819 -0.0861706 0.9948475 0.05341409 -5.526107 0.0153143 -0.05228451 0.9985148 -4.464262
0.9961945 0.08637569 -0.01164568 102.1738 -0.08562956 0.9948648 0.05396149 -5.638063 0.01624683 -0.05275892 0.9984751 -4.549254
0.9961632 0.08665276 -0.01225091 103.3512 -0.08585391 0.9947793 0.05516795 -5.753609 0.0169674 -0.0539045 0.9984019 -4.64223
0.9961733 0.08656145 -0.01207539 104.5143 -0.08576863 0.9947747 0.05537931 -5.862472 0.016806 -0.05413171 0.9983923 -4.720569
0.9961529 0.08649494 -0.01406823 105.7062 -0.08558755 0.9947697 0.05574736 -5.979483 0.01881651 -0.05432883 0.9983458 -4.801142
0.9962403 0.08577277 -0.01217588 106.8614 -0.08494641 0.9947481 0.05710046 -6.091174 0.0170096 -0.05585149 0.9982942 -4.899875
0.9962389 0.08556963 -0.01362941 108.0377 -0.08466019 0.9947653 0.05722284 -6.198218 0.01845461 -0.05585375 0.9982684 -4.96972
0.9962869 0.08505153 -0.01336701 109.2075 -0.08415744 0.9948078 0.05722772 -6.318072 0.01816491 -0.05589029 0.9982716 -5.083799
0.9963149 0.08453874 -0.01448192 110.3906 -0.08359144 0.9948802 0.05679605 -6.422622 0.01920924 -0.05537619 0.9982808 -5.140615
0.9963313 0.0841796 -0.01542175 111.5451 -0.08315443 0.9948417 0.05810018 -6.533853 0.02023305 -0.05660464 0.9981917 -5.260664
0.9963064 0.08394363 -0.01808361 112.7212 -0.0827824 0.9949082 0.057487 -6.637986 0.0228172 -0.05577766 0.9981825 -5.325874
0.99639 0.08282515 -0.01862643 113.8941 -0.08162507 0.9949787 0.05792082 -6.740918 0.0233302 -0.05619134 0.9981474 -5.420491
0.9963682 0.08284167 -0.01968719 115.064 -0.08154281 0.9948909 0.05951948 -6.849395 0.0245173 -0.05769797 0.998033 -5.510989
0.9964458 0.08199605 -0.01929939 116.2332 -0.08065198 0.9947897 0.06235949 -6.954824 0.02431206 -0.06058132 0.9978672 -5.602204
0.996523 0.08116913 -0.01880094 117.3954 -0.07984285 0.9948184 0.06293878 -7.06391 0.02381221 -0.06121882 0.9978403 -5.687263
0.9965832 0.08022973 -0.01962484 118.5719 -0.0788461 0.994876 0.0632844 -7.157425 0.02460157 -0.06152083 0.9978026 -5.786726
0.9966109 0.07988476 -0.01962512 119.7319 -0.078504 0.994909 0.06319078 -7.27248 0.02457319 -0.06143597 0.9978085 -5.883363
0.9966346 0.07935978 -0.02053092 120.9073 -0.07791142 0.9949236 0.06369395 -7.375908 0.02548144 -0.06188 0.9977583 -5.961686
0.9968345 0.07840876 -0.01315125 122.0659 -0.07736328 0.9947581 0.06686603 -7.481006 0.01832519 -0.06563694 0.9976753 -6.060868
0.9968258 0.07848385 -0.01336216 123.2299 -0.07739052 0.9946325 0.0686805 -7.586607 0.01868074 -0.06742838 0.9975492 -6.166658
0.9969037 0.07804029 -0.009626508 124.4054 -0.07724272 0.9948363 0.06583503 -7.694728 0.01471458 -0.06488761 0.9977841 -6.260164
0.9969721 0.07727994 -0.008631843 125.5765 -0.07659581 0.9951109 0.06235221 -7.802999 0.01340821 -0.06150225 0.9980169 -6.356191
0.9969245 0.07796461 -0.007944925 126.7382 -0.07730942 0.9949962 0.0632912 -7.901368 0.01283964 -0.06248233 0.9979635 -6.460908
0.9968688 0.0785026 -0.00948482 127.9195 -0.07771778 0.9948196 0.06552593 -8.002807 0.01457964 -0.06458361 0.9978058 -6.544952
0.9968137 0.07941427 -0.007472293 129.0844 -0.07869155 0.9943913 0.07066691 -8.11536 0.01304234 -0.06985374 0.997472 -6.645446
0.9967604 0.08015328 -0.006646689 130.2687 -0.0794589 0.9941697 0.07289007 -8.227277 0.01245032 -0.07212579 0.9973179 -6.737531
0.9967486 0.08052216 -0.002911899 131.4438 -0.08008622 0.9940314 0.07408105 -8.338243 0.008859686 -0.07360698 0.997248 -6.856843
0.9967191 0.08093151 -0.00106372 132.6259 -0.08063458 0.9940284 0.07352243 -8.451569 0.007007651 -0.07319544 0.997293 -6.946395
0.9966763 0.08145691 0.001047221 133.8051 -0.08131094 0.9939393 0.07398251 -8.561364 0.004985513 -0.07382177 0.997259 -7.066584
0.9966345 0.08193885 0.002382784 135.0031 -0.08188683 0.993824 0.07488973 -8.676018 0.003768309 -0.0748328 0.997189 -7.169407
0.9965921 0.0824417 0.002738539 136.1851 -0.08241615 0.9938076 0.07452467 -8.80327 0.00342236 -0.0744964 0.9972154 -7.273359
0.9965865 0.08238027 0.005373008 137.4017 -0.08255192 0.9938437 0.07389303 -8.904079 0.0007473987 -0.07408435 0.9972517 -7.388159
0.9965365 0.08281259 0.007555085 138.6157 -0.08314359 0.9938619 0.07297755 -9.020061 -0.001465251 -0.07335296 0.997305 -7.485219
0.996543 0.08281655 0.006589526 139.8368 -0.08307689 0.9938473 0.07325396 -9.144361 -0.000482342 -0.07354815 0.9972916 -7.593568
0.9965026 0.08289257 0.01055259 141.0333 -0.0834479 0.9937648 0.07394676 -9.259599 -0.00435716 -0.07456873 0.9972063 -7.718682
0.996488 0.0833778 0.007725637 142.2707 -0.08372097 0.9937581 0.07372532 -9.376001 -0.00153036 -0.0741132 0.9972486 -7.788958
0.9964495 0.08360587 0.009917091 143.4892 -0.08411117 0.9937228 0.07375927 -9.492147 -0.00368813 -0.07433154 0.9972268 -7.942803
0.9964363 0.08386716 0.008998374 144.7281 -0.08430581 0.9936424 0.07461402 -9.619182 -0.0026835 -0.07510674 0.9971719 -8.009893
0.9963922 0.0844355 0.008555673 145.9574 -0.08484291 0.9934686 0.07630095 -9.728531 -0.002057285 -0.07675156 0.9970481 -8.146625
0.9963357 0.08508833 0.008671192 147.1966 -0.08550293 0.9934037 0.07641041 -9.855318 -0.002112359 -0.07687182 0.9970387 -8.251793
0.9962913 0.08565303 0.008195062 148.449 -0.0860297 0.9933423 0.0766167 -9.974347 -0.00157805 -0.07703757 0.9970269 -8.366732
0.9962668 0.08602407 0.007235088 149.6946 -0.08632594 0.9932898 0.07696039 -10.10057 -0.000566093 -0.07729767 0.9970079 -8.483579
0.9962723 0.08597024 0.007113906 150.9595 -0.08626321 0.9932379 0.07769855 -10.21395 -0.0003860381 -0.07802258 0.9969515 -8.588199
0.9962959 0.08566706 0.007461916 152.2105 -0.08598813 0.9932593 0.07773046 -10.33879 -0.0007526772 -0.07808417 0.9969465 -8.709409
0.9963394 0.08508147 0.008296255 153.4791 -0.08547024 0.9932679 0.07819098 -10.46916 -0.0015878 -0.07861385 0.9969039 -8.82443
0.9963869 0.08457809 0.007729405 154.7518 -0.084925 0.9932265 0.07930344 -10.58176 -0.0009697152 -0.07967333 0.9968206 -8.952615
0.996439 0.08396882 0.007650663 156.0261 -0.08431117 0.993297 0.07907413 -10.70372 -0.0009596199 -0.07943758 0.9968394 -9.059208
0.9964952 0.08339826 0.006485293 157.3 -0.08364994 0.9933785 0.07875155 -10.8289 0.0001253919 -0.07901804 0.9968732 -9.191936
0.9965326 0.08287556 0.007384688 158.595 -0.08319952 0.9934611 0.07818336 -10.94704 -0.0008569106 -0.07852667 0.9969116 -9.308811
0.9965813 0.08231939 0.007017819 159.8865 -0.08261641 0.9934841 0.0785124 -11.07152 -0.0005089988 -0.07882378 0.9968885 -9.425874
0.9966246 0.08164787 0.008539165 161.1835 -0.08206806 0.9934891 0.07902201 -11.19073 -0.002031587 -0.07945608 0.9968363 -9.548119
0.9966652 0.08099225 0.009937736 162.4778 -0.08152641 0.9935173 0.07922582 -11.3242 -0.003456636 -0.07977179 0.9968072 -9.666596
0.9967015 0.08042971 0.01082043 163.7535 -0.08103723 0.9935365 0.07948782 -11.43062 -0.004357308 -0.08010249 0.9967771 -9.78642
0.9967646 0.07961588 0.0110266 165.0638 -0.08024594 0.9935408 0.08023188 -11.55503 -0.004567645 -0.08085714 0.9967152 -9.915251
0.9968034 0.0791876 0.01059745 166.3521 -0.07979098 0.9934465 0.08183885 -11.66158 -0.004047378 -0.08242283 0.9965892 -10.03535
0.9968872 0.07842927 0.008046601 167.6481 -0.07882702 0.9934268 0.08300417 -11.77451 -0.001483751 -0.08338008 0.9965167 -10.17007
0.9969332 0.0779534 0.00689896 168.9233 -0.07825787 0.9932553 0.08555542 -11.89846 -0.0001830931 -0.08583292 0.9963095 -10.30338
0.9969482 0.07786302 0.005614772 170.2455 -0.07805856 0.9933437 0.08470584 -12.01119 0.001018055 -0.08488563 0.9963902 -10.42767
0.9969251 0.07807703 0.006666359 171.5299 -0.07836111 0.9932841 0.08512382 -12.14077 2.462626e-05 -0.08538446 0.9963481 -10.56254
0.9969177 0.07820734 0.006224561 172.8394 -0.07845421 0.993503 0.08244098 -12.24632 0.0002633685 -0.08267521 0.9965765 -10.67958
0.99686 0.07876328 0.008153972 174.1148 -0.07916944 0.9933652 0.08341272 -12.38552 -0.001530013 -0.08379635 0.9964817 -10.8278
0.9968159 0.07945119 0.006757146 175.4132 -0.07973801 0.9932628 0.08408815 -12.50011 -3.071828e-05 -0.08435921 0.9964354 -10.94188
0.9968047 0.07977931 0.00395395 176.707 -0.07982504 0.9931433 0.08540615 -12.61391 0.002886804 -0.08544887 0.9963384 -11.08523
0.9967763 0.08020237 0.002110391 178.042 -0.08010177 0.9933498 0.0827022 -12.72362 0.004536556 -0.08260464 0.9965721 -11.2103
0.9967306 0.08079639 4.152232e-05 179.3299 -0.08052962 0.9933976 0.0817088 -12.85367 0.006560529 -0.08144501 0.9966562 -11.34155
0.9966998 0.08117443 -0.0004639705 180.6291 -0.0808815 0.9935569 0.07939003 -12.96404 0.006905422 -0.07909051 0.9968435 -11.45833
0.9967272 0.08083319 -0.0009155334 181.9313 -0.08050255 0.9935541 0.07980929 -13.09002 0.00736087 -0.07947438 0.9968097 -11.58782
0.9967397 0.08067571 -0.001173096 183.2348 -0.08033634 0.9936858 0.07832448 -13.20084 0.007484573 -0.07797489 0.9969272 -11.71658
0.996716 0.08093199 -0.002673819 184.5421 -0.08047561 0.9936806 0.07824691 -13.33219 0.0089896 -0.07777477 0.9969304 -11.83946
0.9966867 0.08131207 -0.001985073 185.8502 -0.08092649 0.9938164 0.07602596 -13.45521 0.008154627 -0.07561342 0.9971039 -11.95529
0.9966549 0.08168022 -0.002705747 187.1388 -0.08121111 0.9935517 0.07911803 -13.56921 0.009150678 -0.07863364 0.9968616 -12.07313
0.9966995 0.08117874 -0.0004352261 188.47 -0.08086649 0.9933077 0.08246292 -13.69498 0.007126549 -0.08215556 0.996594 -12.14141
0.996698 0.08119259 -0.0009846161 189.7365 -0.08074418 0.9923286 0.09361652 -13.81532 0.00857803 -0.0932279 0.9956079 -12.36464
0.996638 0.0818375 -0.003920865 191.0137 -0.08110306 0.9922194 0.09446001 -13.94011 0.01162073 -0.09382445 0.9955209 -12.52131
0.9966503 0.08160704 -0.005326129 192.3345 -0.08082874 0.992866 0.08765618 -14.05559 0.0124415 -0.08693206 0.9961365 -12.61598
0.9966049 0.08181628 -0.009210143 193.6469 -0.08082855 0.9935403 0.0796535 -14.17682 0.0156676 -0.07863863 0.99678 -12.76462
0.9966301 0.08173473 -0.006926357 194.9188 -0.08090958 0.9934286 0.08095214 -14.29666 0.01349744 -0.08011892 0.9966939 -12.91012
0.9965576 0.08211481 -0.01140578 196.2078 -0.08090738 0.9933246 0.08222099 -14.40578 0.0180812 -0.08101514 0.9965488 -13.00054
0.9965494 0.08211019 -0.01213146 197.4829 -0.08082476 0.9932466 0.08323808 -14.52614 0.01888422 -0.08197033 0.9964558 -13.16304
0.9965174 0.08204731 -0.01487746 198.7681 -0.08056399 0.9933708 0.08200148 -14.63758 0.02150683 -0.08051731 0.9965212 -13.27096
0.9965319 0.08178206 -0.01535861 200.0416 -0.08028883 0.9934971 0.0807277 -14.75378 0.02186081 -0.07921461 0.9966179 -13.4073
0.9965326 0.08160512 -0.01622776 201.2913 -0.08005017 0.9935399 0.08043852 -14.86651 0.02268712 -0.07886057 0.9966274 -13.53365
0.9965931 0.0807028 -0.01701013 202.569 -0.07908674 0.9936099 0.08052841 -14.97847 0.0234003 -0.07890877 0.9966072 -13.64388
0.9966023 0.07990147 -0.01998955 203.8124 -0.07801831 0.9935874 0.0818361 -15.08347 0.02640019 -0.07999849 0.9964453 -13.77785
0.9965452 0.08020664 -0.0215551 205.0876 -0.07817233 0.9935017 0.08272591 -15.2061 0.0280502 -0.0807551 0.9963392 -13.88381
0.9965081 0.07963575 -0.02509304 206.353 -0.07723047 0.9933426 0.08547381 -15.30903 0.03173276 -0.08323739 0.9960244 -13.98095
0.9965155 0.0799643 -0.02372158 207.6019 -0.07782882 0.993727 0.08030886 -15.43371 0.02999461 -0.07818279 0.9964877 -14.13762
0.9964482 0.07940625 -0.02802985 208.8706 -0.07688291 0.9936751 0.08184725 -15.53579 0.03435174 -0.07940152 0.9962506 -14.24028
0.9966722 0.07876544 -0.02098792 210.1136 -0.07682758 0.9937453 0.08104108 -15.65268 0.02723988 -0.07915895 0.9964898 -14.41358
0.9965907 0.07798436 -0.02693143 211.348 -0.07548121 0.9936043 0.08398065 -15.75293 0.03330837 -0.08166152 0.9961034 -14.52543
0.996793 0.07737475 -0.02041691 212.5952 -0.0753772 0.9935166 0.08510702 -15.86091 0.02686967 -0.08329511 0.9961626 -14.64926
0.9966406 0.07672106 -0.02865817 213.8616 -0.07402958 0.9935899 0.08543374 -15.96355 0.03502904 -0.08302519 0.9959316 -14.77336
0.9968238 0.07553393 -0.0252389 215.1038 -0.07315261 0.9937139 0.08474443 -16.06386 0.03148132 -0.08262897 0.996083 -14.91435
0.9968208 0.07407241 -0.02935157 216.3596 -0.07131011 0.9937373 0.0860301 -16.16872 0.0355402 -0.08366352 0.9958601 -15.04326
0.9969106 0.07326558 -0.02830976 217.6207 -0.07061084 0.9938314 0.08551661 -16.26803 0.03440056 -0.08325344 0.9959345 -15.15458
0.9968371 0.07247215 -0.03261168 218.855 -0.06943593 0.9938564 0.0861842 -16.37197 0.03865729 -0.08364718 0.9957453 -15.30456
0.9969824 0.07096665 -0.03146248 220.118 -0.06812997 0.9941719 0.08354922 -16.45619 0.03720832 -0.08115356 0.9960068 -15.41129
0.9968135 0.07071828 -0.03690089 221.3603 -0.06740313 0.994146 0.08444124 -16.55805 0.04265642 -0.08168495 0.9957449 -15.55653
0.9968376 0.0705286 -0.03661266 222.6293 -0.06727517 0.9942297 0.08355571 -16.65578 0.04229446 -0.08082835 0.9958303 -15.66014
0.996806 0.06969716 -0.03898925 223.8645 -0.06611838 0.9940493 0.08656819 -16.75398 0.0447908 -0.08371378 0.9954827 -15.80356
0.9967851 0.06955241 -0.03977375 225.1291 -0.06600034 0.9942307 0.08455292 -16.83471 0.04542514 -0.08165602 0.9956248 -15.91956
0.9967554 0.06938515 -0.04079649 226.3852 -0.06568862 0.994139 0.08586506 -16.93734 0.04651514 -0.0829066 0.9954712 -16.05247
0.9966828 0.06933463 -0.04261602 227.6364 -0.06563411 0.9943998 0.08283194 -17.0334 0.04812049 -0.07976011 0.9956519 -16.16959
0.9966921 0.06904211 -0.04287251 228.8953 -0.06524595 0.9942943 0.08439103 -17.12564 0.04845443 -0.08131461 0.99551 -16.30645
0.9966433 0.06910633 -0.04389124 230.1508 -0.06527449 0.9943731 0.0834353 -17.20875 0.04941018 -0.08029027 0.9955462 -16.42286
0.9966016 0.06901582 -0.04496711 231.4117 -0.0648692 0.9940124 0.08792722 -17.31261 0.05076624 -0.08471143 0.9951114 -16.56486
0.9967038 0.06823507 -0.04388105 232.6859 -0.06408934 0.9938959 0.08979854 -17.39932 0.0497406 -0.08669023 0.9949928 -16.65381
0.996864 0.06673003 -0.04253638 233.9352 -0.06257813 0.9937518 0.09241971 -17.49268 0.04843777 -0.08946802 0.9948112 -16.8203
0.9970636 0.06525315 -0.0400782 235.2221 -0.06146202 0.9940909 0.08947547 -17.58842 0.04567992 -0.08674945 0.9951823 -16.93924
0.997225 0.06379693 -0.038371 236.4817 -0.06022022 0.9942914 0.08807824 -17.68326 0.04377109 -0.08552311 0.9953743 -17.08167
0.9973832 0.06222283 -0.0368106 237.7906 -0.05892415 0.9946567 0.08476917 -17.75712 0.04188849 -0.08237831 0.9957204 -17.20423
0.9974908 0.06100099 -0.03593151 239.0784 -0.05766216 0.9944865 0.08758856 -17.86181 0.04107639 -0.0852969 0.9955085 -17.33995
0.9975246 0.06002557 -0.03662741 240.3679 -0.05658155 0.9944456 0.08874981 -17.94353 0.04175122 -0.08645768 0.9953803 -17.51153
0.9977103 0.05793804 -0.03489078 241.6781 -0.05461734 0.99448 0.08959204 -18.03159 0.03988896 -0.08748126 0.9953672 -17.61366
0.9978388 0.05535159 -0.03541109 242.9975 -0.05202633 0.9946915 0.08878178 -18.11319 0.04013732 -0.08674759 0.9954215 -17.72298
0.9979697 0.05278391 -0.03564182 244.2937 -0.04936848 0.9946522 0.09071888 -18.17824 0.04023971 -0.08877511 0.9952385 -17.89021
0.99809 0.05044365 -0.0356632 245.6214 -0.04702837 0.9947523 0.09086143 -18.26327 0.04005944 -0.08901071 0.9952248 -18.02582
0.9982249 0.04850247 -0.03456427 246.9325 -0.04513559 0.9947077 0.09230065 -18.34397 0.03885815 -0.09057672 0.9951311 -18.16825
0.9983778 0.04610306 -0.03341136 248.2901 -0.04297616 0.9951106 0.08892789 -18.40788 0.03734785 -0.08734775 0.9954776 -18.28245
0.9984913 0.04432 -0.03241518 249.6261 -0.04118672 0.9949385 0.09165743 -18.49442 0.03631337 -0.09018408 0.9952629 -18.42775
0.9985179 0.04168788 -0.03498599 250.972 -0.03835746 0.9951124 0.09099422 -18.54757 0.03860835 -0.0895174 0.9952367 -18.58606
0.9985384 0.03960403 -0.03677611 252.3225 -0.03609592 0.995142 0.09159397 -18.61258 0.04022495 -0.09013263 0.9951171 -18.72883
0.9983191 0.03720471 -0.04443722 253.6902 -0.03306829 0.9953524 0.09044421 -18.65968 0.04759564 -0.08882272 0.9949096 -18.86284
0.9982937 0.03469345 -0.04696849 255.0381 -0.03032335 0.9954115 0.09075545 -18.71989 0.04990159 -0.08917636 0.994765 -19.01782
0.9980069 0.03322537 -0.05365013 256.4185 -0.02837086 0.9956418 0.08883962 -18.75948 0.05636804 -0.08714046 0.9946 -19.14579
0.997952 0.03238924 -0.05515978 257.8006 -0.027386 0.9956405 0.08916141 -18.80468 0.05780719 -0.08746821 0.9944887 -19.29446
0.9978992 0.02986001 -0.0574939 259.2003 -0.02466255 0.9957192 0.0890782 -18.84766 0.05990765 -0.08747312 0.9943639 -19.42503
0.9978976 0.02731912 -0.05877114 260.5929 -0.0221164 0.9959257 0.0874224 -18.8929 0.06092 -0.0859388 0.9944361 -19.57259
0.9978825 0.02411838 -0.06040505 261.9949 -0.01890957 0.9961703 0.08536523 -18.93507 0.06223258 -0.08404224 0.994517 -19.70891
0.997825 0.02099974 -0.06248361 263.4055 -0.0157236 0.9963615 0.08376478 -18.96658 0.0640153 -0.08260012 0.9945247 -19.8442
0.9978837 0.0178896 -0.06251452 264.8207 -0.01261472 0.9964048 0.08377671 -19.00104 0.0637885 -0.08281082 0.9945217 -19.99021
0.9979625 0.01387677 -0.062276 266.2398 -0.008652777 0.99648 0.0833832 -19.02662 0.06321388 -0.08267444 0.9945697 -20.11196
0.9982299 0.009594994 -0.05869343 267.6736 -0.00472594 0.9965767 0.08254026 -19.05878 0.05928447 -0.08211678 0.9948578 -20.25776
0.9982566 0.005558097 -0.05876163 269.1163 -0.0006714235 0.9965613 0.08285561 -19.07372 0.05902009 -0.0826717 0.9948276 -20.39073
0.9983259 0.0007904462 -0.05783311 270.5477 0.003997108 0.9965731 0.0826197 -19.08167 0.05770023 -0.08271255 0.9949017 -20.54619
0.9981881 -0.00396775 -0.06004011 271.9896 0.008937939 0.9965309 0.08274066 -19.07856 0.05950354 -0.08312737 0.9947609 -20.66959
0.9981089 -0.008868599 -0.06082761 273.4224 0.01394338 0.9964087 0.0835191 -19.06871 0.05986846 -0.08420929 0.994648 -20.83943
0.9978325 -0.01354284 -0.06439565 274.8819 0.01885874 0.9963981 0.08267335 -19.05198 0.06304409 -0.08370858 0.994494 -20.95415
0.9977905 -0.01863648 -0.06377082 276.3472 0.02377941 0.9964415 0.08086329 -19.03328 0.06203688 -0.08220106 0.9946831 -21.11422
0.9975721 -0.02342739 -0.06558219 277.8014 0.02863919 0.996408 0.07969252 -18.99711 0.06347963 -0.08137726 0.9946598 -21.21152
0.9974267 -0.02840582 -0.06582619 279.2483 0.0337431 0.9961066 0.08144241 -18.96847 0.06325647 -0.08345401 0.9945019 -21.39567
0.99705 -0.03288719 -0.06935246 280.7209 0.03842727 0.9960439 0.0801245 -18.90964 0.06644302 -0.08255316 0.9943693 -21.51561
0.9967668 -0.03758856 -0.07101391 282.1902 0.04338331 0.9956955 0.08190344 -18.86325 0.06762961 -0.08471945 0.9941071 -21.66658
0.9962606 -0.04214786 -0.07542168 283.6648 0.04827245 0.9955188 0.08131548 -18.80146 0.07165642 -0.08465219 0.9938307 -21.80139
0.9959415 -0.04661838 -0.07698905 285.141 0.05279491 0.9953763 0.08024272 -18.73153 0.07289229 -0.08398169 0.9937977 -21.94996
0.9954461 -0.05089891 -0.08060019 286.6044 0.05746435 0.9950275 0.08135023 -18.65637 0.07605878 -0.08561141 0.9934213 -22.07629
0.9952224 -0.0537647 -0.08149713 288.064 0.06075939 0.9944468 0.08592897 -18.58354 0.07642461 -0.09047014 0.9929625 -22.2395
0.9948414 -0.05656507 -0.08420816 289.5727 0.06380156 0.9942602 0.0858828 -18.50746 0.07886687 -0.09081237 0.9927402 -22.35831
0.9949484 -0.06070078 -0.0799563 291.0908 0.06736981 0.9942248 0.08353648 -18.41793 0.07442381 -0.08850113 0.9932918 -22.52641
0.9945864 -0.06652867 -0.07982378 292.5786 0.0728798 0.9941686 0.07948183 -18.32402 0.07407047 -0.08486909 0.9936351 -22.64972
0.9944181 -0.07053658 -0.07846764 294.0676 0.07677057 0.9938749 0.07949152 -18.22237 0.07237997 -0.08507181 0.9937424 -22.81531
0.993844 -0.07470449 -0.08181345 295.5566 0.08132308 0.9934072 0.08079933 -18.11188 0.075238 -0.08695526 0.993367 -22.95921
0.993366 -0.07794563 -0.08454894 297.071 0.08478002 0.9931424 0.08050343 -17.97593 0.07769422 -0.08713743 0.993162 -23.0964
0.9927905 -0.08148476 -0.08790548 298.5768 0.08858474 0.9928395 0.08014038 -17.87153 0.08074582 -0.08734968 0.9928999 -23.24801
0.9925025 -0.08484851 -0.08797488 300.0907 0.09186834 0.9926264 0.07907572 -17.73548 0.08061673 -0.08656495 0.992979 -23.37162
0.9921419 -0.08818879 -0.08875361 301.6037 0.09532239 0.9922565 0.07963005 -17.60693 0.08104385 -0.08746452 0.9928655 -23.521
0.9918522 -0.09169301 -0.08844042 303.1079 0.09889711 0.9918088 0.08083837 -17.47283 0.08030367 -0.08892622 0.9927958 -23.68352
0.9918115 -0.09414492 -0.0862937 304.675 0.1010135 0.9917421 0.07901943 -17.32926 0.07814182 -0.08708921 0.9931311 -23.78368
0.9917201 -0.09605119 -0.08523695 306.1874 0.1027877 0.9915997 0.07851444 -17.18822 0.07697953 -0.08662567 0.9932624 -23.96913
0.9917054 -0.09889919 -0.08209299 307.705 0.1054732 0.9911966 0.08002892 -17.04997 0.07345551 -0.08802372 0.9934063 -24.10999
0.9916177 -0.1007617 -0.08087834 309.2668 0.1070525 0.9912184 0.0776261 -16.89183 0.07234637 -0.08563364 0.9936966 -24.20239
0.9913872 -0.1028248 -0.08110712 310.7834 0.109137 0.9909885 0.07766017 -16.7392 0.07239082 -0.08584308 0.9936753 -24.40462
0.9914626 -0.1046739 -0.07775194 312.3437 0.1106826 0.9908319 0.07746899 -16.5796 0.06893013 -0.0854134 0.9939584 -24.54309
0.9911789 -0.1058358 -0.0797696 313.9125 0.11201 0.9906907 0.07736588 -16.41255 0.07083894 -0.08561843 0.9938065 -24.65363
0.9910903 -0.1080231 -0.07791683 315.448 0.1140079 0.9904953 0.07695112 -16.25412 0.06886375 -0.08514863 0.9939857 -24.82277
0.9910863 -0.1094199 -0.07599472 317.0095 0.1153259 0.9902416 0.07824016 -16.09161 0.0666921 -0.08630692 0.9940338 -24.95015
0.9908702 -0.111095 -0.07638103 318.5731 0.1170249 0.990052 0.07811669 -15.92074 0.06694281 -0.08634198 0.994014 -25.11616
0.9907246 -0.1136834 -0.0744373 320.1439 0.1194724 0.9897231 0.07857824 -15.74363 0.06473926 -0.0867426 0.994125 -25.25601
0.9903768 -0.1148985 -0.0771498 321.7152 0.1208883 0.9895923 0.07805946 -15.57058 0.06737793 -0.08663478 0.9939591 -25.39052
0.9901023 -0.1169453 -0.07759689 323.2911 0.1230864 0.9891875 0.07973643 -15.37948 0.06743306 -0.08849835 0.9937912 -25.57517
0.9897922 -0.1174013 -0.08079848 324.8839 0.1236218 0.9893495 0.07684477 -15.20122 0.07091627 -0.0860488 0.9937638 -25.68764
0.9896245 -0.1179006 -0.08211455 326.4649 0.1240882 0.9894458 0.07482743 -15.00816 0.07242569 -0.0842405 0.9938099 -25.84985
0.9897373 -0.1176908 -0.08104961 328.0522 0.1238534 0.9894061 0.07573651 -14.82858 0.07127749 -0.08499752 0.9938284 -25.99179
0.9897738 -0.1169434 -0.08168262 329.6613 0.1232553 0.9893794 0.07704765 -14.64273 0.0718049 -0.08632756 0.9936758 -26.1264
0.9898 -0.1165482 -0.08193005 331.2529 0.1230044 0.9892772 0.07874108 -14.45874 0.07187442 -0.08801567 0.9935227 -26.28222
0.9898999 -0.1158835 -0.08166478 332.8516 0.1223608 0.9893082 0.07935433 -14.27688 0.07159578 -0.08854541 0.9934957 -26.42331
0.989997 -0.1146084 -0.08228503 334.4618 0.1210585 0.9895592 0.07821368 -14.09567 0.07246198 -0.08739262 0.993535 -26.57965
0.9903162 -0.1137543 -0.07958567 336.0717 0.120081 0.9895501 0.07981974 -13.91737 0.06967416 -0.0886035 0.9936271 -26.7307
0.9905694 -0.1126115 -0.07804447 337.6976 0.1188493 0.989643 0.08050799 -13.74059 0.06817004 -0.08902428 0.9936939 -26.88967
0.9907637 -0.1116542 -0.07694614 339.3091 0.1178917 0.9896398 0.08194497 -13.56633 0.06699945 -0.0902594 0.9936621 -27.0274
0.9911197 -0.1101806 -0.07444434 340.9304 0.116279 0.9897203 0.08326323 -13.39955 0.06450509 -0.09118014 0.9937431 -27.20265
0.9913942 -0.108346 -0.07347537 342.5742 0.114338 0.9899732 0.08294427 -13.22895 0.06375197 -0.0906315 0.9938418 -27.35802
0.9915949 -0.1072126 -0.07242212 344.2131 0.1131604 0.990042 0.0837354 -13.05095 0.06272344 -0.09122691 0.9938528 -27.52086
0.9916985 -0.1060126 -0.07276942 345.8622 0.1121233 0.9899857 0.08577128 -12.88163 0.06294784 -0.09321841 0.9936538 -27.69683
0.9919179 -0.1046747 -0.07170799 347.4849 0.1108201 0.989947 0.08788436 -12.7149 0.06178784 -0.09512075 0.9935463 -27.85247
0.9920496 -0.1033407 -0.07182185 349.1508 0.1095198 0.9900628 0.08820795 -12.54173 0.06199269 -0.09537258 0.9935094 -28.01978
0.9923044 -0.1019061 -0.07033496 350.7931 0.1078149 0.9904385 0.08606597 -12.38731 0.06089181 -0.0929868 0.9938036 -28.20543
0.9925303 -0.1003848 -0.06932854 352.4637 0.1061841 0.9906412 0.08575988 -12.22618 0.06007073 -0.09248087 0.9939008 -28.35198
0.9927455 -0.09878552 -0.06854017 354.1279 0.1044166 0.9909697 0.08412039 -12.06753 0.05961135 -0.09066688 0.9940956 -28.51772
0.9928935 -0.09707388 -0.06884149 355.79 0.1027562 0.9911141 0.08446477 -11.90105 0.06003043 -0.09093842 0.9940456 -28.69427
0.9930822 -0.09562736 -0.06814158 357.4578 0.1012603 0.991251 0.08466357 -11.74837 0.05944925 -0.09097792 0.9940768 -28.86001
0.9931611 -0.09419701 -0.06897828 359.144 0.09991208 0.9913834 0.08471411 -11.59 0.06040411 -0.09102653 0.9940149 -29.02419
0.9934022 -0.09291129 -0.06722722 360.8257 0.09835298 0.9917045 0.08275709 -11.44336 0.05898047 -0.08882307 0.9942997 -29.1811
0.993534 -0.0925903 -0.0657059 362.4899 0.09776483 0.9919504 0.08047514 -11.30285 0.05772578 -0.08637851 0.9945886 -29.35291
0.9937693 -0.09205162 -0.06284084 364.164 0.09690938 0.992136 0.07921372 -11.1507 0.05505491 -0.08481003 0.994875 -29.51302
0.9938844 -0.09219225 -0.06078183 365.8314 0.09692612 0.9920568 0.08017855 -10.99955 0.05290718 -0.08557955 0.9949256 -29.67292
0.9938321 -0.09231619 -0.06144547 367.4908 0.097172 0.9919341 0.08139045 -10.84701 0.0534362 -0.08685922 0.9947864 -29.87406
0.9939317 -0.09270257 -0.05921154 369.1405 0.09730166 0.9920186 0.08019607 -10.70612 0.05130458 -0.0854708 0.9950189 -29.97869
0.9938569 -0.09321226 -0.05966511 370.8117 0.09786269 0.9919425 0.08045411 -10.55355 0.05168505 -0.08579886 0.994971 -30.16753
0.9940851 -0.09409864 -0.05422422 372.4552 0.09818959 0.9920667 0.07850143 -10.40903 0.04640716 -0.08336135 0.9954382 -30.34546
0.9939209 -0.09536342 -0.05501898 374.1166 0.09946775 0.9920233 0.07743403 -10.25865 0.04719574 -0.08243592 0.9954782 -30.48217
0.9938803 -0.09709984 -0.05266498 375.76 0.1010324 0.9918197 0.07801402 -10.1166 0.04465902 -0.08285746 0.9955602 -30.64383
0.9935871 -0.09884029 -0.05491206 377.4056 0.1030163 0.9915143 0.07929168 -9.951904 0.04660888 -0.08444002 0.9953379 -30.82987
0.9935171 -0.1010659 -0.05205222 379.0612 0.1049207 0.991449 0.07759246 -9.794906 0.04376517 -0.08255079 0.9956254 -30.94655
0.9930211 -0.1046672 -0.05434889 380.6988 0.1087614 0.9909385 0.07881658 -9.630529 0.0456069 -0.08417758 0.9954065 -31.10878
0.9928336 -0.1078717 -0.05143085 382.3363 0.1117027 0.9906301 0.07857616 -9.461539 0.04247282 -0.08375802 0.9955806 -31.2901
0.9924135 -0.1097932 -0.05532568 383.9686 0.1140051 0.9902695 0.07980784 -9.293238 0.04602497 -0.08550978 0.9952737 -31.42871
0.9923226 -0.1113251 -0.05387498 385.6015 0.1154143 0.9900974 0.07991757 -9.112105 0.04444465 -0.08552196 0.9953445 -31.61179
0.9918943 -0.1137396 -0.05664777 387.2573 0.1181094 0.9896976 0.08092488 -8.933926 0.0468598 -0.08695956 0.9951091 -31.74203
0.9917442 -0.1163392 -0.05393094 388.8771 0.1204706 0.9894052 0.0810193 -8.750777 0.04393383 -0.08684752 0.9952524 -31.93534
0.9913809 -0.1188674 -0.05508577 390.5233 0.1231556 0.9889606 0.08239885 -8.572381 0.04468313 -0.08847277 0.9950759 -32.04033
0.9912148 -0.1210033 -0.05339921 392.1698 0.1251963 0.9885877 0.08378492 -8.370644 0.04265156 -0.08973424 0.995052 -32.26037
0.9908209 -0.1233724 -0.05525546 393.8011 0.1276883 0.9883413 0.0829277 -8.171319 0.04438027 -0.08922198 0.9950225 -32.38639
0.9906638 -0.1253863 -0.05351235 395.4373 0.1295445 0.9880935 0.08300229 -7.980667 0.04246785 -0.0891596 0.9951116 -32.56836
0.9903651 -0.1272751 -0.05456984 397.0582 0.1315026 0.9878743 0.08253323 -7.783554 0.04340371 -0.08891412 0.9950932 -32.73643
0.9902579 -0.12882 -0.05286417 398.7024 0.1328958 0.9876795 0.08263065 -7.574801 0.04156838 -0.08885108 0.9951771 -32.88247
0.9899198 -0.1300276 -0.05613942 400.3658 0.1344141 0.9874341 0.08310621 -7.364634 0.04462788 -0.08981442 0.9949582 -33.04652
0.9898579 -0.1312968 -0.05424606 402.0045 0.1355675 0.987162 0.0844557 -7.161903 0.04246088 -0.09095314 0.9949495 -33.2226
0.9895554 -0.1323058 -0.05722959 403.6604 0.1368899 0.9868975 0.08540783 -6.951372 0.04517979 -0.09234994 0.9947011 -33.36235
0.989453 -0.1335618 -0.05607192 405.2976 0.1380453 0.9867171 0.08563259 -6.730861 0.04388988 -0.09246989 0.9947477 -33.56664
0.9893339 -0.1340888 -0.05690899 406.9529 0.1386115 0.9867085 0.08481117 -6.515067 0.04478036 -0.09179481 0.9947705 -33.70153
0.9893023 -0.1343478 -0.05684799 408.5984 0.1389072 0.9865844 0.08576822 -6.298703 0.04456256 -0.09274728 0.994692 -33.88725
0.9893041 -0.1340831 -0.05743851 410.2643 0.138718 0.9865727 0.08620672 -6.086536 0.0451084 -0.09325241 0.9946201 -34.05586
0.9893054 -0.1342098 -0.05711777 411.9231 0.1388651 0.9864527 0.08733528 -5.873331 0.04462273 -0.09433294 0.9945402 -34.21249
0.9894093 -0.1341249 -0.05549564 413.5814 0.1386435 0.9864509 0.08770872 -5.663276 0.04297979 -0.09447392 0.9945991 -34.38539
0.9894906 -0.1343404 -0.05348806 415.2361 0.1387118 0.986347 0.08876352 -5.449391 0.04083325 -0.0952501 0.9946156 -34.56887
0.9895227 -0.1344407 -0.05263586 416.8774 0.1387274 0.9863515 0.08868706 -5.231831 0.03999431 -0.0950599 0.9946678 -34.74946
0.9894924 -0.1345391 -0.05295407 418.5315 0.1387735 0.9865249 0.08666239 -5.015094 0.04058104 -0.09310039 0.9948294 -34.92557
0.9894347 -0.1340574 -0.0552057 420.1576 0.1383696 0.986849 0.08356488 -4.797987 0.04327719 -0.09032079 0.994972 -35.09962
0.9894474 -0.1328712 -0.05778522 421.8135 0.1373244 0.9871682 0.08149363 -4.588354 0.04621557 -0.08856899 0.9949973 -35.26876
0.9893932 -0.1324542 -0.05963949 423.4201 0.1370354 0.9872726 0.0807084 -4.369608 0.04819028 -0.08802506 0.9949519 -35.43068
0.9894435 -0.1318514 -0.06013973 425.0697 0.1365017 0.9873071 0.08119301 -4.171663 0.04867096 -0.08854508 0.9948823 -35.56241
0.9895273 -0.1323655 -0.05757596 426.6957 0.1368587 0.9871296 0.08273485 -3.957706 0.04588368 -0.08974817 0.994907 -35.75922
0.9895533 -0.1328717 -0.05594049 428.304 0.1371419 0.9872292 0.08105873 -3.748721 0.04445568 -0.08788373 0.9951382 -35.90737
0.9893135 -0.1329113 -0.05994445 429.9228 0.1375467 0.9871539 0.08129118 -3.539204 0.04836988 -0.08866762 0.9948861 -36.06392
0.9895046 -0.1328745 -0.05678821 431.5468 0.1370992 0.9874477 0.07842654 -3.315569 0.04565451 -0.08538905 0.9953011 -36.26554
0.9894389 -0.1330236 -0.05757952 433.149 0.137273 0.987496 0.07750818 -3.114577 0.04654913 -0.08459373 0.9953277 -36.36656
0.9895115 -0.1330527 -0.05624938 434.7387 0.13715 0.9875807 0.07664483 -2.904604 0.045353 -0.08355554 0.9954705 -36.55742
0.9894067 -0.1334332 -0.05718294 436.3163 0.1376963 0.987355 0.07854813 -2.698275 0.04597893 -0.08558992 0.9952689 -36.69162
0.9891241 -0.1331115 -0.06256919 437.9033 0.1378338 0.9873445 0.07843836 -2.485347 0.0513363 -0.08620942 0.9949535 -36.87286
0.9887521 -0.1327991 -0.06880202 439.4692 0.1378934 0.9875652 0.07550066 -2.266468 0.05792006 -0.08413877 0.9947693 -37.02847
0.9884034 -0.1328928 -0.0734731 441.0522 0.1383258 0.9875739 0.07458852 -2.045782 0.06264786 -0.08388677 0.994504 -37.16257
0.9880006 -0.1332948 -0.07802116 442.6094 0.1392143 0.987334 0.07609966 -1.828824 0.06688925 -0.08604817 0.9940431 -37.30953
0.988017 -0.1345471 -0.07562748 444.1536 0.1403338 0.9870856 0.07725513 -1.626809 0.06425635 -0.08694246 0.9941389 -37.45516
0.9876736 -0.1368703 -0.07594252 445.7038 0.1425665 0.9869039 0.07546983 -1.412085 0.06461839 -0.08536642 0.994252 -37.58728
0.9876942 -0.1390705 -0.07155076 447.2343 0.144426 0.9865863 0.07608272 -1.202931 0.06001014 -0.08548026 0.994531 -37.75905
0.9874849 -0.1410528 -0.07055251 448.7691 0.1464373 0.9861351 0.07806213 -0.9931353 0.05856342 -0.08741669 0.9944489 -37.89747
0.9871896 -0.1427794 -0.07120942 450.3 0.1482471 0.9858276 0.07853053 -0.7754585 0.05898767 -0.0880811 0.9943652 -38.0458
0.9868083 -0.1445568 -0.07288796 451.8323 0.1499624 0.985834 0.07511672 -0.555508 0.06099679 -0.08505626 0.9945073 -38.181
0.9865436 -0.1465303 -0.07253002 453.3589 0.1516423 0.9858932 0.07084649 -0.3277724 0.0611257 -0.08089177 0.9948468 -38.35849
0.9860379 -0.1489098 -0.07453233 454.8755 0.1540879 0.9856213 0.06933682 -0.09380644 0.06313573 -0.07985325 0.9948052 -38.45955
0.98543 -0.1511389 -0.07800438 456.375 0.1566797 0.9851236 0.07059021 0.1378025 0.06617503 -0.08178341 0.9944507 -38.62534
0.9848014 -0.1549592 -0.07844692 457.892 0.1606383 0.9843736 0.07213961 0.3783505 0.06604237 -0.08364476 0.9943048 -38.74476
0.9836806 -0.1602845 -0.08173963 459.3812 0.1661536 0.9835484 0.07088935 0.618048 0.06903242 -0.08331381 0.9941294 -38.86989
0.9826033 -0.1666243 -0.08201863 460.8889 0.1724591 0.9825214 0.07006896 0.8839161 0.06890985 -0.08299486 0.9941646 -39.02191
0.9817898 -0.1726125 -0.07933325 462.3835 0.178199 0.9815214 0.06971931 1.139187 0.06583285 -0.0825868 0.9944071 -39.12416
0.9804929 -0.1789049 -0.08140376 463.8688 0.184597 0.9804065 0.06875104 1.403709 0.06750889 -0.0824368 0.9943072 -39.27907
0.9795738 -0.1856969 -0.07714763 465.3596 0.1910567 0.9791446 0.06908903 1.680346 0.06270906 -0.08241738 0.994623 -39.42791
0.9781629 -0.1921946 -0.07911055 466.8618 0.1975973 0.9779729 0.06726281 1.964956 0.06444041 -0.08142602 0.994594 -39.50829
0.9767604 -0.1988514 -0.07998247 468.3465 0.2041717 0.9767798 0.06492437 2.260794 0.06521495 -0.07974571 0.9946797 -39.67075
0.9753712 -0.2056578 -0.07972354 469.8445 0.2109352 0.9753642 0.06458315 2.576695 0.06447746 -0.07980904 0.9947227 -39.78461
0.9737468 -0.2122906 -0.08215822 471.3366 0.217872 0.9737301 0.06619459 2.90199 0.06594743 -0.08235675 0.9944186 -39.93342
0.9725286 -0.2194957 -0.07752211 472.8528 0.224621 0.9722748 0.06501748 3.23539 0.06110173 -0.08064447 0.9948683 -40.01151
0.9702724 -0.2254139 -0.08809136 474.351 0.2316367 0.9704095 0.06818936 3.569349 0.07011387 -0.08656744 0.9937757 -40.15654
0.9684343 -0.2333575 -0.08763132 475.8395 0.2397626 0.9682021 0.07140149 3.943271 0.06818277 -0.09015836 0.9935908 -40.32781
0.9667342 -0.2397536 -0.08912387 477.3629 0.2460765 0.9668412 0.06829681 4.303632 0.06979422 -0.08795616 0.9936762 -40.39745
0.96488 -0.2473683 -0.08840503 478.8777 0.2534827 0.9650722 0.06619681 4.695396 0.06894225 -0.08628113 0.9938825 -40.54134
0.9632748 -0.2546883 -0.08506154 480.3948 0.2602671 0.9635142 0.06245987 5.083717 0.0660502 -0.08230475 0.9944161 -40.6286
0.9614546 -0.2615606 -0.0847996 481.9187 0.267154 0.9615929 0.0629905 5.48767 0.06506685 -0.08321705 0.994405 -40.78934
0.9600093 -0.2674764 -0.08269502 483.4502 0.2726922 0.960241 0.05980124 5.895951 0.06341173 -0.07996003 0.9947791 -40.88138
0.958363 -0.2730566 -0.08354925 484.9755 0.278221 0.9587698 0.0579095 6.318788 0.06429193 -0.07874348 0.9948196 -41.01831
0.9567487 -0.2784988 -0.08408512 486.5201 0.2838326 0.9570047 0.0598429 6.762495 0.06380369 -0.08112071 0.99466 -41.12016
0.9551931 -0.2841838 -0.08273894 488.0456 0.2895335 0.9551678 0.06184768 7.217885 0.06145345 -0.08303217 0.9946502 -41.28472
0.9537294 -0.2891032 -0.082581 489.6069 0.2942169 0.9539624 0.05824273 7.661324 0.061941 -0.07984453 0.994881 -41.32531
0.9520451 -0.2956603 -0.07870819 491.1465 0.3001737 0.9523957 0.05327608 8.132093 0.0592097 -0.07434736 0.9954731 -41.48593
0.9504392 -0.3014395 -0.07615515 492.6963 0.305722 0.9506705 0.05253173 8.610208 0.05656331 -0.07321052 0.9957112 -41.61489
0.9485605 -0.3071658 -0.07669467 494.2458 0.3116876 0.9485302 0.0560469 9.106862 0.05553153 -0.07706865 0.9954781 -41.71288
0.946362 -0.3124025 -0.08248385 495.8029 0.3173355 0.9466982 0.05532454 9.612532 0.06080379 -0.0785321 0.9950556 -41.81472
0.944281 -0.3186153 -0.08256891 497.3532 0.3233721 0.9448256 0.05229887 10.14425 0.06135 -0.07608531 0.9952121 -41.94547
0.9421937 -0.3246628 -0.08285617 498.9253 0.3291659 0.943061 0.04780865 10.66917 0.06261674 -0.07231843 0.9954141 -42.04045
0.9401834 -0.3309066 -0.08096924 500.4765 0.3352351 0.9409562 0.04710185 11.19388 0.06060222 -0.07142811 0.995603 -42.09101
0.9381049 -0.3366757 -0.08129313 502.045 0.3410729 0.9388223 0.04777146 11.74525 0.06023631 -0.07254152 0.9955447 -42.29744
0.9362244 -0.3425263 -0.07848351 503.6052 0.3467837 0.9366734 0.0488269 12.3122 0.05678891 -0.07292973 0.995719 -42.36728
0.9335444 -0.3476194 -0.087496 505.1954 0.3523814 0.9347181 0.04614512 12.89646 0.06574316 -0.07391048 0.9950955 -42.43583
0.9315805 -0.3528953 -0.08730818 506.7628 0.3576983 0.9326595 0.04688666 13.47768 0.06488271 -0.07490869 0.9950774 -42.59898
0.9294298 -0.3580102 -0.08938134 508.3501 0.3630111 0.9305782 0.0474015 14.07738 0.06620612 -0.07650279 0.9948689 -42.63433
0.9276381 -0.3630379 -0.08769919 509.9376 0.3678534 0.9287232 0.04644345 14.68039 0.06458753 -0.07534316 0.9950637 -42.75277
0.9259664 -0.3673564 -0.08738118 511.5106 0.372209 0.9269418 0.04732195 15.29145 0.06361325 -0.0763426 0.9950503 -42.86705
0.9242432 -0.3712724 -0.08905829 513.1188 0.3765043 0.9250028 0.05112996 15.91113 0.06339604 -0.08078735 0.9947132 -42.95985
0.9230466 -0.3741167 -0.08956427 514.7198 0.379362 0.9238607 0.050658 16.54085 0.06379289 -0.08073696 0.9946919 -43.1037
0.921881 -0.377088 -0.08910699 516.3372 0.3820129 0.9230008 0.04621349 17.19024 0.06481928 -0.07664336 0.9949494 -43.17082
0.9206158 -0.3804462 -0.08790442 517.9269 0.3851043 0.92185 0.04344223 17.84104 0.06450725 -0.07384598 0.9951812 -43.2935
0.9198707 -0.3834162 -0.08264361 519.5502 0.3875935 0.9208822 0.04180269 18.49246 0.06007719 -0.07048519 0.995702 -43.40255
0.9189376 -0.3855797 -0.0829573 521.1577 0.3900113 0.9196779 0.04564959 19.14641 0.05869244 -0.07430341 0.995507 -43.46729
0.9182326 -0.3882618 -0.0781138 522.789 0.3924491 0.918535 0.04771804 19.83139 0.05322317 -0.07447195 0.9958018 -43.6083
0.9174303 -0.390415 -0.07679688 524.4194 0.394498 0.9176637 0.04759069 20.49339 0.05189358 -0.07395735 0.9959103 -43.69873
0.9164359 -0.393164 -0.07461482 526.0472 0.3970504 0.9165989 0.04687501 21.19383 0.0499623 -0.07258379 0.9961101 -43.81307
0.9154776 -0.3954928 -0.0740694 527.6991 0.3993073 0.9156513 0.04621892 21.8911 0.04954249 -0.07188884 0.9961815 -43.94644
0.9146838 -0.3972945 -0.07423353 529.3382 0.4011399 0.9148312 0.04659213 22.58961 0.04940034 -0.0723951 0.9961519 -44.03188
0.9134591 -0.4000256 -0.07464547 530.9996 0.4037191 0.9138728 0.04298033 23.32221 0.05102324 -0.06939658 0.9962835 -44.14523
0.9124128 -0.4028379 -0.07228106 532.6667 0.4062162 0.9129053 0.03989962 24.02784 0.04991269 -0.06576666 0.9965859 -44.22857
0.9113102 -0.4057879 -0.06964128 534.2968 0.4091009 0.9115145 0.04216246 24.73138 0.04637003 -0.0669134 0.9966807 -44.35906
0.9103036 -0.4085138 -0.06681134 535.9612 0.4114856 0.9105936 0.03871647 25.47229 0.04502176 -0.06273564 0.9970142 -44.45039
0.9086098 -0.4114047 -0.07193357 537.6057 0.414936 0.9088126 0.0434441 26.19998 0.04750105 -0.06932156 0.9964628 -44.56401
0.9074916 -0.4136781 -0.07300284 539.2483 0.416931 0.9082105 0.03636257 26.94466 0.05125954 -0.06343587 0.9966686 -44.65752
0.9060355 -0.416233 -0.07648405 540.9047 0.4197372 0.906899 0.03681216 27.69081 0.05404087 -0.06545632 0.996391 -44.79002
0.9055343 -0.4182659 -0.0711423 542.5543 0.4212716 0.9063079 0.03371011 28.43802 0.05037704 -0.06049589 0.9968964 -44.81115
0.9040788 -0.4207485 -0.07491454 544.1929 0.4243017 0.9046519 0.03966111 29.17759 0.05108424 -0.06764314 0.996401 -44.97168
0.9036119 -0.4223179 -0.07164597 545.8502 0.425609 0.9040761 0.03877084 29.9312 0.04839979 -0.06552695 0.9966763 -45.06428
0.9030536 -0.4228324 -0.07554485 547.5161 0.4265072 0.9035468 0.04116772 30.68857 0.05085126 -0.06939708 0.9962922 -45.09747
0.902271 -0.4237115 -0.07984686 549.1869 0.4276533 0.9030358 0.04048386 31.4596 0.0549511 -0.07067419 0.9959847 -45.28117
0.902408 -0.4247188 -0.07262106 550.8459 0.4281853 0.9027597 0.04101924 32.23054 0.04813771 -0.06811136 0.9965158 -45.34729
0.9016879 -0.4254645 -0.07706466 552.5094 0.4292375 0.9022616 0.04097869 32.98257 0.05209751 -0.07002904 0.9961836 -45.44853
0.9019094 -0.4268164 -0.06623683 554.1905 0.4297554 0.9021164 0.03868439 33.75687 0.04324219 -0.06335545 0.9970537 -45.5497
0.9016311 -0.4274435 -0.06598084 555.8579 0.4303843 0.9017982 0.03910345 34.5088 0.04278689 -0.06365401 0.9970544 -45.63872
0.9017349 -0.4283478 -0.05824273 557.5375 0.4307185 0.9017417 0.03665307 35.29575 0.03681964 -0.05813758 0.9976293 -45.76261
0.9015346 -0.4289345 -0.05701414 559.2064 0.4312573 0.9014572 0.03731336 36.06855 0.03539082 -0.05822705 0.9976758 -45.84142
0.9016997 -0.4291913 -0.05227244 560.871 0.431202 0.9015356 0.03603022 36.84471 0.03166162 -0.05502842 0.9979827 -45.94535
0.9016747 -0.4296365 -0.04894127 562.5356 0.4315068 0.9013309 0.03747451 37.60896 0.02801186 -0.05490831 0.9980984 -46.05391
0.9019474 -0.429942 -0.04050682 564.2151 0.4313421 0.9014529 0.03642562 38.3718 0.02085408 -0.05032629 0.9985151 -46.12977
0.9021927 -0.4301136 -0.0324151 565.8798 0.4311319 0.9015174 0.03730239 39.13623 0.01317851 -0.04762912 0.9987782 -46.25237
0.9026232 -0.4295019 -0.02827644 567.5677 0.4303356 0.9018602 0.03819927 39.90498 0.009094737 -0.0466479 0.99887 -46.34378
0.902891 -0.429062 -0.02633486 569.2158 0.4298313 0.901931 0.04201757 40.65523 0.005724085 -0.04925684 0.9987698 -46.4835
0.9033116 -0.4283278 -0.02373843 570.904 0.4289377 0.9026508 0.03513025 41.43718 0.006380245 -0.04191586 0.9991007 -46.5523
0.9031006 -0.4287122 -0.02480182 572.5733 0.4294066 0.9021363 0.04195197 42.22347 0.004389306 -0.04853691 0.9988117 -46.6463
0.9034318 -0.427831 -0.02777869 574.2163 0.4287126 0.9021064 0.0490883 42.98323 0.004057838 -0.05625701 0.9984081 -46.81238
0.9038602 -0.4266256 -0.03205337 575.8791 0.427782 0.9023221 0.05308072 43.75153 0.00627687 -0.06168941 0.9980757 -46.92123
0.9036723 -0.4263503 -0.04002178 577.5414 0.4279851 0.9023392 0.0511148 44.52982 0.01432041 -0.06331975 0.9978905 -47.02969
0.9037933 -0.4260561 -0.04042176 579.1918 0.427731 0.9024031 0.05210346 45.29462 0.01427772 -0.0643804 0.9978233 -47.17437
0.9037274 -0.4256994 -0.04535272 580.8571 0.4276463 0.902593 0.04944189 46.06847 0.01988766 -0.06407692 0.9977468 -47.29192
0.9037378 -0.4256261 -0.04582976 582.5033 0.4276733 0.9023787 0.05299355 46.83974 0.01880036 -0.06749244 0.9975426 -47.42487
0.9036444 -0.4251176 -0.0519779 584.163 0.4276075 0.9023651 0.05375163 47.6044 0.02405227 -0.0707985 0.9972006 -47.54808
0.9037992 -0.424904 -0.05102627 585.8042 0.4272836 0.9026254 0.05192291 48.37471 0.02399536 -0.06873057 0.9973466 -47.67276
0.9035563 -0.4249137 -0.05508461 587.4661 0.4275209 0.902624 0.04995603 49.13705 0.02849369 -0.06868791 0.9972312 -47.78824
0.9036683 -0.4251443 -0.05134226 589.104 0.4275146 0.9025873 0.05067108 49.90807 0.02479835 -0.06773941 0.9973948 -47.92061
0.9035286 -0.4246547 -0.05748455 590.7487 0.4275609 0.9023483 0.05439749 50.66277 0.02877093 -0.07372783 0.9968633 -48.04562
0.9036964 -0.4248027 -0.05362363 592.3984 0.4274949 0.9022096 0.05714751 51.42953 0.02410334 -0.07456783 0.9969246 -48.19367
0.9030429 -0.4253668 -0.0598051 594.0457 0.4284997 0.9017924 0.05620104 52.19569 0.03002573 -0.07637842 0.9966267 -48.30797
0.9031721 -0.425582 -0.0562152 595.6828 0.428423 0.9018738 0.05547123 52.94791 0.02709146 -0.07418395 0.9968765 -48.45431
0.9029756 -0.4254128 -0.06048941 597.3179 0.4285959 0.901751 0.05612949 53.70345 0.03066818 -0.07660908 0.9965894 -48.58041
0.9032406 -0.425376 -0.05667207 598.9553 0.4283221 0.9017571 0.05809048 54.46138 0.02639414 -0.07674357 0.9967014 -48.71592
0.9030165 -0.425742 -0.05748885 600.5946 0.4287573 0.9015337 0.05834436 55.21664 0.02698849 -0.07733469 0.9966398 -48.86334
0.9035491 -0.4251846 -0.05307559 602.2232 0.4278488 0.9020052 0.05772335 55.95101 0.02333138 -0.07486421 0.9969208 -48.97
0.9040152 -0.424543 -0.05019704 603.8521 0.4269995 0.9023917 0.05797324 56.69419 0.02068525 -0.0738428 0.9970554 -49.11293
0.9046081 -0.4236606 -0.04685964 605.4797 0.4259163 0.9027448 0.06039206 57.4365 0.01671655 -0.07458942 0.9970742 -49.2512
0.9051705 -0.4225184 -0.0463098 607.1019 0.4247141 0.9033957 0.05911135 58.17832 0.01686044 -0.07317428 0.9971766 -49.40839
0.905741 -0.4215176 -0.04422776 608.7195 0.4235206 0.904132 0.05635394 58.92313 0.01623356 -0.06977344 0.9974307 -49.52158
0.9064337 -0.4198653 -0.04572827 610.3372 0.4219549 0.9049368 0.05516543 59.66476 0.01821915 -0.06929908 0.9974295 -49.65255
0.9073623 -0.4181528 -0.04291794 611.9412 0.4200957 0.9056233 0.05801876 60.39841 0.01460678 -0.07067367 0.9973925 -49.81267
0.9078798 -0.4166744 -0.04622356 613.5566 0.4188848 0.906077 0.05966392 61.12822 0.01702168 -0.07353002 0.9971477 -49.92988
0.908856 -0.4147468 -0.04433885 615.1519 0.4168198 0.9070426 0.05945507 61.8349 0.01555843 -0.07251741 0.9972458 -50.08803
0.9095999 -0.4127638 -0.04747653 616.7568 0.4150315 0.9079942 0.05740567 62.55948 0.01941343 -0.07192044 0.9972214 -50.21325
0.910587 -0.4106845 -0.0465783 618.3366 0.4129152 0.9088762 0.05869559 63.2605 0.01822854 -0.07268033 0.9971887 -50.36525
0.9115148 -0.4085598 -0.04711245 619.9277 0.4108139 0.9098932 0.05767302 63.95775 0.01930442 -0.07192426 0.9972233 -50.48707
0.9123324 -0.406889 -0.04572737 621.4952 0.4090591 0.9106401 0.05835557 64.64783 0.01789693 -0.07194487 0.9972481 -50.60314
0.9131181 -0.4050295 -0.04654535 623.0697 0.4072931 0.9113221 0.06003426 65.33202 0.01810217 -0.07377597 0.9971105 -50.73648
0.9138563 -0.4035641 -0.0447516 624.6332 0.4057004 0.9120258 0.06013191 66.01284 0.01654753 -0.07310767 0.9971868 -50.91601
0.9147047 -0.4014327 -0.0465516 626.2109 0.4036797 0.9130126 0.05874415 66.69331 0.01892037 -0.07252549 0.9971871 -50.98937
0.9155933 -0.3991886 -0.04834538 627.7497 0.4015918 0.9138657 0.05977779 67.35398 0.02031857 -0.07414725 0.9970403 -51.16659
0.9163618 -0.3968084 -0.05314261 629.3069 0.399615 0.9146286 0.06133606 68.0163 0.0242671 -0.07744261 0.9967014 -51.30296
0.9167817 -0.3957154 -0.0540436 630.8474 0.3985771 0.9151261 0.06066773 68.68351 0.02544956 -0.07715961 0.9966939 -51.41533
0.9173076 -0.3944851 -0.05411359 632.4025 0.397271 0.915898 0.05750344 69.33781 0.02687828 -0.0742461 0.9968777 -51.53676
0.917743 -0.3938029 -0.05164297 633.94 0.3964153 0.9162489 0.0578164 69.98225 0.02454955 -0.07353266 0.9969906 -51.66996
0.9180926 -0.3931056 -0.05073433 635.4724 0.3956973 0.9164364 0.05973193 70.62807 0.02301383 -0.07491487 0.9969243 -51.79949
0.9184474 -0.3925841 -0.0482927 637.0079 0.3950463 0.9165491 0.06226076 71.26856 0.01982004 -0.07626109 0.9968909 -51.91264
0.9184071 -0.3928476 -0.04689538 638.5403 0.3952301 0.916368 0.06374072 71.91179 0.01793303 -0.07707439 0.9968641 -52.05145
0.9185169 -0.3929109 -0.04413228 640.0712 0.3950987 0.9163458 0.06486537 72.55826 0.01495412 -0.07701655 0.9969177 -52.21544
0.9185476 -0.3928155 -0.04434266 641.6122 0.3950349 0.9163016 0.06587009 73.193 0.01475646 -0.07802171 0.9968424 -52.32962
0.9184092 -0.3932754 -0.04311622 643.129 0.3953649 0.9163263 0.06350595 73.8401 0.01453319 -0.07537109 0.9970496 -52.4802
0.9184959 -0.3930523 -0.04330379 644.6642 0.3951623 0.9163855 0.0639081 74.47622 0.01456375 -0.07581136 0.9970158 -52.60757
0.9184276 -0.3932999 -0.04249605 646.1772 0.3953692 0.9161861 0.06546853 75.11506 0.01318553 -0.07692974 0.9969493 -52.7503
0.9185532 -0.3930661 -0.04194136 647.7152 0.3951034 0.9162444 0.06625458 75.75415 0.0123861 -0.07742953 0.9969209 -52.86055
0.9185275 -0.3931688 -0.04154014 649.2289 0.3951543 0.9163399 0.06460729 76.3876 0.01266332 -0.07575834 0.9970458 -53.03079
0.9186241 -0.3933248 -0.03775383 650.7512 0.3950166 0.9164672 0.0636384 77.01937 0.009569588 -0.07337316 0.9972587 -53.16396
0.9186302 -0.3930506 -0.04036923 652.2625 0.3949255 0.9165683 0.06273963 77.65547 0.0123413 -0.07357737 0.9972131 -53.27161
0.9188723 -0.3923379 -0.04176909 653.7639 0.3943115 0.9168638 0.06228347 78.28927 0.0138604 -0.07370059 0.9971841 -53.45126
0.919162 -0.3915594 -0.04269066 655.2939 0.3936097 0.9171336 0.06275128 78.92714 0.01458219 -0.07448205 0.9971157 -53.53318
0.9191979 -0.3915122 -0.0423497 656.8044 0.3935375 0.9171634 0.06276453 79.55595 0.01426851 -0.07435921 0.9971294 -53.67499
0.9192153 -0.3917604 -0.03958586 658.323 0.3935871 0.9171057 0.06329629 80.17754 0.01150744 -0.0737634 0.9972094 -53.81197
0.9187832 -0.3931046 -0.03614188 659.833 0.3946841 0.9165672 0.06425763 80.81472 0.007866488 -0.07330345 0.9972786 -53.92912
0.9178056 -0.3955067 -0.03474741 661.3314 0.3969689 0.9156799 0.06281814 81.45631 0.006972518 -0.07144848 0.9974199 -54.10081
0.9172029 -0.3965772 -0.03828021 662.824 0.3983093 0.9149745 0.06458671 82.08604 0.009411796 -0.07448648 0.9971776 -54.23734
0.9165753 -0.3973745 -0.04453242 664.3224 0.3995492 0.9145651 0.06269753 82.72935 0.01581339 -0.07525991 0.9970385 -54.34808
0.9157148 -0.3986339 -0.05057154 665.7964 0.4013304 0.9135735 0.06570734 83.38535 0.02000765 -0.08046508 0.9965566 -54.4923
0.9149134 -0.3997814 -0.05575107 667.2943 0.4028533 0.91303 0.06391563 84.01243 0.02535012 -0.08093677 0.9963968 -54.59209
0.9146895 -0.4011166 -0.04948305 668.7706 0.4036371 0.9128495 0.06150522 84.63605 0.0204998 -0.07623137 0.9968794 -54.7384
0.9140586 -0.4030015 -0.04568138 670.2542 0.4051989 0.9122796 0.05966318 85.27921 0.01762984 -0.07304569 0.9971728 -54.86606
0.9133772 -0.4046643 -0.04459783 671.7245 0.406798 0.9114931 0.06079301 85.91277 0.01604985 -0.07366925 0.9971536 -54.99756
0.9126101 -0.4058897 -0.04895241 673.1785 0.408348 0.9107926 0.06089891 86.55109 0.01986725 -0.07556658 0.9969428 -55.11775
0.911935 -0.4071386 -0.05111498 674.623 0.409764 0.9101413 0.06112616 87.18662 0.02163503 -0.07668816 0.9968204 -55.25261
0.9111001 -0.4086798 -0.05364157 676.0583 0.4115083 0.9093233 0.06157905 87.82546 0.02361142 -0.07817863 0.9966597 -55.38633
0.9099354 -0.4108578 -0.05668643 677.4846 0.4139397 0.9081745 0.06223561 88.46288 0.02591118 -0.08009516 0.9964504 -55.48014
0.9088061 -0.4133098 -0.05697793 678.8956 0.4164471 0.9069283 0.06366169 89.09416 0.02536289 -0.08158443 0.9963437 -55.65129
0.9079924 -0.4152181 -0.05606989 680.2981 0.4183355 0.9058851 0.0660876 89.72486 0.02335211 -0.08346306 0.9962372 -55.74929
0.9068467 -0.4172963 -0.05910072 681.7008 0.4205746 0.9050868 0.06272894 90.36257 0.02731473 -0.08174179 0.9962792 -55.88906
0.9057981 -0.4200082 -0.05588289 683.0881 0.4229659 0.9041201 0.06055325 90.99588 0.02509198 -0.07848558 0.9965994 -56.01603
0.9047198 -0.4220893 -0.05764233 684.4638 0.4251819 0.9030808 0.06054024 91.62639 0.0265023 -0.07928043 0.9965 -56.11452
0.9039294 -0.4236881 -0.05831042 685.8138 0.4268817 0.9021491 0.06244163 92.24377 0.02614892 -0.08133447 0.9963438 -56.27755
0.9034161 -0.4246117 -0.0595341 687.1602 0.4278576 0.9017999 0.06078331 92.86106 0.02787855 -0.08038475 0.996374 -56.36325
0.9029646 -0.4256595 -0.05889826 688.5129 0.4287522 0.9016086 0.05721463 93.48598 0.02874923 -0.07691554 0.996623 -56.47857
0.9024856 -0.4270286 -0.05626927 689.8353 0.4299204 0.9010466 0.05730055 94.09687 0.02623227 -0.07590423 0.99677 -56.61932
0.902114 -0.4280563 -0.05438755 691.1533 0.4308413 0.9005075 0.05883957 94.70776 0.02378974 -0.07651241 0.9967848 -56.70956
0.9016786 -0.4291656 -0.05284474 692.4594 0.4318733 0.8998849 0.06076678 95.31105 0.02147518 -0.07761434 0.9967521 -56.84424
0.901426 -0.4298199 -0.05182712 693.7512 0.4324856 0.8994603 0.06266714 95.91521 0.01968086 -0.07890428 0.9966879 -56.94006
0.9007255 -0.4311268 -0.05313479 695.0435 0.4339094 0.8987203 0.06343774 96.52807 0.0204036 -0.08019567 0.9965703 -57.06889
0.9003182 -0.4318858 -0.05386862 696.3225 0.4347091 0.8983886 0.06265619 97.13633 0.02133464 -0.07982769 0.9965804 -57.186
0.8995863 -0.4326707 -0.05950294 697.6071 0.4359344 0.897835 0.06207684 97.74953 0.02656499 -0.08178286 0.996296 -57.31211
0.8993495 -0.4330746 -0.06014081 698.8671 0.436436 0.8974706 0.06379737 98.34251 0.02634559 -0.08362375 0.9961491 -57.4087
0.8988268 -0.4336844 -0.06346802 700.1396 0.4372597 0.8972243 0.06158369 98.9641 0.03023716 -0.08310508 0.9960819 -57.54311
0.898644 -0.4349934 -0.0567429 701.4189 0.4379103 0.8971864 0.05737061 99.55437 0.02595312 -0.07640406 0.9967391 -57.63438
0.8986651 -0.4357496 -0.05023269 702.6776 0.4381545 0.8971349 0.05630086 100.1517 0.02053242 -0.0726053 0.9971494 -57.68426
0.8983256 -0.4361615 -0.05267099 703.9225 0.4387304 0.8968916 0.05568862 100.7317 0.02295094 -0.07313487 0.9970579 -57.87365
0.898524 -0.4364347 -0.04668237 705.1545 0.4386657 0.8965518 0.06137862 101.3238 0.0150654 -0.07562812 0.9970223 -57.98132
0.8988067 -0.4352717 -0.05181777 706.4052 0.4379116 0.8968784 0.06198854 101.919 0.01949237 -0.07840732 0.9967308 -58.01538
0.8992319 -0.4344245 -0.05154967 707.6254 0.4368826 0.8978797 0.05427408 102.5022 0.02270741 -0.07132614 0.9971945 -58.19637
0.8990837 -0.4347098 -0.05172912 708.8674 0.4370838 0.8980179 0.05021735 103.0891 0.0246237 -0.06775956 0.9973978 -58.24755
0.8997375 -0.4341083 -0.04497208 710.0641 0.4361273 0.8981708 0.05551765 103.645 0.01629194 -0.06956487 0.9974444 -58.37259
0.8996128 -0.4341658 -0.04687028 711.2769 0.436384 0.8977993 0.05937418 104.2162 0.01630187 -0.07386722 0.9971349 -58.46692
0.9000672 -0.4337787 -0.04141507 712.4696 0.4356174 0.8980731 0.06084521 104.7821 0.01080041 -0.0728059 0.9972876 -58.57137
0.900171 -0.4333432 -0.04365586 713.6671 0.4353606 0.8981253 0.06190215 105.3476 0.01238356 -0.07472856 0.997127 -58.67523
0.9005094 -0.4328064 -0.04197063 714.8526 0.4346698 0.8986348 0.05930912 105.9047 0.0120469 -0.07165179 0.997357 -58.78755
0.9006412 -0.4318431 -0.04854907 716.0056 0.434181 0.8989016 0.05884519 106.4461 0.01822894 -0.07407749 0.9970859 -58.90027
0.900988 -0.431088 -0.04882344 717.1776 0.4334325 0.8993155 0.05803227 107.0067 0.01889067 -0.07344805 0.9971201 -58.97239
0.9010323 -0.4305433 -0.05266159 718.3199 0.4332093 0.8993194 0.05961964 107.5406 0.02169075 -0.07653271 0.9968311 -59.11735
0.9016172 -0.4295048 -0.05110959 719.4816 0.4319882 0.9001085 0.05648801 108.0752 0.02174231 -0.0730093 0.9970942 -59.17075
0.9017369 -0.4291978 -0.05157372 720.6039 0.4317378 0.900165 0.05749169 108.6017 0.02174955 -0.0741087 0.997013 -59.27521
0.902073 -0.4290777 -0.04643987 721.7202 0.4312684 0.9002919 0.05900752 109.1218 0.01649063 -0.07325713 0.9971768 -59.36805
0.902234 -0.4285296 -0.04833437 722.8263 0.4309168 0.9002473 0.06217366 109.6427 0.01686963 -0.07692328 0.9968943 -59.49124
0.9027505 -0.4276205 -0.04671508 723.9315 0.4298862 0.9007372 0.06221237 110.1457 0.01547473 -0.07624441 0.996969 -59.55688
0.9027678 -0.426924 -0.05240464 725.0369 0.4295627 0.9011101 0.05896359 110.6571 0.02204937 -0.07574151 0.9968837 -59.67975
0.9034747 -0.4261356 -0.04628029 726.1168 0.4283253 0.9016765 0.05930439 111.1531 0.01645814 -0.07340303 0.9971666 -59.79336
0.9036158 -0.4254312 -0.04986884 727.1909 0.4278406 0.902059 0.05694042 111.6597 0.0207604 -0.07278818 0.9971313 -59.82948
0.9036304 -0.4251924 -0.05160832 728.2495 0.4277292 0.9021131 0.05691765 112.1496 0.02235559 -0.0735069 0.9970441 -59.96817
0.9040255 -0.4249063 -0.04682405 729.3024 0.4270631 0.9025403 0.05511791 112.6317 0.01884064 -0.06982481 0.9973813 -60.07474
0.904802 -0.4232229 -0.04707049 730.3398 0.4254594 0.9030955 0.05833492 113.106 0.01782047 -0.07280813 0.9971867 -60.08802
0.9047428 -0.4229718 -0.05035217 731.3701 0.4254365 0.9031481 0.05768082 113.5792 0.02107812 -0.07360795 0.9970645 -60.21203
0.9051871 -0.4222515 -0.04837254 732.3822 0.4245503 0.9036363 0.0565523 114.0415 0.0198319 -0.07172699 0.9972271 -60.32982
0.905602 -0.4214655 -0.04745346 733.3943 0.4236549 0.9041971 0.05426016 114.5011 0.02003849 -0.069242 0.9973986 -60.32545
0.905727 -0.4209653 -0.04946616 734.3868 0.4232902 0.9043829 0.05400774 114.9546 0.02200097 -0.0698548 0.9973145 -60.4751
0.9064448 -0.4195718 -0.04813738 735.3657 0.4218476 0.904935 0.05601251 115.3879 0.02005992 -0.07107889 0.997269 -60.56607
0.9067836 -0.4189005 -0.04760137 736.3301 0.4212126 0.9049817 0.05990126 115.8358 0.01798569 -0.07436778 0.9970687 -60.59778
0.9071423 -0.4182307 -0.04664724 737.2808 0.4204522 0.9054142 0.05869536 116.2607 0.01768687 -0.07285798 0.9971855 -60.7337
0.907426 -0.4176527 -0.04630638 738.2275 0.4198716 0.9056034 0.05992118 116.6901 0.01690896 -0.07381677 0.9971285 -60.80754
0.9079062 -0.4167942 -0.04459753 739.1542 0.4188863 0.9060717 0.05973375 117.0989 0.01551188 -0.07291393 0.9972176 -60.82351
0.9080982 -0.4164504 -0.04389532 740.0629 0.418503 0.9061999 0.06047311 117.5108 0.01459388 -0.07328584 0.9972042 -61.00442
0.9090728 -0.4140073 -0.04673896 740.9699 0.4162828 0.9071925 0.06091491 117.9177 0.01718201 -0.07483272 0.9970481 -61.06075
0.9091296 -0.4128017 -0.0554814 741.8715 0.4156975 0.9075965 0.05885899 118.3226 0.02605762 -0.07657392 0.9967234 -61.06732
0.9102924 -0.4108296 -0.05085938 742.7414 0.4131887 0.9092246 0.05084871 118.7064 0.02535245 -0.06730171 0.9974105 -61.20196
0.9108901 -0.4089443 -0.05516978 743.6319 0.4115315 0.9101003 0.04856953 119.0798 0.0303478 -0.06694561 0.997295 -61.29255
0.9119604 -0.4075735 -0.0470322 744.4957 0.4095066 0.911272 0.04344695 119.4598 0.02515131 -0.05888189 0.9979481 -61.32194
0.9125266 -0.405581 -0.05290783 745.3574 0.4078756 0.9119925 0.04367007 119.8276 0.0305398 -0.06142992 0.9976441 -61.36995
0.9134517 -0.4044814 -0.04473067 746.1916 0.4062966 0.9126781 0.0440649 120.1968 0.02300127 -0.05842508 0.9980268 -61.43463
0.914061 -0.4029154 -0.04638771 747.027 0.4050187 0.9128115 0.05229693 120.5328 0.021272 -0.06659047 0.9975536 -61.49401
0.9153258 -0.4002368 -0.0445995 747.8566 0.4022483 0.9139682 0.05346509 120.9084 0.01936382 -0.06687805 0.9975733 -61.59233
0.9163066 -0.3974732 -0.04896165 748.6949 0.3998781 0.9147582 0.0575771 121.2551 0.02190271 -0.07233697 0.9971398 -61.65431
0.9176182 -0.3943721 -0.0494733 749.5245 0.3966945 0.9164586 0.0523195 121.6127 0.02470688 -0.06763511 0.9974042 -61.70903
0.9197199 -0.3890682 -0.05235775 750.3256 0.3916324 0.918552 0.05372063 121.9436 0.02719234 -0.06991292 0.9971824 -61.77914
0.9223747 -0.3829054 -0.051073 751.1376 0.3854201 0.9211041 0.05494006 122.2497 0.02600671 -0.07035987 0.9971826 -61.82169
0.9250003 -0.375884 -0.05554874 751.9348 0.3787771 0.9237555 0.05659826 122.5713 0.03003908 -0.073394 0.9968506 -61.92873
0.928244 -0.3673743 -0.05830228 752.7265 0.3703974 0.9272965 0.05410297 122.8757 0.03418746 -0.07181577 0.9968318 -61.96656
0.9315281 -0.3590548 -0.05775005 753.5045 0.3619956 0.930693 0.05262722 123.166 0.03485151 -0.069929 0.996943 -62.02875
0.935411 -0.3485405 -0.05937788 754.2687 0.3515236 0.9348168 0.05048093 123.434 0.0379128 -0.06809314 0.9969584 -62.11758
0.9392971 -0.3372575 -0.06307462 755.0251 0.3405854 0.9387467 0.05250077 123.6925 0.04150481 -0.07079611 0.9966269 -62.1586
0.9431971 -0.3258314 -0.06490833 755.7767 0.3293678 0.9426478 0.05414521 123.951 0.04354349 -0.07244832 0.9964212 -62.18174
0.9478362 -0.3130057 -0.06028327 756.5229 0.3163029 0.94699 0.05623404 124.1734 0.03948609 -0.07236843 0.996596 -62.26872
0.9526416 -0.2986064 -0.05751684 757.2638 0.3017533 0.9516709 0.05716015 124.3819 0.03766872 -0.07180904 0.9967068 -62.32208
0.9568219 -0.2850588 -0.05686186 758.0008 0.2882607 0.9557017 0.05949553 124.5805 0.03738326 -0.07331767 0.9966078 -62.38795
0.9612135 -0.2707223 -0.05270679 758.7072 0.2736693 0.9599291 0.06034128 124.763 0.03425905 -0.07242508 0.9967853 -62.44391
0.9652935 -0.2563549 -0.04990507 759.4201 0.2592148 0.963745 0.06327154 124.9419 0.03187579 -0.07401174 0.9967478 -62.5022
0.9694273 -0.2405428 -0.04847639 760.1117 0.2434038 0.9676872 0.06584918 125.0818 0.03107044 -0.07563532 0.9966514 -62.57368
0.9737164 -0.2233873 -0.04443404 760.7989 0.2261116 0.9715347 0.07066814 125.2166 0.02738284 -0.07885779 0.9965097 -62.63574
0.9779599 -0.2041761 -0.04366489 761.4792 0.2069443 0.9756349 0.07287221 125.3297 0.02772224 -0.08030231 0.996385 -62.69338
0.9823574 -0.1820667 -0.04272841 762.1432 0.1847775 0.9801635 0.07167033 125.4317 0.02883205 -0.07830112 0.9965128 -62.75773
0.9860436 -0.1606793 -0.04358993 762.8129 0.1634352 0.9841037 0.06949174 125.5239 0.03173112 -0.07564603 0.9966297 -62.80953
0.9894332 -0.1396157 -0.03910814 763.4614 0.142015 0.9875706 0.06734838 125.5991 0.02921916 -0.07219066 0.9969628 -62.87755
0.9923213 -0.1188189 -0.03435889 764.0978 0.1209451 0.9903001 0.06839639 125.6394 0.02589883 -0.07202673 0.9970664 -62.91379
0.9947661 -0.09716684 -0.03160629 764.7172 0.09920482 0.9925295 0.07101896 125.6692 0.02446949 -0.07378276 0.9969741 -63.00187
0.9967042 -0.07582498 -0.02883228 765.3326 0.07778391 0.9941968 0.0743125 125.7194 0.02303022 -0.07631027 0.9968181 -63.06484
0.9980241 -0.05545548 -0.02953985 765.9268 0.0576243 0.9952483 0.07848582 125.7397 0.02504702 -0.08003295 0.9964775 -63.11781
0.9990131 -0.03479795 -0.02760357 766.5268 0.03688845 0.9961728 0.07923876 125.7464 0.02474058 -0.08017881 0.9964734 -63.17169
0.9995231 -0.01458206 -0.02722032 767.1207 0.01670125 0.996709 0.07932328 125.7313 0.02597404 -0.07974006 0.9964772 -63.21671
0.9997057 0.006168464 -0.02346093 767.6946 -0.004221054 0.9966096 0.08216801 125.7104 0.02388824 -0.0820448 0.9963423 -63.29536
0.9994038 0.02651822 -0.02210746 768.264 -0.02462142 0.9963237 0.08205363 125.6828 0.02420211 -0.0814604 0.9963827 -63.31573
0.9987142 0.04778623 -0.01692451 768.8351 -0.04621911 0.9954544 0.08327165 125.6319 0.02082682 -0.08238234 0.9963831 -63.40098
0.997504 0.06926376 -0.01372256 769.3896 -0.06788474 0.9941911 0.08352042 125.5719 0.01942779 -0.08238041 0.9964116 -63.43679
0.9957039 0.09196715 -0.01076158 769.9424 -0.09084776 0.9927678 0.07847825 125.5006 0.01790117 -0.07716343 0.9968578 -63.50643
0.9933349 0.1149182 -0.008922223 770.4957 -0.1139979 0.9909177 0.0713194 125.4162 0.01703708 -0.06982693 0.9974136 -63.5593
0.9903149 0.138697 -0.006284829 771.0422 -0.1379996 0.9882873 0.06514742 125.3123 0.01524697 -0.06364916 0.9978558 -63.5909
0.9865121 0.1636399 -0.003983368 771.5571 -0.1630826 0.9846619 0.06200649 125.1924 0.01406901 -0.06052053 0.9980678 -63.66242
0.9819663 0.1890337 0.00289225 772.091 -0.1888613 0.9801474 0.06035245 125.0584 0.008573815 -0.05981031 0.9981729 -63.69063
0.9765401 0.2152242 0.006929033 772.6032 -0.2152374 0.974617 0.06160025 124.9243 0.006504711 -0.06164651 0.9980769 -63.741
0.9700679 0.2426187 0.01022072 773.121 -0.2427663 0.9679456 0.06438727 124.7677 0.005728452 -0.06494126 0.9978727 -63.78982
0.9628116 0.2699174 0.01176812 773.6241 -0.2700841 0.9604553 0.0676785 124.5951 0.00696485 -0.06834003 0.9976377 -63.83936
0.9544495 0.2980669 0.01350362 774.1292 -0.2982748 0.9520003 0.06875679 124.4095 0.007638674 -0.06965268 0.9975421 -63.8781
0.9449784 0.3267654 0.0154977 774.6053 -0.3270336 0.9424664 0.06932772 124.2066 0.008047832 -0.07058147 0.9974735 -63.92276
0.9343152 0.3558686 0.02031312 775.0973 -0.3563914 0.9316344 0.07100893 123.9897 0.006345446 -0.07358415 0.9972688 -63.95966
0.9222463 0.3857143 0.02619391 775.5715 -0.3866022 0.9200122 0.06415683 123.7448 0.0006474853 -0.06929503 0.997596 -64.01738
0.9084778 0.4169431 0.02874982 776.0413 -0.4179119 0.9069737 0.05242448 123.4926 -0.00421731 -0.05964136 0.998211 -64.05328
0.8934332 0.4481759 0.03025606 776.5204 -0.4491206 0.8924893 0.04187433 123.2309 -0.008236142 -0.05100053 0.9986647 -64.08674
0.8773318 0.4788431 0.0315937 776.9755 -0.479745 0.8767601 0.03371137 122.9387 -0.01155764 -0.04473298 0.9989321 -64.12251
0.8592067 0.5104704 0.03440539 777.4034 -0.5113554 0.8590012 0.02515115 122.6349 -0.01671535 -0.03920342 0.9990914 -64.12289
0.8394814 0.541994 0.03890441 777.8193 -0.5430298 0.8393753 0.0238269 122.3211 -0.01974137 -0.04112849 0.9989588 -64.1854
0.8179778 0.5735323 0.04441752 778.2062 -0.5750446 0.8173068 0.03651447 122.0146 -0.0153605 -0.05541008 0.9983455 -64.20113
0.7956432 0.6039395 0.04700064 778.5905 -0.6057295 0.7940447 0.05084042 121.6852 -0.006616073 -0.06892051 0.9976002 -64.22648
0.7717032 0.6342207 0.04731183 778.949 -0.6359827 0.7695054 0.05820369 121.334 0.0005072802 -0.07500548 0.997183 -64.2703
0.7457237 0.6645217 0.04803087 779.3087 -0.6662292 0.7431175 0.06256927 120.9707 0.005886057 -0.07865896 0.9968842 -64.28341
0.7191166 0.6932213 0.04812141 779.6463 -0.6948087 0.7162504 0.06501016 120.5921 0.01059945 -0.08018506 0.9967237 -64.32404
0.6911907 0.7205838 0.05490355 779.9935 -0.7226384 0.6884229 0.06218918 120.2002 0.007015653 -0.08266 0.9965531 -64.32872
0.661746 0.7472441 0.06097955 780.2924 -0.7497281 0.6595271 0.05414677 119.7914 0.0002432 -0.08154949 0.9966693 -64.38779
0.6303678 0.7737455 0.0628833 780.5801 -0.7762966 0.6282817 0.0512407 119.3726 0.0001388304 -0.08111658 0.9967046 -64.44801
0.5980415 0.7994172 0.0572579 780.8737 -0.8014502 0.5960664 0.04880861 118.9508 0.004888933 -0.07507893 0.9971656 -64.46387
0.5647376 0.8232007 0.05841255 781.1275 -0.8252546 0.5628693 0.04618506 118.5163 0.005140942 -0.07428766 0.9972236 -64.491
0.5312382 0.8448654 0.06315324 781.373 -0.8472198 0.5295702 0.04211901 118.0613 0.00214082 -0.07587991 0.9971147 -64.49422
0.4961972 0.8652121 0.07208636 781.5909 -0.8681966 0.4949354 0.03568872 117.5979 -0.00479978 -0.08029378 0.9967597 -64.52914
0.4603339 0.8843158 0.07796191 781.7842 -0.8877138 0.4592845 0.03196365 117.1228 -0.007540744 -0.08392181 0.9964438 -64.5654
0.4239663 0.902271 0.07848345 781.9872 -0.9056569 0.4229525 0.02994406 116.645 -0.006177112 -0.08377435 0.9964656 -64.56952
0.388751 0.9177621 0.08114935 782.1616 -0.9213342 0.3876169 0.02993855 116.1548 -0.00397839 -0.08640432 0.9962522 -64.60677
0.3549981 0.9310393 0.0845112 782.3203 -0.9348459 0.3541446 0.02539253 115.6428 -0.006287746 -0.08801924 0.9960989 -64.61432
0.3231263 0.9420813 0.08984584 782.4506 -0.9463106 0.32258 0.02094045 115.14 -0.009254847 -0.09178847 0.9957355 -64.63589
0.2938839 0.9512061 0.09401716 782.592 -0.9557896 0.2934647 0.01856912 114.6316 -0.009927649 -0.09531779 0.9953974 -64.64385
0.2665844 0.9587795 0.09835966 782.7258 -0.9637799 0.2660116 0.01913478 114.1176 -0.007818785 -0.0998981 0.9949669 -64.65915
0.2392237 0.9659833 0.09822546 782.828 -0.9709367 0.2387556 0.01666883 113.587 -0.007350057 -0.09935828 0.9950246 -64.69604
0.2127386 0.9721775 0.09804793 782.9329 -0.9770612 0.2126497 0.01147965 113.0374 -0.009689596 -0.09824098 0.9951155 -64.70432
0.1075069 0.9887034 0.1044402 782.6994 -0.9942001 0.1072189 0.008384619 112.5537 -0.002908055 -0.1047358 0.9944958 -64.63493