1.0 0.0 0.0 0.0 0.0 1.0 0.0 0.0 0.0 0.0 1.0 0.0
0.9999757 -0.006489658 0.00256353 0.6734431 0.006495353 0.9999763 -0.002219355 0.008561043 -0.002549067 0.002235952 0.9999943 -0.002410669
0.9999417 -0.01019525 0.003553669 1.060731 0.01020424 0.9999448 -0.002521498 0.01426683 -0.003527765 0.002557614 0.9999905 -0.01462844
0.9999072 -0.01349767 0.001840752 1.44605 0.01350111 0.999907 -0.001871774 0.01659765 -0.001815316 0.001896453 0.9999965 -0.02526916
0.9998615 -0.01655428 0.001702745 1.822942 0.01655703 0.9998617 -0.001613241 0.02010489 -0.001675803 0.00164121 0.9999973 -0.03453256
0.9998063 -0.01965847 0.0009802424 2.21041 0.01965884 0.9998066 -0.0003689622 0.02519112 -0.0009727996 0.0003881611 0.9999995 -0.02971743
0.9997522 -0.02218161 0.001879737 2.614883 0.02218293 0.9997538 -0.0006849656 0.03783715 -0.001864081 0.000726494 0.999998 -0.0390154
0.9997269 -0.02322048 0.002633858 3.001304 0.02322087 0.9997302 -0.0001153129 0.02920422 -0.00263047 0.0001764419 0.9999965 -0.0447752
0.9997048 -0.02426749 0.001133893 3.398031 0.02426749 0.9997054 1.039552e-05 0.02941712 -0.001133811 1.712428e-05 0.9999993 -0.06310873
0.9996884 -0.02488413 0.001931859 3.798217 0.02488495 0.9996903 -0.0003986033 0.0404085 -0.001921342 0.0004465533 0.999998 -0.05680156
0.999692 -0.02478981 0.00114474 4.19749 0.0247896 0.9996927 0.000200364 0.04087792 -0.001149355 -0.0001719247 0.9999993 -0.06551018
0.9997036 -0.02427012 0.00190912 4.612924 0.02427104 0.9997052 -0.0004578985 0.04631682 -0.001897444 0.0005040991 0.9999981 -0.07480744
0.9997219 -0.02341686 0.002784529 5.017749 0.0234164 0.9997259 0.0001973399 0.0480285 -0.002788387 -0.0001320814 0.9999961 -0.0736334
0.9997315 -0.02288518 0.003620517 5.440682 0.02288519 0.9997381 4.016726e-05 0.05050431 -0.003620488 4.269973e-05 0.9999934 -0.08876824
0.999746 -0.02226273 0.003521706 5.857866 0.02226096 0.999752 0.0005406665 0.05417134 -0.003532869 -0.0004621326 0.9999937 -0.08681844
0.9997573 -0.02177625 0.003345515 6.274356 0.02177577 0.9997629 0.0001784933 0.06078127 -0.003348609 -0.0001055988 0.9999944 -0.1046707
0.999773 -0.0208979 0.004150305 6.704105 0.02089353 0.9997813 0.001094293 0.06480738 -0.004172265 -0.00100733 0.9999908 -0.1003473
0.999782 -0.02042202 0.004360209 7.12967 0.02041883 0.9997911 0.0007750465 0.07017335 -0.004375127 -0.0006858471 0.9999902 -0.1145121
0.9997966 -0.01963367 0.004611973 7.566647 0.01963158 0.999807 0.0004979557 0.07342595 -0.00462086 -0.0004073141 0.9999892 -0.1279018
0.9998116 -0.01889742 0.004419913 8.004 0.01889513 0.9998212 0.0005584908 0.08387803 -0.004429677 -0.0004748708 0.9999901 -0.1144647
0.9998286 -0.01793777 0.004570331 8.450287 0.017936 0.9998391 0.0004261263 0.08825155 -0.00457724 -0.0003440798 0.9999894 -0.1355815
0.9998414 -0.01686585 0.005725373 8.886255 0.01686078 0.9998574 0.0009334562 0.08816279 -0.0057403 -0.0008367738 0.9999832 -0.1330022
0.9998544 -0.01592137 0.006138538 9.329214 0.01591353 0.9998726 0.001322967 0.0895026 -0.006158818 -0.001225088 0.9999803 -0.1469539
0.9998654 -0.01547181 0.005454531 9.782404 0.01546171 0.9998785 0.001890032 0.09375273 -0.005483111 -0.001805442 0.9999833 -0.1684656
0.9998723 -0.01489905 0.005784386 10.23281 0.01489237 0.9998883 0.001195338 0.0982044 -0.005801549 -0.001109042 0.9999825 -0.1506476
0.9998938 -0.01378477 0.00471455 10.69474 0.01377725 0.9999039 0.00162357 0.09655573 -0.004736478 -0.001558444 0.9999875 -0.1642679
0.9998997 -0.01316028 0.005229407 11.14936 0.01315553 0.9999131 0.0009411373 0.09833618 -0.005241338 -0.0008722473 0.9999859 -0.1709492
0.999902 -0.01268827 0.00591029 11.6016 0.012682 0.9999191 0.0010967 0.09856308 -0.005923727 -0.001021638 0.9999819 -0.1767412
0.9999112 -0.01206203 0.005671784 12.06129 0.01206567 0.9999272 -0.0006081393 0.09646514 -0.005664034 0.0006765191 0.9999837 -0.1942798
0.9999186 -0.01095064 0.006546402 12.5236 0.01095355 0.9999399 -0.0004083658 0.09331042 -0.006541537 0.0004800388 0.9999785 -0.1890675
0.999934 -0.01012282 0.005436677 12.97274 0.0101245 0.9999487 -0.0002824996 0.09676007 -0.005433539 0.0003375246 0.9999852 -0.2080118
0.9999452 -0.009052231 0.005265487 13.43153 0.00905457 0.999959 -0.0004206644 0.09264791 -0.005261463 0.0004683181 0.9999861 -0.2109949
0.9999612 -0.007546844 0.004538944 13.88366 0.007548349 0.9999714 -0.0003145048 0.08934418 -0.004536441 0.0003487542 0.9999896 -0.2198233
0.9999707 -0.005861497 0.004931151 14.34836 0.005866763 0.9999824 -0.001054239 0.08657312 -0.004924884 0.001083138 0.9999873 -0.2310046
0.9999766 -0.004372307 0.005253963 14.80882 0.004380209 0.9999893 -0.001493503 0.08401758 -0.005247377 0.001516481 0.9999851 -0.2262585
0.9999786 -0.002674961 0.005972088 15.27739 0.002682159 0.9999957 -0.001197628 0.08105528 -0.005968858 0.00121362 0.9999815 -0.2374684
0.9999869 -0.0009533605 0.00503492 15.73334 0.0009606379 0.9999986 -0.001443184 0.06935365 -0.005033537 0.001448001 0.9999863 -0.2448111
0.9999873 0.0003437598 0.005024949 16.20557 -0.0003324082 0.9999974 -0.002259709 0.06804665 -0.005025712 0.00225801 0.9999848 -0.2544957
0.999984 0.002465187 0.005091467 16.66027 -0.002452121 0.9999937 -0.002570829 0.06010091 -0.005097772 0.002558304 0.9999837 -0.2608457
0.9999822 0.004061522 0.004382448 17.1353 -0.004050229 0.9999884 -0.00258272 0.05983818 -0.004392887 0.002564924 0.9999871 -0.2474966
0.9999795 0.005714529 0.002887458 17.6024 -0.005707718 0.9999808 -0.002361588 0.04735462 -0.002900898 0.002345059 0.999993 -0.2668871
0.9999643 0.007522433 0.003843222 18.06325 -0.007509628 0.9999661 -0.003335395 0.0322313 -0.003868182 0.003306415 0.9999871 -0.2812665
0.9999533 0.009080191 0.003308979 18.5294 -0.009069419 0.9999535 -0.003255671 0.02364121 -0.003338387 0.003225508 0.9999892 -0.2745759
0.9999353 0.01070732 0.003835187 19.00092 -0.01069475 0.9999373 -0.003280906 0.01147476 -0.003870076 0.003239677 0.9999872 -0.2980745
0.9999157 0.01232563 0.004077966 19.47168 -0.01231452 0.9999204 -0.002737883 -0.003719704 -0.004111388 0.002687434 0.999988 -0.2879411
0.9999009 0.01370139 0.003244323 19.94349 -0.01369361 0.9999033 -0.002406776 -0.01411612 -0.003276985 0.002362111 0.9999918 -0.3061851
0.9998817 0.01507981 0.003009345 20.42284 -0.01507441 0.9998846 -0.001807652 -0.02305786 -0.003036257 0.001762074 0.9999939 -0.2962631
0.9998648 0.01631125 0.002093705 20.90515 -0.01630837 0.9998661 -0.001386666 -0.03770787 -0.002116043 0.001352333 0.9999968 -0.3151622
0.9998478 0.01728635 0.002382974 21.37207 -0.01728244 0.9998493 -0.001652913 -0.05277115 -0.002411187 0.001611478 0.9999958 -0.319937
0.999838 0.0177551 0.002947085 21.85684 -0.0177483 0.9998399 -0.002316811 -0.06132182 -0.002987748 0.002264129 0.999993 -0.3209135
0.999827 0.0184207 0.002586465 22.34947 -0.01841384 0.999827 -0.002649094 -0.07672656 -0.002634815 0.002601008 0.9999931 -0.340421
0.9998167 0.01909732 0.001358631 22.83883 -0.01909398 0.9998147 -0.002436394 -0.09866149 -0.001404908 0.002410006 0.9999961 -0.3386068
0.9998137 0.01910875 -0.002742085 23.32741 -0.01911411 0.9998153 -0.001943559 -0.09918325 0.00270444 0.001995609 0.9999943 -0.3820416
0.9998077 0.01957261 -0.00121687 23.83352 -0.01957533 0.9998059 -0.002262621 -0.107523 0.001172348 0.002286007 0.9999967 -0.3749905
0.9998081 0.01955414 -0.001205134 24.32712 -0.01955741 0.999805 -0.002762962 -0.1154197 0.001150871 0.002786001 0.9999955 -0.3377197
0.9998001 0.01998992 -0.0004538314 24.82998 -0.01999061 0.9997989 -0.001578058 -0.1409265 0.0004221949 0.001586815 0.9999986 -0.3715173
0.9997995 0.01994152 -0.001812898 25.32787 -0.01994424 0.9998 -0.001498772 -0.1609014 0.001782648 0.001534628 0.9999973 -0.3719471
0.9998038 0.01974923 -0.001521811 25.83875 -0.01975137 0.999804 -0.001407323 -0.1634301 0.001493719 0.001437105 0.9999979 -0.3798985
0.9997745 0.02009103 -0.006882942 26.34462 -0.02010559 0.9997958 -0.002052771 -0.17759 0.006840294 0.002190694 0.9999742 -0.4049649
0.9997925 0.02002623 -0.003740574 26.85929 -0.02002442 0.9997994 0.0005232102 -0.1869587 0.003750302 -0.0004481988 0.9999928 -0.3948961
0.9997899 0.01916057 -0.007281441 27.37483 -0.01916267 0.9998164 -0.000218913 -0.2019626 0.007275909 0.0003583988 0.9999735 -0.3870418
0.9997976 0.01968967 -0.004141509 27.90919 -0.01969199 0.9998059 -0.000520011 -0.2165544 0.004130466 0.0006014603 0.9999913 -0.414829
0.9997881 0.01925596 -0.007278713 28.42168 -0.01926393 0.999814 -0.001026022 -0.235647 0.007257602 0.001166021 0.999973 -0.403639
0.9997922 0.01933373 -0.006466971 28.95743 -0.01933722 0.999813 -0.0004775127 -0.2449478 0.006456529 0.0006024667 0.999979 -0.422815
0.9997727 0.01886256 -0.00994043 29.47788 -0.01886643 0.9998219 -0.0002948365 -0.2560454 0.009933098 0.0004823098 0.9999505 -0.4266557
0.9997754 0.01857572 -0.01020073 30.01582 -0.01858853 0.9998266 -0.001162504 -0.2697819 0.01017737 0.00135186 0.9999473 -0.4417492
0.9997751 0.01831665 -0.01068786 30.55148 -0.0183366 0.9998302 -0.001771493 -0.2840247 0.0106536 0.001967074 0.9999413 -0.4346578
0.9997892 0.01798519 -0.009905537 31.09151 -0.01801594 0.999833 -0.003023772 -0.2974386 0.009849501 0.003201592 0.9999464 -0.4503052
0.9997826 0.01794014 -0.0106242 31.6219 -0.01796612 0.999836 -0.002354349 -0.3197103 0.01058022 0.002544713 0.9999408 -0.4507237
0.9997761 0.01787321 -0.0113261 32.15484 -0.01791568 0.9998327 -0.003659696 -0.3291843 0.01125879 0.003861792 0.9999292 -0.4704553
0.9997637 0.0175812 -0.01278666 32.69891 -0.01762254 0.9998399 -0.003127507 -0.3407353 0.01272962 0.003352102 0.9999133 -0.4678771
0.9997699 0.0171542 -0.01287747 33.23753 -0.0171954 0.9998473 -0.003095699 -0.3595619 0.0128224 0.00331642 0.9999123 -0.4788127
0.9997932 0.01659884 -0.01174534 33.7701 -0.01664354 0.9998546 -0.003717992 -0.3728613 0.01168191 0.003912708 0.9999241 -0.4727415
0.9998017 0.01691601 -0.01050873 34.3043 -0.01695878 0.9998481 -0.003994028 -0.3886639 0.01043957 0.004171452 0.9999368 -0.4935531
0.9998087 0.01642015 -0.01062604 34.85605 -0.01646221 0.9998571 -0.003883421 -0.4058394 0.01056076 0.004057607 0.999936 -0.4904711
0.9998061 0.01643885 -0.01084002 35.39287 -0.01647702 0.9998584 -0.0034414 -0.4174666 0.01078191 0.003619344 0.9999353 -0.5102133
0.9998066 0.01617269 -0.01118436 35.9397 -0.01621405 0.999862 -0.003616982 -0.4283557 0.01112431 0.003797626 0.9999309 -0.506164
0.9998294 0.0162553 -0.008767221 36.47486 -0.01627754 0.9998645 -0.002470733 -0.442118 0.00872587 0.002613021 0.9999585 -0.524783
0.9998339 0.01599519 -0.008730609 37.02596 -0.01601721 0.9998686 -0.00245746 -0.4589438 0.008690154 0.002596892 0.9999589 -0.5089414
0.9998401 0.01668361 -0.006428529 37.55883 -0.0166931 0.9998597 -0.001426061 -0.4764195 0.006403835 0.001533145 0.9999783 -0.536231
0.9998425 0.0165166 -0.006496802 38.09499 -0.01652899 0.9998617 -0.001858087 -0.4981406 0.006465214 0.00196518 0.9999772 -0.532683
0.9998421 0.01657929 -0.006397834 38.64164 -0.01657921 0.9998627 6.511567e-05 -0.5059174 0.006398034 4.096563e-05 0.9999796 -0.5436501
0.9998542 0.01596873 -0.006045935 39.18524 -0.01596677 0.9998723 0.0003721072 -0.5176709 0.006051105 -0.0002755189 0.9999816 -0.5572759
0.9998578 0.01621129 -0.004645502 39.72678 -0.01620855 0.9998685 0.0006262767 -0.5408169 0.004655044 -0.0005508907 0.999989 -0.5627193
0.9998621 0.01595499 -0.004603073 40.27961 -0.01595605 0.9998728 -0.0001948961 -0.5500219 0.004599378 0.0002683161 0.9999894 -0.567218
0.9998546 0.01586711 -0.006245317 40.83117 -0.01587271 0.9998735 -0.0008482342 -0.5609311 0.006231069 0.000947241 0.9999802 -0.578638
0.9998507 0.01626473 -0.00583981 41.3693 -0.01627473 0.999866 -0.001667293 -0.5779067 0.00581191 0.001762086 0.9999816 -0.5906693
0.9998624 0.01567394 -0.005421707 41.9274 -0.01568639 0.9998744 -0.002259994 -0.5883871 0.005385604 0.002344731 0.9999828 -0.5900885
0.9998679 0.01559205 -0.004599199 42.46675 -0.01560139 0.9998763 -0.002003558 -0.6076145 0.004567391 0.002075047 0.9999874 -0.6031686
0.9998643 0.01532834 -0.006029963 43.01918 -0.01534652 0.9998778 -0.002980218 -0.6146989 0.005983544 0.003072353 0.9999774 -0.6185898
0.9998723 0.01486443 -0.005864087 43.5732 -0.01487844 0.9998864 -0.002352437 -0.6306891 0.005828454 0.002439386 0.99998 -0.6107011
0.9998587 0.01462792 -0.008288727 44.13171 -0.01469143 0.9998627 -0.007654367 -0.6419139 0.008175622 0.007775058 0.9999363 -0.6616238
0.9998592 0.01527262 -0.00694803 44.66228 -0.01533405 0.999843 -0.008876112 -0.6413119 0.006811378 0.008981404 0.9999365 -0.7391231
0.9998705 0.01566874 -0.003664033 45.21168 -0.01567923 0.9998732 -0.002851886 -0.668241 0.003618882 0.002908966 0.9999892 -0.6752449
0.9998758 0.01436928 -0.006467124 45.75859 -0.01438086 0.999895 -0.001748273 -0.6923352 0.006441324 0.001841059 0.9999776 -0.5792851
0.9998664 0.01564258 -0.00473235 46.29161 -0.0156337 0.9998761 0.001906496 -0.7025989 0.004761585 -0.001832257 0.999987 -0.7040179
0.9998617 0.01607938 -0.004244094 46.82367 -0.01605904 0.9998597 0.004785942 -0.7033172 0.004320453 -0.004717124 0.9999796 -0.7157458
0.9998388 0.01466656 -0.01035207 47.38313 -0.01463708 0.9998885 0.002918019 -0.7264435 0.01039371 -0.002766025 0.9999422 -0.604394
0.9998751 0.01506882 -0.004773831 47.9349 -0.01508051 0.9998833 -0.00242066 -0.7288535 0.004736798 0.002492349 0.9999857 -0.6850956
0.9998737 0.01456863 -0.006352299 48.4702 -0.01459309 0.9998863 -0.003820726 -0.7490948 0.006295913 0.003912943 0.9999725 -0.7184735
0.999893 0.01452642 -0.001706644 49.00916 -0.01453128 0.9998903 -0.002870478 -0.7621719 0.001664759 0.002894971 0.9999944 -0.6793421
0.9998729 0.01473517 -0.006089477 49.539 -0.01473478 0.9998915 0.0001086987 -0.7737393 0.006090418 -1.895783e-05 0.9999815 -0.7381394
0.9998969 0.01400274 -0.003173009 50.07233 -0.0140029 0.999902 -2.884091e-05 -0.7807507 0.003172294 7.326928e-05 0.999995 -0.7050271
0.9998648 0.01365092 -0.009171436 50.59126 -0.01364106 0.9999062 0.001135896 -0.7945896 0.009186082 -0.001010635 0.9999573 -0.7395329
0.9999133 0.01290541 -0.002610441 51.1205 -0.01290635 0.9999167 -0.0003427023 -0.8019489 0.002605801 0.0003763639 0.9999965 -0.7477866
0.9999166 0.01205418 -0.004627339 51.64092 -0.01205603 0.9999273 -0.0003712694 -0.8196113 0.004622527 0.0004270257 0.9999892 -0.7322022
0.999935 0.01102588 -0.002910611 52.16301 -0.0110288 0.9999386 -0.0009881768 -0.83456 0.002899537 0.001020213 0.9999953 -0.7738398
0.9999326 0.01022289 -0.00551075 52.68856 -0.01023 0.999947 -0.001262329 -0.8417503 0.005497552 0.001318619 0.999984 -0.7608077
0.9999428 0.009553334 -0.004802778 53.20985 -0.009561216 0.999953 -0.001621019 -0.8428491 0.004787066 0.001666847 0.9999871 -0.7873507
0.9999514 0.008819357 -0.004418243 53.73378 -0.008826968 0.9999597 -0.0017062 -0.8565996 0.004403017 0.001745117 0.9999888 -0.777598
0.9999597 0.007465849 -0.004980365 54.26247 -0.007476039 0.99997 -0.002030417 -0.8659472 0.004965057 0.002067569 0.9999855 -0.7848653
0.9999596 0.008024422 -0.004043091 54.78066 -0.008031826 0.9999661 -0.001818514 -0.8745027 0.004028361 0.001850914 0.9999902 -0.80771
0.9999618 0.00767323 -0.004190181 55.29474 -0.00768339 0.9999675 -0.002414096 -0.8832038 0.004171521 0.002446199 0.9999883 -0.79592
0.9999635 0.007564363 -0.003967314 55.81228 -0.007573461 0.9999688 -0.002283288 -0.896499 0.003949918 0.002313251 0.9999895 -0.8197253
0.999961 0.007630939 -0.004439195 56.34096 -0.007642895 0.9999671 -0.002682691 -0.9020861 0.004418578 0.002716515 0.9999865 -0.8183367
0.9999591 0.007752674 -0.004650816 56.86228 -0.007763065 0.9999673 -0.002220337 -0.909192 0.00463345 0.002256351 0.9999867 -0.8266609
0.9999614 0.008010792 -0.003617503 57.37066 -0.008020269 0.9999644 -0.002613174 -0.9245638 0.003596441 0.002642087 0.99999 -0.8302532
0.9999561 0.009073268 -0.002342075 57.89228 -0.009077751 0.999957 -0.00191093 -0.9337981 0.002324636 0.001932107 0.9999954 -0.8446416
0.9999413 0.01020299 -0.003625406 58.39609 -0.01020759 0.9999472 -0.001252498 -0.9458805 0.003612435 0.001289431 0.9999927 -0.8571035
0.9999343 0.0110684 -0.002992176 58.90512 -0.0110724 0.9999379 -0.00132413 -0.9545395 0.002977334 0.001357174 0.9999946 -0.8595361
0.9999176 0.01222279 -0.003920442 59.41102 -0.01222838 0.9999242 -0.001403422 -0.9700606 0.003902992 0.001451247 0.9999914 -0.8659522
0.9999146 0.0127989 -0.002621713 59.93081 -0.01280794 0.999912 -0.003461764 -0.9772311 0.002577176 0.003495047 0.9999906 -0.850274
0.9999031 0.01349528 -0.003424975 60.42683 -0.01350744 0.9999026 -0.003553863 -0.9933699 0.003376681 0.003599782 0.9999878 -0.895976
0.9998928 0.01461444 -0.0008709588 60.9327 -0.01461836 0.9998821 -0.004687357 -1.008955 0.0008023531 0.004699586 0.9999886 -0.8834037
0.9998807 0.01523924 -0.002537679 61.41829 -0.01525015 0.9998744 -0.004339145 -1.019917 0.002471235 0.004377328 0.9999874 -0.8938496
0.9998693 0.01610381 -0.001394941 61.90999 -0.01611094 0.9998565 -0.005262829 -1.034292 0.001309989 0.005284616 0.9999852 -0.9064124
0.999856 0.01670676 -0.002983359 62.39406 -0.0167194 0.999851 -0.00426452 -1.045967 0.002911669 0.004313786 0.9999865 -0.9019926
0.9998498 0.01711499 -0.002731993 62.86863 -0.01712657 0.9998441 -0.00427297 -1.061101 0.002658435 0.004319118 0.9999871 -0.9078411
0.9998381 0.01789114 -0.001922758 63.3461 -0.01789888 0.9998316 -0.004088488 -1.070108 0.001849287 0.004122241 0.9999898 -0.9204366
0.9998345 0.01814531 -0.001280442 63.81535 -0.01815104 0.9998245 -0.004620783 -1.083242 0.001196371 0.00464326 0.9999885 -0.9150103
0.9998261 0.01855589 -0.001838292 64.27509 -0.01856343 0.999819 -0.004174781 -1.097538 0.001760492 0.004208181 0.9999896 -0.9354616
0.9998211 0.01878044 -0.002249938 64.72958 -0.01879061 0.9998128 -0.004587398 -1.104822 0.002163363 0.004628855 0.9999869 -0.9321113
0.9998105 0.01916296 -0.003423077 65.17461 -0.019177 0.9998076 -0.004116768 -1.124031 0.003343529 0.004181632 0.9999857 -0.949843
0.999802 0.01973244 -0.002576771 65.61036 -0.01974163 0.9997987 -0.003592802 -1.138795 0.002505358 0.00364296 0.9999902 -0.9496526
0.9997919 0.01988654 -0.004555609 66.04784 -0.0199036 0.999795 -0.00373082 -1.149271 0.004480482 0.003820717 0.9999827 -0.9576735
0.9997954 0.01987907 -0.00374155 66.47746 -0.01989641 0.9997913 -0.004655788 -1.158041 0.003648216 0.004729278 0.9999822 -0.9685037
0.9997863 0.02037132 -0.003525025 66.8967 -0.02038748 0.9997815 -0.004610038 -1.173633 0.003430342 0.004680919 0.9999831 -0.9675246
0.9997786 0.02073931 -0.003547699 67.31347 -0.02075178 0.9997785 -0.003515685 -1.187461 0.003474001 0.003588528 0.9999875 -0.9795445
0.9997905 0.02021657 -0.003192239 67.73129 -0.02022457 0.9997923 -0.002493845 -1.194339 0.003141159 0.002557884 0.9999918 -0.9824259
0.9997959 0.01998804 -0.002954301 68.1468 -0.01999519 0.9997971 -0.002413075 -1.210389 0.002905469 0.002471654 0.9999927 -0.9850378
0.9998033 0.01956407 -0.00324917 68.55742 -0.019572 0.9998055 -0.002425437 -1.220042 0.003201087 0.002488553 0.9999918 -1.003955
0.9998016 0.01932508 -0.004818005 68.95782 -0.01933485 0.9998111 -0.00198953 -1.23109 0.004778648 0.002082291 0.9999864 -1.004377
0.9998081 0.01885951 -0.005304156 69.35801 -0.01886844 0.9998206 -0.001638959 -1.241214 0.005272294 0.001738725 0.9999846 -1.010745
0.9998124 0.01835553 -0.006185838 69.75177 -0.01836631 0.99983 -0.00169031 -1.249425 0.00615376 0.001803604 0.9999794 -1.014183
0.9998278 0.01769003 -0.00560542 70.1435 -0.01770235 0.9998411 -0.00215442 -1.26396 0.005566417 0.002253278 0.9999819 -1.020709
0.9998354 0.01735379 -0.00528624 70.54457 -0.01736643 0.9998465 -0.002355377 -1.275204 0.005244553 0.002446793 0.9999833 -1.028695
0.9998384 0.01681057 -0.006373363 70.9259 -0.01683 0.9998537 -0.003006624 -1.279572 0.006321889 0.003113402 0.9999751 -1.034488
0.9998453 0.01614963 -0.006974445 71.31194 -0.01616951 0.9998654 -0.002803503 -1.290344 0.00692823 0.002915843 0.9999717 -1.041455
0.9998496 0.0153882 -0.008003316 71.70102 -0.01541094 0.9998773 -0.002786972 -1.294793 0.007959449 0.002909891 0.9999641 -1.048231
0.9998565 0.01474854 -0.008336665 72.07803 -0.01477065 0.9998875 -0.00259657 -1.302421 0.008297432 0.002719335 0.9999619 -1.049944
0.9998626 0.01432647 -0.008344905 72.46186 -0.01434393 0.999895 -0.002036818 -1.312499 0.008314849 0.002156237 0.9999631 -1.059915
0.9998693 0.01416484 -0.007787857 72.8414 -0.01418035 0.9998976 -0.001940052 -1.321892 0.007759579 0.002050233 0.9999678 -1.062039
0.9998684 0.01366097 -0.008751918 73.21438 -0.01367468 0.9999055 -0.00150918 -1.328854 0.008730473 0.001628661 0.9999605 -1.070425
0.9998699 0.01315055 -0.009338699 73.58696 -0.0131647 0.9999124 -0.001456227 -1.336703 0.00931873 0.001578979 0.9999554 -1.076844
0.9998729 0.01250549 -0.009886692 73.95995 -0.01251845 0.9999207 -0.001249419 -1.341417 0.009870286 0.001373026 0.9999503 -1.083772
0.9998844 0.01152219 -0.00992354 74.32967 -0.01153649 0.9999325 -0.00138479 -1.349179 0.009906914 0.001499112 0.9999498 -1.082513
0.9998901 0.01101455 -0.00991643 74.69507 -0.01102979 0.999938 -0.001484212 -1.354058 0.009899469 0.001593425 0.9999498 -1.093034
0.9999004 0.01047501 -0.009455356 75.06023 -0.01048711 0.9999442 -0.001231708 -1.363701 0.009441926 0.001330745 0.9999545 -1.094195
0.9999059 0.00965484 -0.009741304 75.42065 -0.009667879 0.9999526 -0.001292333 -1.365276 0.009728364 0.001386389 0.9999517 -1.106791
0.9999096 0.009473656 -0.009544238 75.77595 -0.009486069 0.9999542 -0.001256094 -1.380136 0.009531901 0.001346517 0.9999537 -1.111388
0.9999135 0.008243738 -0.01024481 76.14042 -0.008262714 0.9999642 -0.001811349 -1.382046 0.01022951 0.001895842 0.9999459 -1.115207
0.9999146 0.008289874 -0.01010466 76.49559 -0.008315111 0.9999624 -0.002458146 -1.387038 0.0100839 0.002541958 0.9999459 -1.121974
0.9999191 0.00752602 -0.01025938 76.84727 -0.007558395 0.9999666 -0.003120604 -1.392696 0.01023555 0.003197895 0.9999425 -1.125529
0.9999269 0.006937926 -0.00990868 77.20025 -0.006965586 0.999972 -0.002759654 -1.395972 0.009889256 0.002828472 0.9999471 -1.132453
0.9999324 0.006372617 -0.009724618 77.55393 -0.006398365 0.9999762 -0.002618884 -1.404231 0.009707696 0.002680929 0.9999493 -1.138053
0.999936 0.005917952 -0.009637772 77.8928 -0.005949271 0.9999772 -0.003224141 -1.415384 0.009618471 0.003281273 0.9999484 -1.139525
0.9999469 0.005240442 -0.008870929 78.23943 -0.005270869 0.9999803 -0.003410084 -1.418274 0.008852883 0.003456661 0.9999548 -1.145771
0.9999508 0.00486619 -0.008641729 78.58633 -0.004899332 0.9999808 -0.003818142 -1.423337 0.008622983 0.003860292 0.9999554 -1.153868
0.9999478 0.003836616 -0.009463118 78.92898 -0.00387202 0.9999856 -0.003725786 -1.425595 0.009448687 0.003762233 0.9999483 -1.158597
0.9999438 0.004057796 -0.009796097 79.27217 -0.004092777 0.9999852 -0.003553511 -1.422574 0.009781533 0.003593405 0.9999457 -1.161174
0.999931 0.004778937 -0.01073292 79.61785 -0.004816018 0.9999824 -0.003431646 -1.428829 0.01071634 0.0034831 0.9999365 -1.163134
0.999934 0.005800987 -0.009914909 79.94575 -0.005839874 0.9999753 -0.003897582 -1.439316 0.009892055 0.003955226 0.9999433 -1.168843
0.9999425 0.006395456 -0.008608921 80.28313 -0.006434605 0.999969 -0.004527545 -1.444337 0.008579698 0.004582679 0.9999527 -1.16826
0.9999322 0.00760405 -0.008813967 80.61414 -0.007645891 0.9999596 -0.004723291 -1.457092 0.008777696 0.004790362 0.99995 -1.176734
0.9999275 0.008430662 -0.008591952 80.95016 -0.008472525 0.9999523 -0.004847625 -1.462898 0.008550674 0.004920069 0.9999514 -1.180176
0.9999108 0.009250768 -0.009633483 81.27882 -0.00929605 0.9999459 -0.004666385 -1.469497 0.009589795 0.004755522 0.9999427 -1.189166
0.9998916 0.01031136 -0.01050386 81.61759 -0.0103646 0.9999335 -0.005026862 -1.476733 0.01045133 0.005135186 0.9999322 -1.190024
0.9998892 0.01090449 -0.01013181 81.94447 -0.01095489 0.9999278 -0.00493258 -1.480486 0.01007729 0.005043027 0.9999365 -1.195998
0.9999086 0.01156576 -0.007004476 82.2766 -0.0116034 0.9999182 -0.005358061 -1.489272 0.006941934 0.005438847 0.9999611 -1.179798
0.9998939 0.01267161 -0.007187614 82.60545 -0.01270664 0.9999076 -0.004849491 -1.501408 0.007125499 0.004940307 0.9999624 -1.203099
0.9998878 0.01306438 -0.007328024 82.91665 -0.01309861 0.9999033 -0.0046433 -1.504458 0.007266655 0.004738766 0.9999624 -1.2068
0.9998582 0.01352284 -0.01003733 83.24378 -0.01356441 0.9998996 -0.004084854 -1.50643 0.009981086 0.004220425 0.9999413 -1.206625
0.999855 0.01399111 -0.009706736 83.57001 -0.01402561 0.9998955 -0.003495004 -1.519047 0.009656822 0.00363064 0.9999468 -1.21361
0.9998524 0.01470249 -0.008892514 83.89236 -0.01473357 0.9998856 -0.003439652 -1.528632 0.008840924 0.003570162 0.9999545 -1.209097
0.9998527 0.01552047 -0.007323925 84.21167 -0.01554312 0.9998746 -0.003045632 -1.543324 0.007275736 0.00315902 0.9999685 -1.221809
0.9998508 0.01607164 -0.006333151 84.52316 -0.01608903 0.9998668 -0.002704683 -1.554615 0.00628884 0.002806174 0.9999763 -1.225268
0.9998357 0.01666579 -0.007136041 84.84476 -0.01667913 0.9998592 -0.001812979 -1.565195 0.007104822 0.001931704 0.9999729 -1.227347
0.9998395 0.01679197 -0.006237871 85.16853 -0.01680005 0.999858 -0.001244788 -1.5677 0.006216084 0.001349385 0.9999798 -1.229901
0.9998199 0.01745516 -0.007441169 85.48979 -0.01746143 0.9998472 -0.0007786351 -1.576526 0.007426441 0.0009084283 0.999972 -1.242725
0.9998184 0.01778273 -0.006856095 85.80487 -0.01779279 0.9998407 -0.001408074 -1.585659 0.006829963 0.001529807 0.9999755 -1.239295
0.9998026 0.01847492 -0.007302198 86.11613 -0.01848559 0.9998282 -0.001397234 -1.595749 0.007275129 0.001531944 0.9999723 -1.249536
0.9998118 0.01832568 -0.006364422 86.44369 -0.01833694 0.9998304 -0.001716251 -1.601884 0.006331891 0.001832633 0.9999782 -1.251851
0.9997966 0.01921375 -0.006126064 86.7597 -0.01922596 0.9998133 -0.001938901 -1.615652 0.006087666 0.002056287 0.9999794 -1.257457
0.9998025 0.01921236 -0.005090855 87.07695 -0.01922356 0.9998128 -0.002159619 -1.620171 0.005048411 0.002257057 0.9999847 -1.264502
0.9997888 0.01953774 -0.006380203 87.39329 -0.01955078 0.9998069 -0.001988648 -1.629293 0.006340117 0.002112966 0.9999776 -1.27161
0.999783 0.0197873 -0.006514471 87.70704 -0.01980172 0.9998015 -0.002156318 -1.637159 0.00647051 0.002284848 0.9999765 -1.272226
0.9997839 0.01966778 -0.006726922 88.02905 -0.01968595 0.9998026 -0.002645504 -1.6438 0.006673563 0.002777359 0.9999739 -1.275548
0.9997907 0.01962771 -0.005763965 88.34589 -0.01964263 0.9998038 -0.00254185 -1.650963 0.005712943 0.002654538 0.9999802 -1.281636
0.9997892 0.02003964 -0.00446332 88.66678 -0.02005087 0.999796 -0.002484268 -1.664821 0.004412625 0.002573238 0.9999869 -1.288988
0.9997934 0.01983567 -0.004445819 88.98638 -0.0198466 0.9998 -0.002428852 -1.674385 0.004396752 0.002516584 0.9999872 -1.293725
0.9997933 0.01999231 -0.003702159 89.3036 -0.02000064 0.9997975 -0.002226866 -1.682992 0.00365689 0.002300452 0.9999906 -1.296288
0.9997969 0.01991505 -0.003089624 89.63115 -0.01992078 0.9998 -0.001837666 -1.694345 0.003052408 0.00189884 0.9999936 -1.299903
0.9997907 0.02023741 -0.002984115 89.94743 -0.0202437 0.9997929 -0.002093958 -1.708292 0.002941121 0.002153929 0.9999934 -1.302606
0.9997966 0.01997634 -0.002794155 90.27303 -0.01998071 0.999799 -0.001544402 -1.714777 0.002762742 0.001599917 0.9999949 -1.312006
0.9998094 0.01939505 -0.002236065 90.59583 -0.01939878 0.9998106 -0.001657872 -1.721403 0.002203487 0.001700933 0.9999961 -1.317261
0.9998164 0.01909452 -0.001597877 90.92888 -0.0190963 0.999817 -0.001109606 -1.734376 0.001576398 0.001139916 0.9999981 -1.319243
0.9998199 0.01894936 -0.0009901717 91.2644 -0.01894996 0.9998202 -0.0006092038 -1.746528 0.0009784496 0.0006278579 0.9999993 -1.323664
0.9998282 0.01853595 -0.000164917 91.60061 -0.01853599 0.9998281 -0.0002342879 -1.757527 0.0001605459 0.0002373045 0.9999999 -1.329755
0.9998233 0.01878834 0.0005205285 91.93977 -0.01878827 0.9998235 -0.0001304797 -1.768764 -0.0005228881 0.0001206768 0.9999999 -1.335282
0.9998264 0.01859485 0.001192288 92.28561 -0.01859512 0.9998271 0.0002207331 -1.773281 -0.001187977 -0.0002428655 0.9999993 -1.337964
0.9998329 0.01820144 0.001723473 92.64639 -0.01820275 0.9998341 0.0007484385 -1.79185 -0.001709565 -0.0007796853 0.9999982 -1.34647
0.9998373 0.01795105 0.001745639 92.99715 -0.01795208 0.9998387 0.0005794822 -1.802495 -0.001734955 -0.0006107259 0.9999983 -1.350534
0.9998459 0.01746009 0.001794001 93.36 -0.0174611 0.9998473 0.0005480711 -1.817619 -0.001784158 -0.0005793118 0.9999982 -1.357065
0.9998553 0.01682596 0.002490039 93.72881 -0.01682547 0.9998584 -0.0002180684 -1.819093 -0.002493356 0.0001761408 0.9999969 -1.356504
0.9998525 0.0167222 0.003917652 94.09601 -0.01671637 0.9998592 -0.001515867 -1.828584 -0.003942449 0.001450155 0.9999912 -1.354871
0.9998677 0.01596551 0.003121383 94.47241 -0.0159588 0.9998702 -0.00216401 -1.835772 -0.003155528 0.00211391 0.9999928 -1.353313
0.9998807 0.01463451 0.004946987 94.83724 -0.01463487 0.9998928 3.682546e-05 -1.843778 -0.004945918 -0.0001092196 0.9999878 -1.392727
0.9999093 0.012458 0.005122183 95.21138 -0.01245449 0.999922 -0.00071639 -1.847695 -0.00513071 0.0006525308 0.9999866 -1.371858
0.9999285 0.0107919 0.005146015 95.58044 -0.010786 0.999941 -0.001174287 -1.854565 -0.005158384 0.001118699 0.9999861 -1.411009
0.9999431 0.009155731 0.005464983 95.95147 -0.00914795 0.9999571 -0.00144692 -1.862593 -0.005477996 0.001396845 0.999984 -1.386924
0.9999617 0.007077318 0.005151414 96.31347 -0.007072321 0.9999744 -0.000987658 -1.862112 -0.005158272 0.0009511878 0.9999862 -1.402955
0.9999703 0.005059976 0.005810657 96.67699 -0.005060201 0.9999871 2.411535e-05 -1.868814 -0.005810461 -5.351773e-05 0.9999831 -1.40205
0.9999752 0.003377682 0.006180501 97.04045 -0.003386764 0.9999931 0.001459651 -1.872152 -0.006175528 -0.001480547 0.9999799 -1.402471
0.9999807 0.001025537 0.006120131 97.40626 -0.001022501 0.9999994 -0.0004990777 -1.875077 -0.006120639 0.0004928103 0.9999812 -1.429359
0.9999666 -0.001018706 0.008117255 97.77992 0.001032889 0.9999979 -0.001743277 -1.876489 -0.008115463 0.001751603 0.9999655 -1.406288
0.9999646 -0.003527677 0.007641317 98.13091 0.003527957 0.9999937 -2.308388e-05 -1.876494 -0.007641187 5.004129e-05 0.9999708 -1.4375
0.9999409 -0.006309398 0.008852001 98.49413 0.006314999 0.9999799 -0.0006050593 -1.879501 -0.008848006 0.000660924 0.9999607 -1.431715
0.9999259 -0.009614174 0.007472568 98.85474 0.009624918 0.9999528 -0.001403087 -1.874428 -0.007458725 0.001474906 0.9999711 -1.43172
0.9998496 -0.01401887 0.01021646 99.20708 0.01404491 0.9998982 -0.002481462 -1.869873 -0.01018064 0.002624578 0.9999447 -1.443843
0.9997709 -0.01874094 0.01034023 99.55224 0.01877157 0.9998198 -0.002873464 -1.857951 -0.01028451 0.003066908 0.9999424 -1.443865
0.9996576 -0.0236793 0.01113401 99.90456 0.02371753 0.9997132 -0.003314302 -1.851556 -0.01105234 0.003577238 0.9999325 -1.463772
0.9994997 -0.02984792 0.01046485 100.2435 0.02988186 0.9995486 -0.003101677 -1.839937 -0.01036755 0.003412834 0.9999405 -1.461377
0.9992678 -0.03698169 0.00981476 100.5829 0.03701013 0.9993113 -0.002731597 -1.823222 -0.00970698 0.003092842 0.9999481 -1.464388
0.9989013 -0.04508435 0.01278832 100.9209 0.04511537 0.9989794 -0.00214718 -1.805547 -0.01267846 0.00272177 0.9999159 -1.469184
0.9984005 -0.05484681 0.0137224 101.2445 0.05488038 0.9984908 -0.002081729 -1.781377 -0.01358752 0.002831491 0.9999037 -1.485115
0.9977226 -0.06603704 0.01374137 101.5556 0.06592154 0.9977871 0.008695775 -1.749925 -0.01428521 -0.007770118 0.9998678 -1.480615
0.996657 -0.07967115 0.01809611 101.8536 0.07928578 0.9966286 0.02109975 -1.718809 -0.01971614 -0.01959445 0.9996136 -1.510199
0.995378 -0.0938091 0.0205563 102.1554 0.09329492 0.9953324 0.02468943 -1.684623 -0.02277645 -0.02265752 0.9994838 -1.513822
0.9937933 -0.1091395 0.02152656 102.471 0.1087371 0.9938878 0.01906073 -1.648716 -0.02347526 -0.01660169 0.9995866 -1.537142
0.9917718 -0.1263609 0.02053389 102.7881 0.1262284 0.9919719 0.007632519 -1.590937 -0.02133349 -0.004977758 0.99976 -1.528722
0.989497 -0.1439366 0.01333705 103.0943 0.1439983 0.9895706 -0.003778483 -1.511417 -0.01265409 0.00565931 0.9999039 -1.518274
0.9866018 -0.1626967 0.01210701 103.3906 0.1627409 0.9866649 -0.002753832 -1.448414 -0.01149753 0.004687242 0.9999229 -1.502054
0.98295 -0.1830961 0.01688543 103.6698 0.1830308 0.9830925 0.005346743 -1.38078 -0.01757891 -0.002165027 0.9998431 -1.503997
0.9792361 -0.2023219 0.01274905 103.9426 0.2022673 0.9793153 0.005448165 -1.318634 -0.01358762 -0.002756323 0.9999039 -1.579438
0.9744946 -0.2242091 0.009514107 104.2467 0.2242547 0.9745222 -0.004014136 -1.233518 -0.008371704 0.006045338 0.9999467 -1.561725
0.9679459 -0.2508309 0.01283364 104.5195 0.2509867 0.9679106 -0.01244348 -1.133557 -0.009300606 0.01526569 0.9998402 -1.565572
0.9619232 -0.2724583 0.02168669 104.7797 0.2727645 0.9619977 -0.01264583 -1.057347 -0.01741709 0.01807968 0.9996848 -1.565114
0.9547478 -0.2956112 0.03272034 105.0449 0.295948 0.955186 -0.005867795 -0.9738473 -0.02951943 0.01528578 0.9994473 -1.56366
0.9465283 -0.3201295 0.04001526 105.2858 0.320236 0.9473298 0.003894252 -0.8748999 -0.03915432 0.009128305 0.9991915 -1.580651
0.9391776 -0.3417226 0.03422201 105.5186 0.3415092 0.9398009 0.01207885 -0.7678766 -0.03628948 0.0003429456 0.9993412 -1.620525
0.9315087 -0.3632985 0.01748872 105.7651 0.3630927 0.9316494 0.01388611 -0.6297885 -0.02133816 -0.006585008 0.9997506 -1.623052
0.9215381 -0.3881852 0.008928638 106.0233 0.3880602 0.9215415 0.01305293 -0.4882263 -0.01329507 -0.008563924 0.9998749 -1.611186
0.9103611 -0.4137488 0.007386259 106.2516 0.4136579 0.9103624 0.01128046 -0.350523 -0.01139145 -0.007213911 0.9999091 -1.593517
0.8990303 -0.4377006 0.01275679 106.5044 0.4375767 0.8991085 0.01141909 -0.2259508 -0.01646788 -0.004684036 0.9998534 -1.598454
0.8859972 -0.4633437 0.01793188 106.7344 0.4631686 0.8861724 0.0131723 -0.08987888 -0.02199404 -0.003365142 0.9997525 -1.60803
0.8721013 -0.488933 0.01959391 106.9537 0.4887156 0.8723143 0.01498896 0.05779899 -0.02442065 -0.003496038 0.9996957 -1.631725
0.8572285 -0.5147167 0.01503776 107.1692 0.5145443 0.8573499 0.01398048 0.2238224 -0.02008861 -0.004246867 0.9997892 -1.65259
0.8418403 -0.5395775 0.01269544 107.3751 0.5394655 0.8419318 0.01130763 0.38944 -0.01679003 -0.002670465 0.9998555 -1.641951
0.8260691 -0.5634415 0.01197811 107.582 0.5633655 0.8261553 0.009307755 0.5585812 -0.01514016 -0.0009407923 0.999885 -1.649692
0.8096438 -0.5867906 0.01240064 107.7792 0.5867355 0.8097384 0.008072158 0.7304972 -0.01477794 0.0007403232 0.9998905 -1.663883
0.7926345 -0.6096268 0.009263244 107.9644 0.6095887 0.7926885 0.006815646 0.9013157 -0.01149787 0.0002444533 0.9999338 -1.682747
0.775002 -0.6319284 0.006194632 108.1507 0.6319022 0.7750266 0.005783311 1.092266 -0.008455643 -0.000567676 0.9999641 -1.675943
0.756089 -0.6544396 0.006190407 108.3302 0.6544057 0.7561136 0.006738332 1.279789 -0.009090482 -0.001043741 0.9999582 -1.678986
0.7364964 -0.6764188 0.005536296 108.5 0.6763862 0.7365161 0.0067446 1.474884 -0.008639746 -0.001222699 0.9999619 -1.687388
0.717401 -0.6966433 0.004884758 108.6705 0.696606 0.717415 0.007475849 1.66887 -0.008712399 -0.001960429 0.9999601 -1.68893
0.6961856 -0.7178509 0.003964351 108.8356 0.7178114 0.6961915 0.008003983 1.867492 -0.008505614 -0.002726601 0.9999601 -1.708868
0.6736516 -0.7390469 0.001779725 108.9867 0.7390186 0.6736437 0.007454331 2.080034 -0.006708001 -0.003706372 0.9999706 -1.709244
0.6502026 -0.7597596 0.001374638 109.1331 0.7597398 0.6501969 0.006266844 2.286987 -0.00565508 -0.00303035 0.9999794 -1.704397
0.6267931 -0.7791685 0.005174568 109.2759 0.7791452 0.6268145 0.006036461 2.495171 -0.007946915 0.0002481269 0.9999684 -1.691385
0.6021513 -0.7983314 0.008995231 109.4137 0.7983214 0.6022063 0.005549009 2.706656 -0.009846931 0.003839741 0.9999442 -1.71972
0.5777298 -0.8161469 0.01150964 109.5306 0.8161486 0.5778129 0.005811096 2.919034 -0.01139313 0.006036336 0.9999169 -1.724206
0.5532223 -0.8329911 0.008422432 109.6463 0.8329529 0.5532812 0.008327761 3.14511 -0.01159692 0.002408386 0.9999298 -1.745432
0.5283753 -0.8490006 0.004178947 109.7526 0.8489413 0.5283887 0.01020459 3.364702 -0.01087181 -0.001844173 0.9999392 -1.751065
0.5041956 -0.8635895 8.027814e-05 109.8514 0.8635523 0.5041748 0.00923708 3.596854 -0.008017519 -0.004587971 0.9999573 -1.745353
0.4815387 -0.8764238 0.001321214 109.958 0.87639 0.4815323 0.008195678 3.821789 -0.007819096 -0.002788637 0.9999655 -1.751221
0.4600589 -0.8878881 -0.0008427296 110.0499 0.8878573 0.4600346 0.00881265 4.042482 -0.007436962 -0.004802561 0.9999608 -1.762264
0.4383959 -0.898782 8.991454e-06 110.1398 0.8987301 0.4383707 0.01074348 4.268728 -0.009659987 -0.004701817 0.9999423 -1.769386
0.417204 -0.9088113 -0.001680398 110.2163 0.9087346 0.4171431 0.01390409 4.499022 -0.01193523 -0.007327878 0.999902 -1.776278
0.3973119 -0.9176784 -0.003088574 110.3092 0.9175947 0.3972243 0.01525629 4.724998 -0.01277351 -0.008895563 0.9998788 -1.777073
0.3767342 -0.9263181 -0.002457121 110.3865 0.9262291 0.376658 0.01511702 4.959156 -0.01307768 -0.007970958 0.9998827 -1.773435
0.3569793 -0.9341118 -0.0009320942 110.459 0.9340318 0.3569351 0.01348507 5.191875 -0.01226387 -0.005684499 0.9999086 -1.790323
0.3380253 -0.9411367 -0.0006140047 110.5264 0.9410628 0.3379903 0.01277298 5.427674 -0.0118136 -0.004895409 0.9999182 -1.800625
0.320251 -0.9473302 -0.002201951 110.5885 0.9472702 0.3202025 0.01223435 5.662679 -0.0108849 -0.006003907 0.9999228 -1.80605
0.302548 -0.9531285 -0.003287785 110.6472 0.9530791 0.3024917 0.01178668 5.899448 -0.01023969 -0.006699555 0.9999251 -1.813624
0.2861205 -0.958178 -0.005474973 110.6996 0.9581526 0.2860508 0.01089391 6.136899 -0.008872182 -0.008362831 0.9999257 -1.818511
0.2697379 -0.962915 -0.006020284 110.7546 0.9628995 0.2696702 0.01012291 6.37623 -0.008124013 -0.008527462 0.9999306 -1.825234
0.2537239 -0.9672505 -0.007111069 110.8116 0.9672408 0.2536442 0.01048375 6.626815 -0.008336733 -0.009538094 0.9999198 -1.831626
0.2378204 -0.9712919 -0.005784781 110.8544 0.971271 0.2377541 0.01027626 6.871256 -0.008605894 -0.008062495 0.9999304 -1.834923
0.2224994 -0.9749119 -0.006390997 110.9008 0.9748958 0.2224289 0.0101796 7.132201 -0.008502673 -0.008495511 0.9999278 -1.843316
0.2072845 -0.9782684 -0.004898985 110.949 0.9782452 0.2072318 0.009561687 7.394019 -0.008338671 -0.006774398 0.9999423 -1.847066
0.1931235 -0.981161 -0.005137694 110.9905 0.9811407 0.1930707 0.00929678 7.655055 -0.0081297 -0.006836226 0.9999436 -1.856607
0.1790792 -0.9838204 -0.005292085 111.0262 0.9838048 0.1790293 0.008750907 7.918132 -0.007661883 -0.006773485 0.9999477 -1.866174
0.165659 -0.9861683 -0.005415911 111.0612 0.9861506 0.1656065 0.009025411 8.189999 -0.008003663 -0.006836045 0.9999446 -1.874102
0.1523046 -0.9883146 -0.006121234 111.0959 0.9883016 0.1522468 0.008989883 8.465964 -0.007952894 -0.007418825 0.9999409 -1.88313
0.1402202 -0.9901031 -0.005832812 111.1282 0.9900839 0.1401621 0.009394133 8.738189 -0.008483621 -0.007092221 0.9999388 -1.883032
0.1287675 -0.9916509 -0.0068937 111.1553 0.9916396 0.1287012 0.009332735 9.013597 -0.008367588 -0.008037819 0.9999327 -1.895016
0.1173659 -0.993065 -0.006875329 111.1756 0.9930512 0.1172985 0.009513506 9.297353 -0.008641062 -0.007944115 0.9999311 -1.897357
0.1067079 -0.9942564 -0.008213023 111.2023 0.9942582 0.1066343 0.008916365 9.585498 -0.007989364 -0.009117313 0.9999265 -1.909098
0.09747088 -0.9952093 -0.007609233 111.222 0.9952078 0.09740508 0.008573743 9.872174 -0.00779149 -0.008408459 0.9999343 -1.911421
0.08924413 -0.9959778 -0.007978229 111.2477 0.9959754 0.08917165 0.009025294 10.16381 -0.008277562 -0.008751573 0.9999275 -1.922829
0.08178544 -0.9966224 -0.007400228 111.2703 0.9966131 0.0817163 0.009196538 10.45181 -0.008560756 -0.008127307 0.9999303 -1.921688
0.07469487 -0.9971794 -0.007332874 111.2949 0.9971695 0.07462668 0.009150527 10.75155 -0.008577489 -0.007995615 0.9999312 -1.930327
0.06862432 -0.9976189 -0.006869715 111.3069 0.9976072 0.06856227 0.008894799 11.04333 -0.008402617 -0.007463677 0.9999368 -1.943237
0.0628646 -0.9979997 -0.006681088 111.3316 0.9979815 0.06280029 0.009437099 11.35104 -0.008998647 -0.007260861 0.9999331 -1.944814
0.05774724 -0.9983155 -0.005615848 111.3531 0.9982874 0.0576911 0.00968683 11.66087 -0.009346529 -0.006165617 0.9999373 -1.954606
0.05273795 -0.9985957 -0.005015194 111.3703 0.9985621 0.05268645 0.009890164 11.96264 -0.009612043 -0.00552957 0.9999385 -1.961737
0.04804713 -0.9988344 -0.004601127 111.391 0.9987966 0.04799891 0.01006669 12.27279 -0.009834106 -0.005079266 0.9999387 -1.970441
0.04281718 -0.9990731 -0.004438623 111.4022 0.9990333 0.04277027 0.01016272 12.58968 -0.009963456 -0.004869471 0.9999385 -1.97794
0.03812402 -0.9992604 -0.005029938 111.418 0.999224 0.03807187 0.01010182 12.90807 -0.009902846 -0.005411156 0.9999363 -1.994045
0.03344983 -0.9994274 -0.005092528 111.4279 0.9993887 0.03339577 0.01033822 13.23031 -0.01016223 -0.005435226 0.9999336 -1.990543
0.02913284 -0.9995617 -0.0052554 111.4379 0.9995312 0.02908158 0.009575887 13.55929 -0.009418854 -0.005531909 0.9999403 -2.002557
0.02524149 -0.9996687 -0.005054527 111.4448 0.9996335 0.02519059 0.009923111 13.88951 -0.009792496 -0.005303148 0.999938 -2.009486
0.02138567 -0.9997641 -0.003785434 111.4547 0.9997257 0.02134824 0.009631484 14.23098 -0.0095484 -0.003990371 0.9999465 -2.010954
0.01740247 -0.9998472 -0.001660001 111.4707 0.9998131 0.01738775 0.008445663 14.58017 -0.008415509 -0.001806665 0.999963 -2.017556
0.01370031 -0.9999061 -0.0002662325 111.4736 0.9998714 0.0136975 0.008339699 14.92225 -0.00833527 -0.0003804541 0.9999652 -2.032276
0.009700358 -0.9999524 0.0009545928 111.481 0.9999198 0.009707808 0.008127429 15.2834 -0.00813631 0.0008756779 0.9999665 -2.040826
0.005755603 -0.9999831 0.0008171916 111.4883 0.9999591 0.005761147 0.006965976 15.65082 -0.006970566 0.0007770648 0.9999754 -2.055997
0.002082288 -0.999997 0.001330991 111.4892 0.9999691 0.002092242 0.007576598 16.02152 -0.007579359 0.001315174 0.9999704 -2.055026
-0.001824498 -0.9999983 -0.0003301059 111.4901 0.9999583 -0.0018273 0.008945802 16.38143 -0.008946391 -0.000313771 0.9999599 -2.076339
-0.006397367 -0.9999794 0.0004584407 111.4805 0.9999355 -0.006392896 0.009384479 16.75759 -0.009381357 0.0005184482 0.9999558 -2.076749
-0.01077032 -0.9999396 0.002224285 111.4786 0.9998978 -0.01074886 0.009426204 17.13707 -0.009401727 0.00232558 0.9999531 -2.078316
-0.01510942 -0.9998765 0.004337192 111.4811 0.999849 -0.01507139 0.008655922 17.51326 -0.008589486 0.004467322 0.9999532 -2.094114
-0.01861215 -0.9998136 0.005136289 111.4857 0.9997872 -0.01856524 0.009006662 17.89087 -0.008909627 0.005302827 0.9999462 -2.104098
-0.02263606 -0.9997299 0.005259817 111.4697 0.9996998 -0.02258533 0.009500058 18.26856 -0.009378698 0.00547328 0.9999411 -2.110848
-0.02618182 -0.9996438 0.005180251 111.4645 0.9996116 -0.0261308 0.009685758 18.6482 -0.009546943 0.00543183 0.9999397 -2.120372
-0.0294652 -0.9995573 0.004122082 111.4553 0.9995326 -0.02943033 0.008267798 19.02675 -0.008142823 0.004363767 0.9999573 -2.129673
-0.03260434 -0.9994559 0.005010287 111.443 0.9994444 -0.03256845 0.007085382 19.41708 -0.006918348 0.005238518 0.9999623 -2.13803
-0.0354563 -0.9993574 0.005249391 111.4326 0.99935 -0.03542078 0.006703247 19.78444 -0.006513002 0.005483651 0.9999638 -2.146555
-0.0375036 -0.9992802 0.005717683 111.4247 0.9992746 -0.03746414 0.006840094 20.17243 -0.006620962 0.005970062 0.9999602 -2.162023
-0.03890979 -0.999229 0.005247321 111.4123 0.9992229 -0.03887534 0.006505799 20.54539 -0.006296792 0.005496383 0.9999651 -2.16573
-0.04037857 -0.9991676 0.005814968 111.4011 0.9991657 -0.04034138 0.006377103 20.92309 -0.00613721 0.006067614 0.9999627 -2.169431
-0.04182339 -0.9991094 0.005571598 111.3849 0.9991065 -0.04178798 0.00632612 21.29299 -0.006087661 0.005831199 0.9999645 -2.18375
-0.04292202 -0.9990639 0.005382558 111.3749 0.9990614 -0.04288912 0.006072863 21.67062 -0.005836325 0.005638165 0.9999671 -2.194748
-0.04419541 -0.9990098 0.005133857 111.3585 0.9990082 -0.04416615 0.005664335 22.0456 -0.005431982 0.005379102 0.9999708 -2.199505
-0.04567182 -0.9989455 0.004690584 111.3458 0.9989436 -0.04564691 0.005288578 22.42051 -0.00506889 0.004927169 0.999975 -2.21175
-0.04578447 -0.998942 0.00432031 111.3331 0.9989377 -0.04576087 0.005423999 22.79909 -0.00522056 0.004564055 0.999976 -2.21937
-0.04610467 -0.9989293 0.003798431 111.3283 0.9989235 -0.04608434 0.005296412 23.17164 -0.005115694 0.004038531 0.9999788 -2.227448
-0.04612994 -0.9989302 0.003247622 111.3076 0.9989232 -0.04611307 0.005094415 23.54677 -0.004939206 0.003479131 0.9999818 -2.233909
-0.04580736 -0.9989489 0.001667375 111.2945 0.9989382 -0.04579854 0.004994732 23.9186 -0.004913119 0.0018944 0.9999861 -2.250782
-0.0450666 -0.9989826 0.001619571 111.2868 0.9989757 -0.04505956 0.00414292 24.29973 -0.004065728 0.00180462 0.9999901 -2.246601
-0.04373169 -0.9990399 0.002576443 111.2879 0.9990393 -0.04372424 0.002922184 24.66654 -0.002806725 0.002701761 0.9999924 -2.252826
-0.04270267 -0.9990845 0.002533572 111.269 0.9990848 -0.0426963 0.002561358 25.04197 -0.002450839 0.002640631 0.9999935 -2.264502
-0.0413357 -0.9991435 0.001888576 111.2574 0.9991434 -0.04133189 0.00200248 25.41612 -0.001922706 0.001969732 0.9999962 -2.271899
-0.03909945 -0.9992346 0.001261371 111.2461 0.999234 -0.03909713 0.001726156 25.7882 -0.001675519 0.001327897 0.9999977 -2.281762
-0.03764653 -0.9992905 0.001085139 111.2313 0.9992909 -0.03764576 0.0007662707 26.154 -0.0007248763 0.001113216 0.9999991 -2.286211
-0.03545618 -0.9993712 0.0002198144 111.231 0.9993712 -0.0354563 -2.21378e-05 26.53268 2.991768e-05 0.0002188913 1.0 -2.293747
-0.03372896 -0.999431 0.0002013078 111.2206 0.999431 -0.03372896 -0.0003247767 26.90874 0.0003313819 0.0001902389 0.9999999 -2.299728
-0.0322659 -0.9994781 0.001569787 111.22 0.9994793 -0.0322656 0.0002671806 27.28048 -0.000216391 0.001577591 0.9999987 -2.301934
-0.0305773 -0.9995306 0.001864985 111.2138 0.9995324 -0.03057742 -6.398384e-05 27.64391 0.0001209803 0.001862156 0.9999983 -2.31365
-0.02863014 -0.999589 0.001481882 111.209 0.9995898 -0.02863121 -0.0007550424 28.01421 0.0007971602 0.001459657 0.9999986 -2.317191
-0.02680779 -0.9996403 0.0006892009 111.1971 0.9996394 -0.02680874 -0.001542057 28.38087 0.001559979 0.0006476133 0.9999986 -2.321855
-0.02520573 -0.9996817 0.001164255 111.1964 0.9996799 -0.02520818 -0.00219872 28.74989 0.002227368 0.001108462 0.9999969 -2.329766
-0.02336633 -0.9997269 0.000111035 111.1919 0.9997241 -0.02336657 -0.002349671 29.11615 0.002351624 5.610101e-05 0.9999973 -2.334405
-0.02217221 -0.9997542 0.0002869477 111.1868 0.9997494 -0.02217293 -0.003101601 29.48555 0.003107201 0.0002181064 0.9999952 -2.33233
-0.02044618 -0.999791 9.968469e-05 111.1778 0.9997858 -0.0204463 -0.003204793 29.84682 0.003206162 3.413786e-05 0.9999949 -2.345167
-0.01887131 -0.9998219 0.0003623947 111.1797 0.9998153 -0.01887244 -0.00364671 30.21148 0.0036529 0.0002935097 0.9999933 -2.342864
-0.01677871 -0.999859 0.0007115977 111.1853 0.9998477 -0.01678175 -0.004810825 30.5667 0.004822088 0.0006307703 0.9999882 -2.357224
-0.0141449 -0.9998993 0.001185241 111.1958 0.9998829 -0.01415163 -0.005816257 30.92949 0.005832444 0.001102831 0.9999824 -2.355063
-0.01170969 -0.9999295 0.001972008 111.1988 0.9999146 -0.0117209 -0.005780988 31.29153 0.005803694 0.001904146 0.9999813 -2.364105
-0.009605408 -0.9999533 0.001146137 111.2057 0.9999344 -0.009612262 -0.006224009 31.6545 0.006234735 0.001086278 0.99998 -2.363291
-0.007087708 -0.9999743 0.001051625 111.2108 0.9999539 -0.007094383 -0.006470087 32.0178 0.006477381 0.001005719 0.9999785 -2.369419
-0.005018711 -0.9999875 0.0001305109 111.2093 0.9999636 -0.005019367 -0.006907392 32.37529 0.00690796 9.584008e-05 0.9999762 -2.374366
-0.003288507 -0.9999943 -0.0006076505 111.2038 0.9999705 -0.003284335 -0.006934649 32.74532 0.006932615 -0.0006304376 0.9999757 -2.382476
-0.0009843111 -0.9999992 -0.0007461403 111.2095 0.9999795 -0.0009796023 -0.006319426 33.09739 0.006318691 -0.0007523452 0.9999797 -2.38368
0.001513839 -0.9999988 0.0001709426 111.2168 0.9999816 0.001512766 -0.005859503 33.46113 0.005859237 0.0001798098 0.9999828 -2.386528
0.003924668 -0.9999922 -0.0003433947 111.2242 0.9999771 0.003926516 -0.005508184 33.81709 0.005509489 -0.0003217694 0.9999847 -2.392774
0.005980134 -0.9999819 0.0005997801 111.2314 0.9999619 0.005976081 -0.006363541 34.17392 0.006359841 0.0006378118 0.9999796 -2.392153
0.00764662 -0.9999707 -0.0004991207 111.2342 0.9999479 0.007649899 -0.006760854 34.52794 0.006764473 -0.0004473964 0.999977 -2.399106
0.0102368 -0.9999458 -0.001846774 111.2441 0.999917 0.01025081 -0.007803312 34.89212 0.007821821 -0.001766741 0.9999679 -2.405512
0.01154137 -0.9999263 -0.003796618 111.2451 0.9998916 0.0115757 -0.009107381 35.2479 0.009150657 -0.003691094 0.9999513 -2.413053
0.01259482 -0.9999027 -0.006000655 111.257 0.9998742 0.01265192 -0.009563448 35.60919 0.009638436 -0.00587945 0.9999363 -2.40791
0.01428217 -0.99989 -0.004018447 111.2683 0.9998455 0.01432264 -0.01019769 35.95902 0.01025412 -0.00387218 0.9999399 -2.41157
0.01635432 -0.9998625 -0.002761832 111.2856 0.9997907 0.01638687 -0.01224519 36.32069 0.01228877 -0.002560992 0.9999212 -2.40823
0.01812416 -0.9998351 -0.001097995 111.2989 0.9997519 0.01813674 -0.01292327 36.67986 0.01294105 -0.0008635004 0.9999159 -2.415133
0.01892978 -0.9998194 -0.001677773 111.3062 0.9997407 0.01894951 -0.01262847 37.0355 0.01265799 -0.001438283 0.9999189 -2.419852
0.02079499 -0.9997806 -0.002524531 111.321 0.9997078 0.02082443 -0.01227623 37.39224 0.01232611 -0.002268509 0.9999214 -2.424305
0.02208734 -0.9997497 -0.003571265 111.33 0.9996822 0.02212894 -0.01207204 37.75039 0.01214805 -0.003303491 0.9999207 -2.421706
0.02435523 -0.9996957 -0.003936769 111.3451 0.9996178 0.02440453 -0.01298569 38.10868 0.01307782 -0.003618995 0.9999079 -2.432781
0.02498269 -0.9996813 -0.00363472 111.3608 0.9995973 0.0250293 -0.01337842 38.4786 0.01346514 -0.003299026 0.9999039 -2.416638
0.02575934 -0.9996678 -0.0009591794 111.3735 0.9995993 0.025769 -0.01171648 38.83947 0.0117373 -0.0006569852 0.9999309 -2.42148
0.02777344 -0.9996139 0.0007450921 111.3988 0.9995394 0.02776229 -0.01225396 39.20557 0.01222854 0.001085083 0.9999247 -2.419303
0.02886754 -0.9995816 0.001779575 111.4091 0.9994965 0.02884138 -0.01321839 39.57564 0.01316154 0.00216026 0.9999111 -2.425573
0.02972233 -0.9995559 0.002090009 111.4272 0.9994531 0.02968872 -0.0145626 39.95069 0.01449409 0.002521701 0.9998918 -2.432005
0.03072017 -0.9995247 0.002596166 111.4385 0.9994155 0.03067756 -0.01508877 40.31564 0.01500196 0.003058177 0.9998828 -2.427888
0.03173602 -0.9994902 0.00351336 111.4573 0.9993731 0.03167689 -0.01581401 40.68164 0.01569465 0.004013033 0.9998688 -2.429839
0.03282386 -0.9994493 0.004883928 111.4779 0.9993303 0.03274024 -0.01634188 41.0485 0.01617298 0.005417061 0.9998545 -2.435611
0.03404099 -0.9994116 0.004208928 111.4942 0.9992627 0.03396046 -0.017911 41.4218 0.01775753 0.004815534 0.9998307 -2.435522
0.03410292 -0.9993939 0.006984862 111.5116 0.9992645 0.03397429 -0.01777892 41.80041 0.01753084 0.007586037 0.9998176 -2.433059
0.03531331 -0.9993469 0.007674451 111.5346 0.9992184 0.03517032 -0.01804749 42.16728 0.01776579 0.008305771 0.9998077 -2.432156
0.03657722 -0.999288 0.009248365 111.5532 0.9991567 0.03639638 -0.01900561 42.54321 0.01865547 0.009935738 0.9997766 -2.429733
0.03697902 -0.9992746 0.009103002 111.5744 0.9991282 0.03679407 -0.01972693 42.92814 0.01937769 0.00982455 0.999764 -2.432035
0.03731138 -0.9992563 0.009728109 111.5916 0.9991056 0.03710842 -0.02026825 43.30776 0.01989218 0.01047564 0.9997473 -2.435006
0.03730184 -0.9992656 0.008771319 111.6063 0.9991006 0.03711569 -0.02050606 43.69173 0.02016544 0.009528343 0.9997513 -2.43253
0.03733408 -0.9992642 0.008786092 111.6235 0.9990929 0.03714466 -0.0208219 44.07831 0.02048022 0.009555489 0.9997446 -2.429899
0.03724349 -0.9992668 0.008874382 111.6457 0.9990973 0.03705275 -0.02077872 44.46918 0.02043467 0.009640245 0.9997447 -2.425045
0.03651088 -0.9992926 0.009026537 111.6627 0.9991162 0.0363133 -0.02116919 44.85168 0.02082643 0.009791465 0.9997352 -2.426428
0.03590071 -0.9993168 0.008791508 111.6823 0.9991452 0.03571141 -0.02082361 45.24766 0.02049543 0.009531577 0.9997445 -2.427924
0.03519911 -0.9993499 0.007795482 111.6949 0.9991558 0.03502476 -0.02146962 45.63432 0.02118263 0.008544611 0.9997391 -2.423073
0.03450352 -0.9993787 0.007199893 111.7134 0.9991865 0.03434467 -0.02113788 46.02778 0.02087747 0.007923368 0.9997507 -2.428482
0.03397977 -0.9993976 0.007066779 111.7279 0.999208 0.03382516 -0.02095869 46.4306 0.02070703 0.007773354 0.9997554 -2.42238
0.03295213 -0.999437 0.006301258 111.7473 0.999263 0.03282094 -0.01990539 46.82548 0.01968737 0.006952539 0.999782 -2.427237
0.03211778 -0.9994696 0.005391639 111.767 0.9993098 0.03201103 -0.01884395 47.22704 0.01866136 0.005993144 0.9998079 -2.423484
0.03075939 -0.9995116 0.005513727 111.7793 0.9993855 0.03066182 -0.01698662 47.62738 0.01680926 0.006032837 0.9998405 -2.435606
0.02960134 -0.9995514 0.004551078 111.7965 0.9994265 0.02952206 -0.01658496 48.03618 0.01644317 0.005039404 0.9998521 -2.428544
0.02820152 -0.9995925 0.004390821 111.8063 0.9994774 0.02812827 -0.01592648 48.43446 0.01579648 0.004837678 0.9998635 -2.429527
0.02635264 -0.9996472 0.003311388 111.8081 0.9995503 0.02630234 -0.01440092 48.84221 0.01430875 0.0036894 0.9998908 -2.429379
0.02494198 -0.9996867 0.002091886 111.819 0.9995902 0.02490985 -0.01409669 49.25042 0.01404016 0.002442627 0.9998984 -2.430647
0.02354294 -0.9997222 0.001118117 111.8312 0.9996246 0.02352512 -0.01404531 49.66572 0.0140151 0.001448367 0.9999008 -2.428454
0.02182603 -0.999761 0.001270454 111.8411 0.9996549 0.02180517 -0.01465437 50.07518 0.01462317 0.001589862 0.9998918 -2.428921
0.02049094 -0.99979 0.0004958091 111.8508 0.9996834 0.02048147 -0.01461938 50.4966 0.01460615 0.0007952168 0.999893 -2.427488
0.0195874 -0.9998081 0.0002460498 111.8654 0.9997053 0.01958203 -0.01435186 50.91434 0.01434429 0.0005270941 0.999897 -2.431907
0.0178166 -0.9998406 -0.001270144 111.879 0.9997376 0.01783311 -0.01438576 51.34202 0.01440611 -0.001013504 0.9998957 -2.43103
0.01618022 -0.9998688 -0.000721287 111.8891 0.9997569 0.01618922 -0.014967 51.76419 0.01497671 -0.0004789438 0.9998877 -2.433953
0.01434541 -0.9998966 -0.001031309 111.8954 0.9997837 0.01435924 -0.0150444 52.19717 0.01505766 -0.0008152681 0.9998863 -2.430615
0.01272219 -0.9999177 -0.001621107 111.8997 0.9998086 0.01274467 -0.0148371 52.62495 0.01485654 -0.001432037 0.9998886 -2.437148
0.01084471 -0.9999372 -0.002810291 111.9094 0.9998266 0.01088595 -0.01510344 53.06106 0.01513309 -0.002646012 0.999882 -2.425801
0.009606659 -0.9999513 -0.002274949 111.9164 0.9998372 0.009640336 -0.01525048 53.49403 0.01527167 -0.002128072 0.9998811 -2.436795
0.007634342 -0.9999672 -0.002695153 111.9196 0.999842 0.007676601 -0.01603108 53.93303 0.01605124 -0.00257234 0.9998679 -2.428168
0.006539106 -0.9999715 -0.003751318 111.9333 0.9998459 0.006599188 -0.01626828 54.37585 0.01629258 -0.003644361 0.9998606 -2.439804
0.005489945 -0.9999763 -0.004150265 111.9459 0.9998492 0.005557418 -0.01645176 54.82553 0.01647443 -0.004059321 0.9998561 -2.426207
0.003849864 -0.9999841 -0.004097076 111.9375 0.9998491 0.003918648 -0.01692407 55.27343 0.01693986 -0.004031302 0.9998484 -2.430094
0.002522051 -0.9999877 -0.004293151 111.9364 0.9998409 0.00259757 -0.01764903 55.72815 0.01765996 -0.004247955 0.999835 -2.433442
0.001331449 -0.9999889 -0.004508569 111.9422 0.9998256 0.001415133 -0.01861705 56.18603 0.01862322 -0.004482997 0.9998165 -2.405505
0.0008193254 -0.9999915 -0.004033302 111.9521 0.9998879 0.0008794069 -0.01494204 56.64897 0.01494546 -0.004020608 0.9998803 -2.458517
0.0001864433 -0.9999983 -0.001823388 111.9548 0.9998803 0.0002146959 -0.0154712 57.10628 0.01547156 -0.001820285 0.9998786 -2.46424
-5.090237e-05 -0.9999899 -0.004501163 111.9705 0.9998299 3.230572e-05 -0.01844301 57.57389 0.01844296 -0.004501334 0.9998198 -2.382306
-0.002140999 -0.9999813 -0.005718566 111.9546 0.9998178 -0.002032042 -0.01898086 58.04285 0.01896889 -0.005758161 0.9998035 -2.449472
-0.002684712 -0.9999947 -0.001814919 111.9632 0.9997907 -0.00264734 -0.0202853 58.51654 0.02028039 -0.001868998 0.9997926 -2.419189
-0.003107309 -0.9999836 -0.004800085 111.9669 0.9998048 -0.003013194 -0.0195249 58.99094 0.01951011 -0.004859821 0.9997978 -2.437104
-0.003560781 -0.9999918 -0.001932216 111.9729 0.999702 -0.003513098 -0.02415734 59.4613 0.02415036 -0.00201766 0.9997063 -2.412793
-0.004152536 -0.9999821 -0.004295544 111.9695 0.9997565 -0.004058421 -0.02169098 59.93629 0.02167316 -0.004384572 0.9997555 -2.427291
-0.004540563 -0.9999852 -0.002970538 111.9729 0.9997655 -0.004476666 -0.02118637 60.40352 0.02117276 -0.003066039 0.9997711 -2.418197
-0.004136205 -0.9999878 -0.002728652 111.9892 0.9997827 -0.004079521 -0.02044208 60.89622 0.0204307 -0.002812611 0.9997873 -2.405447
-0.004844427 -0.9999865 -0.001881893 111.9899 0.999736 -0.004800916 -0.02247526 61.3716 0.02246592 -0.001990275 0.9997456 -2.414006
-0.005780935 -0.9999826 -0.001171377 111.9873 0.9997007 -0.00575155 -0.02377762 61.86972 0.02377047 -0.001308486 0.9997166 -2.407001
-0.00622952 -0.9999768 -0.002750458 111.9849 0.9997047 -0.00616318 -0.02350956 62.34963 0.02349207 -0.0028961 0.9997199 -2.410161
-0.006396055 -0.9999751 -0.002953939 111.9812 0.9997193 -0.006326973 -0.0228317 62.85358 0.02281244 -0.003099144 0.9997349 -2.398
-0.005346537 -0.9999783 -0.003847192 111.9917 0.9997356 -0.005259097 -0.02238484 63.33509 0.02236412 -0.003965856 0.999742 -2.400759
-0.004271269 -0.9999875 -0.002567398 111.996 0.9997095 -0.00420922 -0.02373013 63.83627 0.02371903 -0.002668011 0.9997151 -2.389689
-0.003222823 -0.9999923 -0.002303641 112.0015 0.9997145 -0.003167272 -0.02368606 64.33961 0.02367858 -0.00237932 0.9997168 -2.388002
-0.002024055 -0.9999973 -0.001144057 112.0063 0.9997163 -0.001996219 -0.02373574 64.83629 0.02373339 -0.001191773 0.9997176 -2.390887
-0.0008403063 -0.999998 -0.001828975 112.0145 0.9997153 -0.0007963181 -0.02384666 65.35502 0.02384515 -0.00184849 0.999714 -2.380637
-0.000431776 -0.9999987 -0.001549481 112.02 0.9996861 -0.000392735 -0.02505288 65.86622 0.02505224 -0.001559811 0.9996849 -2.375441
0.0003364086 -0.9999995 -0.0009972081 112.0251 0.9996747 0.000361681 -0.02550128 66.37273 0.02550163 -0.0009883046 0.9996743 -2.374315
0.0008506179 -0.9999989 -0.001180493 112.0273 0.9996619 0.0008809566 -0.02598673 66.88851 0.02598774 -0.00115799 0.9996616 -2.35827
0.001619697 -0.9999986 -0.0003736988 112.0385 0.9996632 0.001628637 -0.02589701 67.40237 0.02589758 -0.0003316291 0.9996645 -2.368244
0.001726806 -0.9999978 -0.001149043 112.0423 0.9996547 0.001756191 -0.02621741 67.91261 0.02621937 -0.001103375 0.9996556 -2.354935
0.002349794 -0.9999944 -0.002381731 112.0507 0.9996659 0.002410293 -0.02573588 68.42188 0.02574148 -0.00232046 0.9996659 -2.364429
0.002665162 -0.9999905 -0.003449072 112.0587 0.9996815 0.002750754 -0.02508597 68.93956 0.02509522 -0.003381117 0.9996793 -2.349178
0.002504826 -0.9999868 -0.004490068 112.0618 0.9996969 0.002614021 -0.02447958 69.45351 0.02449099 -0.004427389 0.9996902 -2.350089
0.0018121 -0.999991 -0.003826248 112.0654 0.9996913 0.001906276 -0.02477194 69.97182 0.02477902 -0.003780177 0.9996858 -2.334493
0.001935661 -0.9999872 -0.004676703 112.0708 0.999681 0.002052903 -0.02517446 70.48315 0.02518374 -0.004626483 0.9996721 -2.344415
0.001923978 -0.9999887 -0.004331653 112.0842 0.999664 0.00203526 -0.02584014 71.00155 0.02584866 -0.004280484 0.9996567 -2.3304
0.001710117 -0.999988 -0.004565446 112.0842 0.9996536 0.001829267 -0.02625201 71.51713 0.02626005 -0.004518973 0.9996449 -2.333394
0.001198828 -0.9999824 -0.005816685 112.0837 0.9996448 0.001353264 -0.02661811 72.03895 0.02662552 -0.00578271 0.9996287 -2.329738
0.0003598928 -0.9999813 -0.00612182 112.08 0.9996556 0.000520587 -0.02623909 72.55742 0.02624178 -0.006110267 0.9996369 -2.324044
-1.740456e-05 -0.9999704 -0.007697071 112.0859 0.9996534 0.0001852512 -0.02632547 73.07248 0.02632612 -0.007694863 0.9996238 -2.322995
-0.0003991127 -0.999976 -0.006921356 112.0911 0.9996611 -0.0002188087 -0.02602962 73.59683 0.02602748 -0.0069294 0.9996372 -2.308135
-0.0008003712 -0.9999745 -0.007095513 112.0975 0.9996464 -0.0006114244 -0.02658588 74.1161 0.02658087 -0.007114281 0.9996213 -2.308743
-0.001025796 -0.9999813 -0.006020156 112.105 0.9996338 -0.0008625984 -0.02704632 74.63686 0.02704062 -0.006045694 0.999616 -2.295456
-0.001333117 -0.9999758 -0.006839 112.1065 0.9996382 -0.001148701 -0.02687755 75.15349 0.02686904 -0.006872355 0.9996153 -2.295942
-0.001547575 -0.9999689 -0.007735887 112.1117 0.999641 -0.001339912 -0.02676091 75.67566 0.02674972 -0.007774521 0.9996119 -2.299601
-0.001791954 -0.9999587 -0.008905942 112.1146 0.9996371 -0.001551926 -0.02689295 76.19655 0.02687802 -0.008950902 0.9995986 -2.290502
-0.001865506 -0.9999501 -0.009820762 112.1242 0.9996464 -0.00160414 -0.02654214 76.71587 0.02652506 -0.009866802 0.9995995 -2.294589
-0.001798153 -0.9999453 -0.01030223 112.1303 0.9996097 -0.001510084 -0.02789586 77.24317 0.02787877 -0.01034837 0.9995577 -2.269811
-0.002449393 -0.9999586 -0.008757661 112.13 0.999558 -0.002188742 -0.02964734 77.75761 0.02962695 -0.008826407 0.999522 -2.272442
-0.002602577 -0.999945 -0.0101622 112.1291 0.9995186 -0.00228709 -0.03094042 78.27213 0.03091548 -0.01023783 0.9994696 -2.272822
-0.002205729 -0.9999363 -0.0110749 112.1325 0.9995117 -0.001859128 -0.03119441 78.78422 0.03117184 -0.01113829 0.999452 -2.26719
-0.002974391 -0.9999141 -0.01276703 112.1332 0.999508 -0.002574146 -0.0312562 79.29869 0.03122065 -0.01285372 0.9994299 -2.262599
-0.003126502 -0.9999128 -0.01282821 112.1394 0.9995039 -0.002722681 -0.03137676 79.7992 0.0313391 -0.01291995 0.9994253 -2.250912
-0.003268838 -0.9999031 -0.0135253 112.1372 0.9995406 -0.002859592 -0.0301717 80.299 0.0301301 -0.01361771 0.9994532 -2.255905
-0.001997232 -0.9998833 -0.01514565 112.15 0.9995384 -0.001537085 -0.03034017 80.80261 0.03031335 -0.01519925 0.9994249 -2.239135
-0.001124263 -0.9998801 -0.0154422 112.1457 0.9995409 -0.0006560683 -0.03029228 81.29368 0.03027852 -0.01546916 0.9994218 -2.239853
0.0006274581 -0.9998807 -0.01543415 112.1559 0.9995248 0.001102567 -0.03080191 81.78014 0.03081525 -0.01540749 0.9994063 -2.221448
0.003082275 -0.9998697 -0.01584438 112.1645 0.9995681 0.003543615 -0.02917421 82.26321 0.02922656 -0.01574761 0.9994488 -2.23409
0.005733967 -0.9998434 -0.01674068 112.1743 0.9995583 0.006219029 -0.02906336 82.75245 0.02916292 -0.01656663 0.9994374 -2.219542
0.008104682 -0.9998049 -0.01801171 112.1781 0.9995515 0.008619428 -0.02868102 83.22648 0.02883067 -0.01777118 0.9994263 -2.217793
0.01104987 -0.9997543 -0.0192195 112.1934 0.9995231 0.01159751 -0.0286197 83.70521 0.02883556 -0.01889409 0.9994056 -2.20213
0.01427388 -0.9997278 -0.01845931 112.2097 0.9995103 0.01478028 -0.0275826 84.17948 0.02784792 -0.01805655 0.9994491 -2.207373
0.01743191 -0.9996873 -0.01793155 112.2284 0.9994481 0.01792955 -0.02796681 84.64957 0.02827957 -0.01743414 0.999448 -2.197422
0.02069926 -0.9996291 -0.01769065 112.2447 0.9993813 0.02119064 -0.0280688 85.10677 0.02843327 -0.01709871 0.9994494 -2.194749
0.02351153 -0.9995586 -0.0181617 112.2545 0.9993227 0.02401257 -0.02788552 85.56998 0.02830932 -0.01749377 0.9994461 -2.189516
0.02678061 -0.9994875 -0.01753948 112.2745 0.9992644 0.02724814 -0.02698279 86.02214 0.02744688 -0.01680396 0.999482 -2.194346
0.02943635 -0.9994128 -0.01753767 112.2959 0.9992 0.02989626 -0.02656231 86.47723 0.02707102 -0.01674174 0.9994933 -2.178232
0.03177965 -0.9993676 -0.01594909 112.3222 0.9991214 0.03219974 -0.02682183 86.91785 0.02731843 -0.01508269 0.999513 -2.177693
0.03332126 -0.9993251 -0.01546312 112.3388 0.9990752 0.03372562 -0.02666881 87.36586 0.02717231 -0.01456018 0.9995247 -2.174409
0.03546762 -0.9992658 -0.01448761 112.3702 0.9990008 0.03584504 -0.02669218 87.80271 0.0271919 -0.01352643 0.9995387 -2.172336
0.03642386 -0.9992262 -0.01484661 112.391 0.99898 0.0368036 -0.0261635 88.2439 0.02668966 -0.01387849 0.9995474 -2.174574
0.03688353 -0.9992132 -0.01458121 112.4114 0.9989392 0.03726816 -0.02705009 88.67287 0.02757222 -0.01356804 0.9995278 -2.164387
0.03675562 -0.9992301 -0.01372206 112.4302 0.9989682 0.03710568 -0.02618705 89.09595 0.02667606 -0.01274538 0.9995629 -2.163684
0.03647107 -0.9992513 -0.01291232 112.4436 0.998979 0.03679967 -0.02620416 89.51202 0.02665971 -0.01194345 0.9995732 -2.155867
0.03621334 -0.9992715 -0.01204287 112.4605 0.999018 0.03650665 -0.02510576 89.9264 0.02552712 -0.01112188 0.9996123 -2.16322
0.03551555 -0.999289 -0.01265186 112.4843 0.9990563 0.03581822 -0.02456399 90.33472 0.0249997 -0.01176752 0.9996182 -2.152327
0.03473997 -0.9993122 -0.01296638 112.4979 0.9991228 0.03503108 -0.02294397 90.74287 0.02338242 -0.01215793 0.9996527 -2.163523
0.03364784 -0.9993369 -0.01391039 112.5125 0.9991893 0.03394401 -0.02164274 91.13996 0.02210057 -0.01317088 0.999669 -2.155306
0.03243542 -0.9994034 -0.01186777 112.5236 0.9992612 0.03267121 -0.02024084 91.53881 0.0206165 -0.01120248 0.9997247 -2.143007
0.03138888 -0.9994442 -0.01122103 112.549 0.9993185 0.03159916 -0.0190793 91.93879 0.01942327 -0.0106145 0.999755 -2.148452
0.02967143 -0.9995025 -0.01068911 112.5654 0.9993868 0.02986324 -0.01827311 92.33026 0.01858323 -0.01014037 0.9997759 -2.141852
0.02713096 -0.9995796 -0.01023257 112.569 0.9994636 0.02731287 -0.0180716 92.71098 0.01834348 -0.009736784 0.9997844 -2.154564
0.024674 -0.9996436 -0.01018939 112.5864 0.999526 0.02485621 -0.0181627 93.0859 0.0184095 -0.009736415 0.9997831 -2.143481
0.02103955 -0.9997383 -0.008982982 112.5944 0.9996195 0.02119553 -0.01764581 93.46581 0.01783159 -0.008608306 0.999804 -2.151832
0.01646012 -0.9998381 -0.007263747 112.595 0.9997256 0.01657856 -0.01654859 93.83095 0.01666634 -0.006989362 0.9998367 -2.144447
0.01065004 -0.9999237 -0.006245397 112.5988 0.9998341 0.01074088 -0.0147095 94.20954 0.01477546 -0.006087705 0.9998723 -2.149156
0.003417492 -0.9999703 -0.006899926 112.5978 0.9998946 0.003514409 -0.01408277 94.58622 0.01410661 -0.006851071 0.999877 -2.155042
-0.005365133 -0.9999486 -0.008597592 112.5915 0.9999017 -0.005253196 -0.01299587 94.96122 0.01295003 -0.008666471 0.9998786 -2.160166
-0.01620054 -0.9998155 -0.01031943 112.5645 0.9998031 -0.01608044 -0.01162259 95.33353 0.01145451 -0.01050569 0.9998792 -2.156953
-0.0276655 -0.9995518 -0.01143809 112.5453 0.9995692 -0.02755022 -0.01011951 95.70055 0.009799857 -0.01171312 0.9998834 -2.164358
-0.03954387 -0.9991496 -0.01168173 112.5202 0.9991797 -0.03943717 -0.009207721 96.06928 0.008739196 -0.01203625 0.9998894 -2.161516
-0.05156088 -0.9986051 -0.01137878 112.4979 0.9986367 -0.05146295 -0.008741516 96.42183 0.008143737 -0.01181399 0.9998971 -2.155338
-0.06360602 -0.9979021 -0.01207422 112.4693 0.9979413 -0.06349951 -0.008998494 96.78252 0.008212907 -0.01262172 0.9998866 -2.172839
-0.07558501 -0.9970447 -0.01374234 112.4298 0.9971076 -0.0754652 -0.009025842 97.13439 0.007962099 -0.0143848 0.9998648 -2.178497
-0.08792412 -0.9959635 -0.01805922 112.3764 0.9960974 -0.08776706 -0.009316981 97.49163 0.007694367 -0.01880793 0.9997935 -2.190178
-0.1002883 -0.994732 -0.02122602 112.332 0.9949352 -0.1001174 -0.008963969 97.84745 0.006791651 -0.0220175 0.9997345 -2.175979
-0.1133718 -0.9933316 -0.02095771 112.2807 0.9935279 -0.1131947 -0.009449672 98.20168 0.007014354 -0.0218934 0.9997357 -2.161645
-0.1262909 -0.9917669 -0.02118796 112.2335 0.9919676 -0.1261055 -0.009878876 98.55042 0.007125625 -0.02226538 0.9997267 -2.188573
-0.1392264 -0.9900095 -0.02229879 112.1751 0.9902278 -0.1390034 -0.01126973 98.90374 0.008057535 -0.02364993 0.9996879 -2.178765
-0.1527883 -0.9879279 -0.02557735 112.1117 0.9882304 -0.1525365 -0.01153961 99.24261 0.007498824 -0.02703944 0.9996063 -2.199326
-0.1658808 -0.985747 -0.02804369 112.0399 0.9861163 -0.1655888 -0.0124496 99.59814 0.007628434 -0.02971948 0.9995292 -2.185961
-0.17906 -0.9833828 -0.0299309 111.9681 0.983808 -0.1787336 -0.0132685 99.94131 0.007698354 -0.03182212 0.9994639 -2.192873
-0.1925894 -0.9808005 -0.03065243 111.895 0.9812434 -0.1922211 -0.01457071 100.2905 0.008398912 -0.03288367 0.9994239 -2.190607
-0.2066917 -0.9779357 -0.03033358 111.8164 0.978373 -0.2063303 -0.01463305 100.6278 0.008051443 -0.03270209 0.9994327 -2.176858
-0.2211087 -0.9747739 -0.03044744 111.7321 0.9752116 -0.220718 -0.01568236 100.9621 0.008566456 -0.03316019 0.9994133 -2.20336
-0.2349285 -0.9715128 -0.0311706 111.6407 0.9719979 -0.2346266 -0.01306152 101.2839 0.005375976 -0.03336628 0.9994287 -2.190148
-0.2499734 -0.9677956 -0.02974967 111.5495 0.9682526 -0.2498452 -0.008011663 101.6052 0.0003208416 -0.0308079 0.9995252 -2.191078
-0.2645797 -0.9639181 -0.02931838 111.4504 0.9643637 -0.2644775 -0.007376311 101.923 -0.0006438941 -0.0302252 0.9995429 -2.211685
-0.2789224 -0.9596885 -0.03464498 111.3469 0.9603129 -0.2787862 -0.008798383 102.2396 -0.001214834 -0.03572408 0.999361 -2.207444
-0.2942513 -0.955013 -0.03696493 111.2248 0.9557266 -0.2941003 -0.009578189 102.5591 -0.001724103 -0.03814676 0.9992707 -2.210342
-0.308823 -0.9503578 -0.03805735 111.1317 0.9511094 -0.3087565 -0.007761173 102.8647 -0.00437456 -0.03859353 0.9992454 -2.1918
-0.3231419 -0.9456587 -0.03617745 111.0217 0.9463333 -0.3231301 -0.006339289 103.1686 -0.005695216 -0.03628442 0.9993253 -2.20065
-0.3372943 -0.9407027 -0.03620768 110.8961 0.9413739 -0.3373178 -0.005644189 103.465 -0.00690399 -0.03598873 0.9993284 -2.215807
-0.3513162 -0.9353143 -0.04199905 110.77 0.9362208 -0.3513427 -0.006996971 103.7628 -0.008211691 -0.04177854 0.9990932 -2.215665
-0.3671247 -0.9293079 -0.04007898 110.6442 0.9301455 -0.3670974 -0.008303788 104.058 -0.006996112 -0.0403278 0.999162 -2.193476
-0.3828321 -0.923207 -0.03359222 110.5151 0.9238115 -0.3827118 -0.01019883 104.3393 -0.003440507 -0.03493732 0.9993836 -2.210868
-0.3958836 -0.917779 -0.03095128 110.3966 0.9182954 -0.3957715 -0.00992334 104.6062 -0.003142204 -0.03235091 0.9994716 -2.210013
-0.4103262 -0.9112493 -0.03545406 110.2531 0.9119058 -0.410332 -0.007449143 104.8783 -0.007759907 -0.03538734 0.9993436 -2.241118
-0.4253314 -0.9041268 -0.0405957 110.1064 0.9049629 -0.4254447 -0.0062386 105.1463 -0.01163073 -0.03939107 0.9991562 -2.226887
-0.4398265 -0.8970464 -0.04313164 109.9675 0.8979954 -0.4399463 -0.00718412 105.4049 -0.01253112 -0.04189178 0.9990436 -2.215943
-0.453279 -0.8903694 -0.04219581 109.8238 0.8913031 -0.4533122 -0.009327373 105.6625 -0.01082307 -0.04183716 0.9990658 -2.216075
-0.4672923 -0.883129 -0.04148708 109.6891 0.8840476 -0.4672731 -0.01075687 105.9064 -0.009886093 -0.04170316 0.9990811 -2.22577
-0.4807798 -0.8758299 -0.0421041 109.5478 0.8767952 -0.480693 -0.01282533 106.1537 -0.009006344 -0.04308283 0.9990309 -2.227886
-0.4940138 -0.8684461 -0.04185685 109.4057 0.869399 -0.4939522 -0.01251956 106.389 -0.009802729 -0.04257513 0.9990452 -2.220234
-0.5073801 -0.8607798 -0.04029576 109.2451 0.8616631 -0.5073387 -0.0120071 106.6278 -0.01010813 -0.04081353 0.9991156 -2.219676
-0.5201685 -0.8531198 -0.04013988 109.0993 0.8539926 -0.5201563 -0.01157422 106.8582 -0.01100481 -0.04029971 0.999127 -2.232641
-0.5330892 -0.8450244 -0.04182953 108.9307 0.8459987 -0.5329897 -0.01442449 107.0914 -0.01010567 -0.04307726 0.9990206 -2.232778
-0.545897 -0.8367333 -0.04328651 108.7708 0.8377905 -0.545755 -0.0160767 107.3247 -0.01017192 -0.04504126 0.9989333 -2.234603
-0.5585035 -0.8283659 -0.0434037 108.6006 0.8294488 -0.5582961 -0.01789137 107.5518 -0.009411518 -0.04599354 0.9988974 -2.227321
-0.5708599 -0.8199262 -0.04289665 108.4302 0.8209956 -0.5706317 -0.01859004 107.7719 -0.00923573 -0.04583026 0.9989066 -2.22758
-0.5831672 -0.8111961 -0.04332077 108.2609 0.8122987 -0.5829107 -0.0196477 107.9903 -0.009313997 -0.0466473 0.998868 -2.229687
-0.5956311 -0.8020505 -0.04403011 108.0769 0.8031998 -0.5953532 -0.0206084 108.2144 -0.009684486 -0.04763997 0.9988176 -2.225944
-0.6076436 -0.7929418 -0.04486211 107.8912 0.7941473 -0.6073347 -0.02178521 108.427 -0.009971919 -0.04886476 0.9987556 -2.221321
-0.6190495 -0.7840883 -0.04453463 107.7168 0.7852998 -0.6186658 -0.02359702 108.6482 -0.009049907 -0.04958076 0.9987291 -2.221625
-0.6295336 -0.7756335 -0.04560725 107.5313 0.7769237 -0.6290706 -0.02568497 108.8561 -0.008768059 -0.0516029 0.9986292 -2.221934
-0.639854 -0.7670985 -0.04633392 107.3406 0.7684419 -0.6393636 -0.02666846 109.0674 -0.009166894 -0.05266884 0.99857 -2.220369
-0.6495869 -0.7588626 -0.04652412 107.1539 0.760226 -0.6490947 -0.02706441 109.2732 -0.009660391 -0.05294954 0.9985505 -2.217778
-0.6588507 -0.750797 -0.0471133 106.9592 0.7521993 -0.6583733 -0.02721789 109.482 -0.01058303 -0.05337111 0.9985186 -2.209347
-0.6675969 -0.7429985 -0.04761821 106.7638 0.7444439 -0.6670908 -0.02816205 109.6867 -0.01084131 -0.05424998 0.9984685 -2.204978
-0.6758945 -0.7354501 -0.04774528 106.5651 0.7369281 -0.6753048 -0.03000591 109.894 -0.01017476 -0.05546567 0.9984087 -2.203806
-0.6826553 -0.7291178 -0.04867021 106.3639 0.7306624 -0.6820402 -0.03087992 110.1094 -0.01067994 -0.05664184 0.9983374 -2.200342
-0.6893048 -0.7228108 -0.04902394 106.1588 0.7243879 -0.6886727 -0.03149754 110.3134 -0.01099468 -0.05722376 0.9983009 -2.193646
-0.6951997 -0.7171329 -0.04916861 105.9537 0.7187319 -0.6945395 -0.03223763 110.5245 -0.01103088 -0.05775063 0.9982701 -2.189324
-0.7002367 -0.7121679 -0.04985448 105.7489 0.7138224 -0.6995394 -0.03319898 110.7265 -0.01123193 -0.05883439 0.9982046 -2.186239
-0.7047253 -0.7076938 -0.05031687 105.5358 0.7093861 -0.704013 -0.03372102 110.9361 -0.01155957 -0.05945814 0.9981639 -2.180821
-0.7084476 -0.7039149 -0.05105003 105.3272 0.7056552 -0.7077506 -0.03375997 111.149 -0.01236655 -0.05994089 0.9981253 -2.178368
-0.7119672 -0.7003683 -0.05086274 105.103 0.7020911 -0.7113222 -0.03299616 111.3704 -0.01307034 -0.05920246 0.9981604 -2.165045
-0.715187 -0.6971005 -0.05058274 104.8723 0.6987914 -0.7146243 -0.03166361 111.5941 -0.01407494 -0.05799218 0.9982178 -2.165398
-0.7179254 -0.6941722 -0.05203806 104.6324 0.695911 -0.7175334 -0.02921876 111.8221 -0.0170562 -0.05719075 0.9982176 -2.171511
-0.7205343 -0.6914572 -0.05212865 104.3897 0.6930587 -0.7205462 -0.02197635 112.0649 -0.02236539 -0.05196293 0.9983985 -2.166023
-0.7232187 -0.6887711 -0.0504894 104.1376 0.6901522 -0.7234836 -0.01616783 112.3008 -0.02539231 -0.04653825 0.9985937 -2.160088
-0.7253777 -0.6865753 -0.04941217 103.8744 0.6878526 -0.7257138 -0.01408017 112.5541 -0.026192 -0.04420173 0.9986792 -2.15116
-0.7274042 -0.6844995 -0.04840727 103.5935 0.6857281 -0.7277244 -0.01393453 112.8221 -0.02568898 -0.04333026 0.9987305 -2.143286
-0.7291539 -0.68243 -0.05122664 103.3071 0.6837882 -0.7295434 -0.01414376 113.0885 -0.02771993 -0.04534115 0.9985869 -2.149356
-0.7301931 -0.6813051 -0.05139531 103.0065 0.6827164 -0.7305123 -0.0158195 113.3699 -0.026767 -0.04663971 0.9985531 -2.124461
-0.7310323 -0.6802897 -0.0528937 102.7042 0.6818233 -0.7313023 -0.0177204 113.6588 -0.02662627 -0.04901834 0.9984429 -2.152965
-0.7316504 -0.6797879 -0.05075726 102.397 0.6813955 -0.7314661 -0.02564206 113.9586 -0.01969605 -0.05334679 0.9983818 -2.113101
-0.7328923 -0.6786672 -0.04774532 102.0877 0.6801807 -0.7324498 -0.02952087 114.252 -0.0149362 -0.05411106 0.9984232 -2.119043
-0.7329011 -0.6789252 -0.04377908 101.7588 0.680227 -0.7324139 -0.02934708 114.5667 -0.01213993 -0.05128821 0.9986101 -2.129774
-0.7329297 -0.678885 -0.0439226 101.4248 0.6801423 -0.7326355 -0.02552888 114.8762 -0.01484809 -0.04858449 0.9987087 -2.126723
-0.7325234 -0.6792645 -0.04482526 101.0827 0.680547 -0.7323 -0.02434162 115.2038 -0.01629113 -0.0483365 0.9986982 -2.109354
-0.7318661 -0.6799158 -0.04567824 100.7281 0.6812369 -0.7316636 -0.02418231 115.5328 -0.01697917 -0.04881592 0.9986635 -2.109124
-0.7312566 -0.6806142 -0.04503187 100.3744 0.6819119 -0.7310175 -0.02468744 115.8731 -0.01611646 -0.04876063 0.9986805 -2.087425
-0.7307236 -0.6812489 -0.04407836 100.0085 0.6825109 -0.7304341 -0.02539525 116.2251 -0.01489586 -0.04864088 0.9987053 -2.095083
-0.7297471 -0.6823164 -0.04374633 99.63181 0.6835502 -0.7294884 -0.02461368 116.5867 -0.01511813 -0.04786457 0.9987394 -2.076197
-0.7282987 -0.6838783 -0.04349419 99.25216 0.6850812 -0.7280903 -0.02341714 116.9449 -0.01565322 -0.04685172 0.9987792 -2.088356
-0.7270653 -0.6852215 -0.04298167 98.86674 0.6863689 -0.7269371 -0.02145475 117.3225 -0.01654371 -0.04510028 0.9988455 -2.069179
-0.7248861 -0.687579 -0.04213476 98.45861 0.6887255 -0.7246255 -0.02397793 117.7214 -0.0140452 -0.04640055 0.9988242 -2.103029
-0.7229613 -0.6896018 -0.04214752 98.06139 0.6907294 -0.7227579 -0.02266882 118.1076 -0.01482999 -0.04550121 0.9988542 -2.086204
-0.7210641 -0.6914667 -0.04405047 97.63901 0.692643 -0.7209926 -0.02037737 118.519 -0.0176698 -0.04520464 0.9988214 -2.042173
-0.7189087 -0.6935419 -0.04658344 97.212 0.6948513 -0.7188401 -0.02122686 118.9312 -0.01876432 -0.04762873 0.9986888 -2.077474
-0.7176052 -0.6948021 -0.04788405 96.78633 0.6962082 -0.7174705 -0.0230268 119.3499 -0.01835632 -0.04986142 0.9985874 -2.013635
-0.7164001 -0.6957971 -0.05135383 96.33114 0.6974571 -0.7161188 -0.02696995 119.7925 -0.01800983 -0.05513838 0.9983163 -2.011597
-0.7142787 -0.6981953 -0.04826076 95.88864 0.6997722 -0.7135878 -0.03333567 120.2412 -0.01116348 -0.0575825 0.9982783 -2.058848
-0.7134103 -0.6990228 -0.04912161 95.44408 0.7006684 -0.7126232 -0.03510039 120.6922 -0.01046923 -0.05945893 0.9981759 -1.984703
-0.7096914 -0.702275 -0.05610633 95.23089 0.704038 -0.7098837 -0.01989245 120.9755 -0.025859 -0.05361849 0.9982266 -1.972898