1.0 0.0 0.0 0.0 0.0 1.0 0.0 0.0 0.0 0.0 1.0 0.0
0.9999924 -0.003794899 0.0009469212 0.586657 0.003794353 0.9999926 0.0005786426 0.003234365 -0.0009491101 -0.0005750453 0.9999994 -0.01308791
0.9999794 -0.006133946 0.001861461 0.9254022 0.006132105 0.9999808 0.0009928887 -0.001086488 -0.001867515 -0.0009814537 0.9999978 -0.01037269
0.9999596 -0.008555991 0.002741741 1.273151 0.008553245 0.999963 0.001011812 0.004982737 -0.002750297 -0.0009883207 0.9999957 -0.0252066
0.9999343 -0.01077767 0.003911971 1.613189 0.01077602 0.9999418 0.0004403522 0.004255353 -0.003916489 -0.0003981678 0.9999923 -0.0282723
0.9999145 -0.01268524 0.003191919 1.954479 0.01268452 0.9999195 0.0002447749 0.004521282 -0.003194767 -0.000204266 0.9999949 -0.02797255
0.9998908 -0.01463179 0.002074963 2.299064 0.01463129 0.999893 0.0002554584 0.008814185 -0.002078479 -0.0002250711 0.9999978 -0.03896957
0.9998749 -0.01576026 0.001305672 2.646084 0.01575863 0.9998749 0.001251344 0.006747555 -0.00132523 -0.001230612 0.9999984 -0.04390283
0.9998633 -0.01653513 -0.0002501725 2.991223 0.01653563 0.999861 0.002122194 0.005572062 0.0002150469 -0.00212604 0.9999977 -0.04740827
0.9998503 -0.01726182 0.001178983 3.339481 0.01725898 0.9998481 0.002376988 0.01608096 -0.001219836 -0.002356284 0.9999965 -0.05087254
0.9998578 -0.01683974 0.0009029586 3.687156 0.01683807 0.9998567 0.001826673 0.009131216 -0.0009335898 -0.001811209 0.9999979 -0.05175092
0.9998683 -0.01619612 0.0009883756 4.041646 0.01619491 0.9998682 0.001221417 0.006640287 -0.001008027 -0.001205249 0.9999987 -0.05699313
0.9998763 -0.01566896 0.001366189 4.394905 0.01566722 0.9998765 0.001281595 0.00474371 -0.001386101 -0.001260032 0.9999983 -0.06144532
0.9998971 -0.01422631 0.001856188 4.752131 0.01422409 0.9998981 0.001207476 0.002460844 -0.001873177 -0.00118095 0.9999976 -0.06489959
0.9999161 -0.0128274 0.001809522 5.099124 0.01282479 0.9999168 0.001446333 0.0004435077 -0.001827924 -0.001423005 0.9999973 -0.07258434
0.999939 -0.01102712 0.000561546 5.453532 0.01102557 0.9999355 0.002696595 0.005430863 -0.0005912455 -0.00269024 0.9999962 -0.0864087
0.9999606 -0.008846198 -0.0006943339 5.797394 0.008849804 0.9999464 0.005375389 0.005046971 0.000646745 -0.005381323 0.9999853 -0.09544811
0.9999752 -0.006433958 -0.002872995 6.14584 0.00645797 0.9999437 0.008428442 0.00612376 0.002818605 -0.008446787 0.9999604 -0.1049094
0.9999844 -0.003718208 -0.004158084 6.488001 0.0037697 0.9999156 0.0124452 -0.00721023 0.004111459 -0.01246068 0.9999139 -0.114911
0.9999805 -0.0004338665 -0.006229956 6.835475 0.0005327066 0.999874 0.01587241 -0.01069858 0.006222284 -0.01587542 0.9998546 -0.1106361
0.9999751 0.003879228 -0.005892086 7.181979 -0.003757195 0.9997811 0.02058307 -0.02384014 0.005970642 -0.02056042 0.9997708 -0.1450782
0.9999593 0.007465329 -0.005053885 7.53932 -0.007352739 0.9997321 0.02194144 -0.03568908 0.005216332 -0.02190339 0.9997465 -0.132036
0.9999027 0.01158573 -0.00776897 7.89409 -0.01140358 0.9996684 0.02309348 -0.04590205 0.008033948 -0.02300264 0.9997031 -0.1438903
0.9998214 0.01654567 -0.009128937 8.252513 -0.01633278 0.9996037 0.02292241 -0.06178383 0.009504587 -0.02276921 0.9996955 -0.1575879
0.9997063 0.02156363 -0.01106015 8.607434 -0.0213033 0.9995053 0.0231393 -0.07973575 0.01155365 -0.02289689 0.999671 -0.1607938
0.9996212 0.0252824 -0.0108764 8.959279 -0.02502661 0.999421 0.02304453 -0.08304062 0.01145272 -0.0227636 0.9996753 -0.1835755
0.9994814 0.02903166 -0.01392998 9.313457 -0.0286906 0.9992981 0.02408901 -0.0978332 0.01461955 -0.02367686 0.9996127 -0.1912988
0.9993685 0.03147928 -0.01647967 9.665146 -0.03105951 0.9992014 0.02513628 -0.1045714 0.01725778 -0.02460856 0.9995482 -0.2125024
0.9991597 0.03398034 -0.02291946 10.02607 -0.03339393 0.9991169 0.02550045 -0.1138148 0.02376573 -0.02471365 0.9994121 -0.2260454
0.998989 0.0361314 -0.02674608 10.38047 -0.03541037 0.9990091 0.02695824 -0.1227972 0.02769362 -0.0259839 0.9992787 -0.2426552
0.99888 0.03734215 -0.02905832 10.7299 -0.03653602 0.9989457 0.02779532 -0.139925 0.03006562 -0.02670252 0.9991912 -0.2488498
0.9987834 0.03942167 -0.02962481 11.08068 -0.03858534 0.9988548 0.02829135 -0.1594541 0.03070617 -0.02711385 0.9991606 -0.2603843
0.9988396 0.04014042 -0.0266117 11.42057 -0.03939265 0.9988298 0.02805207 -0.1812859 0.02770658 -0.02697121 0.9992521 -0.2689328
0.9988263 0.04049786 -0.02657179 11.76116 -0.03976705 0.998831 0.02747843 -0.1982167 0.02765355 -0.02638949 0.9992692 -0.2842134
0.998835 0.03938628 -0.02788065 12.10013 -0.03870283 0.9989469 0.02464295 -0.2042856 0.02882189 -0.02353518 0.9993075 -0.2978551
0.9988742 0.03634753 -0.0304829 12.41943 -0.03569385 0.9991267 0.02172111 -0.2050333 0.03124579 -0.02060861 0.9992992 -0.314229
0.9988489 0.03314884 -0.03467182 12.73454 -0.03248829 0.9992831 0.01944453 -0.2041931 0.03529152 -0.01829572 0.9992096 -0.3232463
0.9988323 0.02913626 -0.03853783 13.05454 -0.02848056 0.9994419 0.01745537 -0.2035013 0.0390249 -0.01633741 0.9991047 -0.3263051
0.9989544 0.02343044 -0.039257 13.35728 -0.02284503 0.999622 0.0152951 -0.2019713 0.03960054 -0.01438228 0.9991121 -0.3358789
0.9990386 0.01778254 -0.04007126 13.66426 -0.01724622 0.9997576 0.01369037 -0.2014776 0.04030499 -0.01298613 0.999103 -0.3419318
0.999185 0.01097285 -0.03884467 13.96905 -0.01052466 0.9998759 0.01172383 -0.1987232 0.0389685 -0.01130545 0.9991765 -0.3493069
0.9992772 0.003702169 -0.03783457 14.27118 -0.003322424 0.9999436 0.01009493 -0.1986082 0.0378698 -0.009961933 0.999233 -0.3588215
0.9993228 -0.003851479 -0.03659434 14.55813 0.004186039 0.9999502 0.009070177 -0.1977763 0.03655758 -0.009217219 0.999289 -0.3751901
0.9993065 -0.01137556 -0.03545646 14.86326 0.01165798 0.999902 0.007768733 -0.1888948 0.03536461 -0.008176696 0.999341 -0.371073
0.9992853 -0.01880772 -0.03278938 15.17401 0.01902283 0.9997996 0.006260838 -0.1909222 0.03266506 -0.00688011 0.9994427 -0.3812846
0.999159 -0.02566863 -0.03197448 15.48109 0.02581856 0.9996575 0.004285017 -0.1829765 0.03185353 -0.005106948 0.9994795 -0.3871108
0.998935 -0.03299062 -0.03225752 15.7958 0.03309045 0.999449 0.002565741 -0.171426 0.0321551 -0.003630424 0.9994763 -0.3940717
0.9986675 -0.04021225 -0.03234481 16.12178 0.04020898 0.999191 -0.0007514946 -0.1568781 0.03234886 -0.0005500587 0.9994765 -0.3956034
0.9983634 -0.0468198 -0.03283957 16.44504 0.04670293 0.9988996 -0.004317231 -0.1362996 0.03300556 0.00277646 0.9994513 -0.4014222
0.9980775 -0.05285909 -0.03235966 16.78292 0.05263875 0.9985846 -0.007624272 -0.1085976 0.03271687 0.005906242 0.9994472 -0.4023469
0.9977643 -0.0588388 -0.03169198 17.11667 0.05855226 0.9982353 -0.009895593 -0.0916659 0.0322183 0.008017832 0.9994487 -0.4025604
0.9975021 -0.06439226 -0.02903809 17.4602 0.06409469 0.9978826 -0.01106577 -0.07314214 0.02968915 0.009176941 0.999517 -0.4089316
0.9972801 -0.06907088 -0.02572365 17.80555 0.06881727 0.9975727 -0.01061849 -0.05546632 0.02639465 0.008819372 0.9996127 -0.4086009
0.9970898 -0.07320762 -0.02127442 18.15266 0.07295926 0.9972601 -0.01222601 -0.03865924 0.02211116 0.01063826 0.9996989 -0.4039566
0.9969152 -0.07654385 -0.01735586 18.5095 0.07631387 0.9969918 -0.01354825 -0.01959768 0.01834068 0.01218196 0.9997576 -0.4104913
0.9967155 -0.07975006 -0.01407889 18.87687 0.07956043 0.9967378 -0.01355216 0.005082813 0.01511375 0.01238752 0.999809 -0.4084138
0.9964325 -0.08349696 -0.01227202 19.24425 0.08332656 0.9964267 -0.01379703 0.03623687 0.01338017 0.01272522 0.9998295 -0.4046554
0.996148 -0.08694585 -0.01137908 19.61758 0.08679499 0.9961395 -0.01314173 0.06599142 0.01247777 0.01210346 0.9998489 -0.410933
0.9958659 -0.09039201 -0.008965534 19.991 0.09027702 0.9958383 -0.0124942 0.09084798 0.0100576 0.01163316 0.9998817 -0.401951
0.9955758 -0.09381152 -0.005301235 20.37663 0.09373859 0.9955165 -0.01264463 0.1217322 0.006463679 0.01209176 0.999906 -0.4043648
0.9952118 -0.09774052 -0.000561349 20.75906 0.09772641 0.9951383 -0.01222399 0.1565983 0.001753399 0.0121106 0.9999251 -0.4040281
0.9948753 -0.1010927 0.001849808 21.15266 0.1011074 0.9948083 -0.01155467 0.1860399 -0.0006721113 0.01168249 0.9999315 -0.4101884
0.994526 -0.1043978 0.004381157 21.55095 0.1044393 0.9944743 -0.01064704 0.2217109 -0.00324542 0.01104632 0.9999337 -0.4065681
0.9941222 -0.1080479 0.006830052 21.94479 0.1081037 0.994104 -0.00840303 0.2643116 -0.005881852 0.009091993 0.9999413 -0.4095064
0.9936845 -0.1118619 0.008827397 22.35376 0.1119319 0.9936845 -0.007876863 0.3063946 -0.007890527 0.008815183 0.99993 -0.4025801
0.9931813 -0.1160113 0.01150391 22.76414 0.1160968 0.9932128 -0.007057453 0.3481934 -0.01060709 0.008344897 0.9999089 -0.4139892
0.9926308 -0.12039 0.01379412 23.17577 0.120497 0.9926877 -0.00720247 0.4010674 -0.01282614 0.008811544 0.9998789 -0.4152204
0.9920473 -0.1247758 0.0165306 23.58347 0.1248891 0.9921526 -0.006008201 0.4433742 -0.0156512 0.008024911 0.9998453 -0.4156452
0.9914533 -0.1295577 0.01533195 23.99914 0.1296388 0.9915514 -0.004419345 0.5018096 -0.01462986 0.006369191 0.9998727 -0.4213528
0.9908545 -0.1339168 0.01654125 24.42004 0.1339958 0.9909747 -0.003759625 0.542814 -0.01588848 0.005941699 0.9998561 -0.4224395
0.9901345 -0.1389255 0.01826038 24.84352 0.1390121 0.9902843 -0.003557242 0.604643 -0.01758878 0.006060563 0.9998269 -0.4225454
0.9893151 -0.144215 0.02139446 25.27301 0.1443394 0.9895186 -0.004379098 0.6662907 -0.02053868 0.007420371 0.9997615 -0.4277529
0.9884104 -0.150119 0.02256536 25.70803 0.1502844 0.9886258 -0.005812022 0.7337007 -0.0214362 0.009135883 0.9997285 -0.4254763
0.987473 -0.1555165 0.02667581 26.13903 0.1557149 0.9877868 -0.00551543 0.8028477 -0.02549226 0.009600161 0.9996289 -0.4335591
0.9867187 -0.1604652 0.02524218 26.5743 0.1606394 0.9870003 -0.005019825 0.8616915 -0.02410853 0.009008043 0.9996688 -0.4437796
0.9859751 -0.16544 0.02197202 27.01212 0.1655509 0.9861956 -0.003315492 0.9405008 -0.0211202 0.00690648 0.9997531 -0.4588134
0.985023 -0.1716006 0.01682 27.4671 0.1716916 0.9851422 -0.004112283 1.027182 -0.01586442 0.006938545 0.9998501 -0.4452322
0.983752 -0.1782207 0.02166819 27.90742 0.1783881 0.9839416 -0.006039066 1.10209 -0.02024395 0.00980629 0.999747 -0.4203448
0.9825906 -0.1839025 0.02637315 28.35615 0.1841078 0.9828902 -0.005557245 1.176857 -0.02489992 0.010316 0.9996367 -0.4438424
0.9814446 -0.1896964 0.02796112 28.80616 0.1898706 0.9818021 -0.003687826 1.255696 -0.02675272 0.008928388 0.9996022 -0.4546849
0.9800636 -0.1968253 0.02711339 29.25462 0.1969871 0.9804003 -0.003405195 1.352245 -0.02591174 0.008678295 0.9996266 -0.4681376
0.9788646 -0.2032628 0.02254892 29.71283 0.2033779 0.9790961 -0.002909666 1.458481 -0.02148613 0.007434119 0.9997415 -0.4766743
0.9775201 -0.2100265 0.01852881 30.17398 0.2100209 0.9776943 0.002268712 1.568841 -0.018592 0.001673725 0.9998258 -0.4746008
0.9756724 -0.2182729 0.02050046 30.64178 0.218063 0.975861 0.01199892 1.670352 -0.02262464 -0.007236624 0.9997178 -0.4949221
0.9741605 -0.2248491 0.02131085 31.13514 0.2246203 0.9743648 0.01261729 1.774769 -0.02360153 -0.007504418 0.9996933 -0.4710244
0.9726405 -0.231439 0.02016143 31.64272 0.2313022 0.9728411 0.008907273 1.890346 -0.02167536 -0.004000192 0.9997571 -0.4940927
0.9706497 -0.2394406 0.02252485 32.14982 0.2393603 0.9709107 0.006236183 2.027716 -0.02336281 -0.0006615955 0.9997268 -0.5021005
0.9689603 -0.2463357 0.02084922 32.66238 0.246239 0.9691828 0.007126009 2.150172 -0.0219621 -0.00177093 0.9997572 -0.5096161
0.9673408 -0.2528274 0.01817032 33.1776 0.252737 0.9675086 0.007145854 2.291153 -0.01938661 -0.002320163 0.9998094 -0.5240652
0.9654359 -0.2599621 0.01879697 33.70897 0.2598853 0.9656179 0.006461728 2.426934 -0.0198305 -0.001353328 0.9998025 -0.5236004
0.963638 -0.2665524 0.01875225 34.2355 0.2665037 0.9638205 0.005094575 2.573959 -0.01943177 8.821744e-05 0.9998112 -0.5336953
0.9616548 -0.2734488 0.02111585 34.77879 0.273439 0.9618834 0.003404761 2.723186 -0.02124201 0.002499693 0.9997712 -0.5378393
0.9596783 -0.2804199 0.01955032 35.31462 0.2804269 0.9598722 0.002436333 2.879002 -0.019449 0.003144339 0.9998059 -0.5536906
0.9581045 -0.2857562 0.01947133 35.86148 0.2857942 0.9582905 0.0008625982 3.04105 -0.01890569 0.004738335 0.99981 -0.5627155
0.9567903 -0.290343 0.0159108 36.40084 0.2903783 0.9569118 9.504496e-05 3.200803 -0.01525283 0.004529214 0.9998734 -0.5634728
0.9556732 -0.2940885 0.01416493 36.94091 0.2941292 0.9557654 -0.0008321286 3.369109 -0.01329363 0.004961563 0.9998993 -0.5713539
0.9549373 -0.2964021 0.01550935 37.49761 0.2964514 0.9550475 -0.0009241565 3.51789 -0.01453825 0.00548028 0.9998793 -0.5699648
0.9544306 -0.2978869 0.01804475 38.04913 0.2979731 0.9545716 -0.002229431 3.672267 -0.01656089 0.007504688 0.9998347 -0.5756446
0.9536892 -0.3002284 0.0184353 38.59972 0.3003115 0.9538393 -0.001851076 3.840254 -0.01702857 0.007301684 0.9998283 -0.5878008
0.953213 -0.3019153 0.01523401 39.147 0.3019682 0.9533172 -0.001247399 4.010586 -0.01414624 0.005789225 0.9998832 -0.6088877
0.9526879 -0.3036857 0.01267989 39.70677 0.3037091 0.952765 7.995067e-05 4.189734 -0.01210523 0.003774828 0.9999196 -0.5943764
0.9518555 -0.306237 0.01378578 40.25852 0.3062497 0.9519503 0.001235256 4.365332 -0.01350166 0.003046106 0.9999042 -0.6145661
0.9510537 -0.3087684 0.01260801 40.81475 0.308769 0.9511352 0.001942564 4.529812 -0.01259172 0.002045479 0.9999186 -0.617497
0.9506286 -0.3101448 0.01074117 41.37473 0.3101534 0.9506861 0.0008934442 4.704555 -0.01048857 0.002482076 0.9999419 -0.6345462
0.9504718 -0.3107913 0.003497858 41.95153 0.310805 0.9504631 -0.004493537 4.89681 -0.001928032 0.005358131 0.9999838 -0.6168974
0.9503182 -0.311196 0.007233745 42.52098 0.3112288 0.950327 -0.003920415 5.080653 -0.005654405 0.005976992 0.9999661 -0.6259738
0.9498506 -0.3125594 0.009514374 43.08726 0.3125756 0.9498928 -0.0002278431 5.259298 -0.008966421 0.003190378 0.9999547 -0.6441768
0.9494786 -0.3136443 0.01084956 43.66732 0.3136285 0.9495405 0.00316694 5.449576 -0.01129539 0.0003957907 0.9999361 -0.6531046
0.9490415 -0.3150396 0.008376975 44.24037 0.3149969 0.9490734 0.00604168 5.646034 -0.009853734 -0.003095084 0.9999467 -0.6632743
0.948622 -0.3163924 0.003478068 44.85126 0.316366 0.9486146 0.006536855 5.841453 -0.005367558 -0.005100662 0.9999726 -0.6590739
0.9477678 -0.3189306 0.00441663 45.45964 0.3189237 0.9477777 0.002196161 6.035933 -0.004886407 -0.0006728826 0.9999878 -0.6604978
0.9470754 -0.3209528 0.006123944 46.07819 0.3209651 0.9470903 -0.001121087 6.243108 -0.005440112 0.003027327 0.9999806 -0.6720471
0.9463168 -0.3231618 0.007144277 46.69265 0.3231726 0.9463401 -0.000388965 6.445915 -0.006635216 0.002676919 0.9999744 -0.6889533
0.9454341 -0.325723 0.007677037 47.31768 0.3257149 0.9454651 0.002319815 6.658827 -0.008013988 0.0003072924 0.9999678 -0.6903676
0.9446384 -0.3280753 0.004995004 47.95581 0.3280642 0.9446509 0.002922106 6.877704 -0.005677206 -0.001121651 0.9999833 -0.6965805
0.9437684 -0.3305938 0.003004858 48.59978 0.3305928 0.9437732 0.00083173 7.097776 -0.003110869 0.0002084239 0.9999951 -0.7040073
0.9428642 -0.3331744 0.001347437 49.24921 0.333176 0.9428637 -0.001233776 7.32383 -0.000859387 0.001612217 0.9999983 -0.7057509
0.9420463 -0.3354724 0.002666707 49.90086 0.3354773 0.9420468 -0.001648937 7.552213 -0.00195899 0.002447995 0.9999951 -0.7291573
0.941705 -0.3364395 -0.0001311089 50.54486 0.3364387 0.9417034 -0.001950598 7.773534 0.0007797241 0.001792778 0.9999981 -0.7258499
0.9414693 -0.3370987 4.457778e-05 51.20331 0.3370978 0.9414667 -0.002340081 7.997704 0.0007468697 0.002218142 0.9999973 -0.7366481
0.941124 -0.3380545 0.002181933 51.84693 0.3380608 0.9411155 -0.004044184 8.222077 -0.0006862967 0.004543704 0.9999894 -0.7409552
0.9410322 -0.3383147 0.00122281 52.48756 0.3383166 0.9410197 -0.004892063 8.43484 0.0005043691 0.005017286 0.9999873 -0.7494825
0.9408669 -0.3387753 0.0008397959 53.13428 0.3387746 0.9408517 -0.005476914 8.660206 0.00106532 0.005437549 0.9999846 -0.7629617
0.9405557 -0.3396361 0.001537312 53.77449 0.3396392 0.9405383 -0.005740704 8.890025 0.0005038494 0.005921583 0.9999824 -0.7585495
0.9402293 -0.3405252 0.003385074 54.40937 0.3405413 0.9402014 -0.007266539 9.106596 -0.0007082125 0.00798497 0.9999679 -0.7501139
0.9401407 -0.3406782 0.008596357 55.04827 0.340753 0.9401031 -0.009680863 9.321919 -0.004783402 0.01203061 0.9999162 -0.785479
0.9401121 -0.3407811 0.007586552 55.67289 0.3408424 0.9400746 -0.009282943 9.541088 -0.003968474 0.01131283 0.9999281 -0.7766801
0.9398828 -0.3414571 0.005229066 56.29512 0.3414876 0.9398607 -0.006927416 9.760443 -0.002549178 0.00829662 0.9999623 -0.7810883
0.9392114 -0.3433007 0.005149637 56.90407 0.3433156 0.9392171 -0.002349111 9.98907 -0.004030176 0.003974263 0.999984 -0.8019972
0.9391035 -0.3436039 0.004576713 57.52268 0.343606 0.939114 0.0003504633 10.19474 -0.004418475 0.001243465 0.9999894 -0.7865784
0.9388357 -0.344349 0.003359946 58.13343 0.3443486 0.9388415 0.0007264605 10.41137 -0.003404613 0.0004749657 0.9999941 -0.7968501
0.9386338 -0.3447953 0.009095812 58.7446 0.3448162 0.9386698 -0.0007954924 10.62624 -0.008263683 0.00388306 0.9999583 -0.7898824
0.9382645 -0.3456455 0.01374481 59.3361 0.3455748 0.9383627 0.007303997 10.82357 -0.01542221 -0.002103221 0.9998789 -0.819338
0.938163 -0.3459077 0.01407283 59.93144 0.3457705 0.938251 0.01130679 11.03733 -0.01711495 -0.005741644 0.999837 -0.8632438
0.937626 -0.347452 0.01159872 60.53357 0.3473723 0.93769 0.008360462 11.26574 -0.01378087 -0.003809911 0.9998978 -0.8460946
0.9367729 -0.3499123 0.004221427 61.13899 0.3499197 0.936779 -0.001131036 11.49492 -0.00355878 0.002536685 0.9999905 -0.8559964
0.9354507 -0.3534551 0.001246471 61.74767 0.3534219 0.9353009 -0.01746661 11.72572 0.005007837 0.01677968 0.9998467 -0.8359816
0.9337949 -0.3578081 0.0007037511 62.35718 0.3575173 0.932953 -0.04219043 11.94625 0.01443951 0.03964881 0.9991093 -0.8561069
0.9325411 -0.3610381 0.004306696 62.94686 0.3607066 0.9310217 -0.05558215 12.17117 0.01605765 0.05338609 0.9984449 -0.8525465
0.9314622 -0.3638287 -0.002626267 63.52757 0.3632157 0.9302664 -0.05175902 12.40164 0.02127454 0.04725767 0.9986562 -0.8274884
0.9301111 -0.3672453 -0.004929466 64.0861 0.3667576 0.9294231 -0.04076218 12.62903 0.01955128 0.03610544 0.9991567 -0.8421023
0.9290583 -0.3698876 -0.005811777 64.66096 0.3695306 0.9286653 -0.03206225 12.8516 0.01725662 0.02764007 0.999469 -0.8213211
0.9278466 -0.372881 -0.007781838 65.24091 0.3726741 0.9277478 -0.01994478 13.08166 0.01465661 0.0156056 0.9997708 -0.7951148
0.9262978 -0.376739 -0.006333061 65.81718 0.3765458 0.9261689 -0.0205981 13.32027 0.01362559 0.01669529 0.9997678 -0.7706401
0.9250296 -0.3798863 -0.00256914 66.42139 0.3796759 0.9247047 -0.02770388 13.5567 0.01290002 0.02465148 0.9996129 -0.7530332
0.9234655 -0.3836643 0.003622466 67.0059 0.3835901 0.9229985 -0.03053297 13.79007 0.008370878 0.02958568 0.9995272 -0.7560487
0.9219303 -0.3873464 0.002710233 67.58653 0.3872775 0.9215804 -0.02656204 14.02851 0.007791013 0.02553796 0.9996435 -0.7515123
0.9210016 -0.3895524 0.002245407 68.16778 0.3895028 0.9207559 -0.02227795 14.26625 0.006610958 0.02139262 0.9997493 -0.7563003
0.9203544 -0.3910318 0.006466962 68.76924 0.3910752 0.9200863 -0.02239753 14.50171 0.002807983 0.02314273 0.9997282 -0.729306
0.9198945 -0.3920537 0.009381363 69.36501 0.3921626 0.9195247 -0.02612789 14.73539 0.001617139 0.02771392 0.9996146 -0.7142845
0.9197857 -0.3922921 0.01004961 69.96019 0.3924191 0.9194031 -0.02655529 14.98329 0.00117779 0.02836883 0.9995968 -0.7125347
0.9197398 -0.3924576 0.007461795 70.54871 0.3925179 0.9194092 -0.02483496 15.24035 0.002886226 0.02577059 0.9996637 -0.7284892
0.9197567 -0.3923908 0.00878057 71.15112 0.392487 0.919449 -0.02382547 15.48038 0.001275611 0.0253599 0.9996776 -0.7096082
0.9205835 -0.3904939 0.00636054 71.75431 0.390536 0.9203235 -0.02205137 15.71704 0.00275717 0.02278415 0.9997366 -0.6928223
0.922083 -0.3869345 0.006690941 72.36749 0.386979 0.92177 -0.02423209 15.95677 0.003208723 0.02493325 0.999684 -0.6970644
0.923124 -0.3844786 0.004275196 72.97961 0.3844375 0.922707 -0.02862751 16.21103 0.007061912 0.02807029 0.999581 -0.6723989
0.9243217 -0.3816125 -0.001139937 73.59943 0.3813924 0.9238822 -0.03132682 16.46713 0.01300787 0.0285213 0.9995086 -0.6801206
0.9255244 -0.3786527 -0.005174502 74.21898 0.3782875 0.9250875 -0.03334304 16.70958 0.0174123 0.02890234 0.9994306 -0.6605083
0.926582 -0.3760571 -0.005168698 74.83257 0.3758271 0.9263567 -0.0248426 16.944 0.0141303 0.02107618 0.999678 -0.6572684
0.9278498 -0.372952 -0.001255318 75.43587 0.3729037 0.9277743 -0.01332292 17.17011 0.006133461 0.01189355 0.9999105 -0.6637931
0.9294088 -0.3690381 -0.003181445 76.05159 0.3690352 0.9294143 -0.001459729 17.41144 0.003495576 0.0001826201 0.9999939 -0.672408
0.930764 -0.3655981 -0.004045833 76.68094 0.3656006 0.9307718 -0.0001405245 17.65062 0.003817123 -0.001348364 0.9999918 -0.6624213
0.9318334 -0.3628576 -0.00455998 77.30408 0.3628518 0.9318445 -0.002078912 17.88086 0.005003541 0.0002826023 0.9999874 -0.6905106
0.9330538 -0.359732 -0.001870963 77.91713 0.3597303 0.9330556 -0.001204162 18.10888 0.002178888 0.000450506 0.9999975 -0.6762905
0.9341568 -0.356861 -0.001127223 78.52159 0.3568624 0.9341464 0.004433618 18.32504 -0.0005291938 -0.004543959 0.9999895 -0.6884959
0.9350504 -0.3545009 -0.00312622 79.13514 0.3545114 0.9350436 0.00391481 18.54995 0.001535348 -0.004768826 0.9999874 -0.7312006
0.9357444 -0.3525361 -0.01003603 79.75818 0.3523152 0.9356929 -0.01877991 18.78161 0.01601124 0.01403735 0.9997733 -0.6637019
0.9363418 -0.3506653 -0.01726152 80.39705 0.349078 0.9351062 -0.06100047 19.03207 0.0375321 0.05109167 0.9979885 -0.6157708
0.9368874 -0.3493313 -0.01447625 81.04002 0.346404 0.9330562 -0.09700628 19.27328 0.04739449 0.08586933 0.9951785 -0.5803167
0.9377543 -0.3471693 -0.00950858 81.6432 0.3444484 0.9332085 -0.1023586 19.46696 0.04440923 0.09271196 0.9947021 -0.5763357
0.9387379 -0.3446254 -0.002134556 82.20789 0.3434835 0.9360965 -0.07577721 19.66328 0.02811291 0.07040175 0.9971225 -0.6069669
0.9393235 -0.3430174 0.00322479 82.77071 0.3428193 0.9383664 -0.0440811 19.85197 0.01209455 0.04251193 0.9990227 -0.6034958
0.9399033 -0.3414335 -0.002206032 83.33156 0.3413107 0.9397043 -0.02150967 20.05851 0.009417141 0.01946407 0.9997662 -0.5457758
0.9398569 -0.3412341 -0.01510839 83.93774 0.3408356 0.9398185 -0.02391915 20.27968 0.02236117 0.0173311 0.9995998 -0.5012004
0.9398636 -0.3411751 -0.01599633 84.54785 0.3401949 0.9392754 -0.04504662 20.49763 0.03039374 0.03689581 0.9988568 -0.4514117
0.9399326 -0.3413304 -0.004498625 85.15085 0.3405426 0.9385117 -0.0568003 20.70656 0.02360969 0.05185648 0.9983754 -0.4616204
0.9404794 -0.3398383 0.002901249 85.7369 0.3394739 0.9390005 -0.05509664 20.89845 0.01599968 0.05280216 0.9984768 -0.4584442
0.9412043 -0.3378377 -0.0004543802 86.30312 0.3374526 0.940194 -0.0464871 21.08512 0.0161323 0.04360053 0.9989188 -0.4550138
0.9425938 -0.3339021 -0.00513088 86.88048 0.333395 0.9418188 -0.04272159 21.29474 0.01909718 0.03855849 0.9990739 -0.4245775
0.9442944 -0.3289961 -0.008344078 87.46155 0.3283781 0.9435954 -0.0423773 21.47944 0.0218154 0.03727663 0.9990668 -0.3952576
0.945501 -0.3256083 -0.002681111 88.05756 0.3251826 0.9446273 -0.04399665 21.66334 0.01685832 0.04072703 0.9990281 -0.3508564
0.9465567 -0.3224896 0.005556672 88.63338 0.3224325 0.9456685 -0.04181215 21.84099 0.008229217 0.04136922 0.99911 -0.3633586
0.9472342 -0.3203567 0.010906 89.21099 0.3205286 0.9463322 -0.04143427 22.03354 0.002953039 0.04274364 0.9990817 -0.3438298
0.9474524 -0.3198489 0.005533278 89.7852 0.3197819 0.9465069 -0.04317467 22.2297 0.008572084 0.04267539 0.9990522 -0.3356555
0.9477718 -0.3189332 0.003200253 90.35452 0.3187276 0.9466915 -0.04677476 22.42004 0.01188837 0.04535181 0.9989004 -0.3259629
0.9477947 -0.3188812 8.300971e-05 90.92114 0.3184725 0.9465666 -0.0508608 22.61301 0.01613998 0.04823203 0.9987057 -0.2567006
0.947755 -0.3189315 0.006565235 91.48409 0.3188513 0.946489 -0.04992775 22.78682 0.009709609 0.0494126 0.9987313 -0.2865398
0.9478981 -0.3182825 0.01361722 92.04947 0.3185614 0.9466207 -0.04927386 22.96037 0.002792657 0.05104452 0.9986925 -0.2403549
0.9480866 -0.3178483 0.01021394 92.60682 0.3179691 0.9469391 -0.04692552 23.1467 0.005243213 0.04773717 0.9988462 -0.2473658
0.9479946 -0.3181408 0.009628372 93.15887 0.3182365 0.946876 -0.04638001 23.32984 0.005638497 0.0470321 0.9988775 -0.2392099
0.9479669 -0.318327 0.005152593 93.70837 0.3181916 0.9467756 -0.04868316 23.51445 0.01061882 0.04778953 0.998801 -0.175232
0.9478255 -0.3187661 0.003875094 94.2535 0.3185523 0.9465806 -0.05009474 23.69111 0.01230042 0.04871549 0.998737 -0.1942036
0.9477114 -0.3189097 0.01181952 94.80341 0.3190811 0.9462808 -0.05234604 23.85566 0.005509072 0.05338032 0.9985591 -0.1680298
0.9474596 -0.3197399 0.009310983 95.33563 0.319772 0.9460112 -0.05299553 24.02777 0.00813649 0.05318851 0.9985514 -0.1235197
0.9474277 -0.3197916 0.0106818 95.8666 0.3198972 0.9459726 -0.05293015 24.1991 0.006821926 0.05356457 0.9985411 -0.1430759
0.9473874 -0.3199177 0.01048026 96.37995 0.3200135 0.9459423 -0.05276747 24.37016 0.00696753 0.05334507 0.9985518 -0.0982154
0.9474775 -0.319661 0.01015832 96.88305 0.3197384 0.9460232 -0.05298587 24.53352 0.007327504 0.05345092 0.9985436 -0.07615646
0.9475461 -0.3194988 0.008767457 97.38112 0.3195188 0.9462053 -0.05102475 24.69999 0.008006531 0.05114967 0.9986589 -0.0813533
0.9478294 -0.3186857 0.007676774 97.87166 0.3186509 0.9464959 -0.0510616 24.8548 0.009006565 0.05084389 0.998666 -0.04862111
0.9477058 -0.3190939 0.005730796 98.34312 0.3189649 0.9464134 -0.0506264 25.01269 0.01073087 0.04980685 0.9987012 -0.04492988
0.9476078 -0.319386 0.005665231 98.80065 0.3192476 0.9462901 -0.05114727 25.16609 0.01097477 0.05027616 0.998675 -0.01775908
0.9476393 -0.3192752 0.00656553 99.24814 0.3191886 0.9463432 -0.05052931 25.30876 0.009919507 0.0499792 0.998701 -0.009048821
0.9477546 -0.3189284 0.006782684 99.69798 0.3188321 0.9463494 -0.05262079 25.45115 0.01036347 0.05203413 0.9985915 0.007452758
0.9477967 -0.3188049 0.006699746 100.1294 0.3186759 0.9462521 -0.05525206 25.58806 0.01127498 0.05450277 0.99845 0.02405884
0.9476154 -0.3193762 0.004882154 100.5446 0.3191484 0.9460956 -0.05520585 25.73569 0.01301245 0.05387205 0.998463 0.03740063
0.9474487 -0.3198422 0.006476201 100.9499 0.319708 0.9459475 -0.0544984 25.87021 0.01130474 0.05370492 0.9984928 0.06083355
0.9471775 -0.3206352 0.006913255 101.3599 0.3205107 0.9456105 -0.055622 25.9999 0.01129712 0.05489968 0.998428 0.07486174
0.9468885 -0.3214064 0.01000199 101.7657 0.3214358 0.9451879 -0.05743487 26.13097 0.009006174 0.05759942 0.9982991 0.08964889
0.9462621 -0.323208 0.01116298 102.1679 0.3233036 0.9445683 -0.05714413 26.26075 0.00792524 0.05768236 0.9983035 0.1070704
0.9456862 -0.3248332 0.01268445 102.5643 0.3250221 0.9440533 -0.05589165 26.39408 0.006180671 0.05697869 0.9983563 0.1210837
0.9449866 -0.3269266 0.01091935 102.9546 0.3270145 0.943386 -0.05553471 26.52704 0.00785461 0.05605035 0.9983971 0.1381134
0.9442626 -0.3289571 0.01246539 103.3514 0.3291278 0.9426435 -0.05566233 26.6643 0.006560104 0.05666256 0.9983718 0.1617031
0.9434137 -0.3313008 0.01450174 103.7514 0.3315822 0.9417658 -0.05594845 26.80042 0.004878521 0.05759106 0.9983283 0.1776327
0.9423485 -0.3341974 0.01707071 104.1395 0.3346241 0.9407216 -0.05540258 26.9334 0.002456618 0.05792081 0.9983181 0.1912464
0.9410082 -0.337927 0.01757715 104.5266 0.3383773 0.9393961 -0.05509973 27.08179 0.002107786 0.057797 0.9983261 0.2092228
0.939979 -0.3408251 0.01666898 104.9068 0.3412181 0.9383684 -0.05508993 27.2182 0.003134387 0.05747113 0.9983423 0.2181492
0.9385701 -0.344625 0.01788118 105.2907 0.3450819 0.9369694 -0.0548343 27.36115 0.002143146 0.0576363 0.9983354 0.245067
0.9368584 -0.3491879 0.01908113 105.6723 0.3497064 0.935254 -0.05482152 27.50552 0.001297312 0.05803279 0.9983138 0.2551429
0.9344347 -0.3555241 0.02084164 106.0472 0.3561345 0.9328171 -0.05496116 27.6443 9.857956e-05 0.05878004 0.9982709 0.2759208
0.9318723 -0.3621576 0.02135089 106.4173 0.3627864 0.9302422 -0.05509704 27.79131 9.231549e-05 0.05908922 0.9982527 0.2851894
0.9282805 -0.3711906 0.02264796 106.7913 0.3718806 0.9266375 -0.05520541 27.94976 -0.0004947223 0.05966844 0.9982181 0.3036772
0.9239766 -0.3818112 0.02207962 107.1543 0.3824473 0.9222535 -0.05641539 28.11512 0.001177017 0.06057078 0.9981632 0.3211452
0.9192539 -0.3930257 0.02242593 107.5149 0.3936613 0.9175048 -0.05670684 28.27539 0.001711345 0.06095621 0.998139 0.328099
0.9148951 -0.4030724 0.02235236 107.8716 0.4036844 0.913142 -0.05666412 28.44787 0.002428864 0.06086503 0.9981431 0.3451643
0.9100757 -0.4138504 0.0221393 108.2215 0.4144299 0.9083381 -0.05630263 28.61861 0.003190905 0.06041484 0.9981682 0.3577527
0.9049727 -0.4248949 0.02210885 108.5717 0.4254535 0.9032619 -0.05574277 28.78799 0.003714739 0.05985196 0.9982004 0.3797166
0.9002464 -0.4348688 0.02110692 108.919 0.4353493 0.8985403 -0.05564529 28.96384 0.00523299 0.05928336 0.9982275 0.3941904
0.8958465 -0.4438767 0.02079877 109.263 0.4443261 0.8941803 -0.0549192 29.14259 0.005779499 0.05844061 0.9982741 0.4019805
0.8921539 -0.4513275 0.01910414 109.5958 0.4516699 0.8905348 -0.05424177 29.31353 0.007467902 0.05702077 0.9983451 0.4167169
0.8895364 -0.4565217 0.01768739 109.9434 0.4567842 0.8879892 -0.05313427 29.48729 0.008550741 0.05534418 0.9984307 0.4263502
0.8872544 -0.4609097 0.01849435 110.2902 0.4612097 0.8857023 -0.05307851 29.66328 0.008083911 0.05562391 0.998419 0.4495411
0.8856646 -0.4639927 0.01757732 110.6319 0.464241 0.8841468 -0.05258306 29.83296 0.008857224 0.05473107 0.9984618 0.4560348
0.8846554 -0.4659493 0.01661428 110.9746 0.4661532 0.8832104 -0.05138685 30.00682 0.009269761 0.05320445 0.9985406 0.4740562
0.8842149 -0.4668814 0.01362854 111.3126 0.4669321 0.8828229 -0.05097032 30.18602 0.0117655 0.05143232 0.9986072 0.4845948
0.884783 -0.4658535 0.01181496 111.6587 0.4658138 0.8834161 -0.0509244 30.3539 0.01328578 0.05056062 0.9986326 0.5006449
0.885907 -0.4637147 0.01172842 112.0022 0.4636683 0.8845199 -0.0513432 30.52266 0.01343457 0.0509234 0.9986122 0.5180536
0.8872978 -0.4610994 0.009483469 112.3469 0.4609357 0.8859161 -0.05187653 30.69131 0.01551868 0.0504012 0.9986085 0.5307808
0.8888796 -0.4580477 0.009233405 112.6887 0.4578889 0.887542 -0.05105592 30.85733 0.01519102 0.04961044 0.9986531 0.5415559
0.8910846 -0.453756 0.008590238 113.0264 0.4535776 0.8897748 -0.05067869 31.02008 0.01535238 0.04905533 0.9986781 0.5553758
0.8935589 -0.4488837 0.007474638 113.385 0.4486595 0.8922701 -0.05058192 31.18388 0.01603601 0.04855149 0.9986919 0.5705346
0.8959214 -0.4441772 0.005610289 113.734 0.4438702 0.8946637 -0.05055833 31.3503 0.01743753 0.04778653 0.9987053 0.5795146
0.8985317 -0.4388818 0.004849063 114.0863 0.4385376 0.8972633 -0.05102165 31.50483 0.01804158 0.04797107 0.9986858 0.6015465
0.9009213 -0.433974 0.002721748 114.4446 0.433545 0.8997136 -0.05053617 31.66949 0.01948259 0.04670911 0.9987185 0.6056044
0.9039699 -0.4275947 -0.001133116 114.792 0.427015 0.9028761 -0.04972748 31.82537 0.02228627 0.04446828 0.9987622 0.6284565
0.907644 -0.4197311 -0.002852812 115.1607 0.419072 0.9065605 -0.0502662 31.98442 0.02368453 0.04442829 0.9987318 0.6421252
0.9113044 -0.4117172 -0.003639117 115.5368 0.4110213 0.9102124 -0.05074187 32.13859 0.02420367 0.04474553 0.9987051 0.6618909
0.9153538 -0.402642 -0.002629075 115.9073 0.4019997 0.9142257 -0.05086729 32.28809 0.02288487 0.04550467 0.998702 0.6697685
0.918888 -0.3945063 -0.003088276 116.2785 0.3938732 0.9178047 -0.04998466 32.44458 0.0225537 0.04471392 0.9987452 0.6855989
0.9222075 -0.3866725 -0.004192395 116.6642 0.3860196 0.9211826 -0.04910507 32.59338 0.02284954 0.04366672 0.9987848 0.6940059
0.9257776 -0.3780318 -0.005277695 117.0483 0.3773347 0.92476 -0.04937156 32.73859 0.02354462 0.04371563 0.9987665 0.7172846
0.9290317 -0.3699399 -0.006680913 117.4443 0.3691971 0.928053 -0.04910258 32.89247 0.02436525 0.04315128 0.9987714 0.7309769
0.9320371 -0.3623159 -0.005832101 117.8504 0.3616446 0.9310821 -0.04795026 33.0295 0.02280331 0.04258227 0.9988327 0.750343
0.9350234 -0.3545537 -0.004785782 118.2697 0.3539231 0.9340153 -0.04851689 33.17724 0.02167184 0.04367063 0.9988109 0.7691205
0.9377867 -0.3472064 -0.001975152 118.6976 0.3466887 0.9366703 -0.04955315 33.3273 0.01905524 0.04578552 0.9987695 0.7807979
0.9403604 -0.3401789 -0.0007558204 119.1314 0.339717 0.9391948 -0.05005566 33.46934 0.01773774 0.0468136 0.9987462 0.8042734
0.9424529 -0.3343371 0.001074088 119.5865 0.3339742 0.9412699 -0.04972097 33.62154 0.01561256 0.0472184 0.9987625 0.8133775
0.9442172 -0.3293224 0.0007601315 120.0451 0.3289467 0.9430248 -0.04998428 33.76727 0.01574412 0.04744606 0.9987497 0.8354784
0.9455854 -0.3253701 0.001571172 120.5162 0.3250313 0.944357 -0.05044096 33.92495 0.01492823 0.04820692 0.9987258 0.8618754
0.9466615 -0.3221779 0.005771556 120.9977 0.3220809 0.945529 -0.04731583 34.07388 0.00978694 0.04665098 0.9988633 0.8781267
0.947369 -0.3200554 0.007514283 121.5016 0.320059 0.9463185 -0.04520594 34.24226 0.007357501 0.04523172 0.9989494 0.9001858
0.9481169 -0.3177961 0.008942441 122.0083 0.3178662 0.9470499 -0.04536307 34.40488 0.005947268 0.04585199 0.9989305 0.9048742
0.9486693 -0.3161619 0.008258091 122.5281 0.3161957 0.9475594 -0.04638308 34.57397 0.006839528 0.04661338 0.9988896 0.9358793
0.949048 -0.3150414 0.007543258 123.0502 0.3150482 0.9479737 -0.04572104 34.741 0.007253208 0.04576795 0.9989257 0.9465764
0.9492074 -0.3145706 0.007113645 123.5853 0.3145505 0.9480903 -0.04672202 34.91442 0.007952994 0.04658648 0.9988826 0.9783768
0.9494318 -0.3139351 0.004894478 124.1295 0.3138046 0.9482957 -0.04755601 35.093 0.01028809 0.0466871 0.9988566 0.9983811
0.9495621 -0.3135104 0.006569632 124.6759 0.3134314 0.9482627 -0.05058526 35.27156 0.009629267 0.05009297 0.9986981 1.018108
0.9498714 -0.3126125 0.004209985 125.227 0.3123908 0.948487 -0.05276752 35.44565 0.01250267 0.05143752 0.9985979 1.034413
0.9501442 -0.3117798 0.004396007 125.7661 0.3115518 0.9486861 -0.05412778 35.62476 0.01270552 0.05279878 0.9985244 1.051169
0.9505383 -0.3105762 0.004406338 126.314 0.3103619 0.9491274 -0.0532226 35.79141 0.0123475 0.05195768 0.9985729 1.079002
0.9509119 -0.3094163 0.005308925 126.8633 0.3092603 0.9495337 -0.05238011 35.95737 0.01116626 0.05145071 0.9986131 1.097684
0.9514265 -0.307786 0.007443501 127.4093 0.3077606 0.9501302 -0.05036067 36.12679 0.008428013 0.05020529 0.9987034 1.11151
0.9518793 -0.3064139 0.006030818 127.9472 0.3063253 0.9506238 -0.04979115 36.28852 0.009523664 0.04924255 0.9987414 1.13713
0.9521974 -0.3054503 0.004507182 128.481 0.3052835 0.9509361 -0.05022263 36.46637 0.01105448 0.04919783 0.9987279 1.158415
0.9524485 -0.3046811 0.003340044 129.0277 0.3044396 0.9511267 -0.05171493 36.62634 0.01257976 0.05027266 0.9986563 1.176996
0.9526666 -0.3039863 0.004307018 129.5715 0.3037848 0.9512907 -0.05254186 36.80602 0.01187478 0.05136328 0.9986094 1.203788
0.9530441 -0.3027914 0.004936753 130.1165 0.3026202 0.9516429 -0.05288473 36.96984 0.01131502 0.05189544 0.9985884 1.222109
0.9535354 -0.3012146 0.006329033 130.6461 0.3011151 0.9521021 -0.05320873 37.1184 0.01000136 0.05264217 0.9985633 1.238984
0.953962 -0.2999064 0.003566776 131.1907 0.2996526 0.9525108 -0.0541418 37.28414 0.01284008 0.05271801 0.9985269 1.25815
0.954275 -0.2989188 0.00262362 131.7304 0.2986241 0.9528633 -0.05361947 37.44993 0.01352792 0.0519512 0.998558 1.271451
0.9546503 -0.2977251 -0.001619054 132.2691 0.2972159 0.9533088 -0.0535268 37.61866 0.01747973 0.05061817 0.9985651 1.304952
0.9549403 -0.2967845 -0.002819262 132.8153 0.2962411 0.9536874 -0.05216711 37.78475 0.01817108 0.04898129 0.9986344 1.312159
0.9551817 -0.2958995 -0.008445125 133.3561 0.2950992 0.9540713 -0.05161629 37.95348 0.02333049 0.04681078 0.9986313 1.340393
0.9557992 -0.2937502 -0.01259909 133.9095 0.2927721 0.9548117 -0.0511759 38.1176 0.02706269 0.04522522 0.9986102 1.364696
0.9565206 -0.2912881 -0.01481862 134.4776 0.2902282 0.9556164 -0.05064525 38.28273 0.02891327 0.04414244 0.9986067 1.386768
0.9572203 -0.2890287 -0.01384729 135.0527 0.2880378 0.9563239 -0.04978941 38.4492 0.02763306 0.04367089 0.9986637 1.407781
0.9579439 -0.28644 -0.01719586 135.6327 0.2853394 0.9571877 -0.0487156 38.62416 0.03041377 0.04176015 0.9986647 1.420265
0.9589306 -0.2826713 -0.02343436 136.2331 0.2814474 0.9585167 -0.04509002 38.79964 0.03520788 0.03664266 0.998708 1.445179
0.9594818 -0.2803714 -0.0280457 136.8456 0.2789587 0.9592161 -0.04567452 38.97798 0.03970772 0.03600027 0.9985626 1.480422
0.9602932 -0.2773818 -0.02993739 137.473 0.2757352 0.9599508 -0.0496441 39.15156 0.04250879 0.0394181 0.9983182 1.510788
0.9612396 -0.2740775 -0.02999804 138.1144 0.2723472 0.9608159 -0.05157467 39.32055 0.04295805 0.04140574 0.9982185 1.53833
0.9621737 -0.270817 -0.02966361 138.7611 0.269208 0.9618313 -0.04906619 39.49396 0.04181935 0.03922452 0.9983549 1.556253
0.9630014 -0.267767 -0.03048049 139.4129 0.2663004 0.9628421 -0.04493742 39.66983 0.04138066 0.03515784 0.9985247 1.5704
0.9639576 -0.2640414 -0.03267834 140.0827 0.2625659 0.9639387 -0.04337347 39.84757 0.04295231 0.03322997 0.9985244 1.600272
0.964673 -0.2611717 -0.03457312 140.7756 0.2595827 0.9646949 -0.04450395 40.03178 0.04497569 0.03395718 0.9984108 1.638106
0.9653731 -0.2593014 -0.02859293 141.4801 0.2576556 0.9648832 -0.05112669 40.20694 0.04084606 0.04198921 0.9982828 1.665149
0.9661215 -0.2571815 -0.02160773 142.207 0.2555861 0.9650267 -0.05830185 40.37552 0.03584619 0.05080403 0.9980651 1.699514
0.9671128 -0.2539222 -0.01470974 142.9317 0.2525405 0.9655156 -0.06327051 40.54618 0.03026827 0.05747491 0.997888 1.738864
0.9678363 -0.2509336 -0.0180353 143.6693 0.2491958 0.966042 -0.06829288 40.72512 0.03455984 0.061602 0.9975023 1.774598
0.9684804 -0.2487241 -0.01349287 144.4143 0.2472007 0.9663831 -0.07068027 40.91557 0.03061917 0.06511701 0.9974077 1.817147
0.9692668 -0.2459388 -0.005990554 145.1659 0.2449343 0.9670119 -0.06996425 41.07406 0.02299986 0.06634674 0.9975315 1.858785
0.9701547 -0.2424162 -0.005849725 145.9118 0.2415237 0.9681684 -0.06569848 41.25048 0.0215899 0.06232484 0.9978224 1.874468
0.9707761 -0.2395279 -0.01484007 146.6679 0.2383072 0.9694397 -0.05827755 41.43697 0.02834565 0.05303796 0.9981901 1.925541
0.9711843 -0.2381767 -0.008547394 147.4338 0.2373451 0.9698057 -0.05607557 41.61536 0.02164521 0.05243103 0.99839 1.987589
0.9717163 -0.2361128 -0.004270607 148.1943 0.2353487 0.9697448 -0.06485477 41.77898 0.01945444 0.06201535 0.9978856 2.006952
0.9726344 -0.23232 -0.003115047 148.9822 0.231416 0.9698706 -0.07614299 41.95856 0.02071073 0.07333843 0.9970921 2.040581
0.9728283 -0.2315172 -0.002209486 149.7661 0.2305938 0.9697161 -0.08048251 42.14988 0.02077566 0.07778618 0.9967536 2.110668
0.9730393 -0.2306045 0.004012316 150.5257 0.2302001 0.9699658 -0.07857694 42.31395 0.01422838 0.0773821 0.9969 2.153468
0.9734793 -0.228566 0.009779682 151.2958 0.2286497 0.9706414 -0.07466531 42.46799 0.007573385 0.07492125 0.9971607 2.21084
0.9740524 -0.2256389 0.01758116 152.0756 0.22632 0.9714789 -0.07076681 42.62276 -0.00111198 0.07290956 0.9973379 2.248105
0.9746362 -0.2212588 0.03359821 152.8578 0.2231939 0.971999 -0.07350095 42.77303 -0.01639469 0.0791356 0.996729 2.260629
0.9757162 -0.2173123 0.02744488 153.6238 0.2187389 0.973254 -0.07021395 42.9411 -0.01145248 0.07451215 0.9971544 2.321228
0.9766241 -0.2147735 0.008813483 154.3967 0.2149309 0.9750932 -0.05475184 43.12632 0.003165276 0.05536626 0.9984611 2.377568
0.976751 -0.2136705 0.01739302 155.1693 0.2142311 0.9758621 -0.04240572 43.27734 -0.00791234 0.04514595 0.9989491 2.398285
0.9772958 -0.2108838 0.02051877 155.9379 0.2116046 0.9763726 -0.04381511 43.41486 -0.01079408 0.04716218 0.9988289 2.405556
0.9789046 -0.2040153 0.01111729 156.7431 0.2043134 0.9770694 -0.05992734 43.57965 0.001363728 0.06093456 0.9981408 2.422491
0.9795265 -0.201285 0.003485304 157.5436 0.2010918 0.9774777 -0.06402522 43.75558 0.00948051 0.06341527 0.9979422 2.476636
0.9800337 -0.1988218 0.001957206 158.3149 0.1985505 0.9780781 -0.06277542 43.90742 0.01056682 0.06191063 0.9980258 2.533485
0.9808454 -0.1946829 0.006393993 159.0944 0.1947425 0.9793798 -0.05376213 44.04158 0.004204418 0.05397752 0.9985333 2.551707
0.9816763 -0.1904442 0.006520746 159.8855 0.1905219 0.9802812 -0.05244197 44.18139 0.003595106 0.05272339 0.9986027 2.602824
0.9824981 -0.1860668 0.00875291 160.6853 0.1862697 0.981137 -0.05170722 44.32136 0.001033189 0.05243264 0.9986239 2.61635
0.9833297 -0.1816908 0.007160006 161.4825 0.1818135 0.9819077 -0.05292575 44.45901 0.002585659 0.05334524 0.9985728 2.652849
0.9840612 -0.1776168 0.008707771 162.2788 0.1778297 0.9827726 -0.0503471 44.59044 0.0003847317 0.05109313 0.9986938 2.689105
0.9847633 -0.1737192 0.007926172 163.08 0.1738987 0.9835609 -0.04865613 44.72167 0.0006566336 0.04929313 0.9987841 2.712126
0.9854177 -0.1699134 0.009018321 163.8805 0.1701505 0.9842793 -0.04736203 44.84462 -0.0008291043 0.04820586 0.9988371 2.747164
0.9860691 -0.1659951 0.01064757 164.6936 0.1663145 0.9849514 -0.04701224 44.97422 -0.002683536 0.04812817 0.9988376 2.769072
0.9865257 -0.1631087 0.01275494 165.5043 0.1635229 0.9855137 -0.04497956 45.09772 -0.005233608 0.04645922 0.9989065 2.800226
0.9868606 -0.1609951 0.01366122 166.3211 0.1614317 0.9860066 -0.0416025 45.2208 -0.006772255 0.04326123 0.9990408 2.805763
0.9870463 -0.1600035 0.01176597 167.1312 0.1603316 0.9863895 -0.0364629 45.34929 -0.005771643 0.03787703 0.9992657 2.847367
0.9870635 -0.1597808 0.01326066 167.9527 0.1601434 0.9865267 -0.033456 45.47924 -0.007736364 0.0351468 0.9993522 2.845868
0.9870607 -0.1599284 0.01158145 168.7695 0.1602233 0.9865607 -0.03203852 45.60713 -0.00630193 0.03347958 0.9994195 2.868768
0.9871191 -0.1596446 0.01045818 169.5935 0.1599096 0.9865632 -0.033495 45.73672 -0.004970363 0.03473592 0.9993842 2.891395
0.9870288 -0.1602209 0.01016802 170.4232 0.1604733 0.9864874 -0.03303059 45.86747 -0.004738436 0.03423383 0.9994026 2.898771
0.9869477 -0.1606725 0.01089309 171.2484 0.1609564 0.9863638 -0.03434247 45.9964 -0.005226661 0.03564754 0.9993508 2.922624
0.9869466 -0.160579 0.01228085 172.079 0.1609131 0.9863688 -0.03440595 46.12693 -0.006588574 0.03593298 0.9993325 2.934632
0.9869514 -0.1605373 0.01243802 172.8948 0.1608756 0.986382 -0.03419546 46.24903 -0.006778991 0.03575023 0.9993378 2.957982
0.9870244 -0.159946 0.01414357 173.7162 0.1603405 0.9864913 -0.03355557 46.3657 -0.008585428 0.03538795 0.9993368 2.975115
0.9871569 -0.1589555 0.01595231 174.5421 0.1594058 0.9866714 -0.03270117 46.48883 -0.01054165 0.03482407 0.9993379 2.985071
0.9872608 -0.1583564 0.01547418 175.3515 0.1587864 0.9867843 -0.03230436 46.60679 -0.01015407 0.03434992 0.9993583 2.997132
0.9873918 -0.1575107 0.01573994 176.1619 0.1579543 0.9869047 -0.03270248 46.72248 -0.01038283 0.03477635 0.9993412 3.017096
0.9874029 -0.1572821 0.01725962 176.9797 0.1577793 0.9869316 -0.03273818 46.85094 -0.01188494 0.03504898 0.9993149 3.020837
0.9876092 -0.1561236 0.01591945 177.765 0.1565353 0.9872425 -0.02914042 46.97513 -0.01116685 0.0312713 0.9994485 3.021829
0.9876842 -0.1560764 0.01095945 178.5588 0.1563148 0.9873638 -0.02604075 47.09243 -0.006756622 0.02743316 0.9996008 3.048296
0.9875712 -0.1566293 0.01304857 179.3495 0.1569247 0.9872682 -0.02599718 47.20559 -0.008810524 0.02772171 0.9995769 3.047232
0.98764 -0.1564321 0.009806873 180.1321 0.1566488 0.9872612 -0.02786775 47.31976 -0.005322534 0.02905954 0.9995635 3.063811
0.9877419 -0.1558776 0.008248325 180.9146 0.15606 0.9872662 -0.03083865 47.44699 -0.003336236 0.03174786 0.9994903 3.077275
0.9875389 -0.1571805 0.007828698 181.6807 0.1573415 0.9871358 -0.02840366 47.56128 -0.003263487 0.0292815 0.9995659 3.07066
0.9874145 -0.1578734 0.009414407 182.4471 0.1580771 0.9870393 -0.0276601 47.67747 -0.004925596 0.02880019 0.9995731 3.092332
0.9872786 -0.1587833 0.008288558 183.2084 0.1589493 0.986935 -0.02634817 47.7981 -0.003996617 0.02733045 0.9996185 3.09004
0.9872091 -0.1592322 0.007951808 183.9673 0.1593935 0.9868276 -0.02765721 47.90908 -0.003443144 0.02857092 0.9995859 3.105517
0.9870619 -0.1600633 0.009404508 184.7176 0.1602693 0.9866658 -0.02835644 48.02037 -0.00474028 0.02949682 0.9995536 3.113001
0.9869018 -0.1609531 0.01091018 185.4655 0.1612032 0.9865147 -0.02832366 48.143 -0.006204266 0.02971142 0.9995393 3.114534
0.9867042 -0.162249 0.00949074 186.195 0.1624468 0.9863651 -0.02635941 48.25563 -0.005084546 0.02755068 0.9996075 3.117699
0.9864343 -0.1639067 0.009049961 186.9298 0.1640908 0.9860985 -0.02614966 48.37902 -0.00463805 0.02727994 0.9996171 3.130488
0.9861113 -0.1658591 0.008678574 187.6614 0.1660304 0.9857863 -0.02567506 48.50021 -0.004296779 0.02675937 0.9996327 3.138643
0.9859492 -0.1667298 0.01026857 188.3947 0.1669546 0.9855777 -0.02762148 48.60424 -0.005515148 0.02894776 0.9995657 3.166856
0.9857543 -0.1680464 0.006991314 189.1108 0.1681756 0.9853832 -0.02714403 48.72554 -0.002327669 0.02793311 0.9996071 3.135651
0.9855989 -0.1687286 0.01120526 189.8249 0.1689803 0.9852308 -0.02767562 48.83875 -0.006370098 0.02917052 0.9995542 3.157859
0.9854299 -0.1699219 0.007386313 190.5475 0.1700569 0.9851042 -0.025502 48.95326 -0.00294294 0.02638653 0.9996475 3.187078
0.9852425 -0.1708615 0.01017332 191.2584 0.1710742 0.98491 -0.02618705 49.0696 -0.005545445 0.02754099 0.9996053 3.158402
0.9850008 -0.1724181 0.00674267 191.977 0.1725401 0.9846082 -0.02787054 49.19342 -0.001833503 0.02861588 0.9995888 3.203926
0.9847167 -0.1739732 0.008141186 192.6919 0.174138 0.9842967 -0.02891462 49.31327 -0.002982973 0.02989041 0.9995487 3.192493
0.9845082 -0.1751961 0.007074398 193.4018 0.1753235 0.9841545 -0.02648459 49.42882 -0.002322304 0.0273146 0.9996242 3.237684
0.9842545 -0.1764537 0.01034994 194.115 0.1766521 0.9839994 -0.02322467 49.54297 -0.006086256 0.02468732 0.9996767 3.200911
0.9842126 -0.1766275 0.01132808 194.8355 0.1768459 0.9839784 -0.02262772 49.67174 -0.007149911 0.02427381 0.9996798 3.246113
0.9844205 -0.1757966 0.003438942 195.5489 0.1758302 0.9842465 -0.01850667 49.79068 -0.0001313572 0.01882301 0.9998228 3.200556
0.9843693 -0.17593 0.008101266 196.2789 0.1760707 0.98412 -0.02251686 49.90935 -0.004011227 0.0235913 0.9997137 3.221689
0.9843848 -0.1756957 0.01084553 197.0199 0.1759107 0.9841173 -0.02384786 50.02871 -0.006483304 0.02538332 0.9996568 3.246123
0.9844961 -0.1748656 0.01376113 197.7637 0.1751627 0.9842321 -0.02460612 50.1409 -0.009241381 0.02663506 0.9996025 3.244449
0.9845867 -0.1742243 0.01533153 198.5093 0.174557 0.9843546 -0.02400422 50.2632 -0.01090953 0.02631046 0.9995943 3.265357
0.9847475 -0.1734446 0.01375753 199.2713 0.1737224 0.9845366 -0.02253941 50.39334 -0.00963545 0.02458561 0.9996513 3.25296
0.9846129 -0.174021 0.01594368 200.026 0.1743423 0.9844471 -0.0216499 50.52615 -0.01192818 0.02409643 0.9996385 3.274072
0.9847581 -0.1732867 0.01493976 200.8015 0.173564 0.9846227 -0.01984387 50.6527 -0.01127135 0.02213442 0.9996915 3.285702
0.9848007 -0.1732185 0.01276451 201.5785 0.173453 0.9846309 -0.02039788 50.78108 -0.009035043 0.0223019 0.9997104 3.281555
0.9848147 -0.1725673 0.01898617 202.3702 0.1730186 0.9845898 -0.02545121 50.89845 -0.01430154 0.02834969 0.9994957 3.30473
0.9848351 -0.1727119 0.01644607 203.17 0.1731184 0.9845096 -0.02776028 51.03921 -0.01139679 0.03018641 0.9994793 3.300597
0.9850132 -0.1720704 0.01186065 203.968 0.1723317 0.9846824 -0.02649946 51.18119 -0.007119201 0.02814628 0.9995785 3.317459
0.9850326 -0.1719391 0.01215905 204.7552 0.172176 0.9848144 -0.02227448 51.31248 -0.008144555 0.02403458 0.999678 3.327943
0.9851527 -0.1713554 0.01055533 205.5551 0.1715487 0.9849418 -0.02146455 51.43926 -0.006718319 0.02295662 0.9997139 3.338931
0.9856884 -0.1683867 0.008015896 206.3698 0.1685379 0.9853716 -0.02525547 51.55824 -0.003645953 0.026245 0.9996489 3.347737
0.9857798 -0.1678738 0.007529995 207.1675 0.168025 0.9853351 -0.02970422 51.69236 -0.002433008 0.03054705 0.9995304 3.363822
0.9859083 -0.1671196 0.007466729 207.9604 0.1672697 0.9854573 -0.02991142 51.81535 -0.002359358 0.03073887 0.9995247 3.371884
0.9860736 -0.1661843 0.006459448 208.7495 0.1663018 0.9856629 -0.02849953 51.93883 -0.001630662 0.02917685 0.9995729 3.371468
0.9861389 -0.1658141 0.005982274 209.5413 0.1659182 0.9857197 -0.02876936 52.06545 -0.00112648 0.02936315 0.9995682 3.391177
0.9861223 -0.1657908 0.008738152 210.318 0.1659836 0.9856498 -0.0307237 52.18592 -0.003519051 0.03174771 0.9994897 3.410376
0.9861194 -0.1658894 0.007005387 211.0973 0.1660314 0.9855615 -0.03320144 52.31846 -0.001396471 0.0339037 0.9994241 3.41317
0.9861025 -0.1658848 0.009173963 211.863 0.1660983 0.9855733 -0.03250923 52.44175 -0.003648824 0.03358121 0.9994293 3.422526
0.9860379 -0.1662971 0.008636178 212.6359 0.1664871 0.985558 -0.03094322 52.56376 -0.003365688 0.03194899 0.9994838 3.437579
0.9859406 -0.1667357 0.01096993 213.4113 0.1669936 0.9855095 -0.02973131 52.6883 -0.005853698 0.03114522 0.9994977 3.44084
0.9859993 -0.1665805 0.007503639 214.1596 0.1667302 0.9855697 -0.02921044 52.8026 -0.002529469 0.03005256 0.9995451 3.458327
0.9859365 -0.1669226 0.00813396 214.9293 0.1670879 0.9855379 -0.02822636 52.92735 -0.003304709 0.02918848 0.9995685 3.462359
0.9859113 -0.166959 0.01018014 215.6783 0.1671668 0.98561 -0.02505953 53.04235 -0.005849736 0.02640826 0.9996341 3.509555
0.9857328 -0.167804 0.01313981 216.4473 0.1680579 0.9855433 -0.02146961 53.16426 -0.009347163 0.02337155 0.9996831 3.50698
0.9856951 -0.168228 0.01022854 217.1908 0.1683888 0.9855621 -0.0176794 53.28439 -0.007106687 0.01914887 0.9997914 3.456608
0.9855477 -0.169112 0.009846814 217.9622 0.1692875 0.9853405 -0.02111998 53.41502 -0.006130822 0.02248169 0.9997284 3.518745
0.9852709 -0.1705965 0.01175265 218.7303 0.170833 0.9850208 -0.02346387 53.53361 -0.007573752 0.025126 0.9996556 3.520084
0.9852032 -0.1707894 0.01434148 219.5047 0.1711581 0.9847724 -0.03046269 53.65289 -0.008920388 0.03246659 0.999433 3.507017
0.9850658 -0.1715684 0.01448108 220.2658 0.1719452 0.9846225 -0.03087835 53.78181 -0.008960644 0.03290715 0.9994183 3.521846
0.9848574 -0.1727104 0.01506694 221.0372 0.1730618 0.9845568 -0.02641319 53.91346 -0.01027242 0.02862073 0.9995376 3.532109
0.9845352 -0.1745068 0.01542258 221.8002 0.1747978 0.9843987 -0.02012227 54.04038 -0.01167049 0.02250692 0.9996786 3.524525
0.9844142 -0.1751769 0.01555082 222.5882 0.1754889 0.9842424 -0.02168763 54.17535 -0.01150661 0.02407861 0.9996439 3.559658
0.9840605 -0.177348 0.01313653 223.3723 0.1776037 0.9838588 -0.02187474 54.31271 -0.009045051 0.02385916 0.9996744 3.55443
0.9839296 -0.1778933 0.01537985 224.1659 0.1782149 0.9837236 -0.02295806 54.44529 -0.01104544 0.02533003 0.9996181 3.566087
0.9837051 -0.1792163 0.01434734 224.9596 0.1795038 0.983507 -0.02219037 54.58134 -0.01013384 0.02440418 0.9996508 3.584544
0.9835032 -0.1801023 0.01687313 225.7766 0.180471 0.9832941 -0.02372519 54.72438 -0.01231829 0.0263789 0.9995761 3.586693
0.9833626 -0.1810203 0.01515111 226.591 0.1813403 0.983142 -0.02340152 54.86248 -0.01065954 0.02575969 0.9996113 3.584964
0.9831121 -0.1820129 0.01902373 227.4241 0.1824523 0.9829046 -0.02469301 55.0119 -0.01420407 0.02774692 0.999514 3.581658
0.9828588 -0.1833053 0.01969228 228.2473 0.183763 0.9826603 -0.02469337 55.15319 -0.01482439 0.02788881 0.9995011 3.633145
0.9827467 -0.1836931 0.02158095 229.0855 0.184208 0.9825708 -0.02494788 55.28328 -0.01662206 0.02849283 0.9994558 3.628931
0.9826018 -0.1837542 0.02698481 229.9158 0.1844261 0.9825294 -0.02495748 55.4239 -0.02192733 0.02949996 0.9993243 3.626013
0.982296 -0.1847024 0.03129666 230.7625 0.1854966 0.9823344 -0.02470186 55.57686 -0.02618129 0.03006996 0.9992049 3.67885
0.982083 -0.1858046 0.03145747 231.6054 0.1865603 0.9821726 -0.0230658 55.72253 -0.02661094 0.02852125 0.9992389 3.662131
0.9819372 -0.1864352 0.03226875 232.4531 0.1871779 0.9820853 -0.02174657 55.88066 -0.02763634 0.02739376 0.9992426 3.659966
0.9815313 -0.1891159 0.02883421 233.2949 0.189593 0.9817513 -0.01479767 56.04317 -0.02550955 0.01999115 0.9994746 3.66966
0.9811776 -0.1912825 0.02648469 234.1405 0.1916441 0.9813931 -0.01183972 56.1963 -0.02372716 0.0166925 0.9995791 3.661145
0.9810448 -0.192211 0.02462007 234.9727 0.1925822 0.9811852 -0.01369325 56.34697 -0.02152486 0.01817508 0.9996031 3.659491
0.9810076 -0.1931083 0.01825703 235.8128 0.1934381 0.9809388 -0.01845002 56.51101 -0.01434618 0.02163121 0.9996631 3.675725
0.9806137 -0.195008 0.01919899 236.652 0.1953757 0.9805324 -0.01960648 56.67689 -0.01500181 0.02297739 0.9996234 3.668346
0.9801799 -0.1970927 0.0200469 237.4812 0.1974692 0.9801263 -0.01893695 56.83027 -0.01591616 0.02252026 0.9996197 3.684265
0.9796343 -0.1995905 0.02191292 238.3095 0.1999657 0.979664 -0.01650062 56.98776 -0.01817393 0.02054641 0.9996237 3.67143
0.9791191 -0.2018109 0.0244566 239.119 0.2022554 0.9791803 -0.01728703 57.14574 -0.02045871 0.02187254 0.9995514 3.674864
0.9785695 -0.2045145 0.02399035 239.9337 0.2049845 0.9785789 -0.0190945 57.30479 -0.01957135 0.02360294 0.9995298 3.686578
0.9779558 -0.2074726 0.02361229 240.748 0.2079889 0.9778832 -0.02202092 57.47674 -0.01852133 0.02644658 0.9994786 3.669675
0.9774584 -0.209953 0.02224494 241.546 0.2104974 0.9772522 -0.02586968 57.63969 -0.0163075 0.02996904 0.9994178 3.711946
0.9768919 -0.2129953 0.01775678 242.3311 0.2134112 0.9766093 -0.02626501 57.8106 -0.01174711 0.02944757 0.9994973 3.722198
0.9763429 -0.2157043 0.01503777 243.1146 0.216064 0.9759479 -0.0290209 57.97403 -0.008416151 0.03158347 0.9994657 3.66294
0.9754466 -0.2192327 0.02100072 243.8879 0.2197646 0.9751596 -0.02769965 58.15503 -0.01440639 0.03163474 0.9993957 3.678484
0.9748107 -0.2221387 0.0199606 244.658 0.2225578 0.9746708 -0.02202451 58.32529 -0.01456251 0.02591212 0.9995582 3.7373
0.9743598 -0.2245631 0.0139433 245.4168 0.2247639 0.9742972 -0.01504606 58.4833 -0.01020613 0.01779423 0.9997896 3.686285
0.9737564 -0.2270083 0.0163004 246.1754 0.2272233 0.9737583 -0.01281869 58.65656 -0.0129627 0.01618611 0.9997849 3.67972
0.9731224 -0.2297211 0.01615813 246.9325 0.2299542 0.9730943 -0.01443763 58.8228 -0.01240676 0.01776521 0.9997652 3.73594
0.9725049 -0.2321356 0.01863797 247.6773 0.2324719 0.9724269 -0.01851957 58.99259 -0.01382501 0.02234317 0.9996548 3.704611
0.9719166 -0.2345306 0.01932711 248.4235 0.2349034 0.971813 -0.02000858 59.17187 -0.01408971 0.02398667 0.999613 3.719792
0.9712473 -0.2374866 0.01669881 249.1576 0.2377914 0.9711193 -0.01955075 59.34369 -0.0115735 0.02295945 0.9996694 3.706581
0.9706374 -0.2399356 0.0171445 249.8832 0.2402651 0.9704846 -0.02079293 59.51695 -0.01164951 0.02430162 0.9996368 3.701186
0.9700554 -0.2424241 0.01493366 250.6014 0.242707 0.9698606 -0.0215403 59.69343 -0.009261675 0.02451979 0.9996564 3.724707
0.969395 -0.2453001 0.01005955 251.3232 0.2454641 0.969174 -0.02118797 59.88019 -0.004552042 0.02300877 0.9997249 3.710085
0.9687036 -0.2481992 0.00324112 252.0298 0.2482178 0.9685504 -0.01725757 60.06489 0.001144128 0.01752198 0.9998458 3.766038
0.9678957 -0.2513112 -0.004533936 252.7157 0.2512753 0.9678884 -0.007261103 60.24699 0.006213141 0.005888724 0.9999633 3.629066
0.9669774 -0.2547825 -0.006368337 253.4045 0.2548119 0.9669811 0.00431856 60.44333 0.005057767 -0.005798678 0.9999704 3.617913
0.966234 -0.2572077 -0.01536606 254.1196 0.2573087 0.9663165 0.004972352 60.62413 0.01356955 -0.008758277 0.9998696 3.762503
0.965079 -0.2613955 -0.01717202 254.8487 0.2613412 0.9652315 -0.005369841 60.83154 0.01797863 0.0006945652 0.9998381 3.750473
0.9645426 -0.2634656 -0.01560159 255.573 0.2629912 0.9644153 -0.02718062 61.01761 0.02220757 0.02211379 0.9995088 3.741617
0.964286 -0.2634256 -0.02755905 256.273 0.2621972 0.9641244 -0.04143525 61.1959 0.03748545 0.03272953 0.9987611 3.697854
0.9633686 -0.2666512 -0.02860198 256.9519 0.2655153 0.9633529 -0.03811268 61.40145 0.03771659 0.0291223 0.9988641 3.705718
0.9625844 -0.2693822 -0.02940126 257.6323 0.2686102 0.9628503 -0.02771143 61.58677 0.03577398 0.01877712 0.9991835 3.69463
0.9622161 -0.2710115 -0.02632371 258.3167 0.2704937 0.9624788 -0.02163304 61.75994 0.03119881 0.01369526 0.9994194 3.736621
0.9616346 -0.2726701 -0.03016483 259.011 0.2720119 0.9619896 -0.02419261 61.94877 0.03561486 0.01505926 0.9992521 3.748121
0.9609944 -0.2746996 -0.03209067 259.6879 0.2739094 0.961378 -0.0269463 62.14539 0.0382534 0.01710531 0.9991217 3.75423
0.9606103 -0.2759748 -0.03264539 260.3734 0.2751612 0.96101 -0.02731797 62.33408 0.03891162 0.01725918 0.9990936 3.757215
0.9600798 -0.2774979 -0.03523786 261.0414 0.2768035 0.9606427 -0.02335382 62.51998 0.04033162 0.01266757 0.999106 3.763037
0.9600023 -0.2780573 -0.03285969 261.7046 0.2774148 0.9604795 -0.02280851 62.70695 0.03790313 0.01278046 0.9991997 3.765712
0.9595494 -0.2792951 -0.03548422 262.3596 0.2786304 0.9601332 -0.02256974 62.89412 0.04037319 0.0117698 0.9991153 3.773302
0.9595688 -0.2792436 -0.03536515 263.0311 0.2786449 0.9601655 -0.02095668 63.07256 0.03980841 0.01025506 0.9991547 3.793458
0.9596002 -0.2796117 -0.03137948 263.6702 0.2791945 0.9600831 -0.01706154 63.24392 0.03489751 0.007611277 0.9993619 3.755265
0.9596624 -0.2795396 -0.03009618 264.3272 0.2792053 0.9601161 -0.01487482 63.42342 0.03305393 0.00587179 0.9994363 3.788407
0.9597614 -0.278887 -0.03286614 264.9659 0.2785628 0.9603138 -0.0141535 63.60978 0.03550903 0.004428697 0.9993595 3.767183
0.9599752 -0.2781052 -0.03324454 265.5999 0.2776862 0.9605265 -0.01671094 63.79039 0.03657965 0.006810538 0.9993075 3.768533
0.9601332 -0.2774715 -0.03396812 266.2392 0.2769792 0.9606974 -0.01852464 63.96207 0.03777315 0.008377662 0.9992512 3.78751
0.9607855 -0.2757283 -0.02941275 266.863 0.2752528 0.9611796 -0.01922478 64.12288 0.03357175 0.01037495 0.9993824 3.78095
0.9614299 -0.2736271 -0.02794217 267.4882 0.2731553 0.9617708 -0.01957317 64.28986 0.03222971 0.01118568 0.9994179 3.787294
0.9623015 -0.27076 -0.02578543 268.1041 0.2702932 0.9625661 -0.02019843 64.456 0.03028911 0.01246735 0.9994634 3.773088
0.9629967 -0.2681345 -0.02722638 268.7167 0.267619 0.9632926 -0.02114924 64.6184 0.03189782 0.01308035 0.9994056 3.782261
0.9636773 -0.2659601 -0.02431788 269.3361 0.26548 0.9638819 -0.02126083 64.77879 0.02909409 0.01403267 0.9994782 3.787107
0.9643818 -0.2635925 -0.02206483 269.9414 0.2631412 0.9645203 -0.02138181 64.9269 0.02691807 0.01481406 0.9995279 3.794968
0.9650488 -0.2614806 -0.01756652 270.5516 0.2610369 0.9650285 -0.02407554 65.07702 0.02324748 0.01864856 0.9995558 3.808902
0.965804 -0.2589082 -0.01375818 271.1573 0.2584215 0.9655724 -0.02980653 65.22751 0.02100167 0.02523186 0.999461 3.805388
0.9664049 -0.2568716 -0.008857348 271.7492 0.2563972 0.9658802 -0.03654969 65.37192 0.01794371 0.0330508 0.9992926 3.813761
0.9671894 -0.2538496 -0.01024758 272.3561 0.2532426 0.9665326 -0.04102103 65.52518 0.02031779 0.03707998 0.9991058 3.818286
0.9676104 -0.2523338 -0.007602408 272.9482 0.2517789 0.9667984 -0.04368179 65.67045 0.01837239 0.04035283 0.9990166 3.844607
0.9681056 -0.250476 -0.005776061 273.5299 0.2500041 0.9672788 -0.04324059 65.80559 0.01641779 0.04041741 0.999048 3.851102
0.9690263 -0.2469277 -0.003829645 274.1078 0.2465288 0.9681416 -0.04387936 65.94101 0.01454267 0.04157614 0.9990295 3.869882
0.9698206 -0.2437807 -0.004354189 274.6931 0.2433707 0.9689637 -0.04335989 66.08193 0.01478936 0.04099163 0.99905 3.880913
0.9706241 -0.2404813 -0.007579578 275.2786 0.2399395 0.9698101 -0.0435557 66.21676 0.01782509 0.04045758 0.9990222 3.89494
0.9715132 -0.2367378 -0.01083276 275.8524 0.2360651 0.970753 -0.04372289 66.35206 0.0208668 0.03992013 0.998985 3.915769
0.9729185 -0.2308314 -0.01210675 276.4243 0.2300927 0.9721453 -0.04461966 66.48087 0.02206914 0.04062561 0.9989307 3.944986
0.974414 -0.2240986 -0.01724036 277.0063 0.2231024 0.9736755 -0.04670637 66.60135 0.02725335 0.04166497 0.9987599 3.948978
0.9761248 -0.2164608 -0.01803096 277.581 0.2153871 0.9753236 -0.04850298 66.72278 0.02808501 0.04346133 0.9986603 3.968045
0.9777399 -0.208556 -0.02300279 278.1568 0.2072395 0.9770342 -0.04955977 66.83688 0.03281049 0.04368948 0.9985062 3.993721
0.9794273 -0.1999881 -0.02695981 278.7344 0.1985393 0.9788864 -0.04861873 66.92805 0.03611376 0.04226593 0.9984535 3.998106
0.9810508 -0.1919565 -0.02630473 279.305 0.1906433 0.9805969 -0.04566134 67.04082 0.03455933 0.03978128 0.9986106 4.015738
0.9825103 -0.1834284 -0.03205591 279.8669 0.1819741 0.9823369 -0.04358211 67.13087 0.0394839 0.03698653 0.9985355 4.027662
0.9840455 -0.1747169 -0.0335919 280.4249 0.1732968 0.9840004 -0.04136638 67.22355 0.04028185 0.03488503 0.9985792 4.055402
0.9853964 -0.1665161 -0.03558408 280.9915 0.1651362 0.9855096 -0.03874286 67.30804 0.04151976 0.03230085 0.9986154 4.054147
0.9866433 -0.1582548 -0.03860484 281.5552 0.1567516 0.9868562 -0.03929185 67.37206 0.04431555 0.03271567 0.9984818 4.088435
0.9879082 -0.1499248 -0.03949587 282.1147 0.1483552 0.9881221 -0.04007223 67.46864 0.04503455 0.03372827 0.9984159 4.091642
0.9891481 -0.1400467 -0.0444186 282.6704 0.1383477 0.9896046 -0.03927317 67.53016 0.04945693 0.03270176 0.9982408 4.095286
0.9902071 -0.1301997 -0.05037672 283.2216 0.1283401 0.9909806 -0.03855169 67.60185 0.05494177 0.0317088 0.997986 4.120369
0.9916062 -0.119306 -0.04983295 283.7726 0.1174961 0.9923536 -0.03780219 67.64459 0.05396193 0.0316297 0.9980419 4.121892
0.9929272 -0.1076882 -0.04998892 284.32 0.105871 0.9936655 -0.0376855 67.68813 0.05373055 0.03212658 0.9980385 4.141277
0.9942002 -0.0958588 -0.04875433 284.8672 0.09415796 0.9949038 -0.03606663 67.72323 0.05196317 0.03126685 0.9981594 4.138742
0.994975 -0.08538988 -0.05228149 285.4171 0.08368565 0.9959131 -0.03396579 67.7578 0.05496816 0.0294199 0.9980546 4.161304
0.9957813 -0.07407871 -0.05414705 285.9533 0.07236825 0.9968352 -0.03289775 67.79143 0.05641271 0.02884044 0.9979909 4.162905
0.9967074 -0.06333258 -0.050629 286.4962 0.06166888 0.9975249 -0.03377528 67.80875 0.05264278 0.03054184 0.9981462 4.180392
0.9975292 -0.05304629 -0.04605997 287.0362 0.05152803 0.9981078 -0.03354784 67.8206 0.04775241 0.03109157 0.9983752 4.188815
0.9981061 -0.04336229 -0.0436346 287.5734 0.04187118 0.9985263 -0.03452551 67.83585 0.0450674 0.03263309 0.9984508 4.196448
0.9982709 -0.03479796 -0.04737526 288.1074 0.03298173 0.9987104 -0.03859374 67.84442 0.04865716 0.03696449 0.9981313 4.216469
0.9985175 -0.02802796 -0.04666125 288.6651 0.026007 0.9987205 -0.04336897 67.84583 0.0478171 0.04209116 0.9979689 4.223846
0.9989213 -0.02393806 -0.03979082 289.204 0.02197747 0.998557 -0.04900006 67.84164 0.04090637 0.0480727 0.9980059 4.233307
0.9993233 -0.01967811 -0.03107641 289.7495 0.0178319 0.998122 -0.0586077 67.81895 0.03217133 0.05801389 0.9977973 4.283911
0.9997028 -0.01828171 -0.01612826 290.3061 0.01718813 0.9977033 -0.06551906 67.82013 0.01728902 0.06522238 0.997721 4.289535
0.9997414 -0.01895787 -0.01256085 290.8292 0.01810739 0.9977421 -0.06467377 67.82913 0.01375856 0.0644296 0.9978274 4.286709
0.9996847 -0.02234475 -0.01145481 291.3764 0.02168194 0.9982486 -0.05504368 67.87397 0.01266468 0.05477796 0.9984182 4.311865
0.9995589 -0.02693296 -0.01251918 291.8879 0.02633209 0.9985985 -0.04590855 67.88741 0.01373809 0.04555864 0.9988672 4.321326
0.9994722 -0.03197992 -0.005713978 292.4067 0.03176976 0.9989268 -0.0337072 67.89424 0.006785798 0.03350787 0.9994154 4.353408
0.9992363 -0.03899875 -0.00243551 292.9248 0.03892313 0.9989094 -0.02578914 67.90602 0.003438598 0.02567465 0.9996644 4.364624
0.9989727 -0.04525127 -0.002434948 293.4492 0.04516757 0.998602 -0.02745316 67.9146 0.003673834 0.02731498 0.9996201 4.373499
0.9986188 -0.05252098 -0.001402739 293.9834 0.05244779 0.9980949 -0.03249165 67.94784 0.00310656 0.0323732 0.999471 4.390844
0.9980933 -0.06168745 0.002086727 294.5108 0.06172268 0.9974757 -0.03510785 67.98455 8.425373e-05 0.03516971 0.9993814 4.386886
0.9975808 -0.06913169 0.007300067 295.0269 0.06934894 0.9969573 -0.03559205 68.0188 -0.004817317 0.03601219 0.9993398 4.40974
0.9970197 -0.07683293 0.006954583 295.5399 0.07701296 0.996547 -0.03103284 68.05817 -0.004546225 0.03147595 0.9994942 4.385661
0.9963149 -0.08550239 0.006770754 296.0451 0.08566158 0.9959186 -0.02843181 68.10829 -0.004312131 0.02890703 0.9995728 4.4148
0.9955702 -0.09382561 0.0060627 296.5493 0.0939614 0.9951665 -0.0285482 68.14997 -0.003354843 0.0289914 0.999574 4.421793
0.9948971 -0.1006598 0.006875828 297.0478 0.1008068 0.9945612 -0.02619093 68.19714 -0.00420206 0.02675041 0.9996333 4.41267
0.9941441 -0.1079076 0.005777104 297.5542 0.108018 0.9938453 -0.02456958 68.25134 -0.003090302 0.02504974 0.9996814 4.433228
0.9934357 -0.1142614 0.005470078 298.0587 0.1143653 0.9931043 -0.02577243 68.30254 -0.002487564 0.02622884 0.9996529 4.423447
0.992709 -0.1203819 0.006092349 298.5593 0.1205053 0.9923272 -0.02765904 68.35452 -0.002715957 0.02819154 0.9995989 4.448685
0.9915982 -0.1291043 0.008066356 299.0562 0.1292732 0.9912661 -0.02607853 68.43303 -0.004629054 0.02690219 0.9996274 4.435091
0.9906031 -0.1363823 0.01026419 299.5423 0.1366121 0.9902657 -0.02666306 68.50511 -0.006527908 0.02781472 0.9995918 4.450478
0.9896054 -0.143653 0.006710389 300.0341 0.1437781 0.9892875 -0.02525838 68.57695 -0.003010063 0.02596063 0.9996584 4.458076
0.9883993 -0.1516415 0.00846071 300.5265 0.1518137 0.9880636 -0.0261343 68.65788 -0.004396677 0.02711557 0.9996226 4.441735
0.9872029 -0.159465 0.001153184 301.0147 0.1594225 0.9867132 -0.03133142 68.74381 0.003858403 0.03111432 0.9995084 4.486262
0.9859678 -0.1669053 0.003176591 301.5115 0.1669066 0.9852642 -0.03737608 68.8277 0.003108484 0.03738181 0.9992962 4.476752
0.9845675 -0.1748703 0.006874615 301.9963 0.1750053 0.9838432 -0.03775713 68.9121 -0.0001609435 0.03837754 0.9992633 4.504616
0.9832747 -0.1818549 0.009985493 302.4749 0.1821128 0.9824382 -0.04062598 68.98952 -0.002422096 0.04176498 0.9991245 4.493649
0.9819705 -0.1887546 0.010274 302.9546 0.1890168 0.9811634 -0.03988673 69.09088 -0.002551668 0.04110955 0.9991514 4.499527
0.9809287 -0.194269 0.006195798 303.425 0.1943631 0.9801866 -0.0381742 69.19067 0.001343025 0.0386504 0.9992519 4.512548
0.9800703 -0.1986472 0.001213918 303.8941 0.1985741 0.9795033 -0.03378839 69.28958 0.005522929 0.03335604 0.9994283 4.519711
0.9792997 -0.2024137 0.0009154407 304.3729 0.2023276 0.9787297 -0.0339352 69.38531 0.005972981 0.03341796 0.9994236 4.551284
0.9782751 -0.2072038 0.006665125 304.8521 0.2073091 0.9776258 -0.0356465 69.47282 0.0008700907 0.03625382 0.9993423 4.567719
0.9777293 -0.2096756 0.00902647 305.3356 0.2098678 0.977002 -0.03771868 69.5644 -0.0009101904 0.03877303 0.9992476 4.566067
0.9772285 -0.2120417 0.007927118 305.8151 0.2121895 0.9764879 -0.03804016 69.67206 0.0003253643 0.03885598 0.9992447 4.561644
0.9764541 -0.2156795 0.004451406 306.296 0.2156921 0.9757332 -0.037705 69.77834 0.00378881 0.03777733 0.999279 4.580585
0.9760885 -0.2173692 0.001338369 306.7705 0.2172775 0.975457 -0.03570084 69.88495 0.006454741 0.03513797 0.9993616 4.588248
0.9758628 -0.2183693 0.002581578 307.2566 0.2183378 0.9753408 -0.03223465 69.98447 0.004521142 0.03202026 0.999477 4.600808
0.9754058 -0.2203103 0.00684517 307.7551 0.2204164 0.9749823 -0.02874903 70.08511 -0.0003402096 0.02955076 0.9995632 4.612326
0.9750755 -0.2217603 0.007071451 308.2607 0.2218722 0.9746634 -0.0283561 70.18908 -0.0006040263 0.0292183 0.9995729 4.615834
0.9749346 -0.2224116 0.005974476 308.7701 0.2224913 0.9745218 -0.02837355 70.3037 0.0004883511 0.02899163 0.9995795 4.621614
0.974803 -0.2230603 0.001799205 309.2821 0.2230242 0.9744226 -0.02758272 70.42408 0.004399425 0.02728899 0.9996179 4.632376
0.9746985 -0.2234682 0.004972896 309.8094 0.2235188 0.9742934 -0.02814004 70.53986 0.001443345 0.0285396 0.9995916 4.64277
0.9747431 -0.2231863 0.007984345 310.3544 0.2233287 0.9741805 -0.03311146 70.6551 -0.0003881697 0.0340583 0.9994197 4.680607
0.9749944 -0.2220937 0.007763303 310.8927 0.2222292 0.9743656 -0.03501349 70.76756 0.0002119795 0.03586319 0.9993567 4.662491
0.9752722 -0.220905 0.006715022 311.4379 0.221006 0.9747247 -0.03268301 70.88361 0.0006745416 0.03335889 0.9994432 4.671792
0.975508 -0.2199488 0.002565352 311.9827 0.2199236 0.9750407 -0.03048336 71.00888 0.004203457 0.03030095 0.999532 4.677648
0.9759006 -0.2182033 0.002314965 312.5507 0.2181828 0.9755148 -0.02769875 71.13215 0.003785677 0.02753631 0.9996136 4.687947
0.9763227 -0.2163057 0.002413777 313.1159 0.216299 0.9760178 -0.02457385 71.25115 0.002959576 0.0245141 0.9996951 4.701354
0.9769683 -0.2133724 0.002251135 313.703 0.2133577 0.9766258 -0.02608537 71.3688 0.003367383 0.02596488 0.9996572 4.717289
0.9774915 -0.2109744 -0.0003379339 314.2931 0.2108769 0.9770859 -0.02888491 71.4957 0.006424167 0.02816349 0.9995827 4.724129
0.9779978 -0.2085941 -0.002946212 314.8977 0.208389 0.9774984 -0.03272491 71.62266 0.00970614 0.03139094 0.99946 4.736969
0.9782996 -0.207028 -0.008321228 315.4923 0.2066659 0.9778821 -0.03218188 71.74622 0.01479973 0.02976381 0.9994474 4.735816
0.9787606 -0.204824 -0.008651646 316.1059 0.2044631 0.9783671 -0.03150969 71.87025 0.01491842 0.0290715 0.999466 4.762363
0.9790235 -0.2034497 -0.01101449 316.7304 0.2030676 0.978742 -0.0287671 71.99178 0.016633 0.02592698 0.9995254 4.769984
0.9791057 -0.2030884 -0.01035525 317.3568 0.202747 0.978851 -0.02728428 72.11606 0.01567737 0.02461469 0.9995741 4.775731
0.9790223 -0.2033984 -0.01201832 317.9874 0.2030632 0.9788584 -0.02452674 72.24162 0.01675294 0.02157175 0.9996269 4.78822
0.9789473 -0.2035871 -0.01464818 318.6256 0.2032054 0.9788411 -0.02403173 72.37182 0.01923079 0.02054921 0.9996039 4.798038
0.9788885 -0.2037946 -0.01565537 319.2681 0.2033661 0.9787753 -0.02531951 72.50479 0.02048307 0.02160121 0.9995568 4.812907
0.9786509 -0.2048095 -0.01718659 319.9181 0.2043285 0.9785515 -0.02620314 72.63602 0.02218462 0.02213202 0.9995089 4.820845
0.9785118 -0.2057489 -0.01349292 320.5782 0.2053496 0.978336 -0.0262734 72.77231 0.01860633 0.02293807 0.9995638 4.83638
0.9784312 -0.2060803 -0.0142623 321.2503 0.2056565 0.9782618 -0.02662727 72.90417 0.01943962 0.02311981 0.9995437 4.819525
0.9784939 -0.205822 -0.01367526 321.9093 0.2054178 0.9783208 -0.02631049 73.0387 0.01879406 0.02293551 0.9995603 4.853148
0.9786841 -0.2047529 -0.01593073 322.5844 0.2043347 0.9785938 -0.02452728 73.16676 0.02061174 0.02074926 0.9995722 4.85737
0.9789709 -0.2037255 -0.01058054 323.2726 0.2033748 0.9787143 -0.02751118 73.29977 0.01596006 0.02478083 0.9995655 4.89084
0.9791555 -0.202935 -0.008483148 323.9617 0.2026301 0.9788548 -0.02800318 73.42742 0.0139866 0.02570053 0.9995719 4.887754
0.9793819 -0.2019257 -0.006094018 324.6487 0.2016706 0.9790219 -0.02906988 73.54505 0.01183613 0.02724153 0.9995588 4.898439
0.9796036 -0.2009314 -0.001821199 325.3531 0.2007891 0.9791802 -0.02982949 73.68449 0.007776963 0.0288554 0.9995533 4.912827
0.9797841 -0.2000572 -0.0003808055 326.0451 0.1999429 0.9792849 -0.03200181 73.8155 0.006775111 0.03127873 0.9994878 4.909739
0.980038 -0.1988102 -0.0001743741 326.7403 0.1986942 0.9794955 -0.03330005 73.95099 0.006791187 0.03260067 0.9994454 4.931231
0.9801376 -0.1983168 0.0008485068 327.4405 0.1982336 0.9795829 -0.03347827 74.092 0.005808122 0.03298151 0.9994391 4.936216
0.9803571 -0.1971895 0.004040448 328.1176 0.1972114 0.9797672 -0.03411175 74.20874 0.00276778 0.03423851 0.9994099 4.955515
0.9805092 -0.1964325 0.003996416 328.7978 0.1964559 0.97995 -0.03321493 74.33868 0.002608204 0.03335266 0.9994403 4.957167
0.9808077 -0.1948766 0.006273711 329.4756 0.1949774 0.9802639 -0.03266114 74.45257 0.0002149993 0.03325753 0.9994468 4.966002
0.9809093 -0.1943788 0.005814993 330.1486 0.1944651 0.980388 -0.03197717 74.57981 0.0005147343 0.03249752 0.9994717 4.985138
0.9810308 -0.1936971 0.007744134 330.8236 0.1938457 0.9805347 -0.03123529 74.70512 -0.001543208 0.03214395 0.999482 4.98144
0.9812818 -0.1924447 0.007139381 331.4898 0.1925754 0.9807566 -0.03210844 74.8187 -0.0008228964 0.0328823 0.9994589 5.015244
0.9814349 -0.1914311 0.01181944 332.1584 0.1917178 0.9809276 -0.03202226 74.9416 -0.005463958 0.03369376 0.9994172 5.012788
0.98147 -0.1913037 0.01092677 332.8129 0.1915679 0.9809009 -0.03369908 75.05998 -0.004271316 0.03516785 0.9993723 5.024879
0.9815742 -0.1906928 0.01217566 333.4765 0.1909996 0.9810227 -0.03337443 75.18991 -0.005580332 0.03508502 0.9993687 5.035151
0.9817447 -0.1899152 0.01046407 334.1271 0.1901532 0.981262 -0.03109015 75.30798 -0.004363502 0.03251237 0.9994618 5.025692
0.9818545 -0.1894399 0.00861674 334.7704 0.1896203 0.9813402 -0.03186557 75.4225 -0.002419342 0.03292127 0.999455 5.066955
0.9818445 -0.1895623 0.00688723 335.4306 0.1896869 0.9812791 -0.03332022 75.54759 -0.000442036 0.03402169 0.999421 5.064574
0.981935 -0.1889725 0.009641747 336.0875 0.1892021 0.981241 -0.03699196 75.65783 -0.002470416 0.03814794 0.9992691 5.0656
0.9820038 -0.1885451 0.01091925 336.7354 0.1888374 0.981153 -0.04098064 75.77361 -0.002986756 0.04230511 0.9991003 5.11562
0.9821935 -0.1875625 0.01078503 337.3901 0.18786 0.9811661 -0.04496343 75.8889 -0.002148448 0.04618886 0.9989304 5.111751
0.9823982 -0.1864906 0.01072343 338.0369 0.1867766 0.9815452 -0.04103443 76.00303 -0.00287299 0.04231503 0.9991002 5.089761
0.9823557 -0.186737 0.01032743 338.6879 0.1870034 0.9815437 -0.04002354 76.12699 -0.002662947 0.04124861 0.9991454 5.170284
0.9824033 -0.1866052 0.007891314 339.3473 0.1867658 0.981838 -0.03336027 76.24507 -0.00152279 0.03424707 0.9994122 5.152386
0.982268 -0.1870358 0.01293396 339.9888 0.1873807 0.981668 -0.03487702 76.34702 -0.006173606 0.03668216 0.9993079 5.162366
0.9821176 -0.187735 0.01416451 340.6584 0.1881316 0.9814907 -0.03581202 76.47982 -0.007179169 0.03783641 0.9992582 5.228964
0.982152 -0.1874964 0.01491909 341.3264 0.1879598 0.9813243 -0.04090963 76.59879 -0.006970057 0.04298366 0.9990515 5.221911
0.9820588 -0.1878754 0.01622664 342.002 0.1884225 0.9810841 -0.04439555 76.72081 -0.007578869 0.0466565 0.9988822 5.222785
0.9819129 -0.1887439 0.01492688 342.6826 0.1892588 0.9806817 -0.04944032 76.85232 -0.00530696 0.05137113 0.9986655 5.290957
0.9816533 -0.19006 0.01529385 343.3528 0.190584 0.9804953 -0.04802601 76.9679 -0.005867727 0.05005966 0.998729 5.264313
0.9808902 -0.1935332 0.01998392 344.5073 0.1941927 0.9801764 -0.03928438 76.85648 -0.01198494 0.04241439 0.9990282 5.637925