1.0 0.0 0.0 0.0 0.0 1.0 0.0 0.0 0.0 0.0 1.0 0.0
0.9999986 0.0001447889 -0.001655702 0.4325466 -0.0001456748 0.9999999 -0.000534924 0.005154238 0.001655624 0.0005351644 0.9999985 0.004010958
0.9999998 -0.0003168314 -0.0004588994 1.134293 0.0003162813 0.9999992 -0.001198358 -0.007846506 0.0004592788 0.001198212 0.9999992 -0.004116199
0.9999964 0.0002072603 -0.00266092 2.400448 -0.0002062927 1.0 0.000363898 -0.02830774 0.002660995 -0.0003633478 0.9999964 -0.02536926
0.9999954 0.0008121852 -0.002935056 4.32113 -0.000819197 0.9999969 -0.002388559 -0.05884896 0.002933107 0.002390952 0.9999928 -0.04706085
0.9999854 -5.02668e-05 -0.005406321 6.227565 3.772984e-05 0.9999973 -0.002319022 -0.06393297 0.005406424 0.002318784 0.9999827 -0.08847813
0.9999883 -0.0003005448 -0.004829727 8.12797 0.0002803678 0.9999912 -0.004177816 -0.07613298 0.004830941 0.004176414 0.9999796 -0.1033477
0.9999896 -0.0004783919 -0.00452796 9.992753 0.000455443 0.9999871 -0.005067936 -0.08879191 0.004530326 0.005065821 0.9999769 -0.1308739
0.9999772 -0.0002580706 -0.006754868 11.82243 0.0002346396 0.9999939 -0.003469321 -0.1065097 0.006755723 0.003467657 0.9999712 -0.1575712
0.9999429 -0.000788392 -0.01065929 13.62511 0.0007816021 0.9999996 -0.0006411427 -0.1197223 0.01065979 0.0006327747 0.999943 -0.184312
0.9999418 -0.0007351524 -0.01076488 15.44223 0.0006988 0.999994 -0.003380323 -0.135864 0.01076731 0.003372604 0.9999363 -0.2122521
0.999943 -0.0001684764 -0.01068003 17.23179 0.0001318266 0.999994 -0.003432225 -0.1659617 0.01068055 0.003430621 0.9999371 -0.2306445
0.9999613 -0.0003570905 -0.008795192 19.01283 0.0003339788 0.9999964 -0.002629094 -0.1786734 0.008796099 0.002626055 0.9999579 -0.2456344
0.9999626 -0.000285435 -0.00863849 20.80212 0.0002756939 0.9999994 -0.001128803 -0.2031831 0.008638807 0.001126379 0.999962 -0.2844088
0.9999724 0.0004147196 -0.007421448 22.56678 -0.0004252391 0.9999989 -0.001415922 -0.2321406 0.007420853 0.001419039 0.9999714 -0.299574
0.9999726 -5.489813e-05 -0.007393078 24.35385 4.715903e-05 0.9999994 -0.001046974 -0.2365193 0.007393131 0.001046597 0.9999721 -0.3261346
0.9999766 0.0004670534 -0.006821178 26.14337 -0.0004706049 0.9999996 -0.0005190636 -0.2617321 0.006820934 0.0005222615 0.9999766 -0.369381
0.9999849 0.0006426268 -0.005465678 27.91325 -0.000644788 0.9999996 -0.0003936464 -0.2857019 0.005465424 0.0003971647 0.999985 -0.3847453
0.9999804 0.0007766385 -0.006213854 29.70227 -0.000777505 0.9999998 -0.0001370236 -0.3009103 0.006213746 0.0001418522 0.9999807 -0.4486991
0.9999862 0.001904455 -0.00488565 31.46821 -0.001911502 0.9999971 -0.001438297 -0.3232119 0.004882897 0.001447616 0.999987 -0.429288
0.9999757 0.002730208 -0.006418108 33.2375 -0.002728919 0.9999963 0.000209635 -0.3457686 0.006418657 -0.0001921154 0.9999794 -0.4929467
0.9999707 0.003976717 -0.006533435 35.00137 -0.003981414 0.9999918 -0.000706212 -0.3729719 0.006530573 0.0007322037 0.9999784 -0.5090913
0.9999478 0.005715169 -0.00847202 36.75624 -0.005715998 0.9999837 -7.3635e-05 -0.4110624 0.008471461 0.0001220572 0.9999641 -0.5534292
0.9999226 0.007695501 -0.009772159 38.51498 -0.007707124 0.9999697 -0.001152282 -0.4349473 0.009762995 0.001227508 0.9999516 -0.5823574
0.999893 0.009816724 -0.01085241 40.25491 -0.009829641 0.999951 -0.001137503 -0.4713259 0.01084071 0.001244057 0.9999405 -0.6111495
0.9998222 0.01304446 -0.01361744 41.99653 -0.01305763 0.9999143 -0.0008785782 -0.5101935 0.01360481 0.001056233 0.9999069 -0.6389189
0.999767 0.0160518 -0.01443287 43.73286 -0.01606701 0.9998704 -0.0009388396 -0.5514147 0.01441593 0.001170514 0.9998954 -0.6635896
0.999715 0.01960042 -0.01362502 45.48835 -0.01961891 0.9998068 -0.001224398 -0.6042007 0.01359839 0.001491358 0.9999064 -0.6928341
0.9996458 0.02303335 -0.01333433 47.22549 -0.02305912 0.9997324 -0.001781938 -0.6568007 0.01328972 0.002088785 0.9999095 -0.6924278
0.9995447 0.02639891 -0.01461214 48.95105 -0.02642506 0.9996494 -0.001599546 -0.7209252 0.0145648 0.001984945 0.9998919 -0.7668121
0.9994035 0.03008076 -0.01696475 50.68239 -0.03014368 0.9995396 -0.00346529 -0.7867582 0.0168527 0.003974603 0.9998501 -0.7835808
0.9992869 0.03359949 -0.0172226 52.40482 -0.03372646 0.9994056 -0.007135083 -0.868914 0.01697263 0.007710853 0.9998262 -0.8060907
0.999111 0.03711826 -0.01998543 54.10641 -0.0373328 0.9992479 -0.01047059 -0.946228 0.01958175 0.01120739 0.9997454 -0.8231737
0.9989489 0.03968098 -0.02294619 55.82384 -0.0399338 0.9991453 -0.01066678 -1.018956 0.02250331 0.01157189 0.9996798 -0.8455397
0.9987234 0.04298893 -0.02652165 57.52722 -0.04318438 0.9990438 -0.006840881 -1.108516 0.0262022 0.007977469 0.9996248 -0.8824804
0.9986936 0.04545719 -0.02333968 59.23955 -0.04546972 0.9989657 -6.327173e-06 -1.207821 0.02331525 0.001067568 0.9997276 -0.8505365
0.9985927 0.04810992 -0.02231778 60.9079 -0.0480271 0.9988371 0.004232553 -1.296787 0.02249546 -0.003154738 0.999742 -0.9069877
0.998536 0.05131625 -0.01710212 62.59749 -0.0512147 0.9986676 0.006324213 -1.418809 0.01740387 -0.005439075 0.9998338 -0.9674597
0.9983672 0.05531083 -0.01427007 64.2891 -0.0552998 0.9984691 0.001166328 -1.530463 0.01431274 -0.0003752917 0.9998975 -0.935101
0.9981077 0.05946498 -0.01565328 65.94189 -0.05943818 0.9982296 0.002171901 -1.649872 0.01575472 -0.001237388 0.9998751 -1.052833
0.9978538 0.06337425 -0.01647584 67.61452 -0.06331071 0.9979844 0.004350414 -1.763416 0.01671834 -0.00329798 0.9998548 -1.068012
0.9975572 0.06769817 -0.01721983 69.27837 -0.06755736 0.9976779 0.008631507 -1.898658 0.01776419 -0.007447096 0.9998145 -1.127732
0.9972147 0.07237609 -0.01801355 70.92397 -0.07219443 0.997335 0.01053936 -2.026383 0.01872834 -0.009209532 0.9997822 -1.137122
0.9967796 0.07744324 -0.02081067 72.5933 -0.07730819 0.9969811 0.0072183 -2.182621 0.02130686 -0.005586218 0.9997573 -1.176234
0.9964136 0.08257815 -0.01846021 74.23388 -0.08250996 0.9965805 0.004426975 -2.330604 0.01876266 -0.002887947 0.9998198 -1.2622
0.9958597 0.08827063 -0.02171744 75.8796 -0.0881735 0.9960904 0.005392048 -2.482776 0.02210849 -0.00345482 0.9997496 -1.244607
0.9952593 0.09419468 -0.02421298 77.49819 -0.09406452 0.9955451 0.006462034 -2.646225 0.0247138 -0.004153817 0.9996859 -1.336316
0.994739 0.09969084 -0.02358063 79.14598 -0.09960593 0.9950157 0.004751489 -2.821095 0.02393677 -0.002377721 0.9997106 -1.359091
0.9941748 0.105005 -0.0242982 80.76409 -0.1048567 0.9944607 0.007302631 -3.007985 0.02493042 -0.004712262 0.9996781 -1.37407
0.9936171 0.1105143 -0.02261817 82.39089 -0.1103977 0.9938673 0.006342141 -3.201756 0.02318035 -0.003804667 0.999724 -1.427883
0.9930522 0.1157352 -0.02127382 84.02374 -0.1156305 0.9932736 0.006093528 -3.412814 0.02183596 -0.003591289 0.9997551 -1.454137
0.9924772 0.1207479 -0.02022292 85.63487 -0.1206427 0.9926757 0.006346125 -3.618337 0.02084109 -0.003858636 0.9997754 -1.505662
0.9918296 0.1263331 -0.01772265 87.244 -0.1262211 0.9919751 0.007309482 -3.84883 0.01850386 -0.005012788 0.9998162 -1.543546
0.9912845 0.1307306 -0.0162625 88.86842 -0.1305759 0.9913856 0.01023872 -4.073073 0.01746092 -0.008025995 0.9998153 -1.568758
0.990555 0.1362957 -0.01497606 90.48019 -0.136159 0.9906386 0.009797612 -4.315568 0.01617123 -0.007665948 0.9998398 -1.636222
0.9898888 0.1410259 -0.01522617 92.08652 -0.1409103 0.9899865 0.008420336 -4.564747 0.01626119 -0.006189671 0.9998486 -1.663703
0.9891833 0.1457306 -0.01670415 93.6998 -0.1456358 0.9893152 0.006767706 -4.813762 0.01751193 -0.004261781 0.9998376 -1.710351
0.9885618 0.1499186 -0.0164299 95.30422 -0.1497818 0.9886756 0.009268249 -5.064551 0.01763333 -0.006701336 0.9998221 -1.749504
0.987996 0.1534526 -0.01778211 96.91901 -0.1532567 0.9881145 0.01191244 -5.33822 0.01939875 -0.009044219 0.9997709 -1.797888
0.9875512 0.1565947 -0.01485796 98.5147 -0.1564128 0.98761 0.01270836 -5.604774 0.01666393 -0.01022618 0.9998088 -1.829709
0.9871295 0.1591537 -0.01566439 100.1388 -0.1589304 0.9871819 0.01460262 -5.889019 0.01778766 -0.01192513 0.9997706 -1.876803
0.9866957 0.1621686 -0.01152859 101.746 -0.1620469 0.9867239 0.01080687 -6.168528 0.01312807 -0.008794915 0.9998751 -1.933085
0.9863018 0.1646353 -0.01019449 103.3467 -0.1645472 0.9863286 0.008952387 -6.454467 0.011529 -0.00715228 0.999908 -1.952077
0.985935 0.1669886 -0.006858817 104.9386 -0.1669546 0.9859505 0.005271017 -6.745203 0.007642654 -0.004051768 0.9999626 -2.008124
0.9856835 0.1685015 -0.005935217 106.5469 -0.1684802 0.9856973 0.00392553 -7.029325 0.006511785 -0.002869364 0.9999747 -2.030208
0.9852881 0.1708459 -0.004370516 108.1247 -0.1708304 0.9852936 0.003707801 -7.33561 0.004939703 -0.002906635 0.9999835 -2.112226
0.98492 0.1728812 -0.006688145 109.7045 -0.1728234 0.9849166 0.008436331 -7.616113 0.008045749 -0.007153242 0.9999421 -2.09736
0.9845275 0.1748362 -0.01174666 111.2851 -0.1746993 0.9845508 0.0118272 -7.906386 0.01363301 -0.009592069 0.9998611 -2.195263
0.9840269 0.1776278 -0.01180882 112.8533 -0.1775021 0.9840595 0.0109625 -8.220799 0.01356782 -0.008691305 0.9998702 -2.219508
0.9836338 0.1795485 -0.01506554 114.4317 -0.1794104 0.9837226 0.01008037 -8.506171 0.01663023 -0.007212477 0.9998357 -2.250138
0.9831072 0.1823757 -0.0154696 116.0033 -0.1822548 0.9832109 0.008905291 -8.81901 0.01683399 -0.005935447 0.9998407 -2.320283
0.9826062 0.1848816 -0.01743124 117.5656 -0.1846998 0.9827273 0.01153517 -9.125909 0.0192628 -0.008114981 0.9997815 -2.324151
0.9819127 0.1884352 -0.01842794 119.1045 -0.1882022 0.9820353 0.01366608 -9.439614 0.02067205 -0.009950715 0.9997368 -2.423629
0.9813084 0.191529 -0.01872024 120.6661 -0.1913053 0.981443 0.01310758 -9.753006 0.02088333 -0.0092813 0.9997388 -2.409464
0.980556 0.1953263 -0.01890886 122.2174 -0.1951273 0.9807061 0.01186892 -10.08575 0.02086234 -0.007948504 0.9997507 -2.52468
0.9798256 0.1991114 -0.01722064 123.7646 -0.1989539 0.9799532 0.01043815 -10.42048 0.01895378 -0.00680145 0.9997972 -2.508009
0.9790596 0.2028731 -0.01687839 125.3039 -0.2026751 0.9791634 0.01273487 -10.75288 0.01911026 -0.009047363 0.9997764 -2.582197
0.9782879 0.2067513 -0.01437439 126.835 -0.2065756 0.9783468 0.01280509 -11.09047 0.01671061 -0.009557667 0.9998147 -2.646143
0.9776222 0.2100436 -0.01168512 128.3831 -0.2098774 0.9776275 0.01399986 -11.43629 0.01436428 -0.01123413 0.9998337 -2.653327
0.9767818 0.2139578 -0.01092152 129.9071 -0.213806 0.9767817 0.01357938 -11.79361 0.01357336 -0.010929 0.9998481 -2.734126
0.9758608 0.2181713 -0.009850046 131.4319 -0.2180076 0.9758252 0.01542924 -12.15528 0.01297814 -0.0129094 0.9998325 -2.777171
0.9749765 0.2219146 -0.01321345 132.9589 -0.2217107 0.9749923 0.01531415 -12.50446 0.01628145 -0.01200137 0.9997954 -2.804777
0.9740409 0.2261759 -0.009423453 134.468 -0.2260423 0.9740248 0.01342578 -12.87056 0.01221527 -0.01094716 0.9998655 -2.900689
0.9731609 0.2298878 -0.01046562 136.0074 -0.2297445 0.97316 0.01330417 -13.24092 0.01324319 -0.01054268 0.9998567 -2.903756
0.9722318 0.2339392 -0.0061507 137.5178 -0.233864 0.9722077 0.01096092 -13.63075 0.008543945 -0.009218127 0.999921 -2.948004
0.9712598 0.2379049 -0.007468341 139.0339 -0.237792 0.9712223 0.01349511 -14.02018 0.01046397 -0.01133135 0.999881 -3.009987
0.9702395 0.2420243 -0.007715723 140.5363 -0.2418932 0.9701886 0.01488385 -14.41084 0.01108796 -0.01257452 0.9998595 -3.045164
0.9691744 0.246295 -0.006299661 142.0285 -0.2461224 0.9690208 0.02055056 -14.80691 0.011166 -0.01836659 0.999769 -3.147834
0.9679942 0.2507551 -0.01044793 143.5373 -0.2504829 0.9678669 0.02217617 -15.2133 0.015673 -0.01884937 0.9996995 -3.147167
0.9671639 0.2539961 -0.008941741 145.0341 -0.2537395 0.9669979 0.02304788 -15.62102 0.01450072 -0.0200222 0.9996943 -3.237621
0.9659392 0.2585756 -0.01000637 146.5246 -0.2582702 0.9657559 0.02474414 -16.03928 0.01606194 -0.02131699 0.9996437 -3.302768
0.964857 0.2626212 -0.00900897 148.0309 -0.2623505 0.9646789 0.02380519 -16.46008 0.01494251 -0.0206051 0.999676 -3.331712
0.9638731 0.2662836 -0.006450865 149.521 -0.2661057 0.9637257 0.02050634 -16.88407 0.01167737 -0.0180489 0.9997689 -3.407937
0.9628937 0.2698584 -0.003489141 151.0195 -0.2697865 0.962818 0.01401637 -17.32225 0.007141844 -0.01255495 0.9998957 -3.456674
0.9618497 0.2735638 -0.002841642 152.4843 -0.2735088 0.9617872 0.01258525 -17.75882 0.006175923 -0.0113279 0.9999168 -3.502088
0.9606086 0.2779005 -0.001552833 153.9549 -0.2778301 0.9604647 0.01782455 -18.2002 0.006444894 -0.016691 0.9998399 -3.595774
0.9593828 0.2820894 -0.003202441 155.4389 -0.2819689 0.9592052 0.02047164 -18.64946 0.008846631 -0.01873715 0.9997853 -3.589854
0.958273 0.2858537 -0.0007290985 156.9272 -0.2857904 0.9581085 0.01875419 -19.1165 0.00605951 -0.01776327 0.9998239 -3.647184
0.9571783 0.2894988 -0.0003396336 158.3704 -0.2894481 0.9570311 0.01763841 -19.56669 0.005431338 -0.0167848 0.9998444 -3.737407
0.955978 0.293375 0.006095289 159.8537 -0.2934378 0.9558072 0.01808091 -20.04573 -0.0005214352 -0.01907354 0.999818 -3.760859
0.9548503 0.297067 0.003477051 161.302 -0.2970754 0.9546412 0.0201613 -20.52502 0.002669922 -0.02028397 0.9997907 -3.83719
0.9536492 0.3008402 0.006956991 162.7665 -0.3009171 0.9534944 0.01723894 -20.99512 -0.001447286 -0.01853338 0.9998272 -3.884532
0.9525227 0.304415 0.00566078 164.2232 -0.3044647 0.9522672 0.02209558 -21.47935 0.001335651 -0.02277005 0.9997398 -3.9411
0.951165 0.3086455 0.004814156 165.6898 -0.3086784 0.9509505 0.02026651 -21.97021 0.001677141 -0.02076282 0.999783 -3.961899
0.9501686 0.3116834 0.005761579 167.1274 -0.311736 0.9499637 0.01974641 -22.46601 0.0006813379 -0.02055851 0.9997884 -4.07833
0.9488981 0.3155138 0.006597344 168.5856 -0.3155803 0.9487652 0.01592135 -22.95855 -0.001235926 -0.01718973 0.9998515 -4.079118
0.9478874 0.318529 0.006988157 170.0298 -0.3186023 0.9477497 0.01622122 -23.46644 -0.001456095 -0.01760233 0.999844 -4.1698
0.9470136 0.321129 0.006437005 171.4789 -0.3211933 0.9468012 0.02005832 -23.95898 0.0003467423 -0.02106302 0.9997781 -4.179555
0.9461905 0.3235418 0.006648322 172.9237 -0.323607 0.9458914 0.02382853 -24.48674 0.001420933 -0.02469777 0.9996939 -4.258411
0.9456043 0.3252771 0.005234054 174.3692 -0.3253054 0.9452935 0.02441952 -24.99677 0.002995391 -0.02479387 0.9996881 -4.304655
0.944887 0.3272841 0.008577961 175.8201 -0.3273962 0.9446 0.02329623 -25.5123 -0.0004782579 -0.02482069 0.9996918 -4.365492
0.9443594 0.3286953 0.01203095 177.2656 -0.3288918 0.9440978 0.02256771 -26.03472 -0.003940497 -0.02526891 0.9996729 -4.431818
0.9437631 0.3303921 0.01234436 178.7217 -0.3305917 0.9435272 0.02158352 -26.55898 -0.004516216 -0.02445067 0.9996908 -4.498095
0.942993 0.3324895 0.01466248 180.1596 -0.332743 0.9427814 0.02110349 -27.08714 -0.006806829 -0.02477928 0.9996698 -4.527512
0.9424151 0.3342236 0.01218477 181.6061 -0.3344237 0.942145 0.02288693 -27.61905 -0.003830463 -0.02564386 0.9996638 -4.612718
0.9416822 0.33633 0.01080355 183.056 -0.3364947 0.9414041 0.02301673 -28.1583 -0.002429286 -0.02530979 0.9996767 -4.670034
0.9411074 0.3379782 0.009359444 184.4994 -0.3381077 0.9407697 0.02521082 -28.69487 -0.0002843738 -0.02689059 0.9996383 -4.731818
0.9405495 0.3396041 0.005969513 185.9583 -0.3396446 0.9402236 0.02492489 -29.23656 0.002851918 -0.0254706 0.9996715 -4.778043
0.939958 0.3412527 0.005049334 187.4067 -0.3412744 0.9396708 0.02346133 -29.76907 0.003261529 -0.02377588 0.999712 -4.841324
0.9392307 0.3432588 0.004367758 188.865 -0.3432709 0.93899 0.02151757 -30.31905 0.003284815 -0.02170929 0.999759 -4.899132
0.9385253 0.3451767 0.004835606 190.309 -0.3451959 0.9382639 0.0223748 -30.87168 0.003186184 -0.02266854 0.999738 -4.969693
0.9376788 0.3474726 0.004617292 191.7564 -0.3474849 0.9374096 0.02274685 -31.42428 0.003575614 -0.02293368 0.9997306 -5.016805
0.937189 0.3487965 0.004204877 193.2015 -0.3487788 0.936816 0.02700341 -31.98846 0.0054795 -0.02677387 0.9996265 -5.09909
0.9364141 0.3508783 0.003628314 194.66 -0.3508277 0.9359733 0.02956109 -32.55232 0.00697634 -0.02895433 0.9995564 -5.135961
0.9359191 0.3522143 0.0007030834 196.1179 -0.3520674 0.935467 0.03081953 -33.11038 0.01019737 -0.02909212 0.9995247 -5.230335
0.9351382 0.3542689 -0.003161896 197.5719 -0.3540227 0.9347562 0.02998415 -33.67678 0.01357805 -0.02691994 0.9995454 -5.329237
0.9343565 0.3562436 -0.008274956 199.0232 -0.3558283 0.9340075 0.03187726 -34.23507 0.01908494 -0.02684027 0.9994575 -5.393559
0.9337696 0.3576459 -0.01279482 200.4887 -0.3571624 0.9335698 0.02970401 -34.79582 0.02256837 -0.02316688 0.9994769 -5.401278
0.9332702 0.3588347 -0.01563438 201.9312 -0.3582952 0.9331465 0.02936528 -35.37844 0.02512644 -0.02180402 0.9994465 -5.524672
0.9327829 0.3599218 -0.019294 203.3982 -0.3592897 0.9327471 0.02989198 -35.94116 0.0287552 -0.0209506 0.9993669 -5.584978
0.9322281 0.3611942 -0.022124 204.8673 -0.360487 0.9322673 0.03043874 -36.53611 0.03161978 -0.02040043 0.9992918 -5.645729
0.9318069 0.3621595 -0.02400675 206.3147 -0.3615458 0.9319797 0.02642666 -37.09624 0.03194448 -0.015945 0.9993625 -5.721889
0.9317064 0.3624479 -0.02355001 207.7798 -0.3618608 0.9318746 0.02581411 -37.68523 0.03130193 -0.01552934 0.9993894 -5.761662
0.9316024 0.362718 -0.02350691 209.231 -0.3620807 0.9317433 0.02742764 -38.25515 0.0318509 -0.01704025 0.9993474 -5.837561
0.9315498 0.3630351 -0.02050575 210.6718 -0.3624476 0.9315976 0.02752804 -38.83993 0.02909675 -0.01821148 0.9994107 -5.904159
0.931251 0.3638234 -0.0201021 212.1314 -0.363304 0.9313246 0.02539296 -39.4322 0.02796013 -0.01634405 0.9994754 -5.957151
0.9310375 0.364554 -0.01641637 213.5847 -0.3641318 0.9310389 0.02397227 -40.02519 0.02402346 -0.01634136 0.9995778 -6.032007
0.9310956 0.364465 -0.01504421 215.0364 -0.3640449 0.9310492 0.0248768 -40.60459 0.02307362 -0.01768591 0.9995773 -6.10238
0.9311871 0.3642947 -0.01341261 216.4767 -0.3638957 0.9310973 0.02525791 -41.18848 0.02168977 -0.01863905 0.999591 -6.155653
0.931357 0.3638633 -0.01332947 217.9398 -0.363416 0.9312202 0.02752611 -41.77701 0.02242842 -0.02079249 0.9995322 -6.213497
0.9314442 0.3635933 -0.01454643 219.3898 -0.363149 0.9313592 0.026325 -42.36162 0.02311955 -0.01923775 0.9995476 -6.314384
0.9316826 0.3629581 -0.01513002 220.8554 -0.3625121 0.9316182 0.02592834 -42.94421 0.02350631 -0.01867216 0.9995493 -6.363502
0.9318036 0.3626691 -0.01459758 222.3081 -0.3622701 0.9317565 0.0243 -43.52414 0.02241424 -0.01735456 0.9995981 -6.432392
0.9320608 0.3620898 -0.01239003 223.7781 -0.3616972 0.931936 0.02588947 -44.11577 0.02092103 -0.01964912 0.999588 -6.48131
0.9321276 0.3619356 -0.0118616 225.2376 -0.3615337 0.9319724 0.02684851 -44.70186 0.02077212 -0.02073787 0.9995691 -6.54407
0.9322643 0.3616456 -0.009777011 226.7061 -0.3613183 0.932102 0.0251994 -45.29819 0.01822643 -0.01995989 0.9996346 -6.629957
0.9323589 0.3614327 -0.008564288 228.175 -0.3611373 0.9321835 0.02477175 -45.88051 0.01693681 -0.02000328 0.9996564 -6.664491
0.9322394 0.3617474 -0.008282941 229.6441 -0.3614455 0.9320449 0.0254855 -46.47654 0.01693938 -0.02076475 0.9996409 -6.750637
0.9322374 0.3617975 -0.005997862 231.0999 -0.3615292 0.9319851 0.02646679 -47.05947 0.01516553 -0.02250493 0.9996317 -6.806407
0.9321148 0.3621369 -0.004339012 232.5792 -0.3619062 0.9318385 0.02648192 -47.65157 0.01363334 -0.02311387 0.9996399 -6.875909
0.9320765 0.362219 -0.005549609 234.0466 -0.361937 0.9317806 0.02804468 -48.2384 0.01532933 -0.02413118 0.9995913 -6.93347
0.931866 0.3627571 -0.005739254 235.507 -0.3624519 0.9315445 0.02921954 -48.8295 0.01594596 -0.02514849 0.9995565 -7.019557
0.9315748 0.3634897 -0.006607743 236.9736 -0.3631513 0.9312508 0.02988845 -49.41732 0.01701761 -0.02544372 0.9995314 -7.083924
0.9313001 0.3641977 -0.006333753 238.4565 -0.3638842 0.9309989 0.02879583 -50.01142 0.01638409 -0.02451281 0.9995652 -7.13365
0.9312618 0.3643396 -0.002846758 239.9212 -0.3641212 0.9309239 0.02821703 -50.6124 0.0129307 -0.02524088 0.9995978 -7.227819
0.9311894 0.364535 -0.0007830979 241.3866 -0.364362 0.9308093 0.02888308 -51.20952 0.01125781 -0.02661028 0.9995825 -7.294434
0.9311063 0.3647362 -0.002922948 242.8618 -0.3645183 0.9307747 0.02801785 -51.79808 0.01293973 -0.02502213 0.9996032 -7.372948
0.9308226 0.3654676 -0.001640147 244.3215 -0.3653 0.9305145 0.02643361 -52.40461 0.01118681 -0.02400586 0.9996492 -7.438368
0.9307165 0.3657147 -0.004424442 245.7886 -0.3654616 0.9304094 0.02785648 -52.98402 0.01430407 -0.02430952 0.9996021 -7.505868
0.9306988 0.3657315 -0.006341985 247.2579 -0.3654021 0.9303756 0.02970572 -53.56455 0.01676475 -0.02532971 0.9995385 -7.581667
0.9310057 0.3649374 -0.007001732 248.7232 -0.3645599 0.930647 0.03150228 -54.16172 0.0180125 -0.02677626 0.9994792 -7.633913
0.9311298 0.3646458 -0.005537168 250.171 -0.3643102 0.9307491 0.03137167 -54.73797 0.01659326 -0.02719385 0.9994925 -7.713785
0.9312785 0.3642798 -0.004546679 251.634 -0.3639745 0.9308869 0.03117659 -55.32694 0.01558945 -0.02737921 0.9995036 -7.799317
0.9314013 0.3639681 -0.004333351 253.0903 -0.3636996 0.9310611 0.02911978 -55.91875 0.01463329 -0.02554617 0.9995666 -7.885054
0.9316857 0.363225 -0.005406386 254.5357 -0.3629484 0.9313915 0.02790273 -56.50225 0.01517043 -0.02403434 0.999596 -7.941935
0.9314319 0.3638511 -0.006861903 255.9776 -0.3635722 0.9312062 0.02588682 -57.08137 0.0158088 -0.02161701 0.9996413 -8.035064
0.9317144 0.3631464 -0.005749292 257.4162 -0.3628885 0.9314662 0.02612276 -57.66256 0.01484166 -0.0222526 0.9996422 -8.08567
0.9316795 0.3632369 -0.005679276 258.8529 -0.3629894 0.9314436 0.02552499 -58.23685 0.01456154 -0.02171959 0.999658 -8.146215
0.9318703 0.3627473 -0.005666429 260.2954 -0.3624988 0.931632 0.0256179 -58.81197 0.01457185 -0.02181849 0.9996557 -8.201572
0.9318621 0.3627946 -0.003632857 261.7125 -0.3625736 0.9315647 0.02697913 -59.38263 0.01317212 -0.02382365 0.9996294 -8.285131
0.9321458 0.3620639 -0.003730007 263.1466 -0.361867 0.9318959 0.02494424 -59.9616 0.01250739 -0.02190191 0.9996819 -8.324968
0.9320879 0.3622285 -0.00165162 264.5737 -0.3620763 0.9318105 0.02509557 -60.53631 0.01062933 -0.02279326 0.9996837 -8.410701
0.9322467 0.3618017 -0.003938372 265.9844 -0.3615576 0.9319243 0.02816289 -61.10795 0.01385965 -0.02483082 0.9995956 -8.501765
0.932395 0.3614284 -0.003028085 267.3895 -0.3611882 0.9320233 0.02959217 -61.66434 0.0135177 -0.02649788 0.9995575 -8.544006
0.9325569 0.3610071 -0.003399006 268.7916 -0.3607329 0.9321433 0.03131365 -62.22572 0.01447281 -0.02797562 0.9995039 -8.630816
0.9328358 0.3602826 -0.003714113 270.2041 -0.3599862 0.9324005 0.03223456 -62.78615 0.01507659 -0.02873252 0.9994735 -8.691054
0.9331101 0.3595808 -0.002682499 271.6079 -0.3593328 0.9326971 0.0309192 -63.3549 0.01361991 -0.02788711 0.9995183 -8.783631
0.9331809 0.3594053 -0.001056204 273.0018 -0.3592135 0.9327713 0.03005772 -63.90894 0.0117881 -0.02766989 0.9995476 -8.855217
0.9336132 0.3582798 -0.001440984 274.4115 -0.3580757 0.9332029 0.03023521 -64.46932 0.01217739 -0.027712 0.9995418 -8.919949
0.9340965 0.3570157 -0.001878299 275.8064 -0.3567996 0.9336901 0.03027452 -65.01216 0.01256223 -0.02760915 0.9995399 -9.006952
0.9346517 0.3555533 -0.002862128 277.2156 -0.3553123 0.9342612 0.03015441 -65.56055 0.01339547 -0.02716692 0.9995412 -9.068111
0.9348996 0.3548842 -0.004471624 278.6131 -0.3545663 0.9344701 0.03237567 -66.10622 0.01566821 -0.02868252 0.9994658 -9.125187
0.9352226 0.3540272 -0.004848182 280.0036 -0.3537091 0.9348171 0.03173613 -66.64822 0.01576761 -0.0279655 0.9994845 -9.212317
0.9357918 0.3525318 -0.003883617 281.4188 -0.3522583 0.9354028 0.03058809 -67.20702 0.01441602 -0.02725605 0.9995245 -9.278214
0.936407 0.3509155 -0.0004039248 282.8108 -0.3507641 0.9360356 0.02831468 -67.7485 0.01031415 -0.02637238 0.999599 -9.330928
0.9373433 0.3484071 -8.86214e-05 284.2058 -0.3482501 0.9369285 0.02977848 -68.28353 0.01045807 -0.0278818 0.9995565 -9.416539
0.9380967 0.3463732 0.000418114 285.5958 -0.3462156 0.9376318 0.03132442 -68.82063 0.0104579 -0.02953009 0.9995092 -9.489517
0.9390718 0.3437127 -0.002404182 286.985 -0.3434122 0.9385015 0.03581949 -69.33955 0.01456794 -0.03281144 0.9993554 -9.559391
0.9398937 0.3414605 -0.002151689 288.3869 -0.3411826 0.9393488 0.03490339 -69.86623 0.01393931 -0.03207136 0.9993884 -9.641934
0.9409837 0.3384505 -0.000942898 289.7932 -0.3382116 0.9404172 0.03504876 -70.3854 0.01274899 -0.03266141 0.9993852 -9.689
0.9420231 0.3355463 -0.00110553 291.2019 -0.3353321 0.9415298 0.0327776 -70.89964 0.01203929 -0.03050653 0.9994621 -9.779441
0.9431762 0.3322902 0.001339205 292.6074 -0.3321387 0.942608 0.03426533 -71.40979 0.01012369 -0.03276305 0.9994119 -9.883215
0.9441851 0.3294147 -0.0005956045 294.0176 -0.329182 0.943583 0.0359197 -71.9212 0.01239448 -0.03371879 0.9993545 -9.90423
0.9447328 0.3278399 0.0009222869 295.4231 -0.3276674 0.9441367 0.03521207 -72.43585 0.01067316 -0.03356821 0.9993795 -10.01911
0.9456716 0.3251235 -0.0001691286 296.8469 -0.3249156 0.9450853 0.03526527 -72.93894 0.01162541 -0.03329442 0.999378 -10.07498
0.9465129 0.3226655 0.0004594475 298.2679 -0.3224766 0.9459082 0.03558965 -73.44469 0.01104896 -0.03383422 0.9993664 -10.15597
0.9473276 0.3202662 0.0002124244 299.6985 -0.3200713 0.9467276 0.03550996 -73.95288 0.01117153 -0.03370755 0.9993693 -10.24067
0.9478407 0.3187362 0.002285375 301.1289 -0.3186164 0.9472324 0.03513677 -74.46078 0.00903458 -0.03403222 0.9993799 -10.29938
0.9485264 0.3166954 0.001268515 302.5599 -0.3165269 0.947875 0.03665825 -74.95969 0.01040711 -0.03517283 0.9993271 -10.3932
0.9491335 0.3148623 0.002711794 304.0084 -0.3147589 0.9485188 0.03520087 -75.45259 0.008511238 -0.03426388 0.9993766 -10.4716
0.9496258 0.3133821 0.00159044 305.4379 -0.3132537 0.9490646 0.03388862 -75.94705 0.009110657 -0.03267972 0.9994243 -10.53637
0.9501324 0.3118427 0.001616837 306.8936 -0.3117201 0.9495856 0.03343755 -76.44198 0.008891929 -0.03227409 0.9994395 -10.63305
0.950466 0.3108269 -0.001006417 308.3433 -0.3105928 0.9498663 0.03586278 -76.927 0.01210308 -0.03377377 0.9993562 -10.69559
0.9507558 0.3098988 -0.005122425 309.7917 -0.3095365 0.9502292 0.03538061 -77.41801 0.01583188 -0.03205274 0.9993608 -10.76636
0.9507787 0.309812 -0.006033733 311.2526 -0.3094101 0.9502465 0.03601495 -77.90594 0.0168914 -0.03237535 0.999333 -10.85255
0.9505783 0.3103469 -0.009254041 312.6997 -0.3098256 0.9500798 0.03683416 -78.40362 0.02022345 -0.03214661 0.9992785 -10.92857
0.9506451 0.3100937 -0.01076272 314.1635 -0.309527 0.9501821 0.03670605 -78.8907 0.02160886 -0.03156307 0.9992682 -11.00374
0.9505935 0.3101933 -0.01233013 315.619 -0.3096233 0.9502261 0.03469442 -79.37859 0.02247838 -0.02916259 0.9993219 -11.07265
0.950356 0.3108468 -0.01406238 317.0967 -0.310256 0.9500638 0.03346827 -79.88343 0.02376366 -0.02744383 0.9993408 -11.17084
0.9501386 0.3115312 -0.01359898 318.568 -0.3109556 0.9498389 0.03335688 -80.37067 0.02330855 -0.02746497 0.999351 -11.23254
0.9498575 0.3123337 -0.01478002 320.0261 -0.3116991 0.9495568 0.03443156 -80.86845 0.02478861 -0.02809816 0.9992977 -11.3165
0.9493442 0.3137788 -0.01698309 321.4947 -0.3130813 0.9491001 0.03448094 -81.35843 0.02693804 -0.0274172 0.999261 -11.37189
0.9485191 0.3161314 -0.01929992 322.9666 -0.3153705 0.9483417 0.03448983 -81.87255 0.02920623 -0.02662764 0.9992187 -11.4621
0.9479651 0.3177279 -0.02027407 324.4345 -0.3169699 0.9478428 0.03352704 -82.37623 0.02986911 -0.02535619 0.9992322 -11.53401
0.9474667 0.3191698 -0.02091545 325.8907 -0.3184145 0.9473804 0.03290023 -82.88259 0.03031565 -0.02451209 0.9992397 -11.62131
0.9467604 0.3211111 -0.02307438 327.3494 -0.320282 0.9467275 0.03356045 -83.39137 0.03262179 -0.02438339 0.9991703 -11.6969
0.9462305 0.3226572 -0.0232431 328.8129 -0.3218627 0.9462327 0.03237575 -83.90917 0.03243965 -0.02315383 0.9992055 -11.75998
0.945835 0.3237453 -0.0241911 330.261 -0.3229701 0.9458967 0.0311351 -84.41169 0.03296212 -0.02163566 0.9992224 -11.84227
0.9453326 0.3252049 -0.02424941 331.7247 -0.3243998 0.9453787 0.03200116 -84.91678 0.03333181 -0.02238523 0.9991936 -11.92728
0.9449404 0.3263248 -0.02449115 333.1686 -0.3254894 0.9449786 0.03274152 -85.43348 0.03382798 -0.02296717 0.9991637 -11.99862
0.9445303 0.3275252 -0.02428537 334.6031 -0.3267477 0.944598 0.03115407 -85.95278 0.03314365 -0.02149078 0.9992195 -12.06202
0.9441023 0.3289113 -0.02209722 336.0408 -0.3281884 0.9441056 0.03093342 -86.46392 0.03103646 -0.02195226 0.9992772 -12.14614
0.9435901 0.3303657 -0.02227538 337.4824 -0.329563 0.943545 0.03333041 -86.98895 0.03202905 -0.0241091 0.9991961 -12.21456
0.9429795 0.3321447 -0.02166966 338.9203 -0.3313127 0.9428822 0.03471458 -87.5083 0.0319622 -0.0255557 0.9991623 -12.29233
0.9425302 0.3334481 -0.02119585 340.3572 -0.3326696 0.9424521 0.03339029 -88.03378 0.03111 -0.02442014 0.9992176 -12.36974
0.9423124 0.3342159 -0.01862907 341.7918 -0.3335598 0.9422083 0.03132578 -88.55362 0.02802204 -0.02330477 0.9993356 -12.43402
0.9419809 0.335242 -0.01687469 343.2217 -0.3346252 0.9418281 0.03139474 -89.08274 0.02641789 -0.02392655 0.9993646 -12.51399
0.9415318 0.3365658 -0.01553635 344.6476 -0.3359858 0.9413501 0.03120776 -89.61251 0.0251286 -0.02416311 0.9993922 -12.59025
0.9411003 0.3378189 -0.0144441 346.0609 -0.3372208 0.9408462 0.03302652 -90.13434 0.02474665 -0.02621042 0.9993501 -12.66359
0.9406114 0.3391548 -0.01497524 347.4717 -0.3385056 0.9403329 0.0344684 -90.66379 0.02577184 -0.02735217 0.9992936 -12.73944
0.9399779 0.3409016 -0.01508882 348.8903 -0.3402534 0.9397082 0.03429129 -91.19557 0.02586904 -0.02709903 0.999298 -12.82579
0.9395111 0.3422154 -0.01440457 350.3053 -0.341624 0.939266 0.0327501 -91.71954 0.02473731 -0.02584813 0.9993598 -12.90037
0.9387864 0.3441861 -0.01469631 351.7183 -0.3436188 0.9385822 0.03145839 -92.25454 0.02462123 -0.02448278 0.999397 -12.9665
0.9379644 0.3464436 -0.01412885 353.1114 -0.3459546 0.9378116 0.02871815 -92.78634 0.02319942 -0.02204866 0.9994877 -13.05198
0.9370412 0.3490939 -0.009346522 354.5111 -0.3487775 0.9368666 0.02520237 -93.33077 0.01755444 -0.0203558 0.9996387 -13.10919
0.9361949 0.3513306 -0.01029119 355.9057 -0.3510527 0.9360977 0.02197291 -93.8686 0.01735332 -0.01695818 0.9997056 -13.17719
0.9356512 0.3527307 -0.01174543 357.298 -0.3523851 0.9355414 0.02423256 -94.39874 0.0195359 -0.01853431 0.9996374 -13.23216
0.9348133 0.3547604 -0.01640577 358.6884 -0.3541114 0.9346244 0.03289682 -94.93736 0.02700372 -0.02494291 0.9993241 -13.33798
0.9342139 0.3561954 -0.01921237 360.0659 -0.3554963 0.9341207 0.03226615 -95.48097 0.02943973 -0.02331356 0.9992946 -13.38112
0.9338977 0.3569819 -0.01997659 361.4421 -0.3562791 0.9338384 0.03179735 -96.01329 0.03000598 -0.02257823 0.9992947 -13.4292
0.9337293 0.357387 -0.02059486 362.8127 -0.3566462 0.9336711 0.03258083 -96.55059 0.03087279 -0.0230766 0.9992569 -13.5363
0.9335383 0.3581366 -0.01563796 364.1848 -0.3574155 0.9332416 0.03625169 -97.09311 0.02757706 -0.02825309 0.9992203 -13.58391
0.933165 0.3588895 -0.02003396 365.5283 -0.3579403 0.9329059 0.03956842 -97.62634 0.03289048 -0.0297529 0.999016 -13.6706
0.9329612 0.3596873 -0.01443647 366.8965 -0.3588838 0.9325029 0.0405084 -98.16668 0.02803241 -0.03261175 0.9990749 -13.76683
0.9325961 0.3605486 -0.01640263 368.2365 -0.3597135 0.9322294 0.03942602 -98.71045 0.02950601 -0.03086831 0.9990879 -13.85365
0.9324957 0.3606552 -0.01948463 369.5938 -0.3597299 0.9322276 0.03932013 -99.24408 0.03234512 -0.02965665 0.9990367 -13.92244
0.9325716 0.3603792 -0.02090767 370.9203 -0.3594361 0.9323707 0.03860511 -99.76383 0.03340618 -0.02848706 0.9990358 -14.03402
0.9322735 0.3609543 -0.02404296 372.267 -0.359898 0.9321634 0.03930337 -100.2921 0.03659869 -0.02798848 0.998938 -14.08954
0.9322039 0.3609021 -0.02730403 373.6045 -0.3597737 0.9322298 0.03886769 -100.8176 0.03948105 -0.02640935 0.9988713 -14.19398
0.9318875 0.3616185 -0.02859647 374.9379 -0.360579 0.9320408 0.03581376 -101.3572 0.03960399 -0.02306311 0.9989492 -14.26848
0.9319662 0.3614466 -0.02820026 376.2716 -0.3605322 0.9321692 0.03281914 -101.8838 0.03814978 -0.02041923 0.9990634 -14.33187
0.9318146 0.3618475 -0.02807096 377.5913 -0.3609235 0.9320062 0.03314305 -102.4052 0.03815504 -0.02075171 0.9990563 -14.42008
0.9316267 0.3623343 -0.02802712 378.9038 -0.3613768 0.9317982 0.03404489 -102.9294 0.03845125 -0.02158878 0.9990273 -14.46925
0.9312477 0.3633445 -0.02754255 380.2154 -0.3623998 0.9314028 0.03398856 -103.4662 0.03800277 -0.02167035 0.9990426 -14.57761
0.9309868 0.3641331 -0.02589872 381.5287 -0.3632364 0.9310884 0.03366749 -103.9896 0.03637346 -0.02193663 0.9990975 -14.62993
0.930756 0.364744 -0.02559594 382.8516 -0.3637466 0.9307789 0.03659706 -104.5304 0.03717272 -0.0247525 0.9990023 -14.672
0.9304683 0.3653127 -0.02784767 384.1509 -0.364318 0.9306122 0.03512194 -105.0423 0.03874587 -0.02253445 0.9989949 -14.79595
0.9302471 0.3658983 -0.02754438 385.457 -0.3649 0.9303734 0.03539724 -105.5634 0.03857836 -0.02287724 0.9989936 -14.85777
0.9297972 0.3668217 -0.03031522 386.7458 -0.3657458 0.9300268 0.0357764 -106.086 0.04131753 -0.02217713 0.9988999 -14.90199
0.9294553 0.3675025 -0.03247645 388.0521 -0.3664393 0.9298059 0.0343976 -106.6058 0.042838 -0.02007039 0.9988804 -15.00542
0.9293776 0.367689 -0.03258962 389.3501 -0.3665514 0.9296987 0.03606367 -107.1377 0.04355874 -0.021571 0.998818 -15.05367
0.9290887 0.3684405 -0.0323384 390.6402 -0.3671977 0.9293418 0.03859225 -107.668 0.04427238 -0.02398103 0.9987316 -15.14394
0.9290245 0.3685731 -0.03267146 391.9396 -0.367313 0.9292877 0.03880033 -108.1943 0.04466194 -0.0240458 0.9987127 -15.2202
0.929103 0.3684087 -0.03229044 393.2414 -0.3671173 0.9293265 0.0397106 -108.7144 0.0446381 -0.02504086 0.9986894 -15.30027
0.9293141 0.3679318 -0.03164654 394.5276 -0.3667035 0.9295352 0.03863933 -109.2397 0.04363321 -0.02430318 0.998752 -15.37129
0.9296483 0.3670185 -0.03242607 395.8248 -0.3657469 0.9298892 0.03918156 -109.7589 0.04453301 -0.02456534 0.9987059 -15.45987
0.9299654 0.3662439 -0.03209054 397.1139 -0.3649917 0.9301966 0.03892697 -110.2761 0.04410727 -0.02448796 0.9987266 -15.5259
0.9303352 0.365115 -0.03416853 398.4055 -0.3638287 0.9306673 0.03856798 -110.7911 0.04588127 -0.02344966 0.9986717 -15.61758
0.9305546 0.3646571 -0.03306493 399.685 -0.3634211 0.9308486 0.03802792 -111.3031 0.04464559 -0.02337056 0.9987295 -15.69376
0.9306746 0.3642061 -0.03462194 400.9557 -0.3629147 0.9310291 0.03844271 -111.8219 0.0462351 -0.02321284 0.9986609 -15.76731
0.9310415 0.3633416 -0.03383036 402.2459 -0.3620875 0.9313681 0.03802353 -112.3384 0.04532405 -0.02315194 0.998704 -15.83887
0.9314011 0.3624569 -0.03342085 403.5206 -0.3611946 0.9316992 0.03840983 -112.8479 0.04506008 -0.02370353 0.998703 -15.91278
0.9314428 0.3624269 -0.03257438 404.8176 -0.3611875 0.9317042 0.03835054 -113.3591 0.04424895 -0.02395587 0.9987333 -15.99104
0.9316298 0.3621422 -0.03031367 406.0896 -0.3608908 0.9317528 0.03992913 -113.8798 0.04270488 -0.02625925 0.9987426 -16.0669
0.9316701 0.3619829 -0.03097161 407.3731 -0.3607427 0.9318382 0.03927106 -114.3954 0.04307598 -0.02541489 0.9987485 -16.13343
0.9319904 0.3612993 -0.02927089 408.6505 -0.3601168 0.9320945 0.03893578 -114.8901 0.04135071 -0.02574683 0.9988129 -16.22981
0.9321551 0.360926 -0.02862364 409.9394 -0.3597879 0.9322497 0.03825429 -115.4144 0.04049134 -0.02536049 0.998858 -16.29271
0.9322452 0.3607433 -0.02798498 411.2135 -0.3596462 0.9323294 0.0376344 -115.9214 0.03966758 -0.0250198 0.9988996 -16.36702
0.9324639 0.3603355 -0.02587333 412.4891 -0.3592114 0.9324093 0.03975091 -116.4233 0.0384482 -0.02777229 0.9988746 -16.44782
0.9327572 0.3595345 -0.0264386 413.7625 -0.3583229 0.9326715 0.04157621 -116.9272 0.03960661 -0.02930696 0.9987855 -16.52504
0.9326892 0.3597402 -0.02603487 415.0487 -0.358533 0.9325821 0.04176778 -117.4391 0.03930521 -0.02962199 0.9987881 -16.60852
0.9325119 0.360149 -0.02672589 416.3116 -0.358922 0.9324332 0.04175191 -117.946 0.03995702 -0.02934165 0.9987705 -16.68007
0.9325224 0.3600566 -0.02758915 417.5962 -0.3588005 0.9324758 0.04184679 -118.4484 0.04079343 -0.02912407 0.9987431 -16.76434
0.9325676 0.3599639 -0.02727005 418.8721 -0.3586821 0.9324822 0.04270925 -118.9573 0.04080263 -0.03004799 0.9987153 -16.84596
0.9327138 0.3596152 -0.02686847 420.1346 -0.3583584 0.9326212 0.04238935 -119.4555 0.04030196 -0.02990859 0.9987398 -16.92154
0.9326836 0.3597801 -0.02567962 421.3963 -0.3585699 0.9325523 0.0421154 -119.9577 0.03909988 -0.03007241 0.9987827 -17.0074
0.9326954 0.3598511 -0.02421852 422.6828 -0.358702 0.9325216 0.04166997 -120.4611 0.03757928 -0.03017816 0.9988379 -17.07014
0.9326456 0.3600833 -0.02263056 423.9528 -0.3589594 0.9323937 0.04231028 -120.9799 0.03633581 -0.03133705 0.9988482 -17.16316
0.9328513 0.3596732 -0.02058334 425.2234 -0.3585836 0.9324974 0.04320008 -121.4721 0.03473182 -0.0329184 0.9988544 -17.23458
0.9329501 0.3595013 -0.01905135 426.4883 -0.3584465 0.9325278 0.04368256 -121.9724 0.03346985 -0.03392475 0.9988638 -17.32178
0.9328668 0.3598375 -0.01663028 427.7671 -0.3589139 0.9324195 0.04212858 -122.4887 0.03066584 -0.03333152 0.9989738 -17.38815
0.9326512 0.3604425 -0.01558918 429.0323 -0.359557 0.9321768 0.04201254 -123.003 0.02967497 -0.03357784 0.9989955 -17.481
0.9327167 0.3603588 -0.01345997 430.3019 -0.3595809 0.9322248 0.04072723 -123.5046 0.02722413 -0.03314702 0.9990796 -17.54461
0.9325743 0.3607121 -0.01385284 431.569 -0.3598715 0.9320335 0.04250083 -124.0179 0.02824187 -0.03464993 0.9990004 -17.65146
0.9324728 0.3609491 -0.01449978 432.8473 -0.3601373 0.9320107 0.04070747 -124.5078 0.02820727 -0.0327367 0.9990659 -17.71671
0.9322719 0.3614525 -0.01487124 434.0966 -0.3605846 0.9317703 0.04221969 -125.0126 0.029117 -0.0339979 0.9989977 -17.81252
0.9319729 0.3620796 -0.01802777 435.3637 -0.3611333 0.9315965 0.04135825 -125.5206 0.03176959 -0.03203434 0.9989817 -17.87916
0.932165 0.3616199 -0.01730239 436.6519 -0.360712 0.9317808 0.04088276 -126.0153 0.03090606 -0.03186831 0.9990141 -17.96215
0.9319715 0.3620041 -0.01954654 437.9094 -0.3610211 0.9316553 0.04101389 -126.5235 0.03305783 -0.03116706 0.9989673 -18.04096
0.9318697 0.3623946 -0.01700116 439.1877 -0.3615032 0.9314843 0.04064615 -127.0366 0.03056627 -0.03173095 0.999029 -18.10707
0.9316 0.3630131 -0.01851629 440.4353 -0.3620605 0.9312497 0.04106286 -127.5382 0.03214964 -0.03155015 0.998985 -18.19521
0.9318148 0.3625867 -0.01587255 441.7136 -0.3617339 0.9313989 0.04055753 -128.0528 0.0294893 -0.03205048 0.9990512 -18.25823
0.9314837 0.3633551 -0.01764095 442.9584 -0.362427 0.9311026 0.04116134 -128.5556 0.03138172 -0.03194756 0.9989968 -18.35224
0.9314518 0.3635694 -0.01465436 444.2401 -0.3627561 0.9310021 0.04053704 -129.0666 0.02838127 -0.03244234 0.9990706 -18.41529
0.9312124 0.3640756 -0.01710045 445.5023 -0.3631632 0.930814 0.04120408 -129.5799 0.03091874 -0.03215949 0.9990044 -18.50286
0.9312027 0.3642297 -0.01407988 446.7621 -0.3634225 0.930723 0.04097404 -130.0849 0.02802843 -0.03303819 0.999061 -18.58008
0.9312451 0.3640088 -0.01673729 448.0494 -0.3630716 0.9307966 0.04239091 -130.5951 0.03100968 -0.03339949 0.9989609 -18.65048
0.9311209 0.364474 -0.01313628 449.3103 -0.3636774 0.9305896 0.04173161 -131.1072 0.02743458 -0.0340798 0.9990425 -18.73689
0.9306408 0.3656253 -0.01502835 450.5584 -0.3647574 0.9301565 0.0419617 -131.6193 0.02932099 -0.03356957 0.9990062 -18.80959
0.9307441 0.3654322 -0.01322328 451.8466 -0.3646593 0.9302495 0.04073625 -132.1274 0.02718728 -0.03309303 0.9990824 -18.8941
0.9308084 0.3652368 -0.01406409 453.1052 -0.3644074 0.9303026 0.0417616 -132.6457 0.02833674 -0.03374698 0.9990286 -18.97292
0.9305682 0.3658251 -0.01465853 454.3744 -0.3649722 0.9300765 0.0418686 -133.1521 0.02895014 -0.03361163 0.9990156 -19.04688
0.9303137 0.3664589 -0.01497711 455.6355 -0.3655762 0.9298102 0.04250723 -133.6639 0.02950303 -0.03406978 0.9989839 -19.14333
0.9302248 0.3666559 -0.01566474 456.9042 -0.3657373 0.9297282 0.04291794 -134.1766 0.03030006 -0.03419415 0.9989558 -19.19351
0.9299599 0.3673296 -0.01560553 458.1633 -0.3663415 0.9293802 0.04523646 -134.6952 0.03112016 -0.03635114 0.9988544 -19.30865
0.9298543 0.3675837 -0.01590902 459.4292 -0.3665238 0.9292135 0.04714335 -135.2115 0.03211201 -0.03800541 0.9987614 -19.36499
0.9297786 0.3677332 -0.01685337 460.6989 -0.3666658 0.9292009 0.04628248 -135.7265 0.03267977 -0.03685291 0.9987862 -19.46782
0.9296532 0.3680863 -0.01604449 461.9655 -0.367097 0.9291054 0.04475474 -136.2402 0.03138063 -0.03571651 0.9988692 -19.54591
0.9297706 0.3677948 -0.01592458 463.2391 -0.366792 0.9291983 0.04532416 -136.7548 0.03146708 -0.03630006 0.9988454 -19.62504
0.9295798 0.3682387 -0.01678316 464.4955 -0.3672076 0.9290385 0.04523338 -137.2725 0.03224888 -0.03588513 0.9988354 -19.72677
0.9297084 0.3679334 -0.01635427 465.7733 -0.3669157 0.9291505 0.04530261 -137.7908 0.03186392 -0.03611758 0.9988394 -19.79981
0.9295815 0.3681891 -0.01774711 467.056 -0.3671821 0.9291335 0.04345275 -138.3102 0.03248826 -0.03387646 0.9988979 -19.86449
0.929621 0.3681439 -0.01657559 468.3212 -0.3672013 0.929162 0.04267115 -138.8214 0.03111053 -0.03358142 0.9989517 -19.9747
0.9297504 0.3677985 -0.01698113 469.5988 -0.3668006 0.9292588 0.04399251 -139.3275 0.03196024 -0.03467337 0.9988875 -20.03527
0.9297943 0.3676306 -0.01817283 470.8679 -0.3665461 0.9292936 0.0453581 -139.8476 0.03356292 -0.03551253 0.9988055 -20.14224
0.9297456 0.3677139 -0.01896581 472.1337 -0.3666695 0.9293406 0.0433502 -140.3665 0.03356617 -0.03335047 0.9988799 -20.20133
0.929787 0.3675452 -0.02016508 473.4119 -0.3665233 0.9294809 0.04154272 -140.882 0.03401189 -0.03123491 0.9989332 -20.29134
0.92992 0.3672628 -0.01915392 474.6813 -0.3662388 0.929547 0.04256209 -141.3941 0.03343594 -0.03256442 0.9989102 -20.38601
0.9302402 0.3663525 -0.02095148 475.9662 -0.3652264 0.9298868 0.04381837 -141.9077 0.03553547 -0.03310958 0.9988198 -20.44096
0.9304431 0.3658521 -0.02068434 477.2265 -0.3646661 0.9300137 0.04575208 -142.42 0.03597521 -0.03502683 0.9987386 -20.55065
0.930642 0.3652947 -0.021571 478.5107 -0.3641118 0.9302756 0.0448295 -142.9377 0.03644295 -0.03386595 0.9987617 -20.60439
0.9306483 0.3652363 -0.02227688 479.7832 -0.3640023 0.930283 0.04556276 -143.4509 0.03736498 -0.03429406 0.9987131 -20.70892
0.9307461 0.3649844 -0.02231767 481.0682 -0.3637584 0.9303906 0.04531434 -143.9802 0.03730318 -0.0340579 0.9987234 -20.78127
0.931082 0.3641507 -0.02192162 482.3471 -0.3629445 0.9307162 0.04515231 -144.4814 0.03684505 -0.03408418 0.9987395 -20.86627
0.9311565 0.3639171 -0.02262601 483.616 -0.3626527 0.9307851 0.04606434 -144.9904 0.03782356 -0.03468772 0.9986822 -20.96303
0.9314448 0.363181 -0.02258772 484.9117 -0.3619057 0.9310596 0.04639439 -145.4978 0.03788007 -0.03503918 0.9986678 -21.0262
0.9312397 0.3635627 -0.02479497 486.186 -0.3622257 0.9309536 0.04602003 -146.0196 0.03981413 -0.03387431 0.9986327 -21.14228
0.9313802 0.3631298 -0.02583915 487.478 -0.3617893 0.9311614 0.04524396 -146.53 0.04048984 -0.032791 0.9986417 -21.20378
0.9314442 0.3629512 -0.02604165 488.7682 -0.3615634 0.9312003 0.04623683 -147.0458 0.0410317 -0.03365131 0.998591 -21.29599
0.9315538 0.362614 -0.02680541 490.0442 -0.3611981 0.931339 0.04630066 -147.5577 0.04175419 -0.0334495 0.9985678 -21.37963
0.931746 0.3623804 -0.02301716 491.3402 -0.3611775 0.9314539 0.04409634 -148.074 0.03741907 -0.03277331 0.9987621 -21.45323
0.9316342 0.3625443 -0.02488771 492.6227 -0.3611802 0.9313297 0.04662696 -148.5927 0.04008299 -0.03445033 0.9986023 -21.56399
0.9319658 0.3619207 -0.02128951 493.9157 -0.3606809 0.93152 0.04669149 -149.1059 0.03673022 -0.03583615 0.9986824 -21.61957
0.9321727 0.361187 -0.02445281 495.2095 -0.3597827 0.9317995 0.04802204 -149.614 0.04013005 -0.03596714 0.9985469 -21.73871
0.9322549 0.3611545 -0.0216385 496.4989 -0.3599537 0.9318696 0.04530332 -150.1318 0.03652576 -0.03444539 0.9987389 -21.79955
0.9323506 0.3607717 -0.02379155 497.779 -0.3594739 0.932025 0.04591777 -150.6404 0.03874014 -0.03425903 0.9986619 -21.89742
0.932548 0.3603309 -0.02271384 499.0923 -0.3591648 0.9322649 0.04338828 -151.1552 0.03680946 -0.03230365 0.9988 -21.97024
0.9325782 0.3599869 -0.02659636 500.381 -0.3586219 0.9323854 0.04525246 -151.6707 0.04108835 -0.03266342 0.9986215 -22.0765
0.9327323 0.3596572 -0.02563328 501.6865 -0.3583674 0.9325354 0.0441666 -152.1838 0.03978878 -0.03200949 0.9986953 -22.14868
0.932924 0.3590717 -0.02683945 502.9654 -0.357721 0.9327571 0.04471701 -152.6907 0.04109131 -0.03211654 0.9986391 -22.22736
0.9330743 0.3588401 -0.02461878 504.2916 -0.3576209 0.9328673 0.04319322 -153.2105 0.03846552 -0.0314983 0.9987634 -22.30692
0.9331402 0.3586664 -0.02465179 505.5759 -0.3574197 0.9329127 0.04387969 -153.7309 0.03873613 -0.03213487 0.9987326 -22.39796
0.9334135 0.3580865 -0.02265514 506.8798 -0.3568883 0.9330946 0.04432752 -154.2474 0.03701248 -0.03329055 0.9987602 -22.47352
0.9335266 0.3577907 -0.02266839 508.1703 -0.356629 0.9332409 0.04333016 -154.7579 0.03665819 -0.03236565 0.9988036 -22.56036
0.9336383 0.357516 -0.0223992 509.4744 -0.3563936 0.9333694 0.04248742 -155.2583 0.03609666 -0.03168495 0.9988459 -22.64793
0.9337719 0.3572735 -0.02063213 510.7654 -0.3561704 0.9334048 0.04356744 -155.7707 0.03482362 -0.0333335 0.9988374 -22.73159
0.9337734 0.3571915 -0.02194433 512.0578 -0.3559996 0.933411 0.04481493 -156.2809 0.03649059 -0.03403481 0.9987543 -22.81539
0.9337654 0.3572045 -0.02207115 513.3428 -0.3559484 0.933351 0.04643698 -156.7879 0.03718763 -0.03550505 0.9986774 -22.91179
0.9339351 0.3566715 -0.02346462 514.6307 -0.3553549 0.9335623 0.04673646 -157.2854 0.03857525 -0.03531056 0.9986316 -22.99271
0.9339889 0.3565016 -0.02390213 515.9018 -0.3552101 0.933669 0.04569566 -157.7825 0.03860725 -0.03418896 0.9986694 -23.08327
0.93403 0.356398 -0.02384054 517.1931 -0.3551711 0.9337622 0.04406396 -158.2777 0.03796571 -0.03268959 0.9987442 -23.16052
0.9340252 0.3563732 -0.02439508 518.4622 -0.3551404 0.9337885 0.04374911 -158.7782 0.03837086 -0.03219909 0.9987447 -23.25748
0.9342234 0.3559631 -0.02273628 519.7409 -0.3547206 0.9338664 0.04546478 -159.2774 0.03741643 -0.03440924 0.9987072 -23.33394
0.9339743 0.3565204 -0.02419125 520.9933 -0.3551804 0.9336313 0.04668343 -159.7798 0.0392293 -0.03500887 0.9986168 -23.42706
0.9343182 0.3556599 -0.02357014 522.2629 -0.3544025 0.9340044 0.04510781 -160.2649 0.03805765 -0.03379173 0.998704 -23.51331
0.9343786 0.3555289 -0.0231476 523.5288 -0.3543147 0.9340743 0.04434025 -160.7607 0.03738582 -0.03322904 0.9987483 -23.59368
0.9344621 0.3552925 -0.02340795 524.7799 -0.3540659 0.934164 0.0444417 -161.241 0.03765666 -0.03324113 0.9987377 -23.67954
0.9345453 0.3551265 -0.02258926 526.0259 -0.3538503 0.9341452 0.04650595 -161.7335 0.03761714 -0.0354687 0.9986626 -23.75868
0.9346241 0.3547973 -0.02442615 527.2661 -0.3534173 0.9342591 0.04750026 -162.2151 0.03967331 -0.03576227 0.9985725 -23.85285
0.9347095 0.3545916 -0.02414497 528.5169 -0.3532345 0.9343448 0.04717624 -162.7007 0.03928802 -0.03556725 0.9985947 -23.94292
0.9346146 0.3547606 -0.02530754 529.755 -0.3533372 0.9342742 0.04779704 -163.1851 0.04060069 -0.03572972 0.9985364 -24.01645
0.9344566 0.3551804 -0.02525184 530.9832 -0.353726 0.9340856 0.04860209 -163.6533 0.04084989 -0.03648432 0.998499 -24.11623
0.9344393 0.3552897 -0.02433896 532.2072 -0.3538837 0.9340453 0.04822794 -164.1429 0.03986858 -0.03645293 0.9985397 -24.19807
0.9342678 0.3557501 -0.02419583 533.4426 -0.3544167 0.9339298 0.04651814 -164.6218 0.03914604 -0.034885 0.9986244 -24.27539
0.9342884 0.3557105 -0.02398239 534.6653 -0.3544215 0.9339749 0.04556654 -165.099 0.03860744 -0.03407242 0.9986734 -24.37773
0.934181 0.3559945 -0.02395148 535.873 -0.3547303 0.9338876 0.04494673 -165.5751 0.03836878 -0.03349207 0.9987022 -24.44509
0.933619 0.3573945 -0.02499682 537.0909 -0.3560929 0.9333663 0.04500388 -166.0416 0.03941533 -0.03311529 0.998674 -24.54466
0.9321098 0.3610331 -0.02874696 538.2825 -0.3595837 0.9319984 0.04559289 -166.5175 0.04325266 -0.03216064 0.9985464 -24.62945
0.9301098 0.366099 -0.02944955 539.4719 -0.364594 0.9300131 0.04633224 -166.9926 0.04435066 -0.03235694 0.9984919 -24.70086
0.9275543 0.3722661 -0.03257141 540.664 -0.37063 0.9275904 0.04700533 -167.4769 0.04771142 -0.03152805 0.9983634 -24.78505
0.9251072 0.3785024 -0.03020887 541.848 -0.3768826 0.9250017 0.04828222 -167.9845 0.04621819 -0.03328103 0.9983768 -24.87514
0.9224498 0.3849346 -0.03019416 543.0225 -0.3832039 0.9222746 0.05063894 -168.4879 0.04733999 -0.03514136 0.9982605 -24.96076
0.9199004 0.3911158 -0.0284898 544.1858 -0.3895279 0.9197209 0.04880426 -168.9935 0.04529078 -0.03379749 0.9984019 -25.03164
0.9174329 0.3968212 -0.02915138 545.3444 -0.3953327 0.9173794 0.04611968 -169.5112 0.04504414 -0.03078722 0.9985105 -25.1218
0.9146401 0.4033785 -0.02682026 546.4921 -0.402097 0.9145895 0.04294077 -170.0279 0.04185091 -0.028491 0.9987175 -25.22971
0.9117832 0.4096031 -0.0296102 547.6158 -0.4080907 0.9117652 0.04632311 -170.549 0.04597164 -0.03015298 0.9984875 -25.29102
0.9093129 0.415062 -0.02955702 548.7468 -0.4132066 0.9090614 0.05354845 -171.0701 0.04909507 -0.03647914 0.9981277 -25.393
0.9066899 0.4204509 -0.03368216 549.8673 -0.4183858 0.9066198 0.05471621 -171.5967 0.0535424 -0.0355185 0.9979337 -25.46643
0.904492 0.4252346 -0.03270851 550.9835 -0.4233537 0.9044794 0.05185161 -172.125 0.05163327 -0.0330521 0.998119 -25.56252
0.9024169 0.429449 -0.03488778 552.0829 -0.427569 0.9025701 0.05051499 -172.6543 0.05318229 -0.03066865 0.9981138 -25.64237
0.9005107 0.4335289 -0.03366197 553.1533 -0.4316433 0.9005814 0.05135279 -173.1809 0.05257826 -0.03171378 0.9981131 -25.73869
0.8988491 0.436895 -0.03454047 554.2417 -0.434984 0.8989747 0.05131745 -173.7116 0.05347133 -0.03110209 0.9980849 -25.81841
0.8973285 0.4401684 -0.03245617 555.3229 -0.4383315 0.8973562 0.05116046 -174.2612 0.05164396 -0.03168118 0.9981629 -25.88829
0.8960879 0.4427844 -0.03112068 556.3831 -0.4410578 0.896095 0.0498175 -174.7876 0.0499455 -0.03091484 0.9982734 -25.98265
0.8947677 0.4455619 -0.02941761 557.4496 -0.4439269 0.8947212 0.04902355 -175.3315 0.04816358 -0.03080542 0.9983643 -26.03483
0.8934985 0.4482573 -0.0269412 558.4984 -0.446674 0.8933222 0.0495757 -175.8764 0.04628984 -0.03226189 0.9984069 -26.1388
0.8929793 0.4495293 -0.02261529 559.5587 -0.4480054 0.8925446 0.05153036 -176.4162 0.04334957 -0.03588377 0.9984154 -26.20459
0.8928457 0.4501225 -0.0147059 560.5964 -0.4487264 0.8919084 0.05607242 -176.9536 0.03835577 -0.0434651 0.9983184 -26.27613
0.8922222 0.4513709 -0.01427803 561.6163 -0.4498324 0.8910841 0.06016491 -177.4954 0.03987962 -0.04725775 0.9980863 -26.40142
0.891668 0.4525528 -0.01114465 562.6653 -0.4512087 0.8904707 0.05892873 -178.0426 0.03659235 -0.0475163 0.9982 -26.45439
0.8914169 0.4530783 -0.009795457 563.7051 -0.4519939 0.8904335 0.0531958 -178.5841 0.03282407 -0.04299214 0.9985361 -26.56957
0.8912143 0.4535135 -0.007909468 564.7523 -0.4526303 0.8903375 0.04924152 -179.1222 0.02937379 -0.04030468 0.9987556 -26.62882
0.8910183 0.4539436 -0.004641527 565.7773 -0.4532481 0.8901356 0.04716917 -179.6646 0.02554373 -0.03992483 0.9988762 -26.70027
0.8908041 0.4543847 -0.001618439 566.8157 -0.4538057 0.889838 0.04742179 -180.2043 0.02298789 -0.04150907 0.9988737 -26.77902
0.8904117 0.4551553 0.0008379864 567.8532 -0.4546481 0.8893296 0.04886791 -180.7529 0.02149724 -0.04389354 0.9988049 -26.86321
0.8901036 0.4557465 0.003284645 568.8836 -0.4553519 0.8889825 0.04862641 -181.3025 0.01924132 -0.04477821 0.9988117 -26.91817
0.8897284 0.4564582 0.005418147 569.9149 -0.4561411 0.8885208 0.04966108 -181.853 0.01785407 -0.04665631 0.9987514 -27.02901
0.8896036 0.4567184 0.003715913 570.9445 -0.4562982 0.8883711 0.05088028 -182.3886 0.01993685 -0.04695885 0.9986978 -27.08889
0.889605 0.4567159 0.003687819 571.9778 -0.4562768 0.8883319 0.05175184 -182.9263 0.02035988 -0.04772136 0.9986532 -27.1745
0.8895622 0.456807 0.00252286 573.0037 -0.4563393 0.8883725 0.05048427 -183.4762 0.02082033 -0.04606019 0.9987217 -27.25723
0.8898091 0.4563317 0.001063916 574.0499 -0.4558305 0.8887175 0.04898582 -184.0088 0.02140826 -0.04407299 0.9987989 -27.32146
0.8899612 0.4560362 -0.0002945373 575.0795 -0.4554848 0.8889166 0.04858865 -184.5513 0.02242 -0.04310785 0.9988188 -27.415
0.8899897 0.4559804 -0.0004163403 576.1096 -0.4554163 0.8889334 0.04892197 -185.0941 0.02267755 -0.04335044 0.9988025 -27.49013
0.8901849 0.455599 0.0006124051 577.1298 -0.455028 0.8890004 0.05126397 -185.6228 0.02281138 -0.04591308 0.9986849 -27.55143
0.8902612 0.4554499 0.0005437834 578.1574 -0.4548114 0.8889484 0.05400948 -186.1665 0.02411522 -0.04832987 0.9985403 -27.644
0.8903283 0.4553174 0.00120912 579.1927 -0.4547158 0.8890091 0.05381899 -186.7075 0.0234298 -0.04846638 0.99855 -27.71529
0.8905519 0.4548805 0.001020818 580.2396 -0.4542873 0.8892711 0.05310023 -187.2594 0.02324648 -0.04775225 0.9985887 -27.77734
0.8907109 0.4545664 0.001870412 581.2705 -0.4540541 0.8894958 0.05130127 -187.8014 0.02165611 -0.04654387 0.9986815 -27.88447
0.8906602 0.4546687 0.0009332309 582.3165 -0.4540935 0.8894265 0.05215131 -188.35 0.02288153 -0.04687287 0.9986387 -27.94168
0.8909974 0.4540038 0.002038971 583.3682 -0.4534699 0.8897128 0.05268775 -188.8903 0.02210634 -0.04786926 0.9986089 -28.03641
0.891052 0.4539003 0.000899219 584.4135 -0.4532613 0.889689 0.05484246 -189.4396 0.02409299 -0.04927507 0.9984946 -28.11127
0.8910641 0.453875 0.001504485 585.4529 -0.453248 0.8896489 0.0555974 -189.9943 0.02389581 -0.05022275 0.9984521 -28.20191
0.891245 0.4535221 3.859214e-05 586.5158 -0.4528114 0.8898435 0.05604043 -190.5373 0.02538123 -0.04996323 0.9984285 -28.28073
0.8914403 0.4531376 0.0007474022 587.5734 -0.4524339 0.8899616 0.05720375 -191.0862 0.02525601 -0.05133187 0.9983622 -28.35731
0.891112 0.4537815 0.001291139 588.6417 -0.4530889 0.8895874 0.05783429 -191.6573 0.02509555 -0.05212183 0.9983253 -28.45005
0.8906467 0.4546904 0.002256227 589.698 -0.4540244 0.8890507 0.05874186 -192.2066 0.02470346 -0.05334263 0.9982706 -28.52373
0.890157 0.4556395 0.00362562 590.766 -0.4550082 0.8884439 0.06029069 -192.7717 0.02424966 -0.05531787 0.9981743 -28.62305
0.8897785 0.4563848 0.002661189 591.8461 -0.4556921 0.8880745 0.06056511 -193.3401 0.02527767 -0.05510222 0.9981607 -28.70377
0.8896136 0.4567011 0.003425483 592.9189 -0.4560733 0.8879435 0.05961136 -193.8979 0.02418294 -0.05459335 0.9982158 -28.80412
0.8892236 0.4574587 0.003589211 594.0101 -0.4568502 0.8875768 0.05911884 -194.4758 0.02385873 -0.0542096 0.9982445 -28.87694
0.8887935 0.4583074 -0.0006711427 595.0898 -0.4574298 0.8871803 0.06057292 -195.0413 0.02835644 -0.05352982 0.9981635 -29.01451
0.8882571 0.4593452 -0.001098892 596.1898 -0.4584502 0.8866708 0.06031935 -195.6223 0.02868176 -0.0530753 0.9981785 -29.11636
0.8879434 0.4597605 -0.01329806 597.2995 -0.4583455 0.8868855 0.0579098 -196.191 0.03841849 -0.04532551 0.9982333 -29.19528
0.8880975 0.45947 -0.01304189 598.4031 -0.4581084 0.8870784 0.05682044 -196.7637 0.03767647 -0.0444875 0.9982992 -29.25678
0.8870133 0.4612564 -0.02121423 599.5079 -0.4593379 0.8861434 0.06130584 -197.3583 0.04707656 -0.04463459 0.9978936 -29.36425
0.8859797 0.4631213 -0.02363573 600.6368 -0.461296 0.8854042 0.05714378 -197.9401 0.04739168 -0.03972516 0.9980862 -29.42063
0.886551 0.462045 -0.0232734 601.7616 -0.4604282 0.886116 0.05295397 -198.5322 0.04509005 -0.03623067 0.9983257 -29.49283
0.8861963 0.4630423 -0.01574988 602.8591 -0.4618259 0.8855658 0.0499043 -199.1324 0.03705535 -0.0369513 0.9986298 -29.55713
0.8852662 0.4647481 -0.01769223 603.9745 -0.4630462 0.8843056 0.05993028 -199.7376 0.04349782 -0.04486192 0.9980457 -29.751
0.8838098 0.4675567 -0.01646315 605.1205 -0.4660205 0.8829212 0.05722829 -200.351 0.04129314 -0.04290675 0.9982254 -29.71519
0.8818606 0.4710591 -0.02062215 606.241 -0.4692429 0.8810641 0.05947354 -200.9671 0.04618499 -0.04277056 0.9980168 -29.87037
0.878919 0.4767657 -0.01399665 607.3598 -0.4753615 0.8779845 0.05634521 -201.5948 0.0391523 -0.04286941 0.9983132 -29.93787
0.8753753 0.4830876 -0.01855683 608.4835 -0.4812376 0.8744012 0.06190976 -202.2289 0.04613395 -0.04526403 0.9979092 -30.0688
0.8724163 0.4885796 -0.013408 609.6107 -0.487132 0.8714164 0.05775756 -202.8754 0.03990311 -0.04385717 0.9982406 -30.14176
0.8690906 0.4945413 -0.01050744 610.7345 -0.493051 0.8677888 0.06199419 -203.5336 0.03977693 -0.04869786 0.9980212 -30.25032
0.8652887 0.5012296 -0.006664847 611.8478 -0.4998637 0.8637745 0.06347885 -204.2051 0.0375744 -0.05159601 0.9979609 -30.3306
0.861632 0.5075187 -0.003878007 612.9985 -0.5062264 0.8599358 0.0651574 -204.8886 0.03640343 -0.05417855 0.9978675 -30.43528
0.8581466 0.5134031 0.001280433 614.1238 -0.5124762 0.8564421 0.06225018 -205.5851 0.03086282 -0.05407597 0.9980597 -30.54027
0.854067 0.5201139 0.00714833 615.2358 -0.5195769 0.8523718 0.05918008 -206.2973 0.02468735 -0.05425786 0.9982218 -30.62405
0.8499629 0.5267411 0.01032981 616.3577 -0.5263695 0.8482059 0.05900608 -207.0188 0.02231912 -0.05559028 0.9982042 -30.74416
0.8460396 0.5329652 0.01285036 617.4862 -0.5327294 0.8442513 0.05864514 -207.7451 0.02040689 -0.05646187 0.9981962 -30.83038
0.8420299 0.5392388 0.01438936 618.6119 -0.5390426 0.8401127 0.0603634 -208.4842 0.02046161 -0.05858427 0.9980727 -30.92726
0.8381332 0.545208 0.01676301 619.7462 -0.5451373 0.8361669 0.06041804 -209.242 0.01892372 -0.05977651 0.9980324 -31.02625
0.8353238 0.5494205 0.01926652 620.8799 -0.5494773 0.8332635 0.06120759 -209.9944 0.01757461 -0.06171467 0.9979391 -31.11831
0.8327786 0.5532717 0.01924297 621.9965 -0.5533107 0.8306956 0.06158086 -210.7596 0.0180859 -0.06193056 0.9979166 -31.23411
0.8306028 0.5565154 0.01974074 623.1307 -0.5565674 0.8284768 0.06212043 -211.5297 0.01821623 -0.06258445 0.9978734 -31.34012
0.8280513 0.5603459 0.01853392 624.2656 -0.5602825 0.8258524 0.06365069 -212.3117 0.02036013 -0.06309027 0.9978001 -31.44018
0.8256761 0.5638798 0.0172774 625.3784 -0.5637358 0.8235257 0.06330357 -213.0929 0.02146722 -0.06200814 0.9978448 -31.55528
0.8232612 0.5673939 0.01746802 626.5157 -0.5672534 0.8211094 0.0632688 -213.8985 0.02155518 -0.06199554 0.9978436 -31.66266
0.8209518 0.5707682 0.01618295 627.6473 -0.5705932 0.8189744 0.06086278 -214.703 0.02148512 -0.05919929 0.9980149 -31.75731
0.818343 0.5744497 0.01794774 628.7708 -0.5743876 0.8163787 0.06003884 -215.5141 0.01983715 -0.05944132 0.9980347 -31.86623
0.8158574 0.5780227 0.01632612 629.8928 -0.5778509 0.8139118 0.06030109 -216.3372 0.02156738 -0.05863116 0.9980467 -31.97728
0.8136109 0.5810958 0.01910315 631.0157 -0.5810797 0.8116032 0.06038834 -217.1549 0.01958724 -0.06023306 0.9979922 -32.06256
0.8112875 0.5844017 0.01694728 632.145 -0.5842556 0.809342 0.06008953 -217.9794 0.02140028 -0.05865143 0.9980491 -32.18258
0.8085128 0.5880481 0.0225058 633.2661 -0.5882673 0.8066067 0.05768383 -218.8209 0.01576753 -0.05987754 0.9980812 -32.2726
0.8065092 0.5908806 0.02007548 634.3874 -0.5908903 0.8044562 0.06081845 -219.6781 0.0197866 -0.06091304 0.9979469 -32.40226
0.8048207 0.5930093 0.02456766 635.5253 -0.5932619 0.802568 0.06264994 -220.5154 0.01743478 -0.06499702 0.9977331 -32.45298
0.8034722 0.595009 0.01992159 636.6361 -0.5948389 0.8009671 0.06796039 -221.3778 0.0244805 -0.06645442 0.9974891 -32.62729
0.802021 0.5969169 0.02127158 637.7825 -0.5969532 0.7998462 0.0623925 -222.2301 0.02022914 -0.06273823 0.997825 -32.69382
0.8010958 0.5982702 0.01783628 638.9068 -0.5980667 0.7989324 0.0634275 -223.0967 0.0236968 -0.0614788 0.9978271 -32.83755
0.7994371 0.6004601 0.01865545 640.0514 -0.6003437 0.7973697 0.06155521 -223.9797 0.02208615 -0.0604092 0.9979293 -32.91848
0.7984114 0.6018478 0.01784229 641.1718 -0.6015788 0.7961066 0.06570625 -224.8449 0.0253408 -0.06319417 0.9976795 -33.0378
0.7968584 0.6038818 0.01853049 642.3055 -0.6036854 0.7946268 0.06428108 -225.7328 0.02409335 -0.06240951 0.9977598 -33.14201
0.7954626 0.6057075 0.01891066 643.4363 -0.6054964 0.7931356 0.0656505 -226.6093 0.02476628 -0.06367285 0.9976635 -33.26279
0.7935894 0.6081684 0.01863128 644.5723 -0.6080248 0.7915083 0.06181154 -227.5148 0.02284502 -0.06038126 0.997914 -33.36689
0.7919883 0.6101991 0.02028622 645.7161 -0.6101489 0.7898655 0.06189224 -228.4107 0.02174321 -0.06139555 0.9978766 -33.47833
0.7903133 0.6124471 0.01770456 646.8495 -0.6122548 0.7883004 0.061044 -229.3011 0.0234297 -0.05908358 0.997978 -33.59809
0.7885605 0.614695 0.01795593 647.9553 -0.6144893 0.7864859 0.06199243 -230.21 0.02398435 -0.05991851 0.9979151 -33.7519
0.7870932 0.6165157 0.01981845 649.1003 -0.6163936 0.7849109 0.0630378 -231.1135 0.02330807 -0.06183259 0.9978144 -33.7918
0.7862903 0.6175511 0.01944901 650.2383 -0.6173856 0.784071 0.06378119 -232.0223 0.02413874 -0.06215807 0.9977744 -33.93412
0.7847115 0.6195458 0.01977011 651.343 -0.6195294 0.782849 0.05771468 -232.9272 0.02027988 -0.05753753 0.9981374 -34.06045
0.7836397 0.6208906 0.0200918 652.4617 -0.6208037 0.7815328 0.06171897 -233.8348 0.02261833 -0.06083849 0.9978913 -34.1755
0.782401 0.6225575 0.01645808 653.5736 -0.6220847 0.780017 0.06770812 -234.7415 0.02931461 -0.06321321 0.9975694 -34.25863
0.7815885 0.6235549 0.01728143 654.6868 -0.6230985 0.7791089 0.06883048 -235.6537 0.02945547 -0.06456514 0.9974787 -34.38309
0.7805762 0.6248925 0.01449628 655.8038 -0.6244429 0.778564 0.06252252 -236.5653 0.02778357 -0.05785568 0.9979383 -34.48287
0.779986 0.6254968 0.01937805 656.9108 -0.625395 0.7780017 0.05995537 -237.4771 0.02242574 -0.05888328 0.998013 -34.658
0.7792694 0.6264535 0.01718247 658.0273 -0.6261729 0.7772223 0.06191163 -238.4024 0.02543016 -0.05900504 0.9979337 -34.71572
0.7786852 0.6271591 0.01791183 659.1453 -0.626841 0.7764354 0.0649498 -239.3153 0.02682647 -0.06180331 0.9977278 -34.85926
0.777983 0.628089 0.01570607 660.2466 -0.6276458 0.7758205 0.06452288 -240.2293 0.02834103 -0.06005556 0.9977926 -34.96095
0.7773712 0.6288228 0.01660877 661.3772 -0.6284294 0.7751782 0.06461698 -241.1715 0.02775787 -0.06066882 0.9977719 -35.08539
0.7765979 0.6298229 0.01479762 662.4797 -0.6293274 0.7744763 0.06429001 -242.0923 0.02903091 -0.05924003 0.9978215 -35.19724
0.7759231 0.6306219 0.01610186 663.623 -0.6301835 0.7737254 0.06494409 -243.0216 0.02849675 -0.06053874 0.997759 -35.29793
0.7749627 0.6318176 0.01547123 664.7245 -0.6314303 0.7729779 0.06165082 -243.9606 0.02699315 -0.05754608 0.9979779 -35.41246
0.774537 0.632296 0.01715373 665.8542 -0.6319849 0.7724626 0.0624213 -244.9021 0.02621811 -0.05918851 0.9979025 -35.53175
0.7738695 0.6331543 0.01554575 666.9682 -0.632673 0.7716849 0.06501999 -245.8211 0.02917127 -0.06015236 0.9977629 -35.66521
0.7735106 0.6335631 0.01670592 668.0687 -0.633127 0.7712418 0.06585016 -246.7581 0.02883593 -0.06151276 0.9976897 -35.79364
0.7732067 0.6339906 0.01439893 669.1773 -0.6334427 0.7710649 0.06487846 -247.6862 0.03002982 -0.05928536 0.9977893 -35.85879
0.772908 0.6342962 0.01678318 670.265 -0.6339289 0.7707802 0.06349857 -248.6254 0.02734075 -0.05971789 0.9978408 -36.00963
0.7727773 0.6344794 0.01584836 671.3816 -0.6340773 0.7707202 0.06273882 -249.5414 0.02759184 -0.05853222 0.9979041 -36.11226
0.7725191 0.6346623 0.02044579 672.4725 -0.6345388 0.7703525 0.06258985 -250.4641 0.02397295 -0.0613255 0.9978299 -36.23598
0.7720172 0.635295 0.01974385 673.5615 -0.6351164 0.769842 0.06301315 -251.3987 0.02483229 -0.06118688 0.9978174 -36.34718
0.7721975 0.6349605 0.02315357 674.6704 -0.6348956 0.7696668 0.06723673 -252.319 0.02487214 -0.06662013 0.9974684 -36.39985
0.7722126 0.6351116 0.01791864 675.7462 -0.6348308 0.770102 0.06271149 -253.2284 0.02602962 -0.05980191 0.9978708 -36.62377
0.7723036 0.6348016 0.02396193 676.8344 -0.634917 0.7701172 0.06164447 -254.1491 0.02067852 -0.06282208 0.9978105 -36.72789
0.7724643 0.6348702 0.01544957 677.918 -0.6342551 0.7700362 0.06902718 -255.0645 0.03192657 -0.06312 0.9974951 -36.80398
0.7723871 0.6348046 0.02100619 679.0032 -0.6346301 0.7699896 0.06603692 -255.9774 0.025746 -0.06433722 0.997596 -36.94563
0.7731839 0.6339743 0.01622044 680.0884 -0.6334378 0.7707857 0.06816301 -256.8819 0.03071112 -0.06297719 0.9975423 -37.05467
0.7736751 0.6332573 0.02029599 681.1793 -0.6330467 0.771307 0.06585834 -257.7917 0.02605083 -0.06380128 0.9976225 -37.13637
0.774263 0.6326144 0.01776966 682.2382 -0.6322696 0.7720139 0.06503396 -258.6997 0.027423 -0.0615886 0.9977248 -37.3383
0.7747763 0.6317756 0.02411111 683.3323 -0.631887 0.7725201 0.06270288 -259.592 0.02098783 -0.0638162 0.9977409 -37.36292
0.7755444 0.6310008 0.01920482 684.4018 -0.6308132 0.7734106 0.06253538 -260.4943 0.02460666 -0.06061362 0.9978579 -37.53066
0.7754471 0.6309202 0.02492764 685.4604 -0.6311739 0.7734646 0.0580708 -261.3862 0.0173574 -0.06076451 0.9980012 -37.64341
0.7764118 0.6298698 0.02118433 686.5331 -0.6297982 0.7742079 0.06289824 -262.279 0.02321662 -0.06217679 0.9977951 -37.72723
0.7759937 0.6302879 0.0238946 687.5975 -0.6304524 0.7739372 0.05958926 -263.1653 0.01906547 -0.0613053 0.997937 -37.82066
0.7761869 0.6300962 0.0226431 688.6491 -0.6301848 0.7741542 0.05960239 -264.0479 0.02002599 -0.06053193 0.9979653 -37.94338
0.7762929 0.6298185 0.02642064 689.7161 -0.6301059 0.7740643 0.06157038 -264.9264 0.01832689 -0.06444445 0.997753 -38.03887
0.7756476 0.6307933 0.02169063 690.7538 -0.6307955 0.7735566 0.06088589 -265.816 0.02162748 -0.06090835 0.997909 -38.17707
0.7754037 0.6309512 0.0254892 691.8126 -0.63117 0.7731731 0.06186791 -266.6917 0.01932807 -0.06406062 0.9977588 -38.26821
0.7750267 0.6317461 0.01518179 692.8539 -0.6313134 0.7729889 0.06270208 -267.5547 0.02787644 -0.05818025 0.9979168 -38.40515
0.7742831 0.6325676 0.01854772 693.8931 -0.6323442 0.7721854 0.06221223 -268.4315 0.02503116 -0.05989842 0.9978906 -38.49541
0.7740159 0.6330851 0.01013479 694.9321 -0.6323544 0.7721143 0.06298707 -269.2904 0.03205095 -0.05516177 0.9979629 -38.61546
0.7732641 0.633885 0.01588875 695.9688 -0.6334847 0.7712013 0.06281444 -270.1659 0.0275637 -0.05863743 0.9978988 -38.7089
0.7729743 0.634333 0.01150457 696.9962 -0.6336731 0.7710261 0.06306274 -271.0307 0.03113246 -0.05603601 0.9979433 -38.81774
0.7728604 0.6344035 0.01480068 698.034 -0.633986 0.7709261 0.06111217 -271.8994 0.02735954 -0.0566146 0.9980212 -38.93744
0.772543 0.6346837 0.01881717 699.0394 -0.6345102 0.7705351 0.06060037 -272.7667 0.02396277 -0.05875607 0.9979847 -39.07652
0.7714854 0.6354834 0.03116237 700.0815 -0.6362163 0.7700405 0.04760502 -273.6396 0.00625591 -0.05655259 0.99838 -39.09289
0.7719963 0.6350956 0.02598893 701.0884 -0.6355181 0.770461 0.05006333 -274.505 0.01177154 -0.05516514 0.9984078 -39.22378
0.7730604 0.6329013 0.0425861 702.0814 -0.6342354 0.7700247 0.06933744 -275.3346 0.01109141 -0.08061165 0.9966839 -39.26103
0.7716135 0.635048 0.03642221 703.0441 -0.6357623 0.7681066 0.07627897 -276.1855 0.02046467 -0.08201376 0.996421 -39.56319
0.7708507 0.6362552 0.0311198 704.0803 -0.6367161 0.7680695 0.06827764 -277.0564 0.01953984 -0.07244635 0.9971809 -39.55511
0.772129 0.6344464 0.03597943 705.1111 -0.6353805 0.7698594 0.06006793 -277.8901 0.01041078 -0.06924082 0.9975457 -39.59454
0.7717682 0.6352876 0.02799244 706.0892 -0.635731 0.7697831 0.0572731 -278.7393 0.01483679 -0.06199722 0.9979661 -39.84108
0.7717626 0.6350471 0.0331315 707.101 -0.6357307 0.7692564 0.06396184 -279.5789 0.01513216 -0.07042607 0.9974022 -39.83767
0.7719021 0.6351684 0.02698699 708.0875 -0.6353125 0.7691271 0.06943772 -280.4163 0.02334822 -0.0707443 0.9972212 -39.97865
0.7712502 0.6354832 0.03652563 709.0684 -0.6364204 0.7687697 0.06294475 -281.2564 0.01192053 -0.07179181 0.9973484 -40.04572
0.7723421 0.634073 0.03793544 710.0577 -0.6351177 0.7698553 0.06283619 -282.1069 0.01063793 -0.07262451 0.9973026 -40.14272
0.7721037 0.6338977 0.04505228 711.0424 -0.6354917 0.769877 0.05864988 -282.9394 0.002493307 -0.07391413 0.9972615 -40.26194
0.7729516 0.6331353 0.04105495 712.0136 -0.6343688 0.7700887 0.0673749 -283.7684 0.01104147 -0.07812153 0.9968827 -40.41017
0.7729794 0.6331701 0.03998271 713.001 -0.634288 0.7699299 0.06990477 -284.5772 0.01347772 -0.0793955 0.9967521 -40.47462
0.7727022 0.6336707 0.03731769 713.9752 -0.6346183 0.7699037 0.06714197 -285.4101 0.01381487 -0.07556324 0.9970453 -40.60819
0.7735474 0.6325836 0.03824022 714.9705 -0.633654 0.7710506 0.06295606 -286.2514 0.01033983 -0.07293057 0.9972834 -40.71246
0.7742403 0.6312287 0.04585079 715.9507 -0.6328748 0.7716568 0.06336543 -287.0731 0.004617004 -0.07807788 0.9969366 -40.75578
0.7748932 0.630261 0.04807927 716.9143 -0.6320921 0.7725962 0.05962229 -287.8941 0.0004317388 -0.07659143 0.9970624 -40.92163
0.7753973 0.6299684 0.04357532 717.8926 -0.6314132 0.7725199 0.06730881 -288.7093 0.008739617 -0.0797051 0.9967802 -41.00898
0.7759155 0.6297069 0.03774102 718.8842 -0.6306587 0.7728859 0.07012111 -289.5218 0.01498624 -0.07820976 0.9968243 -41.14769
0.7758057 0.6301689 0.03182266 719.861 -0.6306842 0.7729423 0.06926431 -290.3397 0.01905113 -0.07380569 0.9970906 -41.22723
0.7760251 0.6295607 0.037926 720.8487 -0.6306247 0.7735835 0.06229689 -291.1735 0.009880744 -0.07226101 0.9973368 -41.30738
0.7762548 0.6289579 0.04290049 721.8227 -0.6304168 0.7742622 0.05561282 -292.0004 0.001761904 -0.0702149 0.9975303 -41.42643
0.7761672 0.6278974 0.05752718 722.8038 -0.6304655 0.7741302 0.05688498 -292.8326 -0.008815594 -0.08042116 0.996722 -41.48166
0.7768932 0.6270733 0.05671008 723.7605 -0.6296085 0.7744919 0.0612802 -293.6422 -0.005494324 -0.08331332 0.9965082 -41.6917
0.776613 0.6280188 0.04964533 724.7448 -0.6299567 0.773524 0.06939173 -294.4489 0.005177453 -0.08516492 0.9963534 -41.69771
0.7767122 0.6286051 0.03967148 725.7322 -0.6296724 0.7734249 0.07298496 -295.2525 0.01519581 -0.08166835 0.9965437 -41.86627
0.7760522 0.6298403 0.03231445 726.7245 -0.6304032 0.7732202 0.06872058 -296.0719 0.0182968 -0.07370189 0.9971125 -41.97684
0.7757469 0.6303115 0.03039853 727.7148 -0.6307593 0.7730494 0.06736141 -296.8925 0.01895912 -0.07142957 0.9972655 -42.07051
0.7759527 0.6300001 0.03158005 728.6961 -0.6305864 0.773453 0.06427744 -297.711 0.01606911 -0.0697902 0.9974322 -42.13902
0.7760093 0.6297688 0.03465295 729.6754 -0.6305376 0.7732847 0.0667325 -298.5339 0.01522945 -0.07363503 0.997169 -42.26797
0.7759464 0.6298162 0.03519443 730.6528 -0.6306143 0.7731619 0.06742655 -299.3514 0.01525534 -0.07451349 0.9971033 -42.36134
0.7757825 0.630137 0.03299933 731.6286 -0.6307227 0.7728283 0.07018054 -300.1713 0.01872053 -0.07525826 0.9969884 -42.47935
0.7755045 0.6304553 0.03344948 732.6207 -0.6310812 0.7725723 0.06977589 -300.9953 0.01814845 -0.07522085 0.9970017 -42.57518
0.7754359 0.6305218 0.03378571 733.6159 -0.6311737 0.7725018 0.069717 -301.8293 0.01785857 -0.07538571 0.9969945 -42.65464
0.7755004 0.6297958 0.0442299 734.5885 -0.6313283 0.7730323 0.06201303 -302.6628 0.004864408 -0.07601473 0.9970948 -42.80249
0.7750564 0.6300453 0.04827614 735.5696 -0.6318891 0.7725513 0.06229379 -303.4995 0.00195211 -0.07878637 0.9968896 -42.87918
0.7754151 0.6291935 0.0533575 736.5353 -0.631451 0.7724967 0.06722096 -304.3152 0.001076506 -0.08581679 0.9963104 -43.07383
0.7745077 0.6304969 0.0511027 737.5192 -0.632548 0.7713726 0.06976504 -305.1393 0.004567409 -0.08635847 0.9962537 -43.10809
0.7740423 0.631735 0.04206429 738.5271 -0.6330606 0.771232 0.06660007 -305.9582 0.009632269 -0.07818052 0.9968927 -43.21983
0.7737193 0.6322744 0.03984326 739.5193 -0.6334805 0.7713536 0.0609586 -306.7857 0.007809319 -0.07240477 0.9973447 -43.31236
0.7730103 0.6332346 0.03832756 740.4838 -0.6342161 0.7699538 0.0702923 -307.604 0.01500107 -0.07864463 0.9967898 -43.46434
0.7720423 0.6348084 0.03112768 741.4832 -0.6351753 0.7689074 0.07303091 -308.4459 0.02242633 -0.07615449 0.9968438 -43.53549
0.7721019 0.6347937 0.02992747 742.4612 -0.6349946 0.7687578 0.07611249 -309.2766 0.02530875 -0.07777037 0.99665 -43.69717
0.7715456 0.6355243 0.02874257 743.4694 -0.6358538 0.7689369 0.06652641 -310.1111 0.02017793 -0.06960423 0.9973706 -43.71184
0.7712828 0.6360657 0.02330786 744.4534 -0.6360566 0.7688824 0.06520759 -310.9448 0.02355531 -0.06511861 0.9975995 -43.9011
0.7703717 0.6371236 0.02451465 745.4466 -0.6373032 0.768286 0.05984284 -311.7817 0.01929303 -0.0617245 0.9979067 -43.95917
0.7700927 0.6376382 0.01936196 746.4282 -0.6371844 0.7673669 0.07172189 -312.6201 0.03087488 -0.06756964 0.9972367 -44.11515
0.7698678 0.6378765 0.020425 747.4221 -0.6375691 0.7672824 0.0691625 -313.4483 0.02844539 -0.06626834 0.9973963 -44.17712
0.7694972 0.6383125 0.02076468 748.3999 -0.638041 0.7669369 0.06863964 -314.2843 0.02788834 -0.06606673 0.9974254 -44.3156
0.7690696 0.6389562 0.01633624 749.409 -0.6384445 0.7667383 0.06708885 -315.1297 0.03034122 -0.06202577 0.9976133 -44.36391
0.7688679 0.6390029 0.02274826 750.3666 -0.6388884 0.7663233 0.06760377 -315.9601 0.02576648 -0.06651196 0.9974529 -44.52185
0.7677793 0.6403231 0.02238976 751.3488 -0.6402447 0.7654099 0.0650722 -316.8055 0.02452988 -0.06429601 0.9976293 -44.64084
0.7672056 0.6407659 0.0285416 752.3459 -0.6410495 0.7645519 0.06720128 -317.6661 0.02123875 -0.06985378 0.9973311 -44.69987
0.7665451 0.6412249 0.03520421 753.3207 -0.6420565 0.7641128 0.06241073 -318.5109 0.01311933 -0.07044373 0.9974295 -44.80992
0.7657683 0.6419836 0.03815708 754.3062 -0.6429749 0.7630055 0.0663758 -319.3695 0.01349811 -0.07536253 0.9970648 -44.91578
0.7651482 0.6426818 0.03883855 755.2896 -0.6436865 0.7621785 0.06893199 -320.2154 0.01469942 -0.07774303 0.996865 -45.02974
0.7640952 0.6440982 0.03600159 756.2655 -0.6447688 0.760711 0.07477911 -321.0676 0.02077828 -0.08035105 0.99655 -45.16153
0.7631292 0.6454765 0.03152618 757.259 -0.6459041 0.7602308 0.06969309 -321.9204 0.02101809 -0.07354772 0.9970702 -45.25114
0.7621238 0.6466117 0.03256803 758.2371 -0.6470711 0.7590576 0.07162605 -322.7721 0.02159323 -0.07566175 0.9968997 -45.39568
0.7606903 0.6484945 0.02837441 759.2211 -0.6487204 0.7579774 0.06805892 -323.6396 0.02262867 -0.07017882 0.9972777 -45.46553
0.7597604 0.6493747 0.03281306 760.2059 -0.649897 0.7568866 0.06896815 -324.5033 0.0199504 -0.07372438 0.9970791 -45.61555
0.7585515 0.650898 0.030519 761.1946 -0.6513081 0.7559315 0.06607129 -325.3786 0.0199354 -0.06999575 0.9973481 -45.6908
0.7576306 0.6519204 0.03155351 762.1767 -0.6523426 0.7547867 0.06889328 -326.2421 0.02109678 -0.07277936 0.9971249 -45.83023
0.7558627 0.6541044 0.02861922 763.1541 -0.654355 0.7532282 0.06683481 -327.1103 0.02216014 -0.06924508 0.9973535 -45.92684
0.7549424 0.6551388 0.02924362 764.1533 -0.655379 0.7521366 0.06905697 -328.002 0.0232467 -0.07129968 0.997184 -46.02556
0.7532846 0.6569512 0.03126369 765.1356 -0.6573733 0.7505796 0.06701265 -328.8765 0.02055815 -0.0710315 0.9972622 -46.13574
0.752086 0.6582601 0.03255925 766.1131 -0.658697 0.7490979 0.07050136 -329.753 0.02201817 -0.07446977 0.9969802 -46.23836
0.7560362 0.6545109 0.004972769 767.2341 -0.6533604 0.7542096 0.06548128 -330.294 0.0391077 -0.05275523 0.9978414 -46.26722