1.0 0.0 0.0 0.0 0.0 1.0 0.0 0.0 0.0 0.0 1.0 0.0
0.9994376 -0.03346577 -0.002123419 0.6027523 0.0334663 0.9994398 0.000219348 0.0758054 0.002114889 -0.0002902876 0.9999977 -0.02193807
0.9985538 -0.05370483 -0.002494317 0.9484509 0.05370748 0.9985561 0.001006314 0.1069944 0.002436671 -0.001138822 0.9999964 -0.02026474
0.9972488 -0.07407929 -0.00265868 1.300575 0.0740857 0.9972491 0.002398605 0.1577193 0.002473679 -0.002588977 0.9999936 -0.03606533
0.9955359 -0.09429444 -0.004119107 1.653844 0.09430124 0.9955428 0.001486008 0.2091863 0.003960624 -0.001867811 0.9999904 -0.05047289
0.9935435 -0.1133923 -0.003674298 2.002923 0.1133994 0.9935478 0.001779443 0.2603113 0.003448816 -0.002184617 0.9999917 -0.04567279
0.9912673 -0.1317728 -0.005008014 2.344551 0.131778 0.991279 0.0007160194 0.3123853 0.004869987 -0.001369712 0.9999872 -0.06368972
0.9888045 -0.1490833 -0.006304404 2.686573 0.1490863 0.9888244 9.461946e-07 0.3715874 0.006233806 -0.0009408355 0.9999802 -0.07549064
0.9863733 -0.1644127 -0.00601885 3.02226 0.1644133 0.9863915 -0.0003930285 0.4355878 0.006001561 -0.0006019063 0.9999818 -0.07708069
0.9838049 -0.1790821 -0.007578771 3.352177 0.1790753 0.983834 -0.001583745 0.5025781 0.007739874 0.0002009253 0.99997 -0.0788695
0.9811875 -0.1928719 -0.008452172 3.696325 0.1928601 0.9812237 -0.002194091 0.5684582 0.008716651 0.0005227271 0.9999619 -0.09411823
0.9787447 -0.2049011 -0.008621826 4.019472 0.2048935 0.9787827 -0.001772272 0.6339165 0.008802035 -3.195362e-05 0.9999613 -0.1004743
0.9765971 -0.2149006 -0.008702702 4.347275 0.2149051 0.9766349 -0.000426253 0.7080118 0.008590964 -0.001453978 0.999962 -0.1079397
0.9748747 -0.222572 -0.008999566 4.678412 0.2225877 0.9749123 0.0007618768 0.7838367 0.008604215 -0.002745927 0.9999592 -0.1119936
0.9730538 -0.2302518 -0.01226236 5.016984 0.2302614 0.9731287 -0.0006428952 0.8597304 0.01208088 -0.002197977 0.9999246 -0.1226131
0.971732 -0.2358091 -0.01144415 5.33319 0.2358037 0.971799 -0.001842897 0.9392551 0.01155599 -0.0009077711 0.9999328 -0.102581
0.9698572 -0.2434102 -0.01133181 5.670521 0.2434068 0.9699228 -0.001704147 1.020885 0.01140579 -0.001105459 0.9999343 -0.111689
0.9678639 -0.2512518 -0.01058277 5.98254 0.2512448 0.9679216 -0.001999517 1.105285 0.01074568 -0.0007236068 0.999942 -0.1301722
0.9659385 -0.2584639 -0.01261821 6.307908 0.2584611 0.9660199 -0.001886037 1.193851 0.01267691 -0.00143952 0.9999186 -0.1504214
0.9645716 -0.2633801 -0.0152495 6.629278 0.2633802 0.9646901 -0.002041308 1.286353 0.01524868 -0.002047427 0.9998816 -0.1562961
0.9640698 -0.2650513 -0.01780932 6.949495 0.2650552 0.9642308 -0.002180865 1.368468 0.01775034 -0.002617948 0.999839 -0.1628932
0.9641811 -0.2646902 -0.01714678 7.269678 0.264677 0.9643322 -0.003077762 1.441099 0.01734985 -0.00157084 0.9998482 -0.1604549
0.9650895 -0.261308 -0.01790123 7.590895 0.261299 0.9652537 -0.002882482 1.507943 0.01803244 -0.001895721 0.9998356 -0.1744543
0.9659088 -0.2580316 -0.02097133 7.912878 0.2580303 0.9661328 -0.002811864 1.583211 0.02098664 -0.002695235 0.9997761 -0.1837422
0.9674061 -0.2521873 -0.02295632 8.247127 0.2521864 0.9676741 -0.002980306 1.668415 0.02296583 -0.002906105 0.999732 -0.1764211
0.9694387 -0.2440507 -0.02505588 8.567084 0.2440262 0.9697599 -0.004078206 1.739107 0.02529348 -0.002160721 0.9996777 -0.1884296
0.9715274 -0.235527 -0.02572005 8.905399 0.235443 0.9718678 -0.006290266 1.808424 0.02647801 5.555991e-05 0.9996494 -0.1808925
0.9738058 -0.2256305 -0.02816165 9.239909 0.2254462 0.9742084 -0.009596827 1.878627 0.02960065 0.002996508 0.9995573 -0.2064126
0.9760228 -0.2155847 -0.03004346 9.585481 0.2153131 0.9764708 -0.01204002 1.941108 0.03193221 0.005282584 0.9994761 -0.2069483
0.9781642 -0.2049836 -0.0343011 9.915575 0.2045929 0.9787385 -0.01457504 1.998359 0.03655946 0.007239026 0.9993052 -0.2186871
0.9803049 -0.1935153 -0.03942246 10.26438 0.1929777 0.9810549 -0.01705024 2.060429 0.04197508 0.009106778 0.9990771 -0.2265047
0.9824119 -0.1819143 -0.0421189 10.61501 0.18127 0.9832562 -0.01867314 2.117319 0.04481057 0.01070982 0.9989381 -0.2071994
0.984517 -0.1702335 -0.04179523 10.94241 0.1695455 0.985329 -0.01951435 2.161267 0.04450405 0.01212601 0.9989356 -0.2094535
0.9861856 -0.1601764 -0.04220671 11.29552 0.159478 0.98701 -0.01944753 2.205273 0.04477348 0.01244783 0.9989196 -0.2121776
0.9876718 -0.1506322 -0.04259491 11.64903 0.1499508 0.988515 -0.01878195 2.255189 0.04493488 0.01216326 0.9989159 -0.221821
0.9887457 -0.142372 -0.04595742 12.00313 0.1416762 0.9897482 -0.018074 2.304912 0.0480595 0.01135952 0.9987799 -0.2268543
0.9901178 -0.1337737 -0.04208742 12.34349 0.1331517 0.9909453 -0.01726247 2.341127 0.04401559 0.01148786 0.9989648 -0.2058077
0.9912997 -0.1251164 -0.04087354 12.69063 0.1246507 0.9921052 -0.01376031 2.371927 0.0422725 0.008545677 0.9990696 -0.2120758
0.9924424 -0.1163636 -0.03895541 13.04843 0.1160402 0.9931895 -0.01046921 2.397074 0.03990833 0.005869697 0.9991861 -0.2231071
0.9933372 -0.108398 -0.0391289 13.4018 0.1082226 0.9941049 -0.006581924 2.437642 0.0396117 0.00230344 0.9992125 -0.2042171
0.9941485 -0.1014911 -0.03699172 13.76575 0.1012877 0.9948303 -0.007337226 2.457283 0.03754514 0.003547486 0.9992886 -0.1922939
0.9950774 -0.09443042 -0.03006314 14.13945 0.09418982 0.9955107 -0.009324547 2.477983 0.03080869 0.006447006 0.9995045 -0.1844386
0.9957892 -0.08827931 -0.02470889 14.50387 0.08803986 0.9960603 -0.01061854 2.494394 0.02554894 0.008398465 0.9996383 -0.213046
0.9963214 -0.08300187 -0.02131332 14.87711 0.08279248 0.9965112 -0.01052728 2.51929 0.02211274 0.008723977 0.9997174 -0.2187526
0.9967301 -0.0780433 -0.02093737 15.24541 0.07785889 0.9969193 -0.009484331 2.537665 0.02161305 0.007823157 0.9997358 -0.2392099
0.9972953 -0.07096167 -0.01914611 15.61749 0.07081909 0.997457 -0.008025357 2.556739 0.01966692 0.00664774 0.9997845 -0.2264344
0.997934 -0.06283426 -0.01339604 15.98485 0.06275914 0.9980109 -0.005955796 2.55567 0.01374362 0.005102768 0.9998925 -0.2195736
0.9983062 -0.05794688 -0.005179317 16.34789 0.05792528 0.9983119 -0.004227268 2.564743 0.005415531 0.003920095 0.9999776 -0.2014299
0.9983814 -0.05659821 0.005580399 16.7035 0.05660482 0.9983962 -0.001033868 2.568125 -0.005512934 0.001348072 0.9999839 -0.21659
0.9981642 -0.05953036 0.01115194 17.04942 0.05951173 0.9982258 0.00199572 2.584466 -0.01125096 -0.001328385 0.9999358 -0.2454583
0.9976341 -0.06740784 0.01350869 17.40876 0.06735071 0.9977186 0.004641102 2.61422 -0.01379072 -0.003720302 0.999898 -0.2492056
0.9967641 -0.07935599 0.01280554 17.74936 0.07928564 0.9968344 0.005911477 2.668072 -0.01323411 -0.004877052 0.9999005 -0.2583132
0.9956399 -0.09236393 0.01304239 18.0901 0.09232295 0.9957222 0.003711181 2.708827 -0.01332938 -0.002490888 0.999908 -0.2473311
0.9939201 -0.1090229 0.01538863 18.40424 0.1090094 0.9940392 0.001719801 2.773802 -0.0154844 -3.183901e-05 0.9998801 -0.2497644
0.9915713 -0.1283719 0.01752146 18.74027 0.1283797 0.991725 0.0006855487 2.830029 -0.01746447 0.001569628 0.9998463 -0.2524919
0.9883104 -0.1515681 0.01642082 19.0504 0.151578 0.9884452 0.0006444688 2.911345 -0.01632876 0.0018521 0.9998649 -0.2746364
0.9845414 -0.1746645 0.0130606 19.37558 0.1747071 0.9846181 -0.002191191 2.995092 -0.01247698 0.004439098 0.9999123 -0.2954288
0.9802883 -0.1974219 0.007711402 19.66529 0.1974522 0.9803066 -0.003376083 3.079681 -0.006893026 0.004832168 0.9999646 -0.3151647
0.975296 -0.2208604 0.00429205 19.95187 0.220874 0.9752976 -0.003024775 3.179125 -0.003517974 0.003898053 0.9999862 -0.3040764
0.9697998 -0.2438936 0.002055205 20.24035 0.2438973 0.9697993 -0.001818174 3.272866 -0.001549696 0.002264523 0.9999962 -0.3043006
0.9629503 -0.2696112 0.006046725 20.54259 0.2696157 0.9629681 9.319594e-05 3.389116 -0.00584793 0.001540549 0.9999817 -0.2457413
0.9548321 -0.2968939 0.01223703 20.82204 0.2969242 0.9549009 -0.0006967508 3.497743 -0.01147829 0.00429875 0.9999249 -0.2825745
0.9455901 -0.3251408 0.01194912 21.10088 0.3251911 0.945645 -0.002482201 3.595093 -0.01049256 0.006232891 0.9999256 -0.3137497
0.9351218 -0.3542342 0.008078009 21.36982 0.3542811 0.9351238 -0.005335181 3.748283 -0.005664034 0.00785093 0.9999532 -0.3334406
0.9237177 -0.3830611 0.003118497 21.63665 0.383073 0.9236685 -0.009567048 3.888133 0.000784306 0.01003186 0.9999494 -0.3395951
0.9112396 -0.4118702 -0.002334876 21.88303 0.4118102 0.9111798 -0.01280301 4.041827 0.00740067 0.01070509 0.9999153 -0.3299207
0.8984348 -0.439091 -0.003756035 22.11874 0.4390005 0.8983722 -0.01434665 4.187566 0.0096738 0.01124062 0.99989 -0.3273057
0.8841133 -0.4672406 -0.005461027 22.33978 0.4671125 0.884056 -0.01583606 4.340578 0.01222711 0.01144996 0.9998597 -0.3233786
0.869434 -0.4940279 -0.004582962 22.55742 0.4938814 0.8693433 -0.01798979 4.485865 0.01287162 0.0133775 0.9998277 -0.3256713
0.8542209 -0.5198551 -0.007564745 22.75675 0.5196331 0.8541502 -0.02021799 4.628587 0.01697185 0.01333974 0.999767 -0.3431818
0.8390727 -0.5439145 -0.01067409 22.94397 0.5436235 0.8390492 -0.02167901 4.787963 0.02074762 0.01238758 0.999708 -0.3442238
0.8232188 -0.5676185 -0.0109602 23.11357 0.5672832 0.8231868 -0.02352438 4.928055 0.02237517 0.01314818 0.9996632 -0.3260494
0.8075085 -0.5898058 -0.007685902 23.27375 0.5895166 0.8074175 -0.02339138 5.062472 0.0200021 0.01435777 0.9996969 -0.3248346
0.7910758 -0.6116934 -0.005493563 23.41637 0.6114706 0.7909793 -0.02133885 5.201118 0.01739813 0.01352149 0.9997572 -0.3246739
0.7728288 -0.6345894 -0.005656507 23.53949 0.6343743 0.7727506 -0.02062705 5.345355 0.01746078 0.01235284 0.9997712 -0.3378415
0.7531583 -0.6577752 -0.009188806 23.65921 0.6575197 0.7531544 -0.02065218 5.49335 0.02050508 0.009512544 0.9997445 -0.3480369
0.7327349 -0.6803943 -0.01277673 23.76669 0.6800644 0.7328039 -0.02259611 5.637112 0.02473711 0.007867957 0.9996631 -0.3477446
0.7117478 -0.7022916 -0.01419674 23.86937 0.7019515 0.7118624 -0.02271666 5.76965 0.02605985 0.00620311 0.9996411 -0.3359886
0.6908329 -0.7228881 -0.01352092 23.96573 0.7225165 0.6909304 -0.02419145 5.92161 0.02682973 0.006943163 0.9996159 -0.3269873
0.669503 -0.7426541 -0.01518539 24.05215 0.7422602 0.669654 -0.02476172 6.052242 0.02855835 0.005306535 0.9995781 -0.3355535
0.6478127 -0.761656 -0.01478941 24.13258 0.7612403 0.6479589 -0.02573818 6.189744 0.02918657 0.005415231 0.9995593 -0.3284425
0.6268923 -0.7789394 -0.01611322 24.21417 0.7784721 0.6270825 -0.02736726 6.313818 0.03142175 0.004612639 0.9994956 -0.3373685
0.6077905 -0.7938968 -0.01785151 24.27673 0.7933433 0.6080394 -0.02991049 6.447653 0.03460026 0.004016937 0.9993932 -0.3346483
0.5885762 -0.8081793 -0.02059679 24.34643 0.8075503 0.5889324 -0.03195497 6.56989 0.03795547 0.002174987 0.9992771 -0.3391134
0.5701964 -0.8211969 -0.0226195 24.40806 0.8205216 0.5706447 -0.03330109 6.690741 0.04025445 0.0004283786 0.9991894 -0.3321492
0.553896 -0.8321803 -0.02598362 24.45456 0.831471 0.5544993 -0.03444389 6.813271 0.04307143 -0.0025263 0.9990688 -0.3314623
0.5388131 -0.8419901 -0.02707694 24.50804 0.841263 0.5394797 -0.03519007 6.927561 0.04423714 -0.003817955 0.9990138 -0.3220963
0.526696 -0.8495589 -0.02899776 24.55978 0.8486989 0.5274757 -0.03846554 7.031031 0.04797436 -0.004350718 0.9988391 -0.3176267
0.5168949 -0.8555105 -0.0303562 24.61596 0.8545983 0.5177579 -0.03985539 7.129377 0.04981387 -0.00534131 0.9987442 -0.3172843
0.5086351 -0.8604307 -0.03081298 24.67238 0.8595675 0.5095249 -0.03909296 7.244153 0.04933676 -0.006601783 0.9987604 -0.3024922
0.5031133 -0.8636567 -0.03121312 24.72385 0.8628259 0.5040246 -0.03860846 7.327252 0.04907664 -0.007507066 0.9987668 -0.3010567
0.5008548 -0.8650067 -0.03013159 24.78123 0.8641938 0.5017123 -0.0381302 7.405275 0.04810026 -0.006941833 0.9988184 -0.2972705
0.4998828 -0.8655959 -0.02934304 24.82647 0.8647937 0.5007013 -0.0378136 7.485953 0.04742339 -0.006473316 0.9988539 -0.3023824
0.4991378 -0.8660842 -0.02756113 24.89833 0.8652822 0.4998723 -0.03760625 7.57837 0.04634722 -0.005077451 0.9989125 -0.2915871
0.4996904 -0.8657984 -0.02650828 24.94766 0.8649863 0.5003765 -0.03771205 7.662352 0.04591514 -0.004084954 0.998937 -0.2979868
0.500532 -0.8653138 -0.0264517 25.00847 0.864485 0.5012161 -0.03805633 7.745292 0.04618868 -0.003818687 0.9989254 -0.2878225
0.5010718 -0.8649203 -0.02898369 25.04845 0.8640487 0.5018802 -0.03919292 7.830847 0.04844509 -0.005404858 0.9988112 -0.2968108
0.4998918 -0.8655192 -0.03137938 25.0938 0.8646999 0.5008132 -0.03847231 7.922928 0.04901374 -0.007901753 0.9987668 -0.2871909
0.5002437 -0.8652667 -0.03270759 25.13956 0.8644476 0.5012325 -0.0386823 8.000068 0.04986461 -0.008923423 0.9987161 -0.2866182
0.5002738 -0.8652669 -0.03223923 25.18543 0.8645133 0.5012265 -0.03726583 8.063291 0.04840405 -0.009228121 0.9987852 -0.2750861
0.5011836 -0.8647297 -0.03251857 25.21955 0.8639959 0.5021454 -0.0368904 8.123881 0.04822928 -0.00960705 0.9987901 -0.279791
0.50282 -0.8637168 -0.03413486 25.25055 0.8629962 0.5038595 -0.03691949 8.187419 0.04908717 -0.0108944 0.9987351 -0.2861144
0.5049906 -0.8623498 -0.03656919 25.29997 0.8616416 0.506153 -0.03718949 8.247871 0.05057995 -0.01272919 0.9986389 -0.2791027
0.5086627 -0.860095 -0.03871558 25.33511 0.8593763 0.5099413 -0.03784682 8.316781 0.05229453 -0.01401998 0.9985333 -0.2808282
0.5139763 -0.8568677 -0.04007629 25.37313 0.8561114 0.5153356 -0.03876148 8.372743 0.0538662 -0.01438728 0.9984445 -0.2736272
0.5206323 -0.8527763 -0.04140649 25.43121 0.8520384 0.5220551 -0.038585 8.436564 0.05452086 -0.01519133 0.9983971 -0.2694096
0.5284225 -0.847885 -0.04313749 25.4918 0.8472173 0.5299174 -0.03755824 8.489574 0.05470436 -0.0167002 0.9983629 -0.2704734
0.538413 -0.8414364 -0.04578336 25.5404 0.8408124 0.5400418 -0.03727267 8.565625 0.05608752 -0.01842713 0.9982558 -0.2671892
0.5488636 -0.8344247 -0.04984124 25.60601 0.8338872 0.5507075 -0.03678934 8.627762 0.05814587 -0.02136964 0.9980794 -0.2636338
0.5613022 -0.8259043 -0.05312205 25.66016 0.8254585 0.5633141 -0.0359908 8.700234 0.05964936 -0.02364833 0.9979392 -0.2601394
0.5750821 -0.8162849 -0.05440164 25.73558 0.8159078 0.5771346 -0.03478406 8.764058 0.05979077 -0.02438304 0.9979131 -0.2487961
0.5893165 -0.8060846 -0.05416349 25.8072 0.8057211 0.591326 -0.03386435 8.828581 0.05932582 -0.02368385 0.9979576 -0.2511618
0.6059769 -0.7936572 -0.05385337 25.89083 0.7934588 0.6078745 -0.03019849 8.890955 0.05670334 -0.02443084 0.9980921 -0.2414096
0.623108 -0.7802228 -0.05467033 25.96848 0.7802097 0.6249558 -0.02651816 8.963241 0.05485661 -0.02613065 0.9981523 -0.2527629
0.6419784 -0.7645581 -0.0575728 26.05104 0.7647151 0.6439203 -0.02403406 9.035823 0.05544772 -0.02859745 0.9980519 -0.2528839
0.6611733 -0.7477716 -0.06072404 26.1496 0.7480377 0.6632631 -0.02283733 9.092086 0.05735312 -0.03032444 0.9978933 -0.2510574
0.6815947 -0.7289506 -0.0637157 26.25131 0.7292766 0.6838535 -0.02235563 9.163447 0.05986837 -0.03122889 0.9977177 -0.2456802
0.7038468 -0.708098 -0.05654116 26.36576 0.7083462 0.7056097 -0.01898823 9.254632 0.05334152 -0.02668591 0.9982197 -0.2220992
0.7240939 -0.6876876 -0.05266682 26.47344 0.6879636 0.7255777 -0.01558224 9.30856 0.04892959 -0.02494985 0.9984906 -0.2411057
0.7464947 -0.6636581 -0.04799519 26.58626 0.6639822 0.7476652 -0.01114519 9.364856 0.04328093 -0.02354813 0.9987854 -0.2365019
0.7678764 -0.6389122 -0.04644354 26.70261 0.6392179 0.7689623 -0.009882951 9.412717 0.04202766 -0.02209865 0.998872 -0.2598805
0.7881712 -0.613649 -0.0471277 26.83867 0.6140501 0.7892348 -0.007139437 9.473315 0.04157593 -0.02331167 0.9988633 -0.2580548
0.8085077 -0.5865065 -0.04822273 26.97198 0.5870025 0.8095719 -0.004625449 9.524799 0.04175263 -0.02456715 0.9988259 -0.2577677
0.8292376 -0.5570299 -0.04563563 27.10637 0.5575363 0.8301505 -0.001939476 9.602647 0.03896478 -0.02383523 0.9989563 -0.2669207
0.8486843 -0.5270674 -0.04398818 27.2453 0.5276775 0.8494405 0.002710223 9.642868 0.03593687 -0.0255117 0.9990284 -0.2626317
0.8669877 -0.4963977 -0.04383769 27.39846 0.4971287 0.8676488 0.00697061 9.681469 0.03457552 -0.0278364 0.9990144 -0.2725459
0.8846053 -0.4642781 -0.04381054 27.55636 0.4650566 0.8852347 0.009049158 9.734919 0.03458128 -0.02837931 0.9989989 -0.2700828
0.9004735 -0.4324055 -0.04661485 27.71474 0.4332229 0.9012456 0.008628756 9.771716 0.0382803 -0.02796458 0.9988757 -0.2946963
0.9163113 -0.3972736 -0.05047074 27.88969 0.3981297 0.9172959 0.007791539 9.804178 0.04320123 -0.02723337 0.9986951 -0.3005533
0.9309573 -0.3608603 -0.05566268 28.05139 0.3619139 0.9321598 0.009825005 9.853502 0.04834105 -0.02929175 0.9984013 -0.3000357
0.943569 -0.326826 -0.05350016 28.25322 0.3278697 0.9446491 0.01180882 9.886382 0.04667946 -0.02868352 0.998498 -0.2766584
0.9550196 -0.2919832 -0.05180112 28.44677 0.2930196 0.9560108 0.01352065 9.897133 0.04557463 -0.02809123 0.9985659 -0.3041757
0.9653559 -0.2562759 -0.04909929 28.65165 0.2571808 0.9662758 0.01299004 9.915669 0.04411444 -0.02516741 0.9987094 -0.2854805
0.9728918 -0.2272576 -0.04284273 28.86576 0.2280793 0.9735221 0.0153158 9.930264 0.03822771 -0.02467215 0.9989644 -0.2972213
0.9790518 -0.1982679 -0.04633931 29.09621 0.1990549 0.9799023 0.01298963 9.943872 0.04283256 -0.02194159 0.9988413 -0.3333576
0.9854084 -0.1646682 -0.04306736 29.31756 0.1652353 0.9862041 0.009932835 9.945033 0.04083759 -0.01690415 0.9990228 -0.3193571
0.9910038 -0.1268084 -0.04279296 29.55053 0.1272396 0.9918436 0.00749726 9.951697 0.04149322 -0.01287477 0.9990558 -0.3470653
0.9952608 -0.09010251 -0.03657116 29.77032 0.09045468 0.9958678 0.008089064 9.933198 0.03569119 -0.01135876 0.9992983 -0.3194901
0.9979964 -0.05266219 -0.03507059 29.98441 0.05291859 0.9985782 0.006422582 9.889526 0.0346825 -0.0082656 0.9993642 -0.3512406
0.9991485 -0.01201914 -0.03946738 30.21169 0.01217483 0.9999191 0.003706811 9.85464 0.03941963 -0.004184163 0.999214 -0.3711838
0.998566 0.029103 -0.04493175 30.44234 -0.02902831 0.999576 0.002313962 9.825735 0.04498004 -0.001006351 0.9989874 -0.3900199
0.9961343 0.07017558 -0.05283852 30.66192 -0.07033002 0.9975232 -0.001066738 9.787785 0.0526328 0.004778749 0.9986025 -0.3843501
0.992461 0.1103093 -0.0534147 30.87438 -0.1105985 0.993862 -0.002480035 9.72704 0.05281327 0.008368921 0.9985693 -0.3695523
0.9873252 0.1516745 -0.04673159 31.07335 -0.1519065 0.9883938 -0.001433284 9.64297 0.04597183 0.008513953 0.9989064 -0.3753409
0.9805694 0.1916722 -0.04177881 31.26319 -0.1917353 0.9814433 0.002526685 9.543808 0.04148784 0.005532886 0.9991237 -0.3808656
0.972042 0.2320849 -0.03564914 31.44124 -0.2319996 0.9726937 0.00656799 9.452826 0.03620003 0.001886227 0.9993428 -0.3895571
0.9622224 0.2708642 -0.02758044 31.61309 -0.2706715 0.9626139 0.01056907 9.354389 0.0294121 -0.002704558 0.9995637 -0.392596
0.9501733 0.31095 -0.02192919 31.76992 -0.3107048 0.9504048 0.01390713 9.264308 0.02516603 -0.006400682 0.9996628 -0.4167286
0.9355091 0.3530541 -0.01324769 31.93222 -0.3528264 0.9355376 0.01682998 9.157337 0.0183356 -0.01107047 0.9997706 -0.4011853
0.9180659 0.3963912 -0.005379321 32.08413 -0.3962135 0.9179313 0.020417 9.022416 0.01303097 -0.01661279 0.9997771 -0.4263045
0.8990737 0.4377353 -0.007360338 32.24387 -0.4374996 0.8989555 0.02175506 8.913353 0.01613957 -0.01633926 0.9997362 -0.4449695
0.8788891 0.4769988 -0.005105113 32.41225 -0.4767906 0.8787411 0.02201549 8.786448 0.01498744 -0.01691511 0.9997446 -0.4329556
0.8573787 0.5146704 -0.004019576 32.56338 -0.5144802 0.8572305 0.02158849 8.638184 0.01455666 -0.01644152 0.9997588 -0.4442303
0.8346918 0.5507066 0.003453526 32.71481 -0.5506459 0.834466 0.02134215 8.500136 0.008871415 -0.01971579 0.9997663 -0.4221916
0.8110243 0.5848601 0.01334784 32.84111 -0.5850101 0.8107449 0.02135811 8.32915 0.001669818 -0.02513057 0.9996828 -0.4409867
0.7871981 0.6164172 0.01867994 32.98042 -0.6166947 0.7869576 0.01963146 8.167542 -0.002599151 -0.02697367 0.9996328 -0.4541526
0.762257 0.6469943 0.01904314 33.12175 -0.6472651 0.7620741 0.01705378 7.998506 -0.003478583 -0.02532532 0.9996732 -0.476247
0.7380192 0.6745393 0.01800586 33.26818 -0.6747619 0.7379305 0.01244205 7.850837 -0.004894426 -0.02133214 0.9997604 -0.4759445
0.7131248 0.7007922 0.01853319 33.40957 -0.7010064 0.7130917 0.009489395 7.667012 -0.006565772 -0.01975901 0.9997832 -0.4890556
0.6880206 0.7254387 0.01914206 33.54357 -0.7256217 0.6880805 0.004306584 7.48626 -0.01004712 -0.01685291 0.9998075 -0.4767383
0.6654956 0.7461034 0.02110162 33.67267 -0.7462497 0.6656647 -0.001365 7.295247 -0.01506503 -0.01483867 0.9997764 -0.4678884
0.6452476 0.7636005 0.0238711 33.79076 -0.7637082 0.645532 -0.006190497 7.111271 -0.02013662 -0.01423615 0.9996959 -0.4898178
0.6238352 0.78115 0.02518525 33.89125 -0.7812175 0.6241895 -0.009318369 6.929951 -0.02299941 -0.01386203 0.9996394 -0.4820409
0.6046862 0.7960554 0.02550135 34.02267 -0.7960666 0.6050858 -0.01220946 6.748956 -0.02514992 -0.01291788 0.9996002 -0.4998149
0.5869757 0.8091992 0.02561717 34.11092 -0.8091938 0.5873919 -0.0132693 6.561676 -0.02578482 -0.01294051 0.9995838 -0.5077487
0.5720712 0.8198732 0.02328979 34.22603 -0.8197589 0.5724657 -0.01669159 6.398715 -0.02701759 -0.009543234 0.9995894 -0.5116246
0.5567247 0.830448 0.02034267 34.31828 -0.8302912 0.5570512 -0.01761874 6.213078 -0.02596335 -0.007081549 0.9996378 -0.5109901
0.5453497 0.8380084 0.01831967 34.42602 -0.8378274 0.5456303 -0.01823461 6.069715 -0.02527653 -0.005404486 0.9996659 -0.5130402
0.5333118 0.8457474 0.01702582 34.51131 -0.8455076 0.5335722 -0.02044094 5.90868 -0.02637237 -0.003494063 0.9996461 -0.509217
0.5216423 0.8530054 0.01646681 34.58861 -0.852778 0.5218898 -0.02002316 5.740034 -0.02567372 -0.003597608 0.9996639 -0.5120389
0.5125334 0.85849 0.01744524 34.66799 -0.8582746 0.5128077 -0.01982251 5.58974 -0.02596348 -0.004813103 0.9996513 -0.496904
0.5038122 0.863646 0.01699598 34.73665 -0.8634664 0.5040698 -0.01841645 5.425263 -0.02447246 -0.005397025 0.9996859 -0.5132629
0.4954249 0.8685037 0.01597809 34.80849 -0.8683096 0.495662 -0.018911 5.278437 -0.02434401 -0.00450495 0.9996935 -0.5108294
0.4900198 0.8715449 0.01703352 34.88733 -0.8713817 0.4902782 -0.01792155 5.136726 -0.0239706 -0.006060788 0.9996943 -0.519081
0.4844154 0.874683 0.0164754 34.94818 -0.8745083 0.484664 -0.01833691 4.991477 -0.02402402 -0.005525191 0.9996961 -0.5097448
0.4791397 0.8775321 0.0190438 35.02209 -0.877398 0.4794456 -0.0174607 4.852589 -0.02445279 -0.008342875 0.9996662 -0.5099374
0.4756167 0.8794428 0.01921433 35.10315 -0.8793131 0.4759266 -0.01739238 4.706554 -0.02444021 -0.008623306 0.9996641 -0.4988917
0.4732111 0.8806913 0.02131046 35.18066 -0.8806176 0.4735582 -0.0159845 4.556569 -0.02416915 -0.01120232 0.9996451 -0.5088798
0.4710687 0.8818561 0.02059625 35.24556 -0.8817989 0.471388 -0.0149765 4.416352 -0.02291594 -0.01110679 0.9996757 -0.5160919
0.4687935 0.8830889 0.01966584 35.31224 -0.8830065 0.4690989 -0.0156769 4.262533 -0.02306932 -0.01001583 0.9996837 -0.5170607
0.4703067 0.8823201 0.01796773 35.39676 -0.8822208 0.4705737 -0.01571213 4.122026 -0.02231826 -0.008461984 0.9997151 -0.520591
0.4718166 0.8815381 0.01672079 35.4763 -0.8814139 0.4720607 -0.01637612 3.98497 -0.0223294 -0.00701141 0.9997261 -0.5169466
0.4741411 0.8803115 0.01555206 35.55376 -0.8802208 0.4743463 -0.01438496 3.833424 -0.02004031 -0.006868745 0.9997756 -0.5278427
0.4782003 0.8781706 0.01186735 35.6507 -0.8780774 0.4783309 -0.01340662 3.693039 -0.01744981 -0.004009398 0.9998397 -0.5240207
0.4843192 0.874845 0.00900552 35.74671 -0.8747944 0.4843931 -0.009908685 3.557796 -0.01303078 -0.003079011 0.9999104 -0.5331986
0.4933663 0.8697798 0.008530548 35.84492 -0.8697157 0.4934356 -0.01077112 3.426607 -0.01357777 -0.002105045 0.9999056 -0.5164653
0.5031408 0.8641475 0.009913758 35.93463 -0.8641024 0.5032245 -0.00959265 3.282387 -0.01327831 -0.003740049 0.9999049 -0.5206401
0.5143197 0.8575207 0.01155235 36.0351 -0.8574828 0.5144249 -0.009499514 3.135611 -0.01408885 -0.005020157 0.9998881 -0.5173693
0.5285198 0.8487821 0.01535864 36.14402 -0.8487692 0.528681 -0.009344677 2.995854 -0.01605141 -0.008097093 0.9998384 -0.5102853
0.5449826 0.8382634 0.01756501 36.25237 -0.8382725 0.5451771 -0.009007958 2.860789 -0.01712708 -0.009815083 0.9998052 -0.5194777
0.5645402 0.8251715 0.01965277 36.3768 -0.8251868 0.5647787 -0.009578693 2.736104 -0.01900353 -0.01080964 0.999761 -0.5172191
0.5850241 0.8107996 0.01873162 36.49373 -0.810807 0.5852416 -0.009181801 2.609879 -0.01840712 -0.009816153 0.9997824 -0.5253636
0.6071427 0.7943673 0.01892713 36.61425 -0.7943634 0.6073674 -0.009563881 2.490076 -0.01909296 -0.009228379 0.9997751 -0.5272987
0.6313716 0.7752563 0.01864062 36.74661 -0.7752467 0.6315891 -0.009372848 2.373402 -0.01903957 -0.008533328 0.9997823 -0.5354136
0.6586705 0.7521805 0.01943443 36.90375 -0.7521572 0.6589082 -0.009989898 2.276145 -0.02031971 -0.008037695 0.9997612 -0.5333297
0.6860585 0.7272812 0.01964071 37.04125 -0.7272686 0.6862926 -0.00910853 2.153907 -0.02010374 -0.008035086 0.9997656 -0.5394446
0.7156693 0.698207 0.01801528 37.19512 -0.6981865 0.7158661 -0.008442715 2.061951 -0.01879129 -0.006535832 0.9998021 -0.5358237
0.7468461 0.6647049 0.01970645 37.36488 -0.6647329 0.7470566 -0.006040152 1.988337 -0.01873676 -0.008588467 0.9997876 -0.5529518
0.7757243 0.6307863 0.01898624 37.53832 -0.6308156 0.7759156 -0.00515966 1.91408 -0.01798636 -0.007974344 0.9998064 -0.5447418
0.8036904 0.5947924 0.0174303 37.71865 -0.5948222 0.8038474 -0.003982237 1.837452 -0.01637991 -0.007167445 0.9998401 -0.5581779
0.8313042 0.5556123 0.01510873 37.9231 -0.5556082 0.83143 -0.004859513 1.793135 -0.01526186 -0.004354801 0.9998741 -0.5440215
0.8585646 0.5125151 0.01396875 38.14558 -0.5125012 0.8586729 -0.004823181 1.741427 -0.01446654 -0.003017988 0.9998908 -0.554314
0.8849831 0.4653663 0.01546669 38.37144 -0.4653589 0.8851117 -0.004296404 1.68092 -0.01568915 -0.003395315 0.9998711 -0.5527815
0.9092768 0.4158964 0.01567835 38.60733 -0.4158963 0.9094057 -0.003422336 1.647995 -0.01568132 -0.003408717 0.9998713 -0.5658289
0.9310887 0.3643366 0.0182412 38.84089 -0.3643308 0.931262 -0.003757145 1.617562 -0.0183562 -0.003147597 0.9998266 -0.562426
0.9507352 0.3093902 0.01950195 39.09476 -0.3093704 0.9509329 -0.00409834 1.586976 -0.01981303 -0.002136887 0.9998014 -0.5687088
0.9669937 0.2539863 0.0203475 39.36539 -0.253957 0.9672071 -0.004054205 1.562432 -0.02070995 -0.001246998 0.9997848 -0.5829763
0.9802822 0.1966585 0.01929368 39.63025 -0.1966001 0.9804715 -0.00489743 1.54976 -0.01988003 0.001007724 0.9998019 -0.5742007
0.989793 0.141232 0.01906129 39.9027 -0.1411607 0.9899738 -0.005045117 1.570017 -0.01958271 0.002302917 0.9998056 -0.5907713
0.9962247 0.08428501 0.02079284 40.1703 -0.08420133 0.9964367 -0.00486961 1.59469 -0.02112919 0.003100441 0.999772 -0.5734203
0.9993628 0.02787264 0.02229548 40.43158 -0.02776277 0.9996009 -0.005222616 1.6228 -0.02243215 0.004600305 0.9997378 -0.5756917
0.9992493 -0.02860264 0.02612903 40.69452 0.02875442 0.9995717 -0.005451659 1.673613 -0.0259619 0.006198892 0.9996437 -0.5696679
0.9960603 -0.08419356 0.02784388 40.95362 0.08440284 0.9964112 -0.00642658 1.728832 -0.02720288 0.008751364 0.9995916 -0.5982004
0.9899453 -0.1387661 0.0274284 41.19905 0.1389442 0.9902891 -0.004687977 1.787384 -0.02651151 0.008451859 0.9996127 -0.5981542
0.9807959 -0.1933263 0.02577624 41.4488 0.193454 0.9811059 -0.002532239 1.888183 -0.02479968 0.007470127 0.9996645 -0.6127843
0.9691572 -0.2454345 0.02227693 41.66904 0.2455259 0.9693891 -0.001423577 1.969951 -0.02124561 0.006849233 0.9997509 -0.6346573
0.9550046 -0.2958787 0.0205419 41.89391 0.2959318 0.955209 0.0004750651 2.09828 -0.01976237 0.005625311 0.9997889 -0.6215966
0.9390727 -0.3432208 0.01849149 42.08816 0.3432131 0.9392505 0.003690206 2.191202 -0.0186347 0.00288115 0.9998222 -0.6358041
0.92168 -0.3875613 0.01738417 42.28503 0.3875313 0.921842 0.005202486 2.309767 -0.01804174 0.001941883 0.9998354 -0.6252577
0.9044249 -0.4262719 0.01754688 42.46562 0.4262168 0.9045943 0.006954588 2.438192 -0.01883736 0.001188873 0.9998218 -0.6314922
0.8878204 -0.4598509 0.01766821 42.63405 0.4598062 0.8879937 0.006753778 2.530198 -0.01879499 0.002127811 0.9998211 -0.6255156
0.869869 -0.4929517 0.0180712 42.79592 0.4928932 0.8700542 0.007868309 2.650846 -0.01960162 0.002062774 0.9998057 -0.6476715
0.8514533 -0.5241745 0.01638142 42.94497 0.52413 0.8516074 0.007244048 2.77783 -0.01774769 0.002418027 0.9998395 -0.6575012
0.8355892 -0.5491849 0.01366418 43.07341 0.5491279 0.8357005 0.00795676 2.898718 -0.01578889 0.0008548009 0.999875 -0.6835772
0.8191478 -0.5735149 0.008811018 43.20369 0.5734499 0.8191921 0.008920069 3.02072 -0.01233371 -0.002254177 0.9999214 -0.6747015
0.8044226 -0.5940364 0.005006509 43.31393 0.5939752 0.8044231 0.009858315 3.148063 -0.009883548 -0.004956509 0.9999388 -0.6867743
0.7910826 -0.6117074 0.001515731 43.43141 0.6116595 0.7910473 0.01079967 3.253977 -0.007805251 -0.007616316 0.9999405 -0.6739725
0.7816378 -0.6237326 -6.285845e-05 43.51219 0.6236986 0.7815942 0.01052414 3.35174 -0.006515119 -0.008265271 0.9999446 -0.6852159
0.771107 -0.6367049 -0.0009846247 43.60038 0.6366714 0.7710484 0.01156027 3.442869 -0.006601284 -0.009541084 0.9999327 -0.676993
0.7636388 -0.6456428 -0.001085919 43.69588 0.6456007 0.7635676 0.01282235 3.536157 -0.007449486 -0.01049272 0.9999172 -0.6772664
0.7558739 -0.6547149 -0.001752496 43.76657 0.6546785 0.7557974 0.01289103 3.611121 -0.007115419 -0.01089132 0.9999154 -0.6851615
0.748633 -0.6629807 -0.002272861 43.85202 0.66295 0.7485543 0.01279601 3.68886 -0.006782148 -0.01108631 0.9999155 -0.6853067
0.7432913 -0.6689613 -0.002989698 43.92907 0.6689345 0.743202 0.01333111 3.769097 -0.006696044 -0.01190881 0.9999067 -0.6969597
0.7390083 -0.6736898 -0.002970583 43.99482 0.6736677 0.7389293 0.01246993 3.849152 -0.006205816 -0.01121657 0.9999178 -0.6928328
0.7360808 -0.6768898 -0.002299187 44.09784 0.6768556 0.735999 0.01311469 3.931242 -0.007185003 -0.01120969 0.9999114 -0.6951328
0.7346113 -0.6784881 -0.0004311157 44.17659 0.678428 0.7345375 0.01379546 3.987688 -0.009043385 -0.01042678 0.9999048 -0.6815127
0.7332975 -0.6799058 0.001720391 44.25338 0.6798246 0.733245 0.0137977 4.057722 -0.0106426 -0.008948259 0.9999033 -0.6978682
0.7338333 -0.6793195 0.003694992 44.3434 0.6792226 0.7338035 0.01375043 4.117159 -0.01205233 -0.007580803 0.9998986 -0.6975127
0.7348183 -0.6782426 0.005388849 44.4243 0.6781279 0.7348069 0.01418988 4.191742 -0.01358394 -0.006772653 0.9998848 -0.7065281
0.7367221 -0.6761774 0.004965163 44.51657 0.6760715 0.7367076 0.01375689 4.253964 -0.01295997 -0.006778201 0.9998931 -0.7157177
0.7408038 -0.671706 0.004545814 44.58341 0.671609 0.7407867 0.01328603 4.325549 -0.01229179 -0.006789334 0.9999014 -0.7183167
0.7458991 -0.6660482 0.003792046 44.66888 0.6659583 0.7458733 0.01314474 4.39958 -0.01158341 -0.007279305 0.9999064 -0.7220413
0.7520423 -0.6591008 0.004298289 44.75468 0.6590018 0.752018 0.01362365 4.457593 -0.01221175 -0.007412978 0.999898 -0.7231978
0.7587734 -0.6513442 0.003704573 44.84926 0.6512456 0.758738 0.0139849 4.521673 -0.01191979 -0.008198784 0.9998953 -0.726926
0.7677142 -0.6407814 0.003762593 44.93999 0.6406839 0.7676791 0.01389592 4.567796 -0.01179271 -0.008257463 0.9998963 -0.7303843
0.7778665 -0.6284261 0.002055082 45.03422 0.6283577 0.7778231 0.0125672 4.612976 -0.009496047 -0.00848428 0.9999189 -0.7334016
0.7888958 -0.6145254 0.001368955 45.15052 0.6144627 0.7888435 0.01270523 4.676474 -0.008887578 -0.00918193 0.9999183 -0.7430565
0.800301 -0.5995985 -0.0002030318 45.25659 0.5995561 0.8002402 0.01216256 4.731483 -0.007130177 -0.009855435 0.999926 -0.7459809
0.814025 -0.5808296 -0.0004798803 45.36248 0.5807927 0.8139633 0.01198737 4.780091 -0.006572012 -0.01003673 0.9999281 -0.7540544
0.8290235 -0.5592046 -0.003182266 45.48691 0.5592 0.82895 0.01172091 4.816499 -0.003916446 -0.01149643 0.9999263 -0.7550483
0.8447671 -0.5351226 -0.003527405 45.60511 0.5351242 0.8446929 0.01165867 4.875589 -0.003259244 -0.01173646 0.9999258 -0.7586107
0.8599958 -0.5102758 -0.005091954 45.73966 0.5102983 0.8599145 0.01194575 4.908569 -0.001716981 -0.01287171 0.9999157 -0.7612588
0.8767676 -0.4808837 -0.005432542 45.87422 0.4809135 0.8766882 0.01183213 4.94407 -0.000927231 -0.01298661 0.9999152 -0.7634114
0.8939008 -0.4482253 -0.005955675 46.03695 0.4482648 0.8938161 0.01229268 4.910483 -0.0001866126 -0.01365816 0.9999067 -0.7569913
0.911591 -0.4110744 -0.004435783 46.18646 0.4110965 0.9115018 0.01282381 4.926259 -0.001228314 -0.0135136 0.9999079 -0.7601244
0.9278167 -0.3730253 -0.002884058 46.34102 0.3730313 0.9277363 0.01237255 4.930815 -0.001939628 -0.0125553 0.9999193 -0.7619275
0.9429547 -0.3329183 -0.001357977 46.51592 0.3329111 0.9428871 0.01157968 4.925679 -0.002574668 -0.0113712 0.9999321 -0.7660891
0.9561845 -0.2927519 0.002744727 46.67927 0.2927051 0.9561368 0.01123217 4.931835 -0.005912573 -0.009936628 0.9999331 -0.7590951
0.9681048 -0.2504931 0.005119736 46.85353 0.2504406 0.968089 0.009134902 4.918822 -0.007244589 -0.007561353 0.9999452 -0.764897
0.9783493 -0.2068435 0.006954234 47.03144 0.2067904 0.9783552 0.007652621 4.882927 -0.008386607 -0.006048867 0.9999465 -0.7760689
0.9869123 -0.1609965 0.009173905 47.2091 0.1609246 0.9869335 0.00811047 4.873278 -0.01035979 -0.006528016 0.999925 -0.7817512
0.9935883 -0.1127234 0.008700151 47.40123 0.1126544 0.9936016 0.008057615 4.821457 -0.009552766 -0.007025842 0.9999297 -0.7937035
0.997876 -0.06430525 0.0104113 47.60273 0.06422092 0.9979018 0.008240894 4.766377 -0.01091939 -0.007554767 0.9999118 -0.7830338
0.9998453 -0.01253903 0.01233768 47.78751 0.01243829 0.9998889 0.008208745 4.720151 -0.01243924 -0.008054015 0.9998902 -0.7840499
0.9991345 0.03873339 0.01516814 47.97225 -0.03885484 0.9992145 0.007795741 4.649721 -0.01485427 -0.008378349 0.9998546 -0.7903001
0.9957816 0.09017095 0.01697632 48.18306 -0.09030217 0.9958889 0.007127069 4.557395 -0.01626387 -0.008630002 0.9998305 -0.7980219
0.9899028 0.1404404 0.01920959 48.39714 -0.1405896 0.9900458 0.006647449 4.490025 -0.0180848 -0.009280996 0.9997934 -0.799908
0.9814825 0.1905276 0.01978203 48.58952 -0.1906461 0.9816496 0.004271995 4.371065 -0.01860508 -0.007964254 0.9997952 -0.8064927
0.9704092 0.2406201 0.02019705 48.78322 -0.2407294 0.9705871 0.003132965 4.280548 -0.01884914 -0.007902282 0.9997911 -0.8021861
0.9573566 0.2881643 0.02072654 48.98378 -0.2882542 0.9575529 0.001422346 4.19074 -0.01943688 -0.007336202 0.9997842 -0.8193576
0.9419785 0.3351969 0.01787549 49.17447 -0.3352279 0.9421362 -0.001324585 4.095081 -0.01728514 -0.004744632 0.9998394 -0.8134529
0.9249429 0.3797095 0.01735969 49.37659 -0.3796994 0.9251014 -0.004004738 3.975563 -0.0175801 -0.002887307 0.9998413 -0.8243393
0.9063122 0.4222232 0.01804769 49.56573 -0.422214 0.9064851 -0.004506609 3.844015 -0.01826276 -0.003535592 0.999827 -0.818478
0.8858164 0.4635046 0.02219902 49.75952 -0.463521 0.8860734 -0.004709376 3.715841 -0.02185278 -0.00611807 0.9997425 -0.8186407
0.8657206 0.4998486 0.0260617 49.95083 -0.4998782 0.8660761 -0.005833503 3.552228 -0.02548728 -0.007977491 0.9996433 -0.8224207
0.8443886 0.5351324 0.02532118 50.13069 -0.535138 0.8447348 -0.007126928 3.398886 -0.02520353 -0.007532427 0.9996539 -0.8340241
0.8226392 0.5680512 0.02413471 50.31956 -0.5680517 0.8229586 -0.007500444 3.234439 -0.0241225 -0.007539603 0.9996806 -0.8426728
0.7994509 0.6004309 0.01899605 50.49537 -0.6003951 0.7996616 -0.008169634 3.092279 -0.02009571 -0.004873913 0.9997862 -0.841277
0.7736284 0.6333842 0.01799009 50.68092 -0.6333143 0.7738291 -0.01007024 2.912997 -0.02029959 -0.00360276 0.9997874 -0.8468481
0.7464137 0.6652197 0.01869393 50.84162 -0.6651031 0.7466422 -0.01278489 2.730316 -0.02246244 -0.002890573 0.9997435 -0.8322659
0.7170739 0.6967295 0.01931304 50.99162 -0.6966027 0.7173251 -0.01376655 2.534463 -0.02344529 -0.003581883 0.9997187 -0.8420257
0.6855459 0.7278146 0.01768159 51.12589 -0.7276389 0.6857715 -0.01609707 2.320265 -0.02384121 -0.001830531 0.9997141 -0.8373367
0.6532888 0.7568846 0.01842497 51.26366 -0.7567137 0.6535405 -0.01640055 2.120082 -0.02445479 -0.003228136 0.9996957 -0.8391302
0.6188272 0.7852437 0.0211007 51.38546 -0.7850704 0.6191602 -0.01747267 1.876469 -0.02678501 -0.005752972 0.9996247 -0.831196
0.5816028 0.8131893 0.02148074 51.4999 -0.813009 0.5819601 -0.01840483 1.652278 -0.02746755 -0.00675974 0.9995998 -0.8404942
0.5442623 0.8386431 0.02136171 51.62346 -0.838413 0.5446411 -0.02073022 1.432583 -0.02901972 -0.006627261 0.9995569 -0.8379232
0.5047071 0.8630296 0.02122878 51.70695 -0.862734 0.5051122 -0.0234917 1.195671 -0.03099695 -0.006458363 0.9994986 -0.8270575
0.4686487 0.8831317 0.02113764 51.81525 -0.8827804 0.469079 -0.02576261 0.9730721 -0.032667 -0.006586284 0.9994446 -0.8252618
0.4320866 0.9015291 0.02337644 51.90164 -0.9011382 0.4326255 -0.02801535 0.753996 -0.0353699 -0.008960347 0.9993341 -0.8233256
0.393113 0.9192116 0.02263438 51.96619 -0.9188209 0.3936468 -0.0284667 0.4836797 -0.03507688 -0.009606317 0.9993384 -0.823302
0.358681 0.9331573 0.02377644 52.03674 -0.9326802 0.3593061 -0.03172788 0.2642543 -0.03815012 -0.01079563 0.9992137 -0.8136446
0.3227732 0.9462103 0.02244252 52.08153 -0.9456116 0.3234011 -0.0350787 0.01377513 -0.04044976 -0.009899437 0.9991325 -0.8225459
0.2884521 0.9573632 0.01584547 52.13334 -0.956706 0.2888467 -0.03579378 -0.2391829 -0.03884456 -0.004834658 0.9992335 -0.8281342
0.2546593 0.9669824 0.009675285 52.17679 -0.9663073 0.254843 -0.03612761 -0.4751269 -0.03740044 -0.0001490675 0.9993004 -0.8320506
0.2246214 0.9743855 0.01086499 52.21233 -0.9737043 0.2248713 -0.03650624 -0.7115717 -0.03801438 -0.002379203 0.9992744 -0.7822939
0.1959153 0.9805247 0.01373195 52.23756 -0.9799834 0.1962737 -0.03330651 -0.9054837 -0.03535307 -0.006931823 0.9993508 -0.8011615
0.1658768 0.9860082 0.01651376 52.22641 -0.9855927 0.1663216 -0.03072987 -1.131385 -0.0330465 -0.01117847 0.9993913 -0.7744973
0.1399891 0.989957 0.01970019 52.20635 -0.9897177 0.1404898 -0.02686222 -1.33972 -0.02936012 -0.01573721 0.999445 -0.7957779
0.1153908 0.993139 0.01896988 52.19701 -0.9929366 0.1158559 -0.02558061 -1.561601 -0.02760288 -0.01588412 0.9994928 -0.7887319
0.09674585 0.9951386 0.01842346 52.1973 -0.9949819 0.09717226 -0.0238476 -1.747493 -0.02552192 -0.01602385 0.9995458 -0.7986417
0.08100158 0.9965367 0.01879365 52.21223 -0.9963977 0.0814364 -0.02365702 -1.936161 -0.02510558 -0.01680969 0.9995435 -0.7923159
0.06656832 0.9975973 0.01918772 52.21861 -0.9975106 0.06698608 -0.02202925 -2.126069 -0.02326163 -0.01767351 0.9995732 -0.7779873
0.05568492 0.998258 0.01949803 52.19896 -0.9982327 0.0560683 -0.01969495 -2.308272 -0.02075386 -0.01836685 0.9996159 -0.7785859
0.04757071 0.9986692 0.01991556 52.20406 -0.9986945 0.04792428 -0.01767707 -2.476789 -0.01860799 -0.01904865 0.9996454 -0.7835373
0.04122311 0.9989803 0.01841269 52.2022 -0.999009 0.04152 -0.01603948 -2.668614 -0.01678762 -0.01773324 0.9997018 -0.7907971
0.03756583 0.9991734 0.01553664 52.21778 -0.9991596 0.03781152 -0.01582766 -2.851506 -0.01640204 -0.01492901 0.999754 -0.7955068
0.03940582 0.9991428 0.01268586 52.23825 -0.9990981 0.0395987 -0.01533181 -3.037228 -0.01582101 -0.01207025 0.999802 -0.7878234
0.0416441 0.9990332 0.01408355 52.24153 -0.9990096 0.04185605 -0.01509674 -3.220474 -0.01567163 -0.01344091 0.9997869 -0.7804119
0.04858559 0.998694 0.0157984 52.25565 -0.9986913 0.04882622 -0.01522259 -3.396171 -0.01597409 -0.01503813 0.9997593 -0.7702664
0.05528361 0.9982927 0.01884977 52.25425 -0.998367 0.05554008 -0.01336777 -3.58295 -0.01439187 -0.01807997 0.999733 -0.7773831
0.06446028 0.9977294 0.01951568 52.28724 -0.9978462 0.06468129 -0.01091362 -3.754469 -0.01215114 -0.01877015 0.99975 -0.7931986
0.07553023 0.9969485 0.01972057 52.29579 -0.9970673 0.07575417 -0.01086597 -3.929847 -0.01232672 -0.01884202 0.9997465 -0.7896909
0.08858049 0.9958778 0.0195152 52.33361 -0.9960125 0.08876705 -0.008914541 -4.118143 -0.0106101 -0.01864773 0.9997698 -0.7932985
0.1025596 0.9945596 0.01824168 52.37637 -0.9946747 0.102725 -0.008363945 -4.290568 -0.01019232 -0.01728673 0.9997986 -0.8024235
0.1171556 0.9929435 0.01837925 52.40454 -0.9930898 0.1172609 -0.004761539 -4.474409 -0.006883107 -0.0176944 0.9998198 -0.8078585
0.1330562 0.9909809 0.0159045 52.44643 -0.9910951 0.1331209 -0.003061446 -4.666547 -0.005151052 -0.01535552 0.9998688 -0.8159565
0.1484603 0.9887809 0.0164915 52.47899 -0.9889145 0.1484859 -0.0003309948 -4.849854 -0.002776037 -0.01625955 0.9998639 -0.8042275
0.1657541 0.9860491 0.0152571 52.53403 -0.9861655 0.1657627 0.0007151011 -5.030501 -0.001823932 -0.01516455 0.9998834 -0.7966892
0.1831408 0.9829684 0.0152504 52.59503 -0.9830865 0.1831079 0.00354556 -5.241236 0.0006927061 -0.0156418 0.9998774 -0.819583
0.2007069 0.9795378 0.01490793 52.64947 -0.9796489 0.2006499 0.005242058 -5.443066 0.00214352 -0.01565666 0.9998751 -0.8145802
0.2186773 0.9756948 0.01413549 52.71339 -0.9757859 0.2185819 0.007992662 -5.646659 0.004708638 -0.01554102 0.9998682 -0.8309018
0.2360112 0.9716635 0.01299277 52.79207 -0.9717367 0.2359159 0.00846075 -5.86702 0.005155802 -0.01462238 0.9998798 -0.8200305
0.2537405 0.9671917 0.01248923 52.85019 -0.967262 0.2536573 0.007887345 -6.090343 0.004460591 -0.01408169 0.9998909 -0.8253129
0.2723666 0.9620906 0.01406958 52.93815 -0.9621906 0.2723011 0.006418796 -6.307525 0.002344302 -0.01528589 0.9998804 -0.8080305
0.2914652 0.9564315 0.01693176 53.02418 -0.9565812 0.2914305 0.004534319 -6.542358 -0.0005976679 -0.0175182 0.9998463 -0.8242387
0.3100674 0.9505184 0.01931127 53.12243 -0.950709 0.3100711 0.002881318 -6.784719 -0.003249118 -0.0192528 0.9998094 -0.837193
0.3292535 0.9440327 0.01985849 53.23483 -0.9442283 0.3292874 0.00162749 -7.036376 -0.005002747 -0.0192868 0.9998015 -0.8469726
0.3482815 0.937261 0.01554545 53.3525 -0.9373862 0.3482789 0.002962841 -7.291675 -0.002637199 -0.015604 0.9998748 -0.8921614
0.3688443 0.929479 0.004771231 53.47328 -0.9294735 0.3688006 0.008063346 -7.529039 0.005735078 -0.007408851 0.9999561 -0.9013154
0.3934615 0.9193355 -0.003200425 53.63 -0.9192619 0.3934711 0.01175588 -7.769685 0.01206687 -0.001683458 0.9999258 -0.8904259
0.4193615 0.9077996 -0.005992882 53.76368 -0.9077032 0.4194044 0.01323044 -7.995313 0.01452403 -0.0001085815 0.9998945 -0.8843285
0.4500597 0.8929783 -0.006022481 53.84557 -0.892876 0.4500993 0.01353074 -8.229142 0.01479337 -0.0007123123 0.9998903 -0.8661945
0.4784688 0.8781037 -0.00120836 54.03447 -0.8780032 0.478434 0.01453152 -8.453069 0.0133383 -0.005891934 0.9998937 -0.8707145
0.510635 0.8597913 0.003276171 54.13712 -0.8597063 0.5105217 0.01651095 -8.66698 0.01252342 -0.01124762 0.9998583 -0.8749587
0.5446821 0.8385925 0.009164877 54.31818 -0.8385363 0.5444065 0.02187195 -8.892156 0.01335223 -0.01959834 0.9997188 -0.8723658
0.5794485 0.8149048 0.01302561 54.48138 -0.8148929 0.5790224 0.02612674 -9.067226 0.01374869 -0.02575358 0.9995738 -0.8819693
0.6146224 0.7886842 0.01471388 54.66571 -0.7887269 0.6141529 0.02694731 -9.268647 0.01221635 -0.02816766 0.9995286 -0.899631
0.648563 0.7610785 0.01120177 54.86478 -0.7610729 0.648194 0.02475041 -9.462608 0.01157608 -0.02457756 0.9996309 -0.9562465
0.6836245 0.72983 0.002388166 55.15661 -0.729729 0.683467 0.01919164 -9.593982 0.0123744 -0.01486259 0.999813 -0.9623359
0.7199171 0.6940496 -0.003802506 55.38503 -0.6939298 0.7198772 0.01543083 -9.752021 0.0134471 -0.008470247 0.9998737 -0.9566
0.7553132 0.6553271 -0.006964916 55.66889 -0.6552078 0.7553225 0.01381543 -9.85459 0.01431438 -0.005871506 0.9998803 -0.9584166
0.7892721 0.6139811 -0.008762451 55.90294 -0.6138611 0.7893051 0.01311331 -9.95749 0.01496757 -0.004971041 0.9998756 -0.9677991
0.8218975 0.5695142 -0.01174693 56.14901 -0.5694031 0.8219765 0.01160267 -10.03796 0.01626358 -0.002847468 0.9998637 -0.9991205
0.852893 0.5218944 -0.01413625 56.41906 -0.5217929 0.8530089 0.0103987 -10.11553 0.01748537 -0.001492786 0.999846 -0.9957521
0.8810765 0.472637 -0.01784781 56.67004 -0.4725682 0.8812562 0.008157952 -10.14788 0.01958424 0.001246525 0.9998074 -1.007175
0.9073808 0.4197135 -0.02237744 56.92577 -0.4196956 0.907647 0.005714025 -10.1709 0.02270907 0.004206919 0.9997333 -0.9991462
0.9312939 0.3633167 -0.02631688 57.17601 -0.3633541 0.9316444 0.003520188 -10.19532 0.02579692 0.006284015 0.9996474 -1.012355
0.9513059 0.3068301 -0.02953533 57.41758 -0.3068694 0.9517459 0.003304602 -10.21802 0.02912408 0.005919802 0.9995583 -0.996578
0.968201 0.2483356 -0.03026723 57.65391 -0.2483478 0.968665 0.003415833 -10.22923 0.03016708 0.004209587 0.999536 -0.9879119
0.9815995 0.1887911 -0.02864423 57.89959 -0.1888053 0.9820122 0.002232576 -10.22719 0.02855046 0.003216687 0.9995872 -0.9892876
0.9913187 0.1285784 -0.02747385 58.15699 -0.1285641 0.9916985 0.002295244 -10.21034 0.0275409 0.001256832 0.9996199 -1.007177
0.9973664 0.06781161 -0.02572664 58.4163 -0.06782541 0.9976972 0.0003367431 -10.17407 0.02569023 0.001409064 0.999669 -1.011373
0.9996879 0.007899842 -0.02370244 58.66213 -0.007961904 0.9999651 -0.002525113 -10.12391 0.02368167 0.002713041 0.9997159 -1.004207
0.9984753 -0.0524292 -0.01727111 58.91861 0.05230274 0.9986018 -0.007694156 -10.0662 0.01765035 0.006779098 0.9998212 -0.9833323
0.9936795 -0.111545 -0.0125979 59.12712 0.1113767 0.9936886 -0.01335626 -10.02118 0.01400821 0.01186873 0.9998314 -0.9993417
0.9854618 -0.1695507 -0.01084448 59.38297 0.1693726 0.9854279 -0.01564633 -9.940739 0.0133393 0.0135821 0.9998188 -1.021421
0.9738106 -0.2270901 -0.01109139 59.61047 0.2269406 0.9738182 -0.01327733 -9.812635 0.01381615 0.01041252 0.9998503 -1.027776
0.9583622 -0.2853416 -0.01105112 59.81051 0.2852207 0.958395 -0.01133107 -9.69398 0.01382456 0.007707259 0.9998747 -1.031795
0.9392222 -0.343126 -0.01123514 60.01898 0.3430519 0.9392821 -0.008022988 -9.560824 0.01330586 0.003681132 0.9999047 -1.022552
0.9161851 -0.4006534 -0.009038902 60.23347 0.4006179 0.9162285 -0.005520073 -9.411476 0.01049334 0.001436262 0.9999439 -0.9958917
0.889687 -0.4565518 -0.004180043 60.42022 0.4565398 0.8896959 -0.003543125 -9.274894 0.005336587 0.001243917 0.999985 -1.022876
0.8588606 -0.5121977 -0.003466869 60.62341 0.5121796 0.8588639 -0.00497538 -9.116062 0.005525947 0.002497499 0.9999816 -1.02317
0.8267106 -0.5626208 -0.002708663 60.7937 0.5625935 0.826704 -0.006989952 -8.926437 0.006171956 0.004254791 0.9999719 -1.048185
0.7910637 -0.6117024 -0.006190176 60.96873 0.6116321 0.7910761 -0.01023013 -8.735703 0.0111547 0.004306575 0.9999285 -1.048685
0.7521667 -0.6589492 -0.005592683 61.11768 0.6589001 0.7521827 -0.008491131 -8.529443 0.009801943 0.002701727 0.9999483 -1.040143
0.7110587 -0.7031153 -0.004949791 61.23441 0.7030626 0.7110696 -0.009115889 -8.30968 0.009929167 0.003001919 0.9999462 -1.034017
0.6669062 -0.745124 -0.005126925 61.36691 0.7450577 0.6669186 -0.01041963 -8.095331 0.01118316 0.003129062 0.9999326 -1.063428
0.6207604 -0.7839565 -0.008297652 61.48055 0.7838745 0.6208156 -0.01134951 -7.87477 0.01404884 0.0005410113 0.9999012 -1.038536
0.5723016 -0.8199928 -0.00908614 61.57116 0.8199081 0.5723733 -0.0118095 -7.620119 0.01488437 -0.0006912025 0.999889 -1.04079
0.5206386 -0.8537101 -0.01070181 61.63361 0.8535713 0.5207473 -0.01543282 -7.401148 0.0187481 -0.001099841 0.9998236 -1.046919
0.4667865 -0.8843094 -0.01036592 61.691 0.8841503 0.4668999 -0.01681929 -7.166326 0.0197133 -0.001314016 0.9998048 -1.028036
0.4117002 -0.9112685 -0.009628193 61.74993 0.9110347 0.4118129 -0.02064179 -6.933608 0.02277523 -0.000273386 0.9997406 -1.036084
0.3551116 -0.9347644 -0.01054837 61.76128 0.9344174 0.3552673 -0.02548008 -6.685712 0.02756536 -0.0008083107 0.9996197 -1.034007
0.2978601 -0.9545721 -0.008463964 61.79095 0.9541402 0.29798 -0.02871411 -6.428467 0.02993178 0.0004769787 0.9995518 -1.027198
0.2392531 -0.9709129 -0.009268652 61.80651 0.9704143 0.2394276 -0.03115282 -6.194767 0.03246585 -0.001541024 0.9994717 -1.033211
0.1806366 -0.9834928 -0.01059997 61.79303 0.9829416 0.1808933 -0.03321796 -5.930078 0.03458709 -0.00441877 0.9993919 -1.036361
0.1224811 -0.9923951 -0.01226186 61.76655 0.9916938 0.1228645 -0.03804756 -5.671553 0.03926476 -0.007499906 0.9992007 -1.028249
0.06080395 -0.9980515 -0.01399979 61.71075 0.9974061 0.06129396 -0.03773493 -5.449675 0.03851951 -0.01166904 0.9991897 -1.033561
0.001179934 -0.9998966 -0.0143307 61.65715 0.999366 0.001688838 -0.03556249 -5.211333 0.03558302 -0.01427966 0.9992647 -1.029925
-0.05919719 -0.9981502 -0.01385469 61.57801 0.9977711 -0.05873507 -0.03167198 -4.97124 0.03079963 -0.0156987 0.9994023 -1.039104
-0.118542 -0.9928699 -0.01253841 61.47691 0.9926283 -0.1181731 -0.02691338 -4.730158 0.02523979 -0.01563634 0.9995591 -1.021456
-0.180482 -0.983507 -0.01184132 61.39384 0.9833533 -0.1801701 -0.02356155 -4.534164 0.0210395 -0.01589663 0.9996523 -1.028302
-0.2408829 -0.9704798 -0.01202526 61.28246 0.9703961 -0.2406013 -0.02103689 -4.291747 0.01752258 -0.01673669 0.9997064 -1.015126
-0.3008995 -0.9536089 -0.009470198 61.15338 0.9535668 -0.3007208 -0.01665446 -4.086264 0.01303395 -0.01404178 0.9998165 -1.011397
-0.3602109 -0.9328073 -0.0108913 61.0273 0.9328436 -0.3600863 -0.01186054 -3.855402 0.007141794 -0.01443218 0.9998704 -0.9986734
-0.416729 -0.9089544 -0.01178266 60.87619 0.9090239 -0.4166405 -0.009286258 -3.654286 0.003531652 -0.01458058 0.9998875 -0.9987651
-0.4702468 -0.8824414 -0.0128587 60.69568 0.8825349 -0.4701866 -0.007535818 -3.432547 0.000603931 -0.01489194 0.9998889 -1.011153
-0.5193938 -0.8543208 -0.01912885 60.49271 0.8545318 -0.519322 -0.008938614 -3.230369 -0.002297587 -0.02098887 0.9997771 -1.003515
-0.5640882 -0.8252974 -0.0262445 60.29673 0.8256944 -0.5640118 -0.01093189 -3.007157 -0.005780145 -0.02783648 0.9995958 -1.003616
-0.6034874 -0.7967114 -0.03246643 60.05321 0.797314 -0.6034364 -0.01245155 -2.790975 -0.009671127 -0.03340029 0.9993953 -0.9914482
-0.6389182 -0.7683799 -0.03709358 59.84023 0.7691385 -0.6389694 -0.01200216 -2.565147 -0.01447945 -0.0361985 0.9992397 -0.974705
-0.6706856 -0.7407487 -0.03836532 59.58155 0.7415696 -0.6707464 -0.01317919 -2.344189 -0.01597093 -0.03728965 0.9991769 -0.9675416
-0.7002137 -0.7129004 -0.03839011 59.35036 0.7137262 -0.7002929 -0.01358898 -2.119916 -0.01719673 -0.03691522 0.9991704 -0.9664277
-0.7257764 -0.6868932 -0.03776539 59.06465 0.6877435 -0.725765 -0.01654989 -1.906355 -0.0160408 -0.03798442 0.9991496 -0.9625015
-0.7482952 -0.6622285 -0.0388295 58.77197 0.6631612 -0.7482358 -0.01898734 -1.684269 -0.01647966 -0.03995835 0.9990655 -0.9653297
-0.7689843 -0.638105 -0.03853752 58.50211 0.6390495 -0.7688984 -0.02026962 -1.497109 -0.01669728 -0.04021441 0.9990516 -0.9550312
-0.7876358 -0.6149328 -0.03856907 58.20869 0.6159046 -0.7875236 -0.02163508 -1.309712 -0.01706994 -0.04079543 0.9990217 -0.9571339
-0.8027788 -0.5950286 -0.03856391 57.90359 0.596018 -0.8026561 -0.02249141 -1.125204 -0.01757053 -0.04104041 0.999003 -0.9421397
-0.816985 -0.5754303 -0.03762246 57.61362 0.576395 -0.8168447 -0.02309706 -0.9242398 -0.01744096 -0.04055535 0.999025 -0.94775
-0.8271812 -0.5606524 -0.03795136 57.30188 0.5616469 -0.8270326 -0.02387141 -0.7119322 -0.01800344 -0.04106124 0.9989944 -0.9321798
-0.8365316 -0.5466645 -0.03704937 56.97187 0.5476295 -0.8363729 -0.02413353 -0.4891238 -0.01779414 -0.04047779 0.999022 -0.9337965
-0.8443747 -0.5344377 -0.03752298 56.63638 0.5354354 -0.8442137 -0.02474366 -0.3029914 -0.01845346 -0.04098405 0.9989894 -0.9364179
-0.8507475 -0.5241735 -0.03835529 56.32312 0.5252239 -0.8505791 -0.02559479 -0.1398014 -0.01920809 -0.04191981 0.9989363 -0.935645
-0.8553644 -0.5164866 -0.03991848 55.97455 0.5176353 -0.855172 -0.02710224 0.04059048 -0.02013923 -0.0438455 0.9988353 -0.9253798
-0.8573103 -0.5131069 -0.0417139 55.65392 0.5143554 -0.8571197 -0.02800577 0.2175998 -0.02138385 -0.04546542 0.998737 -0.9099939
-0.8574412 -0.5129806 -0.04056709 55.30796 0.5141802 -0.85722 -0.02815207 0.4425399 -0.02033346 -0.04499754 0.9987801 -0.9034536
-0.8572879 -0.5133904 -0.03856818 54.98916 0.5144908 -0.8570512 -0.02761143 0.6407749 -0.01887946 -0.04351392 0.9988744 -0.8962258
-0.8562168 -0.5153988 -0.0354543 54.65993 0.5163699 -0.8559114 -0.02788961 0.855426 -0.01597147 -0.04218708 0.9989821 -0.890816
-0.8546596 -0.5180068 -0.0350147 54.30256 0.5189626 -0.8543328 -0.02816417 1.094604 -0.01532498 -0.04224209 0.9989899 -0.8970342
-0.8537307 -0.5195635 -0.03460474 53.96636 0.5204988 -0.8534037 -0.02798513 1.323358 -0.01499176 -0.04190349 0.9990092 -0.89257
-0.8527938 -0.5209846 -0.03629823 53.61929 0.5220044 -0.8524562 -0.02880842 1.548882 -0.0159339 -0.04351548 0.9989257 -0.8848477
-0.8526399 -0.5212017 -0.0367939 53.26551 0.5222386 -0.8523219 -0.02853416 1.766248 -0.01648819 -0.04354456 0.9989154 -0.8909259
-0.8532172 -0.5203025 -0.03613066 52.91808 0.521318 -0.8528703 -0.02897679 1.991586 -0.01573807 -0.04355906 0.9989269 -0.8666255
-0.8539065 -0.5193475 -0.03349026 52.57549 0.5202395 -0.8535548 -0.02819705 2.222659 -0.0139417 -0.0415006 0.9990412 -0.8675606
-0.8550062 -0.5176812 -0.03114941 52.2252 0.518486 -0.854599 -0.02885786 2.446396 -0.01168108 -0.04082419 0.9990981 -0.8503525
-0.8573437 -0.5139543 -0.02850472 51.87124 0.514661 -0.8568856 -0.02951597 2.662503 -0.009255422 -0.03997561 0.9991578 -0.8572126
-0.8609264 -0.5079288 -0.02853643 51.50158 0.5086471 -0.8604425 -0.0302779 2.879519 -0.009174937 -0.04058201 0.9991341 -0.8477092
-0.8650897 -0.5008474 -0.02778748 51.14364 0.5015324 -0.8646356 -0.02950392 3.076909 -0.009249084 -0.03945985 0.9991783 -0.8489445
-0.8709457 -0.4905008 -0.0293689 50.78537 0.4912483 -0.8705364 -0.02900513 3.275187 -0.01133966 -0.03968932 0.9991477 -0.8399283
-0.8767402 -0.4800333 -0.02991133 50.3924 0.4808017 -0.8763642 -0.02855784 3.500699 -0.0125045 -0.03941923 0.9991445 -0.840345
-0.8835696 -0.4673169 -0.03032261 50.02659 0.4680977 -0.8832365 -0.02788716 3.692881 -0.0137499 -0.03883419 0.9991511 -0.8306397
-0.890244 -0.4545138 -0.0297116 49.63687 0.4552824 -0.889895 -0.02836882 3.888415 -0.01354618 -0.03878234 0.9991559 -0.8205528
-0.8968908 -0.4413954 -0.02751403 49.25295 0.442082 -0.8965345 -0.02809641 4.065413 -0.01226566 -0.03736287 0.9992265 -0.8189334
-0.904379 -0.4258136 -0.02795618 48.85978 0.4265329 -0.904011 -0.02887622 4.231467 -0.01297681 -0.03803927 0.999192 -0.8187735
-0.9111003 -0.4112885 -0.02716842 48.47169 0.411995 -0.9107006 -0.02974129 4.414886 -0.01251004 -0.03829055 0.9991884 -0.8123751
-0.9184431 -0.3946471 -0.02675263 48.0745 0.3953384 -0.9180703 -0.02923047 4.575977 -0.01302507 -0.03742287 0.9992146 -0.7967299
-0.9246017 -0.3800282 -0.02627431 47.65384 0.3807323 -0.9241599 -0.0311663 4.725224 -0.01243759 -0.03881989 0.9991688 -0.8037152
-0.9303521 -0.365643 -0.02739352 47.26987 0.3664234 -0.9298606 -0.0330625 4.885347 -0.01338309 -0.04079738 0.9990778 -0.7917545
-0.9363841 -0.3499331 -0.02704961 46.86201 0.3507262 -0.9358449 -0.03443015 5.024811 -0.01326599 -0.04172685 0.999041 -0.7742024
-0.9417394 -0.3351859 -0.02788211 46.47481 0.3360252 -0.9412157 -0.03464242 5.148883 -0.01463142 -0.04199323 0.9990107 -0.7890571
-0.9464314 -0.3217879 -0.02683399 46.07018 0.3225884 -0.9459116 -0.03446566 5.280062 -0.01429195 -0.04127572 0.9990456 -0.7696835
-0.9508277 -0.3085148 -0.02730169 45.66726 0.3093418 -0.9503258 -0.03447258 5.41241 -0.0153102 -0.04122304 0.9990327 -0.7564691
-0.9548501 -0.2960955 -0.02425882 45.27184 0.2968084 -0.9543065 -0.0346978 5.519655 -0.01287649 -0.04033142 0.9991034 -0.7535015
-0.9582962 -0.2848188 -0.02338441 44.87004 0.2855107 -0.9577248 -0.03531222 5.631524 -0.01233824 -0.04051606 0.9991027 -0.7357129
-0.9614643 -0.2740477 -0.02200523 44.47507 0.2747141 -0.9607975 -0.03741903 5.74596 -0.01088797 -0.04202221 0.9990574 -0.7360116
-0.9641746 -0.2643577 -0.02196418 44.07498 0.2650489 -0.9634374 -0.0392099 5.85906 -0.01079567 -0.04362677 0.9989896 -0.7233419
-0.966948 -0.2540911 -0.02118701 43.67311 0.2547574 -0.9662053 -0.03931854 5.954739 -0.01048051 -0.04341654 0.9990021 -0.7208244
-0.9692818 -0.2450286 -0.02130031 43.28502 0.2457044 -0.9685555 -0.03910884 6.044333 -0.01104775 -0.04314107 0.9990079 -0.712745
-0.9712626 -0.2370898 -0.02091409 42.87332 0.2377432 -0.9705821 -0.03805822 6.150682 -0.01127562 -0.04193671 0.9990566 -0.7091893
-0.9731445 -0.2293131 -0.02013459 42.4818 0.229938 -0.9724658 -0.03793216 6.230537 -0.01088186 -0.04154317 0.9990774 -0.6933504
-0.9749433 -0.2217033 -0.01826416 42.06397 0.2222501 -0.9742767 -0.03727945 6.345004 -0.009529371 -0.04040456 0.9991379 -0.6686234
-0.9765803 -0.2146387 -0.01487958 41.68303 0.2150564 -0.9758816 -0.03749336 6.433851 -0.006473185 -0.03981522 0.9991861 -0.6625628
-0.9782004 -0.2073105 -0.01210007 41.28024 0.2076215 -0.9775113 -0.03694428 6.516314 -0.004169017 -0.03865114 0.9992441 -0.6713142
-0.9796287 -0.2002556 -0.0150045 40.86706 0.2006723 -0.979022 -0.03530502 6.58021 -0.007619707 -0.0375968 0.9992639 -0.6701716
-0.9807231 -0.1945186 -0.01857252 40.46502 0.1950662 -0.9801791 -0.03461482 6.667216 -0.01147117 -0.03757042 0.9992281 -0.6578251
-0.9817526 -0.1889129 -0.02177087 40.06009 0.1895726 -0.9812844 -0.03380976 6.74006 -0.01497632 -0.03731997 0.9991912 -0.6662446
-0.982559 -0.1847064 -0.02148007 39.66604 0.1853671 -0.9820643 -0.0344771 6.833513 -0.01472667 -0.03785748 0.9991747 -0.6411945
-0.9835557 -0.1796509 -0.01853334 39.29087 0.1801924 -0.9830589 -0.03355455 6.909328 -0.01219126 -0.03634234 0.999265 -0.6278059
-0.9844888 -0.174908 -0.01374779 38.89436 0.1752844 -0.983927 -0.0341052 6.998156 -0.00756155 -0.03598596 0.9993237 -0.5958543
-0.9851974 -0.1711085 -0.01038533 38.49436 0.1713729 -0.9845681 -0.0354537 7.043195 -0.004158639 -0.03670866 0.9993173 -0.6311139
-0.9857509 -0.1677201 -0.01284693 38.09869 0.1680969 -0.9850208 -0.03843765 7.123533 -0.006207722 -0.04004948 0.9991784 -0.6127331
-0.9865148 -0.1631055 -0.0136051 37.71001 0.1635191 -0.9857739 -0.03887715 7.174608 -0.007070482 -0.04057758 0.9991513 -0.6278409
-0.9872365 -0.1583384 -0.01712353 37.31012 0.1589114 -0.9864816 -0.04001557 7.233473 -0.01055605 -0.04222596 0.9990523 -0.5958156
-0.9878215 -0.1547017 -0.01661335 36.93515 0.1552543 -0.9870702 -0.03985575 7.29411 -0.01023279 -0.04194966 0.9990673 -0.5925618
-0.9885331 -0.1500471 -0.01696475 36.53828 0.1506249 -0.9877614 -0.04049143 7.359064 -0.0106815 -0.04258244 0.9990358 -0.5852189
-0.9894638 -0.1440994 -0.01401893 36.17368 0.1445525 -0.9886914 -0.03992275 7.429789 -0.008107549 -0.04152859 0.9991044 -0.5654691
-0.9905205 -0.1369607 -0.0105372 35.79383 0.1372768 -0.9897203 -0.04011049 7.487651 -0.004935321 -0.04117677 0.9991397 -0.5519448
-0.991557 -0.1294742 -0.007141486 35.41592 0.1296616 -0.9906418 -0.04262143 7.535335 -0.001556282 -0.04318755 0.9990658 -0.5421527
-0.9927609 -0.1200926 -0.001900551 35.04212 0.1200553 -0.9917359 -0.04523841 7.579146 0.003547954 -0.04513909 0.9989744 -0.5318521
-0.9940336 -0.1090572 -0.001925204 34.67849 0.1090282 -0.9929483 -0.04654631 7.60779 0.00316458 -0.0464785 0.9989143 -0.5251163
-0.9951791 -0.09799977 -0.003853625 34.29507 0.09807013 -0.9939449 -0.04955558 7.623192 0.001026145 -0.0496946 0.9987639 -0.5489593
-0.9959801 -0.08914287 -0.008805101 33.93348 0.08948196 -0.9946276 -0.05204689 7.64444 -0.004118188 -0.05262555 0.9986058 -0.5102444
-0.9967315 -0.08031203 -0.008723966 33.57185 0.08066969 -0.9952494 -0.05450784 7.687479 -0.004304886 -0.05503345 0.9984753 -0.5046236
-0.997483 -0.07068627 -0.005559965 33.21436 0.07088821 -0.9958679 -0.05676274 7.707881 -0.001524644 -0.05701401 0.9983722 -0.4793187
-0.9983197 -0.05791583 0.001957456 32.87093 0.05770868 -0.9966864 -0.05732296 7.752093 0.005270876 -0.05711368 0.9983538 -0.4368234
-0.9988492 -0.04661757 0.01128692 32.53096 0.04591929 -0.9973877 -0.05575958 7.762374 0.01385681 -0.05517711 0.9983804 -0.4833417
-0.9994005 -0.03278805 0.01112909 32.20473 0.03217115 -0.9981444 -0.05169845 7.769269 0.01280353 -0.05130941 0.9986007 -0.4592126
-0.9997984 -0.01561203 0.01262272 31.86092 0.01498905 -0.9987336 -0.04802707 7.751983 0.01335654 -0.04782818 0.9987662 -0.4614555
-0.999938 0.002933294 0.01073339 31.53725 -0.003437396 -0.998877 -0.04725284 7.729894 0.01058273 -0.0472868 0.9988253 -0.4608872
-0.999661 0.02215109 0.01368929 31.20261 -0.02274054 -0.9987497 -0.04451858 7.726538 0.01268604 -0.04481478 0.9989148 -0.4129517
-0.9987911 0.04611819 0.01701389 30.87426 -0.04680103 -0.9980126 -0.04219558 7.711427 0.01503409 -0.04294084 0.9989645 -0.4012369
-0.9970684 0.07304113 0.02279763 30.56794 -0.07393013 -0.9964223 -0.04095083 7.680771 0.01972498 -0.04251621 0.9989011 -0.404205
-0.9946622 0.099686 0.02663822 30.24922 -0.1007082 -0.9941007 -0.0402692 7.622338 0.02246679 -0.04273695 0.9988337 -0.3800065
-0.9911849 0.129717 0.02694424 29.95364 -0.1308383 -0.9903752 -0.04514722 7.550696 0.02082855 -0.04827458 0.9986169 -0.3839384
-0.9864293 0.161335 0.0304681 29.6452 -0.1627123 -0.985405 -0.05001711 7.466098 0.02195391 -0.05429588 0.9982835 -0.3658946
-0.9797659 0.1972023 0.03420654 29.36977 -0.1988019 -0.9786441 -0.05228386 7.351946 0.02316553 -0.05802627 0.9980462 -0.3840641
-0.9715235 0.234429 0.03442566 29.08666 -0.2359491 -0.9704769 -0.0500256 7.247531 0.02168186 -0.05672375 0.9981545 -0.35483
-0.9608871 0.2743226 0.03798677 28.86459 -0.2759252 -0.9600493 -0.04658917 7.131176 0.02368871 -0.05524845 0.9981916 -0.3551882
-0.9478227 0.3168211 0.03544803 28.65384 -0.318138 -0.9471462 -0.04125895 6.983331 0.02050276 -0.05038354 0.9985195 -0.3605708
-0.932086 0.3604133 0.03630565 28.44242 -0.3616849 -0.9315113 -0.03835032 6.827294 0.01999716 -0.048877 0.9986046 -0.3288347
-0.9134703 0.4051049 0.03823676 28.22504 -0.4063909 -0.9130023 -0.03568159 6.666946 0.02045546 -0.04813315 0.9986315 -0.3372915
-0.8915443 0.4513508 0.03782677 28.01133 -0.4525284 -0.8911659 -0.03227285 6.502913 0.01914355 -0.04589036 0.998763 -0.3340969
-0.8656846 0.4989962 0.03991084 27.81283 -0.500212 -0.8653744 -0.03024998 6.289121 0.01944319 -0.04615083 0.9987453 -0.3192907
-0.8371027 0.5457124 0.03817426 27.6169 -0.5468074 -0.8367583 -0.0289356 6.090099 0.01615212 -0.04509604 0.9988521 -0.3276744
-0.8050253 0.5921138 0.03654315 27.46519 -0.59306 -0.8047713 -0.02496042 5.885759 0.01462947 -0.04176606 0.9990203 -0.3343382
-0.7708629 0.6362177 0.03158216 27.31246 -0.6369339 -0.7705536 -0.02371573 5.674913 0.009247376 -0.03839733 0.9992198 -0.3636589
-0.7336028 0.6789564 0.02907472 27.16411 -0.6795561 -0.7332558 -0.02322788 5.454598 0.005548493 -0.03679794 0.9993073 -0.3330784
-0.6941248 0.7192713 0.02897607 27.01835 -0.7198488 -0.6937206 -0.02386724 5.272748 0.002934272 -0.03742523 0.9992951 -0.3362474
-0.65289 0.7568661 0.02980612 26.90821 -0.7574449 -0.6525571 -0.02113117 5.064695 0.003456726 -0.03637282 0.9993323 -0.3184122
-0.6110805 0.790927 0.03185886 26.78128 -0.791553 -0.6108249 -0.01835416 4.82073 0.004943385 -0.03643385 0.9993238 -0.3453636
-0.565639 0.8241514 0.02875569 26.70049 -0.8246505 -0.5653774 -0.01731746 4.601376 0.001985608 -0.03350883 0.9994364 -0.3411324
-0.5193762 0.854181 0.02496742 26.63707 -0.8545427 -0.519074 -0.01786136 4.349191 -0.002296902 -0.03061249 0.9995287 -0.3632303
-0.4732234 0.8807247 0.01958539 26.57341 -0.8809031 -0.4728752 -0.01997191 4.118071 -0.008328307 -0.026704 0.9996087 -0.3601297
-0.4269789 0.9040798 0.01813255 26.51486 -0.9042089 -0.4266518 -0.01935099 3.901084 -0.009758549 -0.02465808 0.9996483 -0.3321801
-0.3808202 0.9244122 0.02093403 26.45155 -0.9246177 -0.3805228 -0.01686688 3.669063 -0.007626076 -0.02577922 0.9996386 -0.3214453
-0.3351369 0.9419056 0.02230041 26.41296 -0.9421459 -0.3348666 -0.01502026 3.450361 -0.006679997 -0.02604408 0.9996385 -0.3331736
-0.2852198 0.9581507 0.02443158 26.39622 -0.9584464 -0.2849759 -0.01301188 3.197007 -0.005504929 -0.0271276 0.9996168 -0.3262246
-0.2311763 0.9725052 0.02812607 26.41301 -0.9729078 -0.2309958 -0.009553519 2.988041 -0.002793846 -0.02957262 0.9995587 -0.3379217
-0.1842903 0.9824655 0.02825984 26.40929 -0.9828707 -0.1841688 -0.006867804 2.685627 -0.001542802 -0.02904143 0.999577 -0.3651457
-0.1369351 0.9901305 0.0298406 26.39859 -0.9905793 -0.1368369 -0.005317217 2.407521 -0.001181441 -0.0302876 0.9995405 -0.35624
-0.08735609 0.9957487 0.02921162 26.39082 -0.9961737 -0.08724135 -0.005187918 2.132286 -0.002617402 -0.02955305 0.9995598 -0.3610502
-0.0380224 0.9987749 0.0316687 26.41993 -0.9992678 -0.03786826 -0.005457087 1.803345 -0.004251163 -0.031853 0.9994835 -0.3435382
0.01023102 0.9994205 0.03246468 26.45293 -0.9999337 0.01039708 -0.004950107 1.505731 -0.005284778 -0.03241188 0.9994606 -0.353637
0.05926728 0.9977367 0.03176307 26.51521 -0.9981989 0.05953097 -0.007419973 1.237611 -0.009294064 -0.0312661 0.9994679 -0.3635184
0.1103758 0.9935539 0.02584333 26.60838 -0.9938177 0.110644 -0.009183852 0.914885 -0.01198406 -0.02466988 0.9996238 -0.3764362
0.1558987 0.9875436 0.02128522 26.69869 -0.9876775 0.156147 -0.01054074 0.5368001 -0.01373307 -0.01937965 0.9997179 -0.3783231
0.2045505 0.978717 0.01649888 26.81225 -0.9787688 0.2047284 -0.009905067 0.2513648 -0.01307205 -0.0141225 0.9998148 -0.3957402
0.2541657 0.9671461 0.005307618 26.97345 -0.9671233 0.2542003 -0.00738859 -0.05665025 -0.008495044 -0.003255195 0.9999586 -0.4067294
0.3050842 0.9523096 0.005481143 27.16327 -0.9523194 0.3050977 -0.001781589 -0.3444561 -0.003368908 -0.004676265 0.9999834 -0.3880978
0.3529097 0.9356133 0.009088158 27.34774 -0.9356532 0.3529209 0.0004133042 -0.6768473 -0.002820707 -0.008649223 0.9999586 -0.3841628
0.3983554 0.9171115 0.01481171 27.51172 -0.9172306 0.3983195 0.005423847 -0.9683366 -0.0009255214 -0.01574637 0.9998756 -0.363373
0.4440302 0.8957188 0.02291334 27.75012 -0.8960102 0.4438347 0.01329294 -1.264658 0.001737005 -0.02643305 0.999649 -0.3831488
0.4849368 0.8741174 0.02747726 27.92391 -0.8745428 0.4845746 0.01903217 -1.605512 0.003321571 -0.03325944 0.9994412 -0.436475
0.5243511 0.8511557 0.02428758 28.15923 -0.8514869 0.5239576 0.02093783 -1.9683 0.005095692 -0.03165933 0.9994857 -0.4674888
0.5613403 0.827481 0.0131212 28.40877 -0.8275245 0.5610371 0.02098549 -2.288161 0.01000362 -0.02263812 0.9996937 -0.5316965
0.5971465 0.8021297 -0.001998121 28.69075 -0.8020164 0.5971007 0.01549669 -2.591144 0.01362344 -0.007651269 0.9998779 -0.5236675
0.6311893 0.7756018 -0.006465586 29.00864 -0.7754955 0.6312137 0.01327547 -2.884515 0.01437764 -0.003365302 0.999891 -0.4680271
0.6631247 0.7484941 -0.004721881 29.3164 -0.7483429 0.6630973 0.01687763 -3.195476 0.01576388 -0.007658388 0.9998464 -0.4618027
0.6920696 0.7218255 -0.00274704 29.62474 -0.7216621 0.691985 0.01898199 -3.511037 0.0156026 -0.01115442 0.9998161 -0.4866581
0.7184273 0.6956004 0.001522502 29.95957 -0.6955146 0.7183005 0.0174307 -3.803857 0.01103119 -0.01358161 0.9998469 -0.4813992
0.7426892 0.6696178 0.004975691 30.31092 -0.6696209 0.7426013 0.01229044 -4.112814 0.00453494 -0.0124598 0.9999121 -0.5167908
0.763114 0.6462064 0.008625598 30.69631 -0.646263 0.763067 0.008528507 -4.428545 -0.001070734 -0.01208263 0.9999264 -0.5313644
0.7811766 0.6242325 0.009842112 31.07474 -0.6243039 0.781142 0.007859366 -4.72473 -0.002782015 -0.01228402 0.9999207 -0.55111
0.797545 0.6031893 0.009200243 31.46928 -0.6032524 0.7975169 0.007309902 -5.046706 -0.002928094 -0.01138004 0.999931 -0.5703998
0.8115081 0.5842875 0.007922991 31.91509 -0.5843369 0.8114792 0.007207314 -5.3462 -0.002218199 -0.01047849 0.9999427 -0.5783994
0.8234199 0.567404 0.005693261 32.34306 -0.5674325 0.8233846 0.007624342 -5.643277 -0.0003616617 -0.009508575 0.9999547 -0.5888389
0.8345463 0.5508869 0.007484744 32.79431 -0.5509331 0.8345178 0.007256262 -5.935175 -0.002248773 -0.01017928 0.9999456 -0.5644779
0.8439729 0.5363296 0.007766902 33.25792 -0.5363831 0.8439261 0.009052351 -6.237602 -0.001699648 -0.01180597 0.9999289 -0.5886068
0.8524525 0.5227288 0.008903568 33.74829 -0.5227963 0.8524116 0.008859244 -6.536235 -0.002958522 -0.01220684 0.9999211 -0.5855437
0.8591653 0.5116163 0.009149818 34.27703 -0.5116867 0.8591286 0.008661227 -6.884405 -0.003429644 -0.01212326 0.9999206 -0.6165068
0.8658292 0.5002469 0.009632342 34.74546 -0.5003245 0.8657924 0.008891187 -7.138914 -0.00389182 -0.01251755 0.9999141 -0.6243003
0.8713728 0.4905503 0.008361402 35.27317 -0.4906097 0.8713435 0.007914413 -7.426618 -0.003403235 -0.01099859 0.9999337 -0.6431363
0.8758743 0.4824985 0.006272686 35.80511 -0.4825372 0.8758349 0.008423937 -7.741695 -0.001429301 -0.01040511 0.9999449 -0.6635139
0.8799639 0.4750007 0.006141644 36.36263 -0.4750368 0.8799345 0.007447522 -8.018434 -0.001866665 -0.009471058 0.9999534 -0.6401666
0.8838201 0.4677934 0.005602499 36.91699 -0.4678233 0.8837969 0.006650365 -8.315968 -0.001840475 -0.008498707 0.9999622 -0.6632153
0.8882449 0.4593209 0.006732467 37.56203 -0.4593596 0.8882284 0.006232878 -8.660993 -0.003117078 -0.008628946 0.9999579 -0.6893313
0.8915348 0.452922 0.005232316 38.15965 -0.45295 0.8915068 0.007195542 -9.021252 -0.001405626 -0.008785054 0.9999604 -0.7221238
0.8954178 0.4452044 0.004476543 38.74645 -0.4452256 0.8953947 0.006533568 -9.248836 -0.0010995 -0.007843344 0.9999686 -0.7104512
0.8990394 0.4378653 0.001473706 39.36333 -0.4378628 0.899008 0.007784908 -9.557677 0.002083868 -0.00764422 0.9999686 -0.7540278
0.9024894 0.4307114 -0.000704494 39.97625 -0.4306956 0.9024682 0.007253428 -9.835401 0.003759917 -0.006242719 0.9999734 -0.740027
0.9047501 0.425941 -0.001230846 40.63021 -0.4259249 0.9047351 0.00652759 -10.1304 0.003893957 -0.00538159 0.9999779 -0.7463555
0.9073801 0.4203075 -0.001710783 41.31903 -0.4202903 0.9073683 0.006232811 -10.48044 0.004172008 -0.004936503 0.9999791 -0.7514852
0.9092431 0.4162577 -0.002545448 41.97692 -0.4162322 0.9092307 0.007092063 -10.78695 0.005266526 -0.005388911 0.9999716 -0.7988151
0.9106189 0.4132401 -0.002418469 42.66167 -0.4132202 0.9106108 0.006098078 -11.11433 0.004722255 -0.004553665 0.9999785 -0.7853458
0.9130388 0.407862 -0.002939236 43.38808 -0.4078359 0.9130298 0.006819713 -11.42432 0.005465111 -0.005027937 0.9999724 -0.8181729
0.9154431 0.4024251 -0.00423453 44.08497 -0.4023912 0.9154403 0.00707391 -11.72978 0.006723179 -0.004771825 0.999966 -0.8275891
0.9174017 0.3979361 -0.004586424 44.82216 -0.3978812 0.9173863 0.009640047 -12.0727 0.008043645 -0.007018944 0.999943 -0.8526834
0.9194199 0.3932525 -0.004409053 45.53728 -0.3931941 0.9193983 0.01025242 -12.39472 0.008085465 -0.007692662 0.9999377 -0.8744054
0.921402 0.3885514 -0.006793956 46.27089 -0.3884869 0.9214089 0.009136068 -12.70065 0.009809843 -0.005778627 0.9999352 -0.8888756
0.923326 0.3838786 -0.01031336 47.03597 -0.3837962 0.923373 0.009116294 -13.03995 0.01302262 -0.004459083 0.9999053 -0.9073095
0.925254 0.3792117 -0.01017836 47.77974 -0.379132 0.9252994 0.008938981 -13.33161 0.0128078 -0.004411886 0.9999083 -0.9086475
0.9274977 0.3737174 -0.009123342 48.58019 -0.3736213 0.9275198 0.01066884 -13.66591 0.01244921 -0.006486648 0.9999015 -0.9261338
0.9295912 0.3684877 -0.008777408 49.36876 -0.3684036 0.9296137 0.009854294 -13.97648 0.01179079 -0.005926836 0.9999129 -0.9468737
0.9315486 0.3634821 -0.009896738 50.17881 -0.3633967 0.9315866 0.009443243 -14.29813 0.01265212 -0.005200398 0.9999064 -0.9693307
0.9337528 0.3578167 -0.008543193 51.01073 -0.3577321 0.9337708 0.01000248 -14.63704 0.01155644 -0.006283669 0.9999135 -0.9804252
0.9358401 0.3523448 -0.007516974 51.82447 -0.3522657 0.9358455 0.01009899 -14.95031 0.01059305 -0.00680307 0.9999207 -1.010394
0.9376721 0.3474506 -0.00700907 52.65183 -0.3473863 0.9376793 0.008962544 -15.27807 0.009686301 -0.005969073 0.9999353 -1.039193
0.9399371 0.3412926 -0.006132623 53.52101 -0.3412361 0.9399375 0.008688101 -15.58551 0.008729467 -0.006073595 0.9999434 -1.064888
0.941974 0.3356301 -0.00611393 54.39384 -0.3355785 0.9419773 0.00812883 -15.90758 0.008487462 -0.005605443 0.9999483 -1.076771
0.94408 0.3296752 -0.005216477 55.27104 -0.3296337 0.9440793 0.00747486 -16.22532 0.007389043 -0.005337339 0.9999585 -1.102535
0.9458349 0.3245642 -0.007380414 56.1506 -0.3245127 0.9458525 0.007386999 -16.54898 0.009378339 -0.004591843 0.9999455 -1.125352
0.9472833 0.3203406 -0.006029475 57.04826 -0.3202963 0.9472892 0.007294985 -16.86064 0.008048538 -0.004979198 0.9999552 -1.125539
0.9488547 0.3156351 -0.007011864 57.9663 -0.3155779 0.9488643 0.008182174 -17.18578 0.009235889 -0.005550905 0.9999419 -1.164668
0.9504214 0.3109234 -0.005084722 58.90459 -0.3108746 0.9504124 0.008558945 -17.49253 0.007493758 -0.006553893 0.9999505 -1.154561
0.9521324 0.3056439 -0.00506509 59.84074 -0.3055926 0.9521205 0.008926465 -17.7948 0.007550896 -0.006951323 0.9999473 -1.203431
0.9538105 0.3003848 -0.003797535 60.80188 -0.3003367 0.9537824 0.009851454 -18.11938 0.006581249 -0.00825588 0.9999443 -1.211015
0.9552723 0.2956936 -0.004487442 61.75299 -0.2956209 0.9552252 0.01236886 -18.431 0.007943911 -0.01048905 0.9999135 -1.248022
0.9569721 0.2901237 -0.005720132 62.7325 -0.290039 0.9569356 0.01231322 -18.72153 0.009046152 -0.01012434 0.9999079 -1.276849
0.9584984 0.2850499 -0.00523494 63.70604 -0.2849433 0.9584216 0.01533387 -19.04107 0.009388199 -0.01320583 0.9998688 -1.304646
0.9596108 0.2812695 -0.005877522 64.68018 -0.2811331 0.9595104 0.01744241 -19.34361 0.01054556 -0.01508556 0.9998306 -1.337613
0.960969 0.2766014 -0.005491175 65.67037 -0.2764776 0.9608729 0.01682896 -19.65765 0.009931237 -0.01465392 0.9998433 -1.362479
0.9618549 0.2734163 -0.008869876 66.66693 -0.2732913 0.9618415 0.01313614 -19.948 0.01212305 -0.010211 0.9998744 -1.427723
0.9626173 0.2706702 -0.01027978 67.69985 -0.2706116 0.962665 0.006750229 -20.25259 0.01172306 -0.003716061 0.9999244 -1.422401
0.962745 0.2701269 -0.01239525 68.70612 -0.2700768 0.9628226 0.005589924 -20.56284 0.01344441 -0.002034003 0.9999076 -1.43462
0.9625762 0.2707719 -0.01138548 69.73194 -0.2706982 0.9626341 0.007602666 -20.86669 0.01301864 -0.004236116 0.9999063 -1.452454
0.9624581 0.2712386 -0.01019403 70.76244 -0.27112 0.9624749 0.01164968 -21.18626 0.01297134 -0.008448523 0.9998802 -1.513598
0.9625722 0.2708885 -0.008620494 71.81028 -0.2707448 0.9625357 0.01490253 -21.48022 0.01233446 -0.0120108 0.9998518 -1.495618
0.9626392 0.2706215 -0.009470312 72.87553 -0.2704668 0.962613 0.01497187 -21.79118 0.01316795 -0.01185111 0.9998431 -1.580222
0.962721 0.2704044 -0.007055511 73.93526 -0.2702886 0.9626764 0.01408275 -22.10896 0.01060021 -0.01165074 0.999876 -1.574206
0.9629403 0.2695962 -0.007994074 74.99868 -0.2694487 0.9628839 0.01587366 -22.40867 0.01197685 -0.01313139 0.999842 -1.628895
0.96317 0.2687854 -0.007610856 76.08717 -0.2686533 0.9631206 0.01496823 -22.72192 0.01135341 -0.01237227 0.999859 -1.667919
0.9632831 0.268363 -0.008191463 77.15893 -0.2682035 0.9632186 0.016642 -23.05003 0.01235626 -0.01383398 0.999828 -1.691213
0.9634175 0.267875 -0.008352142 78.26178 -0.2677166 0.9633585 0.01638006 -23.36256 0.01243392 -0.01354483 0.999831 -1.741025
0.963365 0.2680353 -0.009217069 79.35577 -0.2678411 0.9632916 0.01817401 -23.69798 0.01375 -0.01503949 0.9997923 -1.77347
0.9632785 0.2683149 -0.01007879 80.44939 -0.2681026 0.9632121 0.01852688 -24.01715 0.01467905 -0.01514439 0.9997776 -1.81126
0.9631251 0.268904 -0.008989 81.56224 -0.2687165 0.9630526 0.01792265 -24.33309 0.01347635 -0.01484626 0.999799 -1.841555
0.9631868 0.2686401 -0.01018365 82.70644 -0.268443 0.9631388 0.01738189 -24.66225 0.01447774 -0.01400828 0.999797 -1.879908
0.9630631 0.2690698 -0.01053593 83.83134 -0.2688795 0.9630311 0.01658125 -25.00189 0.01460794 -0.01313589 0.999807 -1.935811
0.9630263 0.269146 -0.01186061 84.97158 -0.268964 0.9630343 0.01495649 -25.32816 0.01544766 -0.01121341 0.9998178 -1.954686
0.9630305 0.269139 -0.01168719 86.10799 -0.2689764 0.9630479 0.01379674 -25.67623 0.01496857 -0.0101431 0.9998365 -1.989721
0.9630471 0.269053 -0.0122795 87.27876 -0.2688663 0.9630615 0.01495581 -25.99819 0.01584981 -0.01110161 0.9998127 -2.024061
0.9628053 0.2698993 -0.01266156 88.42943 -0.2696767 0.962803 0.0168797 -26.36693 0.01674641 -0.01283734 0.9997774 -2.057295
0.9629899 0.269278 -0.01182798 89.58858 -0.2690811 0.9629858 0.01593163 -26.70371 0.01568021 -0.01215931 0.9998031 -2.107436
0.9632 0.2685309 -0.01170117 90.772 -0.2683641 0.9632148 0.0140706 -27.03918 0.01504913 -0.01041263 0.9998325 -2.12574
0.963194 0.2686033 -0.01046768 91.95078 -0.2684839 0.9632152 0.01153308 -27.39281 0.01318045 -0.008298189 0.9998787 -2.171384
0.9634157 0.2677751 -0.01125813 93.14132 -0.2676554 0.963451 0.0110833 -27.73173 0.01381449 -0.007664523 0.9998752 -2.199159
0.9631358 0.2687757 -0.01136331 93.07764 -0.268655 0.9631726 0.01110079 -27.76077 0.01392845 -0.007638761 0.9998738 -2.197568