1.0 0.0 0.0 0.0 0.0 1.0 0.0 0.0 0.0 0.0 1.0 0.0
0.9999898 0.0002313377 0.004515094 1.81882 -0.0002474038 0.9999937 0.003558092 -0.08199831 -0.004514242 -0.003559172 0.9999835 -0.0841478
0.9999993 -0.00091391 0.0007427785 3.117108 0.0009111559 0.9999926 0.003699824 -0.08605269 -0.0007461544 -0.003699145 0.9999929 -0.08574034
0.9999899 -0.001083359 0.004374715 4.381496 0.001056378 0.9999804 0.006165089 -0.09461212 -0.004381308 -0.006160405 0.9999714 -0.1375054
0.9999934 -0.001222589 0.003413687 5.63184 0.001205164 0.9999863 0.005101804 -0.105375 -0.003419878 -0.005097657 0.9999812 -0.1552495
0.9999835 -0.00148331 0.005554476 6.86507 0.001446564 0.9999771 0.006613735 -0.117517 -0.005564159 -0.006605591 0.9999627 -0.1787964
0.9999745 -0.001849162 0.006900999 8.08778 0.001802613 0.9999757 0.006745361 -0.1244835 -0.006913304 -0.006732749 0.9999534 -0.2338989
0.999966 -0.00169975 0.008066001 9.306989 0.001662887 0.9999882 0.004574709 -0.1418437 -0.008073681 -0.004561141 0.999957 -0.2382616
0.9999518 -0.002008818 0.009607175 10.51421 0.00196232 0.9999864 0.004846973 -0.1488322 -0.009616781 -0.004827888 0.9999421 -0.286053
0.9999476 -0.002067644 0.01002597 11.7133 0.002020707 0.9999869 0.004689416 -0.1626932 -0.01003553 -0.004668911 0.9999387 -0.3098528
0.9999468 -0.002309511 0.01004884 12.89935 0.002241569 0.9999745 0.006767297 -0.1710922 -0.01006421 -0.006744412 0.9999266 -0.3456394
0.9999445 -0.0024637 0.01024157 14.0827 0.002399328 0.9999775 0.006292932 -0.184778 -0.01025684 -0.00626801 0.9999278 -0.3792306
0.9999615 -0.002572426 0.008391012 15.26978 0.00250951 0.9999688 0.007499946 -0.1873085 -0.008410042 -0.0074786 0.9999366 -0.409915
0.9999606 -0.002710876 0.008452934 16.43265 0.002665876 0.9999821 0.005330339 -0.195258 -0.008467234 -0.005307594 0.9999501 -0.4528757
0.9999624 -0.003365501 0.007996891 17.59319 0.00332624 0.9999825 0.004917777 -0.1929167 -0.008013301 -0.004890992 0.999956 -0.4666763
0.9999722 -0.0036618 0.006502673 18.74549 0.003635544 0.9999852 0.004044954 -0.1950314 -0.006517388 -0.004021201 0.9999707 -0.5029437
0.9999705 -0.004085549 0.006506146 19.90015 0.00405485 0.9999807 0.004724689 -0.1962862 -0.006525323 -0.004698168 0.9999677 -0.5223314
0.9999802 -0.003857328 0.004985127 21.05484 0.00383434 0.999982 0.004612505 -0.2109013 -0.005002829 -0.004593298 0.9999769 -0.5499462
0.9999731 -0.003924677 0.00620554 22.1911 0.003891198 0.9999778 0.005397897 -0.2263386 -0.006226588 -0.005373605 0.9999662 -0.5772997
0.9999685 -0.004327373 0.006659735 23.33075 0.00428747 0.9999729 0.005994205 -0.2235774 -0.006685494 -0.005965462 0.9999599 -0.5952846
0.9999696 -0.003824315 0.006798076 24.46692 0.003779805 0.9999715 0.006548299 -0.2452442 -0.006822925 -0.006522404 0.9999555 -0.6396023
0.9999691 -0.004422913 0.006503887 25.59821 0.00438342 0.9999719 0.006073938 -0.2416612 -0.00653057 -0.006045241 0.9999604 -0.6709629
0.999969 -0.004472258 0.006477418 26.74146 0.004446914 0.9999824 0.003921648 -0.2531034 -0.006494843 -0.003892722 0.9999713 -0.6951626
0.999967 -0.004810088 0.006545465 27.87082 0.004775774 0.9999747 0.005247884 -0.2550172 -0.006570543 -0.005216451 0.9999648 -0.7170996
0.9999622 -0.004981116 0.00712851 28.98127 0.004922778 0.9999545 0.008178036 -0.2569198 -0.007168921 -0.008142634 0.9999412 -0.7547577
0.9999698 -0.005299162 0.005682016 30.11875 0.005240202 0.9999329 0.01034159 -0.2648623 -0.005736436 -0.0103115 0.9999304 -0.7852551
0.9999675 -0.005657604 0.005741251 31.23731 0.005600487 0.9999352 0.009916334 -0.2683784 -0.005796981 -0.009883859 0.9999344 -0.8155977
0.9999681 -0.005730983 0.005560575 32.35967 0.005680064 0.9999422 0.009130165 -0.2686358 -0.005612578 -0.00909829 0.9999428 -0.8501871
0.9999724 -0.005870897 0.004557803 33.47581 0.005830406 0.9999437 0.008846926 -0.2736279 -0.004609487 -0.008820107 0.9999505 -0.8763716
0.9999772 -0.005772423 0.003498266 34.60247 0.005736746 0.9999323 0.01012415 -0.2787104 -0.00355647 -0.01010385 0.9999426 -0.9027187
0.999985 -0.005250608 0.001547379 35.72733 0.005230493 0.9999053 0.01272839 -0.2783022 -0.001614064 -0.01272011 0.9999178 -0.9379861
0.9999905 -0.004277894 -0.0008200076 36.85123 0.004286502 0.9999326 0.01079871 -0.2857736 0.0007737565 -0.01080212 0.9999413 -0.9818403
0.9999878 -0.00255806 -0.004229621 37.97242 0.002596737 0.9999546 0.009164344 -0.297277 0.004205985 -0.009175214 0.999949 -0.9982579
0.9999894 -0.0005994933 -0.004556184 39.08925 0.0006350618 0.9999694 0.007809203 -0.3017706 0.004551363 -0.007812013 0.9999591 -1.039143
0.9999835 0.002624096 -0.005108544 40.21132 -0.002570223 0.9999413 0.01052378 -0.3209565 0.00513586 -0.01051048 0.9999316 -1.047278
0.9999715 0.00515489 -0.005514876 41.32703 -0.005087478 0.9999131 0.01216885 -0.3357794 0.005577126 -0.01214044 0.9999108 -1.089878
0.9999514 0.008190415 -0.005496538 42.45547 -0.008140254 0.9999256 0.009087163 -0.3592203 0.005570557 -0.009041977 0.9999436 -1.129422
0.9999241 0.01083 -0.005877684 43.57132 -0.01078474 0.9999124 0.007677554 -0.3838714 0.005960316 -0.007613582 0.9999533 -1.140761
0.9999002 0.01339936 -0.004474009 44.6914 -0.01337094 0.9998906 0.006322334 -0.4041298 0.004558235 -0.006261882 0.99997 -1.175957
0.999869 0.01514715 -0.005706849 45.80912 -0.01509407 0.9998434 0.009233404 -0.4362948 0.005845815 -0.009146055 0.9999411 -1.201346
0.9998542 0.01653483 -0.004258298 46.95364 -0.01649006 0.9998106 0.01034367 -0.4568671 0.004428522 -0.01027194 0.9999374 -1.23378
0.9998534 0.0164309 -0.004822755 48.08353 -0.01638083 0.9998134 0.01024317 -0.4795359 0.004990159 -0.01016267 0.9999359 -1.253334
0.9998601 0.01597856 -0.004943545 49.22149 -0.01592944 0.999825 0.009821561 -0.5069214 0.005099613 -0.009741439 0.9999396 -1.306639
0.9998625 0.01564762 -0.005487554 50.35521 -0.01559246 0.9998288 0.009955917 -0.5304219 0.005642401 -0.009868983 0.9999354 -1.311906
0.9998733 0.01510853 -0.005013161 51.51248 -0.01505305 0.999827 0.01092654 -0.5536431 0.005177378 -0.01084969 0.9999278 -1.354017
0.9998816 0.01446506 -0.005245876 52.68904 -0.01440023 0.999822 0.0121929 -0.5739129 0.005421313 -0.01211591 0.9999119 -1.375993
0.9998845 0.01442263 -0.004801387 53.8517 -0.01436248 0.9998207 0.01233436 -0.6038808 0.00497842 -0.01226398 0.9999124 -1.399305
0.9999054 0.01342838 -0.002972246 55.03156 -0.01340445 0.9998786 0.007929854 -0.628233 0.003078371 -0.007889263 0.9999641 -1.436888
0.9999081 0.01351695 0.001016722 56.22509 -0.01352685 0.9998538 0.01045264 -0.6610856 -0.0008752857 -0.01046543 0.9999449 -1.449195
0.9999223 0.01215554 0.002771747 57.40742 -0.01219094 0.9998393 0.01313271 -0.6823869 -0.002611666 -0.01316548 0.9999099 -1.511141
0.9999353 0.01079907 0.003569338 58.61504 -0.01085325 0.9998206 0.01552672 -0.7120283 -0.003401024 -0.01556446 0.9998731 -1.531445
0.9999516 0.009513804 0.002514178 59.82442 -0.009547719 0.9998585 0.01384082 -0.7521203 -0.002382143 -0.01386416 0.9999011 -1.571905
0.9999492 0.009374559 0.003698763 61.06642 -0.009419078 0.9998813 0.01220835 -0.7769682 -0.003583876 -0.01224257 0.9999186 -1.595954
0.9999497 0.009176895 0.004044106 62.29481 -0.009231606 0.9998631 0.01372442 -0.803154 -0.003917605 -0.01376107 0.9998977 -1.635431
0.9999515 0.008696362 0.004620208 63.53318 -0.008758113 0.9998702 0.01351758 -0.8140236 -0.004502055 -0.01355738 0.999898 -1.663057
0.9999565 0.008205356 0.004440762 64.78793 -0.008269183 0.9998598 0.01455067 -0.8368725 -0.004320746 -0.01458676 0.9998842 -1.699321
0.9999582 0.00748634 0.005250538 66.05338 -0.00754564 0.999907 0.0113667 -0.8395814 -0.005164954 -0.01140584 0.9999216 -1.72903
0.9999635 0.006411367 0.005653378 67.31676 -0.006498143 0.9998593 0.01546708 -0.8665347 -0.005553417 -0.01550325 0.9998644 -1.751143
0.9999654 0.00584307 0.005916482 68.60494 -0.005933206 0.9998649 0.01533361 -0.8873792 -0.005826087 -0.01536819 0.9998649 -1.808271
0.9999784 0.005388767 0.003755179 69.87623 -0.005440345 0.9998891 0.01386312 -0.8979738 -0.003680057 -0.01388325 0.9998968 -1.875357
0.999983 0.005283325 0.002476517 71.17844 -0.005316461 0.9998938 0.01357029 -0.9107364 -0.002404558 -0.01358323 0.9999049 -1.832768
0.999985 0.004617418 0.002954618 72.46689 -0.00467323 0.9998055 0.0191704 -0.9322153 -0.002865525 -0.01918392 0.9998119 -1.922196
0.9999876 0.004958084 0.0004099469 73.79311 -0.004964359 0.999842 0.01706522 -0.9577422 -0.0003252713 -0.01706704 0.9998543 -1.916476
0.9999877 0.004529548 0.002027381 75.11813 -0.0045674 0.9998077 0.01907213 -0.9818112 -0.001940603 -0.01908116 0.9998161 -1.994079
0.9999843 0.004368923 0.00349818 76.45959 -0.004415677 0.9998994 0.01347109 -0.9950004 -0.003438974 -0.01348633 0.9999031 -2.01104
0.9999844 0.004096243 0.003807156 77.79955 -0.004155414 0.9998686 0.01566636 -1.01623 -0.003742483 -0.01568194 0.99987 -2.08905
0.9999827 0.00425153 0.004058323 79.16441 -0.004304803 0.9999034 0.01320944 -1.030805 -0.004001771 -0.01322668 0.9999045 -2.092208
0.9999912 0.003470183 0.002372433 80.51496 -0.003503783 0.9998914 0.01430849 -1.040564 -0.002322523 -0.01431667 0.9998948 -2.174432
0.9999909 0.004087428 0.001254678 81.89239 -0.004103811 0.9999025 0.01334532 -1.071162 -0.001200008 -0.01335035 0.9999102 -2.154589
0.9999941 0.003429198 -0.0001834738 83.2691 -0.003425241 0.9998248 0.01840325 -1.062845 0.00024655 -0.01840251 0.9998306 -2.24756
0.9999868 0.004670881 -0.002119935 84.64693 -0.00464618 0.9999229 0.01151054 -1.101748 0.002173536 -0.01150054 0.9999315 -2.261753
0.9999926 0.003559363 -0.00144581 86.05028 -0.003537439 0.9998828 0.01489335 -1.105249 0.001498652 -0.01488813 0.9998881 -2.303036
0.9999897 0.004023938 -0.002068017 87.45633 -0.004000906 0.9999311 0.01102356 -1.131323 0.002112233 -0.01101517 0.9999371 -2.305659
0.9999934 0.003595935 -0.00037273 88.86727 -0.003588925 0.999843 0.01735531 -1.144464 0.00043508 -0.01735386 0.9998493 -2.376747
0.9999868 0.003675484 -0.003606147 90.30685 -0.003616694 0.9998626 0.01617588 -1.157153 0.003665106 -0.01616262 0.9998627 -2.386266
0.9999904 0.004361399 -0.0003713623 91.7408 -0.004354248 0.999838 0.01746395 -1.185502 0.0004474694 -0.01746217 0.9998474 -2.479175
0.9999866 0.004796017 -0.001938374 93.18528 -0.00477375 0.9999244 0.01133311 -1.194846 0.001992581 -0.0113237 0.9999339 -2.493933
0.9999825 0.005903621 0.0002997091 94.63593 -0.005907028 0.9998975 0.01304561 -1.211419 -0.000222662 -0.01304716 0.9999149 -2.538825
0.9999747 0.006807403 -0.002062996 96.08913 -0.006769017 0.9998137 0.01807488 -1.225874 0.002185655 -0.01806046 0.9998345 -2.557555
0.9999604 0.008891502 -0.0005109872 97.5643 -0.008877993 0.9997149 0.02216688 -1.254009 0.0007079384 -0.02216146 0.9997541 -2.625731
0.9999427 0.0101444 -0.0034117 99.04385 -0.01006608 0.999702 0.02223851 -1.274062 0.003636279 -0.02220289 0.9997469 -2.672982
0.9999337 0.0113225 -0.002129812 100.5371 -0.01128832 0.9998173 0.01542594 -1.300049 0.002304083 -0.01540087 0.9998788 -2.697065
0.9999135 0.01310231 -0.0011867 102.0324 -0.01308696 0.9998409 0.01213252 -1.338801 0.001345475 -0.01211594 0.9999257 -2.765918
0.9998838 0.01523606 0.000484838 103.5377 -0.0152411 0.9997979 0.01310181 -1.370868 -0.0002851201 -0.01310768 0.9999141 -2.784189
0.9998472 0.0172851 0.002623016 105.0474 -0.01732885 0.9996934 0.01769074 -1.413612 -0.002316426 -0.01773349 0.9998401 -2.835722
0.9998031 0.01953448 0.003475444 106.5673 -0.01959332 0.9996498 0.01778853 -1.453664 -0.003126737 -0.01785312 0.9998357 -2.879276
0.9997281 0.02250904 0.006084358 108.1087 -0.02259767 0.9996334 0.01491276 -1.509626 -0.005746455 -0.0150462 0.9998703 -2.914899
0.9996524 0.02522297 0.007670085 109.6491 -0.02532866 0.999581 0.01400944 -1.555617 -0.007313511 -0.01419884 0.9998724 -2.957235
0.9995943 0.02738561 0.007830678 111.1868 -0.02749532 0.9995201 0.01426415 -1.618638 -0.007436288 -0.01447367 0.9998676 -3.012226
0.9995146 0.02994744 0.008579197 112.7528 -0.03006723 0.9994471 0.01419194 -1.686201 -0.008149442 -0.01444301 0.9998625 -3.056566
0.9994155 0.03305543 0.008721119 114.3286 -0.0331718 0.9993578 0.01355486 -1.760103 -0.008267457 -0.01383623 0.9998701 -3.097718
0.9993228 0.03528472 0.01043833 115.8995 -0.03540308 0.9993083 0.01137993 -1.829695 -0.01002957 -0.01174178 0.9998808 -3.125098
0.9992294 0.03773632 0.01079907 117.4824 -0.03786081 0.9992161 0.01156529 -1.899121 -0.01035417 -0.01196524 0.9998748 -3.169539
0.9991056 0.04069955 0.0114737 119.0893 -0.04083695 0.9990938 0.01200629 -1.995867 -0.01097465 -0.0124641 0.9998621 -3.211263
0.9989902 0.04318155 0.01240222 120.6952 -0.04331756 0.9990017 0.01091559 -2.078478 -0.01191849 -0.0114418 0.9998635 -3.252046
0.9988649 0.04566556 0.01354625 122.2957 -0.04580275 0.9989005 0.009995837 -2.171199 -0.01307489 -0.01060495 0.9998583 -3.266924
0.9986868 0.04865234 0.01605158 123.9296 -0.04881316 0.99876 0.009784053 -2.264203 -0.01555566 -0.01055473 0.9998233 -3.333441
0.9985155 0.05075397 0.01976774 125.5488 -0.05095746 0.9986514 0.009930281 -2.368194 -0.01923708 -0.01092285 0.9997553 -3.359591
0.9983359 0.05400182 0.02022934 127.184 -0.05425704 0.9984512 0.0122866 -2.466615 -0.01953451 -0.01336374 0.9997199 -3.391931
0.9981756 0.05628763 0.02184206 128.8322 -0.05652028 0.9983495 0.01018402 -2.572804 -0.02123278 -0.01139996 0.9997095 -3.44754
0.9979844 0.05905749 0.02322254 130.4919 -0.05934824 0.9981647 0.01203619 -2.701697 -0.02246909 -0.01339015 0.9996579 -3.470663
0.9977563 0.06201099 0.02523907 132.1473 -0.06235255 0.9979697 0.01297806 -2.825552 -0.02438305 -0.01452266 0.9995972 -3.52706
0.9975188 0.0648642 0.02736593 133.8092 -0.06522164 0.9977942 0.01237688 -2.950805 -0.02650274 -0.01413102 0.9995489 -3.564631
0.9973323 0.06699044 0.02899246 135.4735 -0.0673987 0.9976368 0.01334021 -3.073921 -0.02803028 -0.01525868 0.9994906 -3.60945
0.9970751 0.06922227 0.03239658 137.1448 -0.06969006 0.9974769 0.01353874 -3.215423 -0.03137765 -0.01575686 0.9993834 -3.649671
0.9968899 0.07160553 0.03290957 138.8215 -0.07219743 0.9972427 0.01716232 -3.349165 -0.03158991 -0.01948493 0.999311 -3.712225
0.996744 0.0737319 0.03263566 140.5094 -0.0743019 0.9970975 0.01661017 -3.492259 -0.03131624 -0.01898097 0.9993293 -3.761184
0.9965464 0.07589471 0.03369374 142.2093 -0.076382 0.9969883 0.01341655 -3.639918 -0.03257402 -0.01594381 0.9993421 -3.80536
0.9963194 0.07759372 0.03642682 143.8995 -0.07805362 0.9968843 0.01137543 -3.793185 -0.03543066 -0.0141768 0.9992716 -3.856345
0.996133 0.07878632 0.03888272 145.6104 -0.07939049 0.9967418 0.01424452 -3.944121 -0.03763376 -0.01727636 0.9991422 -3.892506
0.996008 0.08058584 0.03839276 147.319 -0.08135697 0.9965047 0.01896253 -4.102156 -0.03673045 -0.02201035 0.9990828 -3.953013
0.9958352 0.08226798 0.03929736 149.028 -0.08308512 0.9963491 0.01963116 -4.266193 -0.03753887 -0.02281443 0.9990347 -4.006611
0.9957014 0.08418515 0.03862016 150.7325 -0.08505738 0.9961436 0.02152408 -4.42927 -0.03665921 -0.02471649 0.9990221 -4.070605
0.9956471 0.08574782 0.0365277 152.4555 -0.08649562 0.9960631 0.01940596 -4.595931 -0.03471988 -0.02248097 0.9991442 -4.127329
0.9954235 0.08759452 0.03820041 154.1883 -0.0882431 0.9959762 0.0156328 -4.767639 -0.03667736 -0.01893218 0.9991478 -4.184531
0.9952009 0.08910134 0.04044857 155.9118 -0.08981796 0.9958256 0.01625565 -4.93339 -0.03883131 -0.01981064 0.9990494 -4.230674
0.9950252 0.09103283 0.04047232 157.6515 -0.09178589 0.9956311 0.01715126 -5.11455 -0.03873418 -0.02078072 0.9990335 -4.300495
0.9949099 0.09269355 0.03952289 159.3892 -0.09343071 0.9954767 0.0172273 -5.297675 -0.03774726 -0.02083226 0.9990702 -4.334546
0.9947441 0.09421414 0.04009756 161.1317 -0.09496646 0.9953303 0.017286 -5.482071 -0.03828174 -0.02100307 0.9990462 -4.398052
0.9945834 0.09586541 0.0401694 162.8922 -0.09658231 0.9951916 0.0162991 -5.669316 -0.03841373 -0.02009046 0.9990599 -4.43542
0.9942732 0.09780689 0.04306492 164.6521 -0.09854006 0.9950163 0.01523926 -5.858128 -0.04135979 -0.01939561 0.998956 -4.510819
0.994064 0.09905067 0.0450091 166.4251 -0.0999247 0.9948392 0.01759727 -6.066615 -0.0430338 -0.02199033 0.9988316 -4.56329
0.9939908 0.100333 0.04376818 168.1985 -0.1012771 0.9946591 0.01990923 -6.259475 -0.04153686 -0.02422231 0.9988433 -4.634554
0.9938805 0.1019327 0.04255855 169.9871 -0.1027682 0.9945439 0.01792157 -6.465321 -0.04049956 -0.02218557 0.9989332 -4.67991
0.9936548 0.1038106 0.04328217 171.767 -0.1047586 0.9942918 0.02023587 -6.670476 -0.04093441 -0.02464165 0.9988579 -4.750689
0.9936134 0.1050434 0.04120968 173.5557 -0.1059836 0.9941392 0.02133061 -6.883572 -0.03872751 -0.02556193 0.9989228 -4.783881
0.9933836 0.1064765 0.04303193 175.3455 -0.1074062 0.9940159 0.01989684 -7.087418 -0.04065588 -0.0243871 0.9988756 -4.849616
0.9932861 0.1073271 0.04316868 177.1465 -0.1081889 0.9939648 0.0181407 -7.299777 -0.04096116 -0.02268928 0.9989031 -4.896356
0.9930291 0.1091918 0.04439004 178.9492 -0.1101983 0.99369 0.02089059 -7.517152 -0.04182886 -0.02563667 0.9987958 -4.988587
0.9930255 0.1105953 0.04085246 180.7511 -0.1116831 0.9934199 0.02537313 -7.732218 -0.03777749 -0.02975869 0.998843 -5.074774
0.9930373 0.1121977 0.03589654 182.571 -0.1130708 0.993314 0.02328729 -7.95756 -0.03304376 -0.027184 0.9990842 -5.111135
0.9928932 0.1135891 0.0355036 184.3958 -0.1144082 0.9931914 0.02195171 -8.189007 -0.03276839 -0.02585761 0.9991284 -5.195261
0.9928228 0.1146424 0.03405925 186.2318 -0.1153885 0.9931024 0.02080542 -8.412346 -0.03143914 -0.02458614 0.9992032 -5.281871
0.9926387 0.1161533 0.0343051 188.0531 -0.117022 0.9928271 0.0244975 -8.644021 -0.03121356 -0.02833162 0.9991111 -5.323634
0.9926308 0.1173426 0.03024649 189.884 -0.1180242 0.9927708 0.02182747 -8.88083 -0.02746654 -0.02523644 0.9993041 -5.393392
0.9923994 0.1183714 0.03363933 191.7176 -0.1191673 0.992614 0.02272501 -9.115253 -0.03070088 -0.02656099 0.9991757 -5.453872
0.9923853 0.1193165 0.03057841 193.5712 -0.1199783 0.9925586 0.02080185 -9.353838 -0.02786886 -0.0243122 0.9993159 -5.501013
0.9920236 0.1211147 0.0349328 195.427 -0.1219291 0.9922905 0.02220289 -9.603562 -0.03197439 -0.02628512 0.999143 -5.611406
0.9920236 0.1220618 0.03146408 197.2756 -0.1228091 0.9921632 0.02302064 -9.843422 -0.02840757 -0.0267011 0.9992397 -5.643882
0.9916982 0.1239493 0.03422281 199.1281 -0.1249044 0.9917921 0.02733901 -10.08811 -0.03055326 -0.03138663 0.9990402 -5.761807
0.9917608 0.1251044 0.02755834 200.9828 -0.1258603 0.9916625 0.02765045 -10.34464 -0.02386938 -0.03089113 0.9992377 -5.794049
0.9915022 0.1268605 0.02880835 202.8714 -0.1275937 0.9915059 0.02522074 -10.60027 -0.02536413 -0.02868218 0.9992667 -5.886683
0.9914264 0.1281067 0.02573624 204.7409 -0.12877 0.9913332 0.02601432 -10.85204 -0.02218058 -0.02910534 0.9993302 -5.972351
0.9911003 0.1301087 0.02814018 206.6361 -0.1308073 0.9911027 0.02459368 -11.12503 -0.02468996 -0.02805575 0.9993014 -6.050197
0.9910691 0.130744 0.02622845 208.5164 -0.1314121 0.990997 0.02560739 -11.38867 -0.0226443 -0.02882543 0.999328 -6.12462
0.99083 0.1323394 0.02724293 210.3983 -0.1330753 0.9907315 0.02724283 -11.65312 -0.02338512 -0.03061837 0.9992576 -6.194383
0.9906934 0.1340021 0.02387268 212.2953 -0.1347 0.9904163 0.03051761 -11.92519 -0.01955447 -0.03344925 0.9992491 -6.288102
0.990514 0.1354823 0.02294825 214.1952 -0.1361327 0.990247 0.02965104 -12.20456 -0.01870724 -0.03249377 0.9992968 -6.36004
0.9903958 0.1366636 0.02095586 216.1011 -0.1372672 0.9900572 0.03073477 -12.47852 -0.01654718 -0.03331614 0.9993079 -6.46786
0.9902841 0.137893 0.01796607 218.0062 -0.138391 0.9899145 0.0302837 -12.75685 -0.01360896 -0.03247581 0.9993799 -6.545173
0.9901804 0.1390505 0.0144157 219.9226 -0.1394342 0.9897662 0.03035143 -13.03971 -0.01004779 -0.03206343 0.9994353 -6.650055
0.9900829 0.1400043 0.01160646 221.8535 -0.140284 0.9897026 0.02844409 -13.33411 -0.007504648 -0.02979021 0.999528 -6.735572
0.990129 0.139702 0.01130988 223.7557 -0.1399596 0.989799 0.02663348 -13.62018 -0.007473753 -0.02795351 0.9995813 -6.806175
0.9903705 0.1380985 0.009752661 225.6904 -0.1383008 0.9900851 0.02458068 -13.92784 -0.00626141 -0.02569278 0.9996503 -6.859597
0.9905671 0.1365017 0.01200506 227.6296 -0.1367645 0.9902929 0.02480865 -14.19475 -0.008502101 -0.02621649 0.9996201 -6.95642
0.9907054 0.1355948 0.01081413 229.5627 -0.1358193 0.9904478 0.02379935 -14.486 -0.007483761 -0.02504691 0.9996583 -7.017911
0.9908951 0.1342789 0.009803348 231.4962 -0.1344689 0.9906656 0.02235268 -14.75182 -0.006710347 -0.02346741 0.9997021 -7.098972
0.9910125 0.133457 0.009141218 233.455 -0.1336342 0.9907694 0.02275825 -15.04624 -0.006019592 -0.02377529 0.9996992 -7.170928
0.9911864 0.1322646 0.007456767 235.4065 -0.1324091 0.9908954 0.02437447 -15.3234 -0.004164998 -0.02514699 0.9996751 -7.247507
0.9914007 0.1306543 0.007355051 237.3703 -0.1307894 0.9911517 0.02263857 -15.60375 -0.004332145 -0.02340586 0.9997166 -7.28454
0.9915421 0.1295063 0.008504643 239.3408 -0.1296763 0.9912651 0.0240338 -15.87473 -0.005317828 -0.02493337 0.999675 -7.385087
0.9917361 0.1279426 0.009499202 241.3048 -0.1281535 0.9913986 0.0265652 -16.1488 -0.006018674 -0.02756302 0.999602 -7.45548
0.9917756 0.1275506 0.01058521 243.2989 -0.1277868 0.9914637 0.02589305 -16.42806 -0.007192177 -0.02703275 0.9996087 -7.536697
0.9919738 0.1260529 0.009929528 245.2666 -0.126245 0.9917563 0.02194792 -16.71383 -0.007081072 -0.02302531 0.9997098 -7.602857
0.9921076 0.1248304 0.01182931 247.2476 -0.1250771 0.9918778 0.02311195 -16.96722 -0.008848152 -0.02440912 0.9996629 -7.72622
0.9922465 0.1240874 0.00701723 249.2488 -0.1242165 0.9919955 0.02269673 -17.2436 -0.004144683 -0.0233924 0.9997178 -7.779922
0.9923217 0.1233771 0.008701029 251.2417 -0.1235502 0.9920617 0.02343257 -17.52731 -0.005740915 -0.02432766 0.9996876 -7.837842
0.9924995 0.1221193 0.005626818 253.2516 -0.1222185 0.992227 0.02341981 -17.78887 -0.00272307 -0.02393186 0.9997099 -7.919554
0.9926947 0.120478 0.006497465 255.2609 -0.1205907 0.9924735 0.02131125 -18.03699 -0.003881025 -0.0219391 0.9997517 -7.99074
0.9928183 0.1195588 0.004182857 257.2729 -0.1196223 0.9925756 0.02200548 -18.30243 -0.001520853 -0.02234781 0.9997491 -8.082293
0.9929131 0.1187026 0.005775793 259.299 -0.1187981 0.9927011 0.0207778 -18.56291 -0.003267258 -0.0213167 0.9997674 -8.123308
0.9930781 0.1173987 0.003664927 261.314 -0.117453 0.9927886 0.02399275 -18.81921 -0.0008217813 -0.02425713 0.9997054 -8.234015
0.993166 0.1166657 0.00321454 263.3586 -0.1167092 0.992884 0.02366533 -19.07446 -0.0004307328 -0.02387877 0.9997148 -8.281759
0.993244 0.1160314 0.001769396 265.3868 -0.1160404 0.9929556 0.02395213 -19.3391 0.001022268 -0.02399563 0.9997115 -8.389754
0.9932741 0.1157727 0.001787654 267.4399 -0.1157836 0.9930212 0.02242555 -19.59801 0.0008210888 -0.0224817 0.9997469 -8.441349
0.9932483 0.1158733 0.005591588 269.4853 -0.11598 0.9929141 0.02589407 -19.86072 -0.002551535 -0.02636775 0.999649 -8.523828
0.9933406 0.1151966 0.002070844 271.5366 -0.1152031 0.9928164 0.03230597 -20.11582 0.001665569 -0.0323294 0.9994759 -8.624197
0.9933097 0.1154786 0.0006405287 273.5908 -0.115431 0.9927075 0.03475278 -20.36189 0.003377347 -0.03459421 0.9993957 -8.740195
0.9933617 0.1149793 -0.00352274 275.6368 -0.1148155 0.9928993 0.03111821 -20.6231 0.007075678 -0.03050717 0.9995095 -8.843235
0.9933934 0.1147576 0.0004726201 277.7326 -0.1147327 0.9930739 0.02531073 -20.89044 0.002435251 -0.02519774 0.9996795 -8.899719
0.9934591 0.1141446 0.003163873 279.8054 -0.1141881 0.9931408 0.02514755 -21.13995 -0.0002717143 -0.02534434 0.9996787 -9.02482
0.9935657 0.1131706 0.004428834 281.8779 -0.113244 0.993287 0.02359171 -21.39584 -0.001729217 -0.02394145 0.9997119 -9.074281
0.9935619 0.1131949 0.004648501 283.9609 -0.1132788 0.9932094 0.02652052 -21.64949 -0.001614947 -0.02687635 0.9996375 -9.15754
0.9935746 0.1131794 0.0002359175 286.0547 -0.11315 0.9932644 0.02496053 -21.90874 0.002590689 -0.02482684 0.9996884 -9.253613
0.9935845 0.1130683 0.002329625 288.1537 -0.113092 0.993322 0.02283428 -22.16889 0.0002677654 -0.02295125 0.9997365 -9.330129
0.9936568 0.1124387 0.001899736 290.2535 -0.1124529 0.9934003 0.02258563 -22.42461 0.0006523016 -0.022656 0.9997431 -9.390701
0.9936604 0.1122441 0.006349003 292.3336 -0.1123714 0.9933345 0.02567405 -22.68926 -0.003424922 -0.02622473 0.9996502 -9.481133
0.9937871 0.1111864 0.004974432 294.4297 -0.1112756 0.993486 0.02456456 -22.93836 -0.002210784 -0.02496547 0.9996859 -9.541651
0.9936951 0.1116961 0.009693131 296.5413 -0.1119228 0.9933414 0.02731284 -23.20633 -0.006577851 -0.02822552 0.99958 -9.648949
0.993744 0.1114678 0.006920842 298.6749 -0.1116081 0.993434 0.02514636 -23.46603 -0.004072393 -0.02576146 0.9996598 -9.730149
0.9937441 0.1112667 0.009607894 300.8148 -0.1114592 0.9935124 0.02258392 -23.72552 -0.007032722 -0.02351353 0.9996988 -9.827489
0.9937407 0.111312 0.009433394 302.9328 -0.1115098 0.9934736 0.02399072 -23.98397 -0.006701374 -0.02489247 0.9996676 -9.907269
0.9937199 0.1115862 0.008323563 305.0449 -0.1117568 0.9934443 0.02405372 -24.24792 -0.005584933 -0.02483288 0.999676 -10.00174
0.9937382 0.111445 0.008026927 307.199 -0.1116071 0.9934666 0.02382593 -24.5067 -0.005319202 -0.0245726 0.9996839 -10.08472
0.9937668 0.1111902 0.008017552 309.3342 -0.1113546 0.9934837 0.02430293 -24.75456 -0.005263058 -0.02504423 0.9996725 -10.17509
0.9937497 0.1114694 0.006005662 311.4603 -0.1115836 0.9934572 0.02432825 -25.02111 -0.003254514 -0.02484633 0.999686 -10.25096
0.993724 0.1117454 0.005043958 313.6081 -0.111835 0.9934363 0.02401947 -25.28034 -0.002326787 -0.02443282 0.9996988 -10.33779
0.9938188 0.1109904 0.002302598 315.7442 -0.1110134 0.9935138 0.02462108 -25.53776 0.0004450408 -0.02472451 0.9996942 -10.42603
0.993747 0.1115454 0.004948635 317.8802 -0.1116329 0.9934574 0.02408824 -25.79748 -0.002229326 -0.02449004 0.9996976 -10.49504
0.9937684 0.1114047 0.003652912 320.0135 -0.1114622 0.9934264 0.02607238 -26.054 -0.0007243153 -0.02631707 0.9996534 -10.61088
0.9936781 0.1121922 0.00409219 322.1682 -0.1122621 0.9933082 0.02712785 -26.31144 -0.001021273 -0.02741575 0.9996236 -10.69372
0.993529 0.1135533 0.002385882 324.2992 -0.1135767 0.9931841 0.02618089 -26.57051 0.0006033051 -0.02628246 0.9996544 -10.78379
0.9932885 0.1156458 0.002038396 326.4445 -0.1156596 0.9929494 0.0259687 -26.83811 0.0009791465 -0.02603018 0.9996607 -10.88979
0.9930764 0.1174615 -0.001387788 328.5756 -0.1173896 0.9927663 0.02519148 -27.10067 0.004336778 -0.02485416 0.9996817 -10.97069
0.9928496 0.1193701 -0.0006313546 330.7131 -0.1193142 0.9925209 0.02581256 -27.37688 0.003707881 -0.02555266 0.9996666 -11.07407
0.9926659 0.1208829 -0.001348622 332.8347 -0.1208018 0.9923036 0.02721033 -27.65112 0.004627505 -0.02684784 0.9996288 -11.15066
0.9923468 0.1234612 0.002280634 334.9712 -0.1234791 0.9920188 0.02552736 -27.93855 0.0008892073 -0.02561361 0.9996715 -11.26609
0.9921834 0.1247862 0.000707372 337.0868 -0.1247607 0.9918292 0.02664118 -28.22715 0.002622859 -0.02652119 0.9996448 -11.37435
0.9919793 0.1263993 0.0005623454 339.2296 -0.1263702 0.9916338 0.02633082 -28.51733 0.002770557 -0.0261907 0.9996531 -11.43894
0.9917485 0.1280446 -0.006290605 341.3186 -0.1278716 0.9915286 0.02279698 -28.79049 0.009156344 -0.02180448 0.9997203 -11.55524
0.9915166 0.1298922 -0.004773714 343.4503 -0.1297664 0.9913242 0.0208966 -29.09049 0.007446603 -0.02009985 0.9997702 -11.62754
0.9913512 0.1310164 -0.007581671 345.5695 -0.130768 0.9910415 0.02713077 -29.38412 0.01106833 -0.02590468 0.9996032 -11.70771
0.9911886 0.1323879 -0.004312737 347.6936 -0.1322507 0.9909332 0.02369205 -29.68609 0.007410174 -0.02291293 0.99971 -11.78505
0.9910374 0.133523 -0.004064762 349.8047 -0.1333649 0.9906926 0.02723361 -29.99751 0.007663244 -0.02644743 0.9996209 -11.89538
0.9910195 0.1336854 -0.00293025 351.8987 -0.1335839 0.9907711 0.02298026 -30.30071 0.005975331 -0.02238245 0.9997316 -11.95776
0.9909772 0.13403 -0.0002456389 354.0195 -0.1339804 0.9906571 0.02545149 -30.60593 0.003654608 -0.02518894 0.999676 -12.07338
0.9910715 0.1333263 0.001170344 356.135 -0.1333164 0.9907899 0.02370866 -30.92644 0.002001423 -0.023653 0.9997182 -12.13994
0.991226 0.1320783 0.005135494 358.22 -0.1321681 0.990881 0.02619872 -31.22748 -0.00162838 -0.0266476 0.9996436 -12.25218
0.9913151 0.1314609 0.003540287 360.3239 -0.1315085 0.9909562 0.0266663 -31.53047 -2.694083e-06 -0.02690028 0.9996381 -12.32769
0.9914452 0.1303775 0.006166787 362.4615 -0.130493 0.9911261 0.02531372 -31.83201 -0.002811723 -0.02590189 0.9996606 -12.43217
0.9914957 0.1298881 0.008084141 364.5425 -0.1300431 0.991238 0.0231518 -32.13246 -0.005006165 -0.02400619 0.9996993 -12.52265
0.9916157 0.1285489 0.01317062 366.6455 -0.1288408 0.9913644 0.02442789 -32.42081 -0.009916708 -0.02592 0.9996148 -12.59426
0.9917372 0.1277531 0.01168077 368.7533 -0.1280323 0.9913881 0.02752185 -32.71948 -0.008064176 -0.02878996 0.999553 -12.70545
0.9917932 0.1272335 0.01256773 370.8343 -0.1275301 0.9914777 0.02660214 -33.00307 -0.009075942 -0.02798659 0.9995671 -12.79633
0.9918433 0.127041 0.01036165 372.9455 -0.1272743 0.9915181 0.02632636 -33.29522 -0.006929241 -0.0274304 0.9995997 -12.8867
0.9918754 0.1267321 0.01104935 375.0345 -0.1269749 0.9915886 0.02508378 -33.58469 -0.00777749 -0.02628298 0.9996243 -12.98551
0.9919586 0.1262734 0.00855906 377.1321 -0.1264658 0.9915788 0.02789359 -33.87319 -0.004964762 -0.02875172 0.9995742 -13.08588
0.9918345 0.1273908 0.005995138 379.1965 -0.1275072 0.9914693 0.02702902 -34.15392 -0.002500749 -0.02757273 0.9996167 -13.18045
0.9916734 0.1287577 0.002314731 381.287 -0.1287725 0.9912924 0.02751557 -34.43194 0.001248266 -0.02758454 0.9996187 -13.27673
0.9914412 0.1305528 -0.000530967 383.358 -0.1304902 0.9910767 0.0271869 -34.7201 0.004075555 -0.02688492 0.9996302 -13.36593
0.9912833 0.1316838 -0.004100502 385.4493 -0.1315304 0.9909559 0.02657335 -35.01179 0.007562695 -0.02580238 0.9996384 -13.46475
0.9911554 0.1326752 -0.002887082 387.525 -0.1325675 0.9908782 0.02421198 -35.3071 0.006073075 -0.0236151 0.9997027 -13.54904
0.9910536 0.1334458 -0.002211537 389.5512 -0.1333368 0.9906958 0.02725395 -35.59806 0.005827885 -0.02671525 0.9996261 -13.64275
0.990833 0.1350914 0.0005956091 391.647 -0.1350566 0.9904569 0.02747614 -35.90848 0.003121865 -0.02730471 0.9996223 -13.73167
0.9907994 0.1353067 0.002926863 393.6921 -0.1353343 0.9903702 0.02918017 -36.20861 0.001049596 -0.02930781 0.9995699 -13.82878
0.9906896 0.1360641 0.004545976 395.7516 -0.1361389 0.9902595 0.0291973 -36.51564 -0.0005289933 -0.02954435 0.9995633 -13.93314
0.9906039 0.1366346 0.005912338 397.8149 -0.1367503 0.9901654 0.02952763 -36.81424 -0.001819698 -0.0300587 0.9995465 -14.03445
0.9904489 0.1377121 0.006811345 399.8718 -0.1378479 0.990079 0.02722544 -37.12117 -0.002994499 -0.02790434 0.9996061 -14.12957
0.9903234 0.1384343 0.00976963 401.9138 -0.1386479 0.9899908 0.02636501 -37.43018 -0.006022021 -0.02746442 0.9996046 -14.22696
0.9902506 0.138962 0.009652948 403.937 -0.1391755 0.989902 0.02691338 -37.73309 -0.005815533 -0.02799445 0.9995912 -14.31483
0.9901347 0.1397461 0.01021052 405.9764 -0.1399722 0.9898008 0.02649672 -38.04078 -0.006403568 -0.02766451 0.9995968 -14.40604
0.9900522 0.1403972 0.009233628 408.0079 -0.1406078 0.9896491 0.02871207 -38.34475 -0.005106957 -0.02972477 0.9995451 -14.49943
0.9899212 0.1412869 0.009703671 410.045 -0.1415036 0.9895592 0.0273755 -38.65536 -0.005734555 -0.02847269 0.9995781 -14.59824
0.9898675 0.1416123 0.01040505 412.0696 -0.141848 0.9895133 0.0272498 -38.96314 -0.006437025 -0.02844963 0.9995745 -14.69604
0.9897248 0.1426518 0.009767855 414.0875 -0.1428638 0.9893918 0.02634323 -39.2755 -0.005906327 -0.02746801 0.9996052 -14.77912
0.9896069 0.1433985 0.01073173 416.1075 -0.1436436 0.9892511 0.02736248 -39.59108 -0.006692636 -0.02861964 0.999568 -14.88577
0.989538 0.1439204 0.01007426 418.0974 -0.1441564 0.9891293 0.02901705 -39.89537 -0.005788604 -0.03016574 0.9995282 -14.96882
0.9894146 0.1447005 0.01097319 420.0786 -0.1449571 0.9890392 0.0280874 -40.20873 -0.006788656 -0.02938073 0.9995452 -15.0794
0.9893702 0.1449163 0.0120743 422.084 -0.1451914 0.9890524 0.02635704 -40.52502 -0.008122547 -0.02782996 0.9995797 -15.16925
0.9891845 0.1454942 0.01858524 424.0535 -0.1459127 0.9890163 0.02358928 -40.83976 -0.014949 -0.02604597 0.999549 -15.25553
0.9890061 0.1461168 0.02273475 426.0151 -0.1466144 0.9889488 0.02201543 -41.15429 -0.01926667 -0.02510663 0.9994991 -15.34205
0.9888466 0.1463599 0.02758895 427.9742 -0.1470262 0.9888439 0.02389653 -41.47483 -0.02378367 -0.0276863 0.9993337 -15.42337
0.9886527 0.1474609 0.02865426 429.9066 -0.1481845 0.9886434 0.02501429 -41.77974 -0.02464021 -0.02897656 0.9992763 -15.51043
0.9885351 0.1483278 0.02823404 431.8209 -0.1490661 0.988482 0.02612603 -42.09782 -0.02403363 -0.03003523 0.9992599 -15.59522
0.9883682 0.1498193 0.02612652 433.7429 -0.1505336 0.9882103 0.02792655 -42.40456 -0.02163456 -0.03153463 0.9992685 -15.69414
0.9883242 0.1505832 0.02323607 435.6542 -0.1511781 0.9881539 0.02640541 -42.70504 -0.0189846 -0.02960989 0.9993812 -15.79271
0.9883209 0.1507213 0.02247093 437.542 -0.1512221 0.9882426 0.02255057 -43.01339 -0.01880788 -0.0256853 0.9994931 -15.87407
0.9882267 0.1513607 0.02231689 439.4318 -0.1518793 0.9881141 0.02372704 -43.32931 -0.0184603 -0.02683717 0.9994693 -15.96272
0.9881148 0.1520415 0.0226407 441.2793 -0.1525795 0.9879923 0.02430105 -43.63519 -0.01867407 -0.02746673 0.9994483 -16.04396
0.9880292 0.1526342 0.02238326 443.1419 -0.1531903 0.9878629 0.02568236 -43.9399 -0.01819159 -0.02880383 0.9994195 -16.12119
0.9880095 0.1530808 0.02009077 444.9788 -0.1535709 0.9878043 0.0256669 -44.24746 -0.01591663 -0.0284445 0.9994686 -16.21898
0.9879351 0.1537171 0.01885183 446.8034 -0.154172 0.9877104 0.02567381 -44.54094 -0.01467365 -0.02827048 0.9994926 -16.28955
0.9877713 0.1548378 0.01825099 448.6029 -0.1552741 0.9875404 0.02557798 -44.84587 -0.01406315 -0.0280991 0.9995062 -16.37493
0.9875109 0.1563631 0.01931095 450.403 -0.1568391 0.9872754 0.02624905 -45.15781 -0.01496085 -0.02894993 0.9994689 -16.45757
0.9873286 0.1571883 0.02176962 452.2173 -0.1577352 0.9871335 0.02620771 -45.45854 -0.01736998 -0.02930946 0.9994195 -16.5362
0.9870908 0.157925 0.02667514 454.0023 -0.1585684 0.9870559 0.02401533 -45.77178 -0.02253723 -0.02793515 0.9993556 -16.61105
0.9868361 0.1584604 0.03232463 455.7716 -0.1593236 0.9868804 0.02613343 -46.07986 -0.02775943 -0.03093948 0.9991357 -16.69707
0.9865658 0.1591303 0.03695116 457.509 -0.1602869 0.9865906 0.03077266 -46.38207 -0.03155881 -0.03628204 0.9988431 -16.78128
0.9863343 0.1600171 0.03923263 459.2536 -0.1614098 0.9862546 0.03534031 -46.69485 -0.0330383 -0.04118988 0.998605 -16.88586
0.9861913 0.1605562 0.04060105 460.9937 -0.1619039 0.9862744 0.03240604 -47.00443 -0.03484078 -0.03853202 0.9986498 -16.97834
0.9859762 0.1619717 0.04020166 462.7146 -0.1632154 0.9861388 0.02984539 -47.31612 -0.03481031 -0.03598837 0.9987457 -17.08301
0.9857532 0.164031 0.0372089 464.4158 -0.1651818 0.985798 0.03029118 -47.61831 -0.03171176 -0.03600586 0.9988483 -17.17467
0.9856713 0.1653356 0.03340799 466.0984 -0.1664409 0.9854802 0.03355708 -47.90835 -0.02737474 -0.0386367 0.9988783 -17.27237
0.9856199 0.1663972 0.02941815 467.787 -0.1672929 0.9854141 0.03117345 -48.20374 -0.02380189 -0.03564662 0.999081 -17.358
0.9854543 0.1680239 0.0254508 469.4533 -0.1686778 0.9853233 0.02618776 -48.50052 -0.02067709 -0.03009983 0.999333 -17.45086
0.985301 0.1697086 0.01951936 471.1018 -0.1701219 0.9851789 0.02192417 -48.80379 -0.01550935 -0.02492258 0.9995691 -17.52917
0.9849783 0.1720966 0.01415713 472.7282 -0.1723696 0.9848068 0.02108078 -49.10263 -0.0103141 -0.02320437 0.9996775 -17.59943
0.984544 0.1748182 0.01056787 474.3543 -0.1750238 0.9842854 0.02343453 -49.40194 -0.006305017 -0.02492195 0.9996695 -17.67107
0.9840371 0.1777044 0.009597779 475.9689 -0.1778881 0.9837577 0.02401769 -49.70762 -0.005173841 -0.02534163 0.9996654 -17.72823
0.9835762 0.1801754 0.01070656 477.5685 -0.1803812 0.9833245 0.02314475 -50.01229 -0.006357905 -0.02469588 0.9996748 -17.80261
0.9830849 0.1828081 0.01119561 479.1635 -0.1830211 0.9828511 0.02251416 -50.32123 -0.006887851 -0.02418236 0.9996839 -17.86533
0.98248 0.1857724 0.01489118 480.7143 -0.1860904 0.98224 0.02397804 -50.63835 -0.01017226 -0.02632904 0.9996016 -17.95848
0.9819008 0.1886038 0.01730693 482.2838 -0.1890031 0.9816477 0.02540849 -50.95332 -0.01219717 -0.02821968 0.9995273 -18.00617
0.9812714 0.1914335 0.02143895 483.8439 -0.1919694 0.9810406 0.02659129 -51.27576 -0.01594202 -0.03020889 0.9994165 -18.09341
0.9805716 0.1946417 0.02437034 485.365 -0.1952547 0.9804088 0.02596198 -51.61234 -0.01883961 -0.030216 0.9993658 -18.16174
0.9799227 0.1974711 0.02750969 486.899 -0.1981435 0.9798712 0.02432299 -51.93171 -0.02215287 -0.02928551 0.9993256 -18.22362
0.9792639 0.1999131 0.03281637 488.4242 -0.2007516 0.9793332 0.02459909 -52.26836 -0.02722049 -0.03067694 0.9991586 -18.29867
0.9785891 0.2024876 0.03690727 489.9343 -0.2034642 0.978765 0.02492894 -52.60805 -0.03107575 -0.03190449 0.9990077 -18.35044
0.9777963 0.2051332 0.04283449 491.4496 -0.2063282 0.9781481 0.02559425 -52.94786 -0.03664824 -0.03386393 0.9987543 -18.42636
0.9769706 0.2079953 0.047608 492.9589 -0.2094538 0.9774183 0.02797476 -53.29203 -0.04071431 -0.03730219 0.9984743 -18.50783
0.976208 0.2112554 0.0488792 494.4516 -0.2128064 0.9766637 0.02900524 -53.63803 -0.04161103 -0.03871695 0.9983835 -18.55887
0.9752257 0.2154944 0.04997034 495.9398 -0.2171886 0.9756266 0.03133557 -53.99395 -0.04199975 -0.04141224 0.998259 -18.66119
0.9740524 0.220279 0.05195234 497.4333 -0.2220883 0.9745007 0.03202269 -54.35033 -0.04357366 -0.04272978 0.998136 -18.73435
0.9727202 0.225822 0.05310205 498.92 -0.2277922 0.9730991 0.03447956 -54.71572 -0.04388732 -0.04563519 0.9979936 -18.80673
0.971423 0.2315605 0.05212587 500.4054 -0.2334783 0.9717586 0.03424915 -55.08907 -0.04272301 -0.04544067 0.9980531 -18.90479
0.9697844 0.2380006 0.05360851 501.8893 -0.2398949 0.9702673 0.0321236 -55.48491 -0.04436915 -0.04401337 0.9980452 -18.94863
0.9683215 0.2445875 0.05030282 503.3518 -0.2463442 0.968646 0.03223626 -55.87312 -0.04084104 -0.04360686 0.9982136 -19.04743
0.9662783 0.2522779 0.05159478 504.8162 -0.2540677 0.96667 0.0316048 -56.2693 -0.04190193 -0.04364761 0.9981679 -19.13735
0.9641404 0.2605088 0.05068045 506.2798 -0.2624048 0.9643172 0.03515988 -56.67186 -0.03971257 -0.04719785 0.9980958 -19.21135
0.9620342 0.2681247 0.05098369 507.7405 -0.2698963 0.9623684 0.03167297 -57.08966 -0.04057278 -0.04423079 0.9981971 -19.27342
0.9597367 0.2761869 0.05124721 509.1808 -0.2780134 0.9600213 0.03267426 -57.5309 -0.04017422 -0.0456061 0.9981514 -19.35946
0.9576283 0.2836808 0.0497327 510.6324 -0.2853293 0.9579656 0.02981823 -57.96777 -0.03918336 -0.04274498 0.9983174 -19.41957
0.9553704 0.2908042 0.0519637 512.0676 -0.2926446 0.9556828 0.0320882 -58.42315 -0.04032943 -0.04586301 0.9981333 -19.50551
0.9534229 0.2973669 0.05057365 513.4966 -0.2991543 0.9536572 0.03231904 -58.88517 -0.03861931 -0.04594304 0.9981973 -19.55584
0.9512807 0.3034333 0.05471046 514.9243 -0.3054056 0.9516824 0.03206564 -59.36602 -0.0423372 -0.04721231 0.9979873 -19.66006
0.949581 0.3088723 0.05379426 516.3484 -0.3108234 0.94991 0.03255082 -59.84843 -0.04104567 -0.04763015 0.9980214 -19.71399
0.9477316 0.3142064 0.05549112 517.7457 -0.3162399 0.9481215 0.03252043 -60.32578 -0.04239421 -0.04836914 0.9979295 -19.8068
0.9459263 0.3198335 0.05412878 519.1551 -0.3219173 0.946108 0.03534208 -60.83395 -0.03990809 -0.05085599 0.9979083 -19.90921
0.9440616 0.3256427 0.0520052 520.5577 -0.3276761 0.9440712 0.03685329 -61.31483 -0.0370956 -0.05183264 0.9979666 -19.95161
0.9419854 0.3315511 0.05231964 521.9396 -0.3335733 0.9420323 0.03611046 -61.81074 -0.03731433 -0.05146796 0.9979773 -20.04617
0.9397292 0.3379886 0.051698 523.3486 -0.3399172 0.9398247 0.03443427 -62.33919 -0.03694867 -0.04993193 0.9980689 -20.10772
0.9373176 0.3442018 0.05441377 524.6978 -0.3462498 0.9375277 0.0339502 -62.83216 -0.03932871 -0.05066288 0.9979411 -20.20396
0.9345407 0.3515545 0.05516388 526.0876 -0.3537103 0.9346746 0.03566832 -63.38144 -0.03902092 -0.05284553 0.99784 -20.27557
0.9313092 0.3593868 0.05919718 527.4496 -0.3618175 0.9315145 0.03699422 -63.92879 -0.04184781 -0.05587163 0.9975606 -20.34267
0.9283822 0.3668343 0.05949081 528.8 -0.3694052 0.9284093 0.03995184 -64.49416 -0.04057611 -0.05906679 0.997429 -20.43848
0.9251271 0.3744917 0.06241594 530.1621 -0.3772023 0.9253047 0.03911089 -65.05466 -0.04310706 -0.05972598 0.9972836 -20.50799
0.9220935 0.3818525 0.0627082 531.4995 -0.3846941 0.9220996 0.04174707 -65.63835 -0.04188198 -0.06261817 0.9971584 -20.61733
0.9189317 0.3892879 0.06340019 532.8474 -0.3920844 0.9190741 0.03965902 -66.2253 -0.04283069 -0.06130215 0.9971999 -20.67626
0.9157227 0.39675 0.06357203 534.1879 -0.3995741 0.9158262 0.0400331 -66.82143 -0.04233781 -0.06206096 0.997174 -20.78559
0.9126999 0.4039431 0.06171636 535.5284 -0.4065164 0.9129057 0.03671025 -67.41165 -0.04151236 -0.05859416 0.9974184 -20.85174
0.9093948 0.4112765 0.06207094 536.8464 -0.4139173 0.9095292 0.03779911 -68.03381 -0.04090946 -0.06006655 0.9973557 -20.9541
0.9061714 0.4186426 0.05993172 538.1584 -0.4211518 0.9062066 0.03769386 -68.66058 -0.03853027 -0.05939744 0.9974905 -21.01263
0.9026194 0.4259901 0.06172998 539.4733 -0.4287214 0.9025241 0.04059467 -69.29647 -0.03841988 -0.06310651 0.997267 -21.10629
0.8994434 0.433127 0.05833199 540.7852 -0.4356404 0.8992094 0.04049343 -69.94204 -0.03491389 -0.06183333 0.9974756 -21.18366
0.8959664 0.4403402 0.05783409 542.0811 -0.4428418 0.8956567 0.04111422 -70.59846 -0.03369524 -0.06244831 0.9974793 -21.27965
0.8927965 0.4472927 0.05332598 543.3832 -0.4494173 0.892517 0.03791545 -71.26278 -0.03063504 -0.05781639 0.9978571 -21.34897
0.889062 0.4545216 0.05457777 544.6683 -0.4565981 0.8890147 0.03421809 -71.93555 -0.03296758 -0.05534211 0.997923 -21.43172
0.8859556 0.461005 0.05056794 545.9523 -0.4628518 0.8857876 0.03388863 -72.62619 -0.02916963 -0.05342928 0.9981455 -21.51192
0.8830529 0.46636 0.05220922 547.2432 -0.4684746 0.8825655 0.04011989 -73.31751 -0.02736775 -0.05988668 0.9978299 -21.61725
0.8809093 0.4710862 0.04557008 548.5012 -0.4729619 0.8797753 0.04798103 -74.00972 -0.01748823 -0.06381984 0.9978082 -21.6898
0.878572 0.4757557 0.04204522 549.7675 -0.4773783 0.8774782 0.04628435 -74.69888 -0.01487371 -0.06073561 0.9980431 -21.78013
0.8766871 0.4798345 0.0343301 551.0238 -0.4809294 0.8758819 0.03921589 -75.41003 -0.01125197 -0.05089042 0.9986408 -21.85307
0.8746883 0.4834294 0.03487581 552.3093 -0.4844819 0.8741411 0.03398359 -76.1208 -0.01405771 -0.04662175 0.9988137 -21.93585
0.8728068 0.4868857 0.0339219 553.5641 -0.4878692 0.8723183 0.03231789 -76.84402 -0.01385557 -0.04475673 0.9989018 -22.01246
0.8708071 0.4899352 0.04072358 554.8209 -0.4912432 0.870404 0.03281991 -77.58141 -0.01936634 -0.04858499 0.9986313 -22.06972
0.8687937 0.4931178 0.04508138 556.0729 -0.4947668 0.8681661 0.03864531 -78.3152 -0.02008143 -0.05587957 0.9982355 -22.15005
0.8668324 0.4962454 0.04839439 557.3099 -0.4981656 0.8660375 0.04254429 -79.03869 -0.02079895 -0.06098719 0.9979218 -22.23457
0.8649699 0.499753 0.0455407 558.573 -0.5015647 0.8638715 0.04646283 -79.78076 -0.01612137 -0.06303056 0.9978814 -22.31722
0.8631433 0.5031799 0.04235169 559.8165 -0.5047452 0.8621783 0.04336659 -80.52693 -0.01469352 -0.0588084 0.9981611 -22.39847
0.8620435 0.5049464 0.04370596 561.0691 -0.5066057 0.8610345 0.04438791 -81.27074 -0.01521883 -0.060406 0.9980578 -22.49008
0.862239 0.5045655 0.04424316 562.3098 -0.5062466 0.8612822 0.04367338 -82.02547 -0.01606976 -0.06005485 0.9980657 -22.56502
0.8629024 0.5033176 0.04550706 563.5645 -0.5050837 0.8619429 0.04410151 -82.78067 -0.01702742 -0.06104017 0.9979901 -22.66859
0.8633919 0.5025651 0.04452785 564.8149 -0.5042658 0.8624425 0.04369253 -83.52679 -0.01644437 -0.06017765 0.9980522 -22.74914
0.8634741 0.5023865 0.04494756 566.0542 -0.5041307 0.8624661 0.04477309 -84.28254 -0.01627235 -0.06131985 0.9979855 -22.85013
0.8639082 0.5017899 0.04323857 567.3046 -0.5034101 0.8629557 0.04342303 -85.02666 -0.01552373 -0.05928024 0.9981207 -22.93876
0.8640744 0.5015975 0.04213442 568.5673 -0.5031929 0.8629317 0.0463188 -85.78067 -0.01312574 -0.06122464 0.9980377 -23.02334
0.8643505 0.501321 0.03969306 569.8308 -0.5027682 0.8631817 0.04627826 -86.53068 -0.01106207 -0.05995705 0.9981397 -23.10911
0.8643789 0.5012037 0.04054605 571.0858 -0.5027147 0.8631554 0.04733749 -87.26746 -0.01127182 -0.06130062 0.9980557 -23.20689
0.8644952 0.5012905 0.03682199 572.3582 -0.5025783 0.8632222 0.04756422 -88.01904 -0.007942066 -0.05962498 0.9981893 -23.30624
0.8649139 0.5005075 0.03763237 573.6241 -0.5018471 0.8636336 0.04781645 -88.7673 -0.008568091 -0.06024281 0.998147 -23.39903
0.8651203 0.5004148 0.03393908 574.8865 -0.501533 0.8638412 0.04736216 -89.51624 -0.00561725 -0.05799553 0.998301 -23.49617
0.8653095 0.5000679 0.03422562 576.1526 -0.501201 0.8640544 0.04698542 -90.26469 -0.006076897 -0.05781084 0.9983091 -23.5934
0.8656164 0.4997592 0.03080521 577.4218 -0.5007007 0.8642898 0.04797831 -91.01339 -0.002647025 -0.05695501 0.9983732 -23.69453
0.8658249 0.4993059 0.03226289 578.7038 -0.5003346 0.8644586 0.04875001 -91.77283 -0.00354876 -0.05835121 0.9982898 -23.77774
0.8660257 0.4991113 0.02978926 579.9547 -0.4999993 0.8645325 0.05083495 -92.51842 -0.0003814846 -0.05891899 0.9982627 -23.8802
0.8662199 0.4986635 0.03158814 581.2393 -0.4996616 0.8646315 0.05244574 -93.27893 -0.001159326 -0.06121293 0.9981241 -23.96923
0.8661979 0.4987356 0.03104787 582.5062 -0.4997009 0.8645805 0.05291083 -94.0256 -0.0004548682 -0.0613459 0.9981164 -24.08571
0.8663601 0.4983946 0.03198321 583.7892 -0.4994141 0.8648783 0.05070818 -94.77985 -0.002388892 -0.05990441 0.9982013 -24.17588
0.8664055 0.4983094 0.03208055 585.0746 -0.499333 0.8649651 0.05001764 -95.538 -0.002824301 -0.05935444 0.998233 -24.28798
0.8662538 0.4985955 0.03173052 586.3487 -0.4995947 0.8648789 0.04888181 -96.29218 -0.003070808 -0.05819645 0.9983004 -24.37171
0.8663006 0.4985123 0.03175927 587.6493 -0.4995177 0.8648295 0.05051365 -97.05764 -0.002284679 -0.05962433 0.9982183 -24.48523
0.8664578 0.4983099 0.0306288 588.9342 -0.4992502 0.8648773 0.05231033 -97.81612 -0.0004233979 -0.06061612 0.9981611 -24.57789
0.866402 0.4984396 0.03009328 590.2225 -0.4993459 0.8646898 0.05445324 -98.56779 0.001120294 -0.06220535 0.9980627 -24.68859
0.8664041 0.4984871 0.02923143 591.5046 -0.499337 0.8646085 0.05580784 -99.3231 0.002545745 -0.06294847 0.9980136 -24.78334
0.8663774 0.4985258 0.02936568 592.8063 -0.4993839 0.8645792 0.05584591 -100.0859 0.00245167 -0.06304839 0.9980075 -24.89375
0.8663217 0.4985915 0.02988753 594.0925 -0.4994808 0.8644738 0.05660501 -100.8541 0.002385793 -0.06396639 0.9979492 -24.99982
0.8663671 0.4984113 0.03153221 595.3911 -0.4994065 0.8645004 0.05684891 -101.6182 0.001074524 -0.06499942 0.9978848 -25.10916
0.8663362 0.498511 0.03079345 596.6892 -0.4994569 0.8644248 0.05755359 -102.3853 0.002072475 -0.06524076 0.9978674 -25.23244
0.8663781 0.4984461 0.03066774 597.9933 -0.4993842 0.8644751 0.05742925 -103.1573 0.002113878 -0.06507043 0.9978784 -25.33278
0.8663689 0.4985489 0.02922123 599.3052 -0.4993917 0.8644429 0.05784718 -103.9291 0.003579558 -0.06470983 0.9978977 -25.44869
0.8662364 0.4988663 0.02769192 600.6072 -0.499619 0.8644437 0.05583854 -104.69 0.00391787 -0.06220479 0.9980557 -25.55513
0.8661663 0.4988836 0.0295139 601.9169 -0.4997512 0.86439 0.05548649 -105.4618 0.00216978 -0.06281013 0.9980232 -25.66342
0.8659328 0.4994015 0.0275422 603.2303 -0.5001442 0.8641491 0.05569812 -106.2399 0.004015164 -0.0620059 0.9980677 -25.7653
0.865546 0.4999261 0.03006714 604.5529 -0.5008268 0.8637834 0.05523297 -107.0192 0.001640907 -0.06286511 0.9980207 -25.87966
0.8651241 0.5006677 0.0298684 605.8649 -0.5015521 0.8632929 0.05631056 -107.805 0.002407705 -0.06369618 0.9979664 -25.99466
0.8649785 0.5008622 0.03081069 607.2047 -0.5018083 0.8632514 0.05463964 -108.5917 0.0007695574 -0.06272318 0.9980307 -26.08692
0.8646295 0.5015011 0.0302075 608.5286 -0.5024075 0.8628665 0.05521033 -109.3788 0.001623007 -0.06291296 0.9980177 -26.21189
0.8645473 0.501658 0.02995477 609.8508 -0.5025491 0.8628211 0.0546291 -110.1606 0.001559522 -0.06228318 0.9980573 -26.31337
0.8645514 0.5016637 0.02973877 611.1762 -0.5025389 0.8627486 0.05585138 -110.9394 0.002361531 -0.06323128 0.9979961 -26.42226
0.8646672 0.5016344 0.02670993 612.5096 -0.5023187 0.8628539 0.05620621 -111.7293 0.005148206 -0.06201657 0.9980618 -26.52353
0.8643372 0.5022023 0.02672096 613.8427 -0.5028722 0.8623731 0.05858234 -112.525 0.006376748 -0.06407212 0.9979249 -26.65067
0.8642876 0.5023319 0.02587681 615.1747 -0.5029403 0.8622653 0.05957735 -113.3171 0.007614921 -0.06450645 0.9978882 -26.74988
0.8645555 0.5017741 0.02768843 616.5096 -0.5024987 0.8624921 0.06002141 -114.1158 0.006236141 -0.06580523 0.997813 -26.87332
0.8647461 0.5014024 0.0284577 617.8616 -0.5021833 0.862735 0.05916176 -114.9284 0.00511239 -0.06545088 0.9978427 -26.98393
0.8647795 0.501187 0.03111571 619.2014 -0.502146 0.8628067 0.05843072 -115.7207 0.002437867 -0.06615432 0.9978064 -27.09693
0.8647305 0.5012801 0.03097373 620.5511 -0.5022318 0.8628222 0.05745373 -116.5203 0.002075585 -0.06523798 0.9978676 -27.21732
0.8647963 0.5010533 0.03275621 621.9155 -0.5021227 0.8629992 0.05572566 -117.3206 -0.0003470574 -0.06463899 0.9979087 -27.32062
0.8649611 0.5007108 0.03362999 623.2533 -0.5018343 0.8632973 0.05366792 -118.1336 -0.002160573 -0.06329735 0.9979924 -27.42394
0.8649383 0.5006827 0.03462214 624.6039 -0.5018726 0.8631967 0.05490959 -118.9346 -0.002393441 -0.06486931 0.9978909 -27.55276
0.8650012 0.5005265 0.03530107 625.962 -0.501763 0.8632122 0.05566608 -119.7346 -0.002609964 -0.065864 0.9978252 -27.65796
0.8653884 0.4997096 0.03732528 627.3215 -0.5010873 0.8635242 0.05689782 -120.5254 -0.003798893 -0.06794194 0.997682 -27.76076
0.8655365 0.4994726 0.03706398 628.6844 -0.5008341 0.8636518 0.0571912 -121.3333 -0.003444925 -0.06806397 0.997675 -27.88848
0.8656009 0.4992856 0.03806518 630.043 -0.5007144 0.8637433 0.05685502 -122.1576 -0.004491648 -0.06827354 0.9976565 -28.00473
0.8655401 0.4993813 0.03819208 631.4256 -0.5008038 0.8638701 0.05407152 -122.9673 -0.005990695 -0.06592781 0.9978064 -28.1076
0.8660473 0.4982325 0.04154965 632.7893 -0.4998636 0.864531 0.05217915 -123.785 -0.009923613 -0.06595877 0.997773 -28.21366
0.8667476 0.4968097 0.04391863 634.1631 -0.4986181 0.8651601 0.05364855 -124.611 -0.01134353 -0.06839838 0.9975936 -28.32618
0.8673468 0.4955513 0.04624403 635.5356 -0.4975544 0.8656156 0.05611927 -125.4195 -0.01221957 -0.07168379 0.9973525 -28.44198
0.8680183 0.4946159 0.04358167 636.9196 -0.4964353 0.8662341 0.05648566 -126.2187 -0.009813219 -0.07066607 0.9974518 -28.57449
0.8686649 0.493768 0.04018134 638.3094 -0.4953374 0.8669847 0.05457142 -127.0404 -0.007890988 -0.0673076 0.997701 -28.68114
0.8693671 0.4929156 0.03514349 639.701 -0.4941559 0.867619 0.05520006 -127.8456 -0.003282199 -0.06535547 0.9978567 -28.82791
0.8702579 0.4917279 0.02923805 641.1003 -0.4925846 0.868292 0.0585611 -128.6463 0.003408966 -0.06536547 0.9978555 -28.92703
0.8707654 0.4910989 0.02427945 642.5134 -0.4916156 0.8686486 0.06135037 -129.4493 0.009038791 -0.06535793 0.997821 -29.056
0.8716363 0.4897336 0.02027786 643.9075 -0.4899831 0.8694974 0.06237656 -130.2592 0.01291635 -0.06430548 0.9978467 -29.16504
0.8723891 0.4884658 0.01839761 645.3384 -0.4886092 0.8703244 0.06161648 -131.0508 0.01408565 -0.06274279 0.9979303 -29.29221
0.8732959 0.4868812 0.01735 646.73 -0.4869963 0.8713902 0.05927754 -131.8678 0.01374251 -0.06021622 0.9980907 -29.41383
0.8740731 0.4854603 0.01801334 648.1604 -0.485644 0.8722792 0.05726018 -132.6576 0.01208488 -0.05879766 0.9981968 -29.51103
0.8747212 0.4842657 0.01869694 649.559 -0.4844949 0.8729333 0.05702525 -133.4733 0.01129419 -0.05893976 0.9981977 -29.65527
0.8754719 0.4828085 0.0210918 650.9768 -0.483159 0.8735075 0.05951404 -134.2726 0.01031004 -0.06229356 0.9980046 -29.75168
0.8760707 0.4816485 0.02269155 652.3817 -0.4821037 0.8741051 0.05929557 -135.0672 0.00872482 -0.0628868 0.9979825 -29.8922
0.876883 0.4800836 0.02441107 653.7868 -0.4806465 0.8748636 0.059936 -135.8718 0.007417932 -0.06428996 0.9979037 -30.008
0.8775133 0.4788931 0.02513612 655.1885 -0.4795095 0.8755289 0.0593272 -136.6567 0.00640398 -0.06411342 0.9979221 -30.14607
0.8777547 0.4784722 0.02471922 656.5977 -0.4790628 0.8757718 0.05935252 -137.4581 0.006750143 -0.06393901 0.997931 -30.26601
0.8772384 0.4795026 0.02302328 657.9912 -0.4799819 0.8752584 0.05949929 -138.227 0.00837875 -0.06324582 0.9979628 -30.39426
0.875217 0.4832054 0.02253659 659.3725 -0.4836406 0.8732052 0.06003779 -139.0294 0.009331519 -0.0634457 0.9979417 -30.5218
0.8739465 0.4855507 0.02139742 660.7709 -0.4859307 0.8720815 0.05783741 -139.8152 0.009422701 -0.06094448 0.9980967 -30.64334
0.8726227 0.4878604 0.02284429 662.1362 -0.4883274 0.8707699 0.0574131 -140.5906 0.008117459 -0.06125547 0.9980891 -30.75453
0.8713096 0.4902227 0.02238887 663.5197 -0.4906558 0.8694516 0.05753939 -141.398 0.008741074 -0.06111985 0.9980922 -30.87506
0.8710671 0.4905905 0.02372922 664.8762 -0.4911069 0.8692119 0.05731305 -142.1711 0.007491517 -0.0615771 0.9980742 -30.99099
0.870962 0.4906606 0.02602581 666.2546 -0.4913143 0.8690335 0.05823299 -142.9589 0.005955332 -0.06350557 0.9979637 -31.10142
0.8714775 0.4897271 0.02634792 667.6159 -0.4904027 0.8695412 0.05833773 -143.7558 0.005658962 -0.06376112 0.9979491 -31.24133
0.8721696 0.4884673 0.02683 668.9611 -0.4891739 0.8701991 0.0588414 -144.5191 0.005394658 -0.06444421 0.9979067 -31.34758
0.8727642 0.4874636 0.02572778 670.3159 -0.4881106 0.8708963 0.05733695 -145.2893 0.005543442 -0.06259964 0.9980233 -31.48697
0.8733945 0.4863823 0.02478389 671.6702 -0.4869796 0.8716034 0.0561994 -146.0665 0.005732672 -0.0611535 0.9981119 -31.59531
0.8739332 0.4855326 0.02233606 673.0132 -0.4859739 0.8720883 0.05737126 -146.8353 0.008376593 -0.06099338 0.998103 -31.72759
0.8747615 0.484201 0.0184871 674.3594 -0.4844216 0.8729955 0.05669912 -147.586 0.01131461 -0.05855376 0.9982201 -31.85003
0.8752244 0.4834225 0.01687893 675.7152 -0.4835593 0.8735149 0.0560545 -148.3451 0.012354 -0.05722222 0.9982851 -31.94828
0.8764824 0.4812596 0.01295542 677.0577 -0.48117 0.8747935 0.05667182 -149.1086 0.01594054 -0.05590561 0.9983088 -32.07208
0.8776038 0.4793177 0.008136352 678.3942 -0.4789672 0.8759996 0.05670384 -149.8549 0.02005171 -0.05366055 0.9983579 -32.20247
0.8786344 0.4774796 0.003853829 679.7298 -0.4769034 0.8771154 0.05684965 -150.6029 0.0237643 -0.05178797 0.9983753 -32.32093
0.8800783 0.4748258 0.001637306 681.0696 -0.4741211 0.8785735 0.05759979 -151.3286 0.02591137 -0.0514686 0.9983384 -32.42955
0.8821395 0.4709725 -0.003841015 682.424 -0.4699267 0.8806692 0.05991955 -152.0554 0.03160313 -0.05105241 0.9981958 -32.54595
0.8842028 0.4670663 -0.005873232 683.7318 -0.4659111 0.8827741 0.06030423 -152.7551 0.03335081 -0.05058477 0.9981627 -32.66155
0.8869165 0.4617573 -0.01262157 685.0745 -0.4601974 0.8856245 0.06235182 -153.4627 0.03996938 -0.04949244 0.9979744 -32.79823
0.8898637 0.4560354 -0.01320208 686.405 -0.454531 0.888678 0.06044021 -154.1525 0.03929527 -0.0477828 0.9980845 -32.89534
0.892557 0.4505475 -0.01868072 687.7269 -0.4486391 0.8914256 0.06390081 -154.8318 0.04544283 -0.04865421 0.9977814 -33.04124
0.8953393 0.4448306 -0.02220973 689.0681 -0.4427786 0.8943796 0.06350008 -155.5016 0.0481107 -0.04702013 0.9977347 -33.14289
0.8982355 0.4387324 -0.02620915 690.3767 -0.4362873 0.8972664 0.06757601 -156.1516 0.05316437 -0.04926445 0.9973698 -33.26704
0.900872 0.4332267 -0.02728307 691.7133 -0.4308085 0.9000123 0.06619678 -156.8042 0.05323331 -0.04788105 0.9974335 -33.36812
0.9036093 0.4273446 -0.02944059 693.0259 -0.4246417 0.9026859 0.06955449 -157.4468 0.05629934 -0.05034839 0.9971436 -33.52714
0.9066417 0.4209157 -0.02882342 694.3701 -0.4182897 0.9057001 0.06885345 -158.0647 0.05508688 -0.05036887 0.9972103 -33.6278
0.9093758 0.4148836 -0.03011876 695.6778 -0.4121548 0.9084494 0.06962778 -158.6719 0.0562488 -0.05090424 0.9971182 -33.78504
0.9120585 0.4089156 -0.03061597 697.0014 -0.4062418 0.911209 0.06830756 -159.2781 0.05582957 -0.049863 0.9971944 -33.88227
0.9144498 0.4033585 -0.03291614 698.3289 -0.4004779 0.9136301 0.06998192 -159.8652 0.05830097 -0.05081277 0.997005 -34.03807
0.9168342 0.397771 -0.03454515 699.6369 -0.3946946 0.9159914 0.07194352 -160.452 0.06026011 -0.05232549 0.9968103 -34.13963
0.9190085 0.3924572 -0.03742614 700.9587 -0.3891301 0.9182373 0.07360873 -161.0109 0.06325434 -0.05308341 0.9965847 -34.30852
0.9214833 0.3864864 -0.03868902 702.2853 -0.3831537 0.9208173 0.07272267 -161.5783 0.06373184 -0.05218887 0.9966015 -34.39914
0.9239209 0.3805901 -0.03900456 703.5922 -0.376991 0.9230396 0.07665327 -162.1188 0.06517622 -0.05611719 0.9962946 -34.55994
0.9260346 0.3749385 -0.04337008 704.9191 -0.3713128 0.9255891 0.07356483 -162.6624 0.06772517 -0.05201972 0.996347 -34.70461
0.9282692 0.369436 -0.04281773 706.2334 -0.3660155 0.9278992 0.07096245 -163.1962 0.06594662 -0.05020031 0.9965596 -34.83145
0.9300644 0.3640768 -0.04927647 707.5602 -0.3606758 0.930338 0.06621252 -163.7004 0.06995022 -0.04380908 0.9965881 -34.97961
0.9317698 0.3595642 -0.05018606 708.8923 -0.3562054 0.932142 0.06502889 -164.2296 0.07016261 -0.0427154 0.9966206 -35.06887
0.9331089 0.3553708 -0.05494921 710.2053 -0.351993 0.9339106 0.06254535 -164.7346 0.07354444 -0.03901989 0.9965283 -35.20332
0.9346774 0.3513216 -0.0543264 711.5318 -0.3483558 0.9356201 0.05712329 -165.2332 0.07089752 -0.03446692 0.9968879 -35.27826
0.9365171 0.3469204 -0.05081291 712.8436 -0.3441291 0.9372315 0.05632247 -165.7331 0.06716288 -0.03526075 0.9971188 -35.38869
0.9378844 0.3434975 -0.04880834 714.1657 -0.3411309 0.9386419 0.05080646 -166.2295 0.06326544 -0.03100055 0.9975151 -35.48419
0.9394729 0.3390971 -0.04902846 715.4907 -0.3367492 0.9402473 0.05034623 -166.7112 0.06317115 -0.03078862 0.9975277 -35.60715
0.9405751 0.335137 -0.05478802 716.7982 -0.3329572 0.9418554 0.04525354 -167.1792 0.06676853 -0.02432229 0.997472 -35.72425
0.9421802 0.3305585 -0.05502411 718.14 -0.3284217 0.9434855 0.04443182 -167.6467 0.06660177 -0.02379167 0.9974959 -35.77063
0.9430997 0.3265941 -0.06244347 719.4462 -0.324162 0.9448804 0.04604588 -168.1042 0.07403992 -0.02318406 0.9969857 -35.87025
0.9447574 0.322014 -0.06115942 720.7817 -0.3196237 0.9464383 0.04577407 -168.5602 0.07262351 -0.02369739 0.9970779 -35.90234
0.946499 0.3172465 -0.05911309 722.1055 -0.3144407 0.947844 0.05214359 -169.0155 0.07257235 -0.03076629 0.9968885 -36.03407
0.9484725 0.3115053 -0.05800292 723.4497 -0.3088478 0.949773 0.0504398 -169.4612 0.07080187 -0.02992669 0.9970413 -36.11569
0.9505104 0.3054896 -0.05662226 724.7679 -0.3030487 0.9517756 0.04780123 -169.8896 0.06849446 -0.02827626 0.9972507 -36.23492
0.9518313 0.3009198 -0.05885889 726.093 -0.2986848 0.9533428 0.04387105 -170.3144 0.06931438 -0.02417758 0.9973018 -36.31147
0.9535719 0.294935 -0.06094194 727.4164 -0.2925957 0.9552009 0.04448695 -170.7294 0.07133255 -0.02459016 0.9971494 -36.42796
0.9546875 0.2896222 -0.06848898 728.7401 -0.2868243 0.9567862 0.04787474 -171.1265 0.0793949 -0.02606111 0.9965025 -36.53012
0.9563304 0.284032 -0.0689778 730.0823 -0.2811427 0.9584293 0.04870137 -171.5175 0.07994311 -0.02718199 0.9964287 -36.57586
0.957686 0.2784054 -0.07299263 731.411 -0.2751996 0.9600328 0.05101157 -171.9141 0.08427722 -0.02876552 0.9960271 -36.69999
0.9594602 0.2726687 -0.07132947 732.7491 -0.2698227 0.9617589 0.04706968 -172.2921 0.08143619 -0.02591517 0.9963416 -36.75415
0.9610748 0.2664186 -0.07318756 734.0861 -0.2633559 0.9634587 0.04889645 -172.6726 0.08354011 -0.02771877 0.9961188 -36.86472
0.9628075 0.2607218 -0.07089314 735.4349 -0.2577409 0.9649945 0.04852722 -173.0467 0.08106361 -0.02845031 0.9963028 -36.92543
0.9645744 0.2545694 -0.0692146 736.7691 -0.2512136 0.9664439 0.0536436 -173.4116 0.08054806 -0.03435559 0.9961585 -37.06225
0.9663228 0.2479912 -0.06870626 738.1102 -0.2448633 0.9682231 0.05085192 -173.7452 0.07913382 -0.03231573 0.9963401 -37.11592
0.9683104 0.2401212 -0.06867842 739.4443 -0.2369246 0.9701601 0.05153673 -174.0885 0.07900412 -0.03363195 0.9963068 -37.24434
0.9702383 0.2327049 -0.06697827 740.8043 -0.2295972 0.9719505 0.05096631 -174.4041 0.07695966 -0.03407145 0.9964519 -37.31431
0.9716537 0.2262506 -0.06855471 742.1409 -0.2228467 0.973363 0.05388608 -174.7349 0.07892038 -0.03708142 0.996191 -37.4502
0.9730373 0.2203084 -0.06828373 743.4998 -0.2170228 0.9747603 0.05237796 -175.0359 0.07809957 -0.03614658 0.9962901 -37.54727
0.9744493 0.2136131 -0.06941187 744.862 -0.2105383 0.9763552 0.04903115 -175.3314 0.07824434 -0.03316451 0.9963824 -37.64561
0.9757434 0.207569 -0.06956992 746.2086 -0.2046377 0.9777098 0.04697978 -175.6243 0.07777073 -0.03160359 0.9964702 -37.72368
0.9771135 0.2015119 -0.06813272 747.5726 -0.198562 0.9789282 0.04767317 -175.9123 0.07630376 -0.03305353 0.9965366 -37.80724
0.9784563 0.195201 -0.06723036 748.9315 -0.192628 0.9803338 0.04289901 -176.1865 0.07428211 -0.02902436 0.9968148 -37.88678
0.9800925 0.1886303 -0.06194579 750.2881 -0.1863977 0.9816563 0.04008483 -176.4663 0.06837069 -0.02774028 0.9972742 -37.97913
0.9816937 0.1815946 -0.05745411 751.6581 -0.1796795 0.9830313 0.03694839 -176.7318 0.06318881 -0.02594867 0.9976642 -38.05591
0.9831301 0.1744374 -0.0550161 753.0229 -0.1725567 0.9842933 0.03729596 -176.9833 0.06065778 -0.02717339 0.9977887 -38.14214
0.984497 0.1667614 -0.05437199 754.425 -0.1649358 0.9856279 0.03652369 -177.2171 0.05968129 -0.02698957 0.9978526 -38.20871
0.9855642 0.1599309 -0.05554569 755.7823 -0.1580395 0.9867414 0.03694892 -177.4647 0.0607185 -0.02763711 0.9977722 -38.28984
0.9867413 0.1513965 -0.05848709 757.1751 -0.1491179 0.9879457 0.04155971 -177.6656 0.06407407 -0.03228721 0.9974227 -38.40973
0.9875327 0.1458494 -0.05922164 758.5353 -0.1437403 0.9888679 0.0384574 -177.8763 0.06417137 -0.0294654 0.9975038 -38.45089
0.9885687 0.1391956 -0.0579363 759.9155 -0.1371641 0.9898307 0.0376947 -178.0817 0.06259408 -0.02931701 0.9976084 -38.57375
0.9896455 0.132994 -0.05398541 761.3198 -0.1310878 0.9906633 0.03745222 -178.2865 0.05846228 -0.0299876 0.9978391 -38.58625
0.9906201 0.1268727 -0.05074478 762.7017 -0.1252298 0.9915329 0.03435428 -178.4896 0.05467374 -0.02767729 0.9981206 -38.67528
0.9918965 0.1204316 -0.0404669 764.1083 -0.1189553 0.992206 0.03710704 -178.686 0.04462036 -0.03199259 0.9984916 -38.73358
0.9928401 0.1134658 -0.03733596 765.4965 -0.1118259 0.9927785 0.04342262 -178.8585 0.04199332 -0.0389366 0.9983589 -38.83481
0.9935964 0.1079671 -0.03330746 766.8793 -0.1064278 0.9933031 0.04496785 -179.0401 0.03793945 -0.04113505 0.9984331 -38.94307
0.9942022 0.1031788 -0.03026672 768.278 -0.1019727 0.9940221 0.03900441 -179.1907 0.03411023 -0.03569189 0.9987805 -38.98552
0.9948961 0.09814504 -0.02343674 769.6945 -0.09735049 0.9947052 0.03292915 -179.3564 0.02654448 -0.03047951 0.9991829 -39.07643
0.9954911 0.09325779 -0.01733037 771.1047 -0.09266468 0.9951718 0.03235029 -179.5135 0.02026361 -0.03059851 0.9993263 -39.13463
0.9959826 0.08854988 -0.01332093 772.5097 -0.0880591 0.9955426 0.03377038 -179.6598 0.01625192 -0.03246169 0.9993408 -39.23821
0.9962706 0.08567352 -0.01024412 773.9252 -0.08526944 0.9957463 0.03491102 -179.7993 0.0131915 -0.03390732 0.9993379 -39.2773
0.9965487 0.0824738 -0.009425729 775.3367 -0.08207582 0.9959464 0.03680602 -179.9342 0.01242305 -0.03590536 0.9992779 -39.40107
0.9967859 0.07969259 -0.008181919 776.7507 -0.07931421 0.9960784 0.03920662 -180.0699 0.01127431 -0.03843166 0.9991976 -39.47173
0.9970062 0.07674283 -0.009437243 778.1674 -0.07632662 0.9963379 0.03853561 -180.1847 0.01236001 -0.03769993 0.9992127 -39.56227
0.9972543 0.07376219 -0.00655712 779.5881 -0.07350133 0.9967248 0.03371887 -180.3075 0.009022823 -0.03314433 0.9994099 -39.64275
0.9974691 0.07064623 -0.008031891 781.0248 -0.07031508 0.9968778 0.03592334 -180.4311 0.01054466 -0.03526766 0.9993223 -39.71579
0.997709 0.06753097 -0.00404332 782.4682 -0.0673341 0.9970332 0.03729434 -180.5431 0.006549847 -0.03693664 0.9992961 -39.78605
0.997872 0.06507359 -0.004115598 783.8929 -0.06485379 0.9970688 0.04059504 -180.6622 0.0067452 -0.04024174 0.9991672 -39.86523
0.9979779 0.06345156 -0.003740772 785.309 -0.06325768 0.997232 0.03907251 -180.7748 0.00620963 -0.03875687 0.9992294 -39.91811
0.99822 0.05963359 -0.0008098191 786.7582 -0.05956071 0.9975122 0.03770956 -180.878 0.003056561 -0.0375942 0.9992884 -40.03938
0.9983819 0.0568369 0.001796549 788.199 -0.05686448 0.9977012 0.03686175 -180.9698 0.0003026885 -0.03690427 0.9993188 -40.10573
0.9985189 0.05415647 0.005211009 789.6501 -0.05432044 0.9977425 0.0394864 -181.0723 -0.003060801 -0.03971098 0.9992065 -40.20446
0.9986403 0.05203304 0.003175145 791.0823 -0.0521175 0.997875 0.03910588 -181.1647 -0.0011336 -0.03921819 0.99923 -40.27865
0.9987498 0.04981665 0.004135424 792.5246 -0.04993915 0.9980102 0.03849502 -181.2646 -0.002209503 -0.03865341 0.9992502 -40.36085
0.9988111 0.04865917 0.00296226 793.9954 -0.04873408 0.9981711 0.03577242 -181.3558 -0.001216186 -0.03587425 0.9993556 -40.43613
0.9988251 0.04838123 0.002757499 795.4333 -0.04844845 0.9982028 0.0352664 -181.4363 -0.001046312 -0.03535856 0.9993742 -40.50209
0.9988704 0.04749193 0.001562921 796.9115 -0.04751758 0.998273 0.03453938 -181.5267 8.012005e-05 -0.03457463 0.9994021 -40.58996
0.9988703 0.0474962 0.001528937 798.3676 -0.04752073 0.9982957 0.03387625 -181.6071 8.266215e-05 -0.03391064 0.9994249 -40.68132
0.9988976 0.04694204 0.0003514516 799.8465 -0.04692589 0.9982939 0.0347449 -181.6958 0.001280145 -0.03472309 0.9993961 -40.75535
0.9989129 0.046593 0.001432976 801.3027 -0.04661436 0.9982629 0.03603137 -181.7726 0.0002483223 -0.036059 0.9993497 -40.83262
0.9989125 0.04662388 0.0001842988 802.7915 -0.04659859 0.9982239 0.03711257 -181.854 0.001546361 -0.0370808 0.9993111 -40.90578
0.9989467 0.04580804 -0.002665118 804.2547 -0.04568442 0.9983218 0.03559212 -181.9414 0.00429105 -0.03543288 0.9993628 -40.99485
0.9989555 0.04568703 -0.0008247769 805.7398 -0.04563051 0.9983494 0.03487838 -182.0192 0.002416905 -0.03480431 0.9993912 -41.06662
0.9989675 0.04525716 -0.003960119 807.235 -0.04508938 0.9983573 0.03534948 -182.0995 0.005553431 -0.03513443 0.9993672 -41.15454
0.9989814 0.04481033 -0.005306588 808.6981 -0.04460218 0.9984131 0.03438342 -182.1735 0.006838899 -0.03411171 0.9993947 -41.22588
0.9989445 0.04469597 -0.01059073 810.2072 -0.04430474 0.9984162 0.0346725 -182.2543 0.01212368 -0.03416668 0.9993426 -41.30508
0.9989328 0.0446781 -0.01170918 811.703 -0.04426876 0.9984695 0.03315379 -182.3289 0.01317251 -0.03260005 0.9993817 -41.36892
0.9988946 0.04443313 -0.01533885 813.2005 -0.04389987 0.9984738 0.03350806 -182.3969 0.0168043 -0.03279765 0.9993207 -41.46458
0.9989721 0.0438998 -0.0112953 814.6938 -0.04349209 0.9984714 0.03411178 -182.4763 0.01277553 -0.03358546 0.9993542 -41.51134
0.9989406 0.04468212 -0.01101072 816.1826 -0.04420188 0.9981989 0.04055927 -182.5691 0.01280316 -0.0400296 0.9991165 -41.61051
0.9989588 0.0446174 -0.009521241 817.7004 -0.04423118 0.9983166 0.03751373 -182.6503 0.01117898 -0.03705354 0.9992508 -41.68546
0.9989533 0.04472982 -0.009564262 819.2156 -0.04435073 0.9983405 0.03672956 -182.7365 0.0111913 -0.03626693 0.9992795 -41.7745
0.9989605 0.04472877 -0.008791393 820.7189 -0.04441854 0.998475 0.03278083 -182.8069 0.01024423 -0.03235625 0.9994239 -41.85759
0.998929 0.04537739 -0.0090438 822.2161 -0.04500414 0.9982672 0.03790778 -182.8951 0.01074829 -0.03746017 0.9992403 -41.94023
0.9989557 0.04488144 -0.008556863 823.7458 -0.04453364 0.9983138 0.03723627 -182.9702 0.01021365 -0.03681631 0.9992698 -42.00645
0.9989082 0.0462817 -0.00635564 825.2577 -0.04597082 0.9980373 0.04252049 -183.0674 0.008311088 -0.04218189 0.9990754 -42.09882
0.9989232 0.04624369 -0.00371845 826.7891 -0.04605984 0.9981477 0.03974447 -183.1328 0.005549494 -0.03953041 0.999203 -42.17525
0.9988685 0.04744151 -0.003321581 828.2761 -0.04726512 0.9980348 0.04113646 -183.2379 0.005266629 -0.04093292 0.999148 -42.29386
0.9988367 0.0481976 -0.001518026 829.7896 -0.04810556 0.998123 0.03789977 -183.3213 0.003341855 -0.03778266 0.9992804 -42.33678
0.9988328 0.0482895 -0.001033172 831.2777 -0.04821122 0.9980577 0.03945325 -183.4075 0.002936342 -0.03935739 0.9992209 -42.45757
0.9987917 0.04914447 -7.456623e-05 832.7927 -0.04910598 0.9980671 0.03808846 -183.5013 0.001946259 -0.03803877 0.9992744 -42.52555
0.9987424 0.04994282 0.004394258 834.287 -0.05007591 0.9979924 0.03877377 -183.5902 -0.002448965 -0.03894505 0.9992384 -42.6011
0.9987099 0.05054896 0.004833482 835.7823 -0.05069458 0.9980153 0.03735225 -183.6741 -0.002935773 -0.03754909 0.9992905 -42.70427
0.9986871 0.05088429 0.005899011 837.2831 -0.05106052 0.9980794 0.03507898 -183.77 -0.004102712 -0.03533413 0.9993671 -42.76917
0.9986548 0.05137971 0.006969964 838.7875 -0.05159902 0.9980134 0.03615158 -183.8729 -0.005098659 -0.03646259 0.999322 -42.85612
0.9986038 0.05234126 0.007124455 840.2575 -0.05256816 0.9979448 0.03664628 -183.9709 -0.0051917 -0.03696964 0.9993029 -42.92717
0.9985455 0.0531923 0.008808343 841.7761 -0.05348428 0.9978782 0.03712993 -184.0687 -0.006814627 -0.03754703 0.9992716 -43.01713
0.9985333 0.05326539 0.009699643 843.243 -0.05359998 0.9978269 0.03832432 -184.1566 -0.007637204 -0.038788 0.9992183 -43.0863
0.998496 0.05420713 0.008202237 844.7167 -0.05448639 0.9977573 0.03887742 -184.2548 -0.006076409 -0.03926586 0.9992103 -43.20107
0.9985131 0.05403689 0.007185936 846.1978 -0.05427895 0.9977489 0.03938149 -184.3345 -0.005041707 -0.03971298 0.9991984 -43.27396
0.9984614 0.05484558 0.008180661 847.6749 -0.05514785 0.9975523 0.04298708 -184.4357 -0.005802988 -0.04337208 0.9990422 -43.37276
0.9984231 0.05573396 0.006710594 849.1526 -0.05598889 0.9973204 0.04708785 -184.5347 -0.004068219 -0.04738932 0.9988682 -43.45489
0.9983875 0.05626113 0.007557217 850.6313 -0.05655992 0.9972461 0.04797012 -184.6224 -0.004837552 -0.0483202 0.9988202 -43.54745
0.9983905 0.05624193 0.007296346 852.0964 -0.05653331 0.9971921 0.0491063 -184.7192 -0.004514027 -0.04943975 0.9987669 -43.63867
0.9983428 0.05699294 0.007970123 853.5679 -0.05732828 0.9970326 0.05137246 -184.8146 -0.005018606 -0.05174423 0.9986477 -43.75229
0.9982606 0.05857968 0.006655206 854.9939 -0.05883367 0.9970965 0.04834428 -184.9076 -0.003803891 -0.04865174 0.9988086 -43.83667
0.9982427 0.05891529 0.006364599 856.4636 -0.05913466 0.9973296 0.04286063 -185.0041 -0.003822456 -0.04316168 0.9990608 -43.94822
0.9982495 0.05901843 0.003833895 857.9258 -0.05912824 0.9973437 0.04253827 -185.1031 -0.001313169 -0.0426905 0.9990875 -44.04441
0.9982311 0.05936418 0.003261379 859.3817 -0.05944865 0.9973586 0.04173586 -185.2046 -0.0007751486 -0.04185592 0.9991233 -44.12787
0.9981962 0.05999883 0.002089047 860.8374 -0.06003292 0.9972521 0.04340776 -185.3075 0.0005211083 -0.04345488 0.9990553 -44.23514
0.9981566 0.06068409 0.0009308575 862.2913 -0.0606694 0.997269 0.04211556 -185.3996 0.001627429 -0.0420944 0.9991123 -44.27897
0.9981487 0.06078216 0.00217538 863.7355 -0.06081975 0.9972516 0.0423076 -185.4923 0.0004021461 -0.04236158 0.9991022 -44.37634
0.9980336 0.06250504 -0.004694219 865.1682 -0.06225652 0.9971918 0.04162715 -185.6223 0.007282943 -0.04125305 0.9991222 -44.51903
0.9981331 0.06106953 0.0009752522 866.6374 -0.06105482 0.9972048 0.04306892 -185.703 0.001657672 -0.04304806 0.9990716 -44.51829
0.9980866 0.06175734 -0.003017846 868.0556 -0.06150887 0.9966787 0.05336676 -185.8052 0.006303613 -0.05307902 0.9985704 -44.6998
0.9980759 0.06200379 5.693757e-06 869.4808 -0.06194122 0.9970645 0.04500672 -185.9017 0.00278491 -0.04492048 0.9989867 -44.66494
0.9979565 0.06383006 0.002936398 870.8977 -0.06389738 0.9967874 0.04829095 -186.0173 0.0001554494 -0.04837989 0.998829 -44.88533
0.9980767 0.06194289 0.002457513 872.3499 -0.06199162 0.9972756 0.03998068 -186.1191 2.570089e-05 -0.04005614 0.9991974 -44.85888
0.9980232 0.06260095 0.005545859 873.7534 -0.0627931 0.9969152 0.04708722 -186.2384 -0.002581046 -0.04734238 0.9988754 -45.10693
0.998116 0.06134509 0.001121213 875.1888 -0.06133674 0.9971969 0.04284764 -186.3304 0.001510422 -0.04283569 0.999081 -45.07996
0.9981356 0.06077383 0.005644322 876.5992 -0.06097755 0.9969413 0.04888203 -186.425 -0.002656311 -0.04913507 0.9987886 -45.26237
0.9981661 0.06044455 0.003298044 878.0111 -0.06053208 0.9971273 0.0455293 -186.5253 -0.000536572 -0.04564544 0.9989576 -45.23226
0.9980984 0.0605243 0.01168062 879.4062 -0.06103459 0.996889 0.04987098 -186.6342 -0.008625874 -0.05048906 0.9986874 -45.3656
0.9980984 0.0607063 0.01069371 880.8259 -0.06114112 0.9970413 0.0465835 -186.7333 -0.007834164 -0.04714874 0.9988571 -45.42433
0.9979264 0.06239611 0.01579797 882.2313 -0.06301424 0.9971184 0.04223693 -186.8434 -0.01311703 -0.04314484 0.9989827 -45.56005
0.9977471 0.0656579 0.01377378 883.6221 -0.06613927 0.9970856 0.03802219 -186.935 -0.01123719 -0.03884752 0.999182 -45.61181
0.9974857 0.06919051 0.01532747 885.0319 -0.06964716 0.9970715 0.03158757 -187.0651 -0.01309702 -0.03257567 0.9993834 -45.74327
0.9971247 0.07417616 0.015501 886.4266 -0.07463247 0.9967202 0.03128851 -187.2023 -0.0131293 -0.03235542 0.9993902 -45.81637
0.9968684 0.07784797 0.01389701 887.8281 -0.07824595 0.9964565 0.03085618 -187.3098 -0.01144567 -0.03184694 0.9994272 -45.89643
0.996552 0.08176748 0.01408043 889.2332 -0.08219073 0.9960803 0.03269534 -187.4396 -0.01135182 -0.03373989 0.9993662 -45.93726
0.9961863 0.08620091 0.01350165 890.6097 -0.0866764 0.9954391 0.03985407 -187.5766 -0.01000461 -0.04087235 0.9991143 -46.04625
0.9956934 0.09241449 0.007355435 891.9961 -0.09263871 0.9948653 0.04075558 -187.7192 -0.003551261 -0.04126146 0.9991421 -46.1091
0.9949638 0.1000323 0.006379338 893.3569 -0.1002117 0.9940991 0.04152712 -187.8655 -0.002187639 -0.04195727 0.999117 -46.19972
0.9940892 0.1085664 -0.0001663505 894.7434 -0.108477 0.9933301 0.03908881 -188.0257 0.004408974 -0.03883972 0.9992357 -46.27624
0.9931181 0.1170819 0.002864433 896.1227 -0.1171072 0.9924221 0.03720194 -188.1963 0.001512949 -0.03728136 0.9993036 -46.34834
0.9920812 0.125598 -1.55915e-05 897.4999 -0.1255022 0.9913291 0.03893324 -188.3846 0.004905393 -0.03862298 0.9992418 -46.44457
0.9912655 0.1317811 0.005134367 898.8636 -0.1318809 0.9905769 0.03694088 -188.5626 -0.0002178771 -0.03729535 0.9993042 -46.47213
0.9904424 0.1377298 0.007370958 900.2315 -0.1379191 0.9895397 0.04229986 -188.7693 -0.001467905 -0.04291217 0.9990778 -46.58736
0.9896753 0.1430963 0.008134807 901.6055 -0.1433125 0.9887946 0.04179563 -188.9702 -0.002062853 -0.04252992 0.9990931 -46.63219
0.9887885 0.148998 0.009841627 902.949 -0.1492925 0.9877639 0.04510268 -189.192 -0.003000996 -0.04606629 0.9989339 -46.77473
0.9879899 0.1543013 0.008186554 904.3173 -0.1545142 0.9869624 0.04506078 -189.4119 -0.001126885 -0.04578453 0.9989507 -46.80355
0.986924 0.1608683 0.01011712 905.6579 -0.1611667 0.9858351 0.04641616 -189.6451 -0.002506921 -0.04743977 0.998871 -46.93992
0.9860099 0.1664102 0.009600141 907.0082 -0.1666774 0.9849339 0.04608363 -189.8839 -0.001786716 -0.04703904 0.9988915 -46.97169
0.9849657 0.1722764 0.01278047 908.3502 -0.1726911 0.9838613 0.04684539 -190.1374 -0.004503851 -0.04834818 0.9988204 -47.10497
0.9839292 0.1782136 0.01110351 909.7082 -0.1785386 0.9828558 0.04602357 -190.3823 -0.002711122 -0.04726634 0.9988787 -47.17432
0.9826173 0.185268 0.01179053 911.0424 -0.1856192 0.9815215 0.04648877 -190.6459 -0.002959773 -0.04786922 0.9988492 -47.28143
0.9811661 0.1929475 0.009184135 912.3859 -0.1931659 0.9800863 0.04601858 -190.9226 -0.000122075 -0.04692593 0.9988984 -47.35158
0.9793053 0.2020596 0.01153167 913.7337 -0.2023835 0.9780846 0.04890217 -191.2065 -0.001397797 -0.05022398 0.998737 -47.43086
0.9791527 0.2027865 0.01172962 913.681 -0.2031192 0.9779401 0.04874229 -191.2254 -0.001586585 -0.05010866 0.9987425 -47.42802