1.0 0.0 0.0 0.0 0.0 1.0 0.0 0.0 0.0 0.0 1.0 0.0
0.9999998 -0.0007281813 -5.876967e-05 -0.01268546 0.0007281831 0.9999998 3.229559e-05 0.00308701 5.874614e-05 -3.233838e-05 1.0 -0.0001137256
0.9999998 -0.0006354469 -6.331825e-05 -0.01220996 0.0006354467 0.9999998 -1.969568e-06 0.007645361 6.331949e-05 1.929332e-06 1.0 0.0008150626
0.9999996 -0.000935654 0.000103661 -0.01106502 0.0009356622 0.9999995 -7.935124e-05 0.008846287 -0.0001035867 7.94482e-05 1.0 -0.001331088
0.9999998 -0.0006016202 -0.0001327366 -0.01734137 0.0006016312 0.9999998 8.305937e-05 0.006595287 0.0001326866 -8.313922e-05 1.0 0.00178673
0.9999998 -0.0005674592 6.773691e-05 -0.01691509 0.0005674607 0.9999998 -2.243729e-05 0.007481277 -6.772416e-05 2.247572e-05 1.0 -0.001842332
0.9999998 -0.0006419587 -2.945927e-05 -0.01394323 0.0006419555 0.9999998 -0.0001080169 0.006388158 2.952861e-05 0.000107998 1.0 -0.0003803161
0.9999998 -0.0007239323 2.77964e-06 -0.01140888 0.0007239325 0.9999998 -3.5074e-05 0.006972002 -2.754248e-06 3.5076e-05 1.0 -0.001372742
0.9999996 -0.0008292086 -0.0002058323 -0.01679559 0.0008291934 0.9999995 -7.434693e-05 0.007878754 0.0002058938 7.417622e-05 1.0 0.001383321
0.9999999 -0.0003742509 -8.890779e-05 -0.01442569 0.0003742488 1.0 -2.376623e-05 0.003176754 8.891668e-05 2.373295e-05 1.0 -0.001218996
0.9999996 -0.0008403576 6.168122e-05 -0.01847535 0.0008403525 0.9999995 8.227761e-05 0.01347695 -6.175034e-05 -8.222575e-05 1.0 0.002282689
1.0 -0.0002303071 -3.890817e-06 -0.01760598 0.0002303075 1.0 0.0001071357 0.006904548 3.866143e-06 -0.0001071366 1.0 -0.0004343186
0.9999998 -0.0006192756 -2.96966e-05 -0.01538959 0.0006192769 0.9999998 4.418926e-05 0.007073863 2.966923e-05 -4.420764e-05 1.0 0.0002742697
0.9999999 -0.0003398829 -3.122687e-05 -0.01475051 0.0003398856 1.0 8.627259e-05 0.001570632 3.119755e-05 -8.62832e-05 1.0 -0.002340484
0.9999998 -0.0006020569 0.0001210045 -0.01040397 0.0006020532 0.9999998 2.956039e-05 0.009817119 -0.0001210222 -2.948754e-05 1.0 0.001218544
0.9999997 -0.0007204553 -0.0002783369 -0.01248744 0.0007204284 0.9999998 -9.667423e-05 -0.005632423 0.0002784065 9.647368e-05 0.9999999 -0.001250154
0.9999999 -0.0003550214 6.427541e-05 -0.01289043 0.0003550128 1.0 0.0001327896 0.007829525 -6.432254e-05 -0.0001327668 1.0 -0.0002546654
0.9999996 -0.0008725174 -7.943437e-05 -0.01178411 0.0008725072 0.9999995 -0.0001288624 0.005459965 7.954677e-05 0.000128793 1.0 -0.001723067
0.9999999 -0.0004398283 -1.910757e-05 -0.01144717 0.0004398291 1.0 4.307508e-05 0.001795342 1.908862e-05 -4.308348e-05 1.0 0.0007265488
0.9999999 -0.0004777873 -7.64595e-05 -0.0159194 0.0004777981 0.9999998 0.0001409446 -0.000673783 7.639216e-05 -0.0001409811 1.0 -0.002147044
0.9999999 -0.0004033229 -4.302368e-05 -0.01305419 0.000403324 1.0 2.764949e-05 -0.0007085194 4.301253e-05 -2.766684e-05 1.0 -0.001551334
0.9999999 -0.000446576 -0.0002602727 -0.01997845 0.0004465873 0.9999998 4.350622e-05 0.001112348 0.0002602533 -4.362245e-05 0.9999999 0.00216111
0.9999997 -0.0007363232 -0.0001110679 -0.01158602 0.0007363292 0.9999998 5.427394e-05 0.00748532 0.0001110279 -5.43557e-05 1.0 0.001002375
0.9999996 -0.0008180304 -7.355489e-05 -0.0136045 0.0008180198 0.9999998 -0.0001432057 0.008405055 7.367202e-05 0.0001431455 1.0 -0.0007671878
0.9999998 -0.0006899846 -4.77496e-06 -0.01605532 0.0006899845 0.9999998 -1.942159e-05 0.008025662 4.788359e-06 1.941829e-05 1.0 -0.002219114
0.9999997 -0.0008009941 -5.367718e-05 -0.01148635 0.0008009914 0.9999998 -4.952645e-05 0.00640741 5.371684e-05 4.948344e-05 1.0 -0.0008487171
0.9999999 -0.0004669829 -5.582551e-06 -0.008273422 0.0004669829 1.0 -3.523042e-06 0.006962257 5.584196e-06 3.520435e-06 1.0 -0.001003718
0.9999999 -0.000482089 -5.199444e-05 -0.007811238 0.0004820874 1.0 -3.182031e-05 0.008790039 5.200978e-05 3.179523e-05 1.0 -0.0001913319
0.9999998 -0.0006867056 -0.0001050428 -0.01061752 0.0006867033 0.9999998 -2.171071e-05 0.004133244 0.0001050577 2.163858e-05 1.0 -0.001439402
0.9999998 -0.0006009786 -3.815125e-05 -0.006566132 0.0006009822 0.9999998 9.340989e-05 0.006154831 3.809511e-05 -9.343279e-05 1.0 -0.0005587853
0.9999998 -0.0005447259 -6.676224e-05 -0.01190364 0.0005447337 0.9999998 0.0001163236 0.001824459 6.669887e-05 -0.0001163599 1.0 0.0004474189
0.9999998 -0.0006185003 -9.87393e-05 -0.01413966 0.0006184899 0.9999998 -0.000106115 0.001593976 9.880491e-05 0.0001060539 1.0 0.0001792968
0.9999999 -0.000369569 8.4912e-06 -0.01167794 0.0003695689 1.0 2.006848e-05 0.006212819 -8.498616e-06 -2.006534e-05 1.0 -0.0005587347
0.9999997 -0.0007953562 6.990798e-05 -0.009915226 0.000795359 0.9999998 -4.047165e-05 0.007503708 -6.987576e-05 4.052724e-05 1.0 0.0004021265
0.9999998 -0.0006967 8.780556e-05 -0.008316661 0.0006967062 0.9999998 -7.02916e-05 0.007438393 -8.775656e-05 7.035276e-05 1.0 -0.001338907
0.9999998 -0.0006497809 -4.952442e-05 -0.008487744 0.0006497857 0.9999998 9.592898e-05 0.007975366 4.946208e-05 -9.596114e-05 1.0 0.0003308392
1.0 -0.0001939989 -1.911585e-05 -0.01178986 0.0001940024 1.0 0.0001814222 -0.003622128 1.908065e-05 -0.0001814259 1.0 -0.002443824
0.9999998 -0.0006206422 -5.285066e-07 -0.01136052 0.0006206422 0.9999998 0.0001102436 0.00993841 4.600846e-07 -0.0001102439 1.0 -0.0005081182
0.9999998 -0.0006510166 -5.995417e-05 -0.0102243 0.0006510188 0.9999998 3.654044e-05 0.002677876 5.993037e-05 -3.657947e-05 1.0 0.0005867541
0.9999998 -0.0006748042 -1.319781e-05 -0.006778643 0.0006748039 0.9999998 -2.919608e-05 0.01046746 1.321751e-05 2.918717e-05 1.0 0.0003009687
0.9999998 -0.0005669077 -5.301016e-05 -0.007039987 0.0005669111 0.9999998 6.433696e-05 0.002274507 5.297368e-05 -6.436699e-05 1.0 -0.001953599
0.9999999 -0.0004766593 3.52487e-05 -0.007758931 0.0004766555 0.9999998 0.000107594 0.006586239 -3.529999e-05 -0.0001075772 1.0 -0.0003561185
0.9999998 -0.0006432568 -1.703677e-05 -0.005573658 0.0006432612 0.9999998 0.0002590326 0.0055786 1.687014e-05 -0.0002590435 0.9999999 0.001514767
0.9999996 -0.0008600579 -0.0001055682 -0.006272863 0.0008600434 0.9999995 -0.000138095 0.009796883 0.0001056869 0.0001380042 1.0 -0.001732859
0.9999998 -0.0006353408 -0.0001058743 -0.008531298 0.0006353443 0.9999998 3.317819e-05 0.006738238 0.0001058532 -3.324545e-05 1.0 -0.0008415544
0.9999998 -0.000564782 -2.211385e-05 -0.01172814 0.0005647819 0.9999998 -4.525378e-06 0.007329199 2.21164e-05 4.512888e-06 1.0 0.002485258
0.9999995 -0.0009861541 -1.509374e-05 -0.00624218 0.0009861536 0.9999995 -2.922769e-05 0.007252165 1.512255e-05 2.921279e-05 1.0 -9.409546e-05
0.9999996 -0.0008649845 -6.466221e-05 -0.009905854 0.0008649824 0.9999995 -3.20986e-05 0.009280318 6.468994e-05 3.204266e-05 1.0 0.0001919948
0.9999999 -0.0004331266 3.762807e-06 -0.01300725 0.0004331266 1.0 4.348887e-06 0.007637624 -3.76469e-06 -4.347257e-06 1.0 -0.001403508
0.9999996 -0.0008179323 5.347763e-05 -0.01221566 0.0008179266 0.9999998 0.0001068963 0.008342832 -5.356505e-05 -0.0001068525 1.0 0.0005383209
0.9999999 -0.0003943113 1.458816e-05 -0.00983387 0.0003943108 1.0 3.550724e-05 0.001761577 -1.460216e-05 -3.550148e-05 1.0 -0.001040907
0.9999998 -0.0006511149 -3.447604e-05 -0.008450762 0.0006511128 0.9999998 -6.12245e-05 0.006630731 3.45159e-05 6.120204e-05 1.0 0.0008493394
0.9999997 -0.0007882179 4.018277e-05 -0.005601213 0.0007882186 0.9999998 -1.872712e-05 0.01050975 -4.0168e-05 1.875879e-05 1.0 -0.002802329
0.9999998 -0.0007023524 7.368517e-05 -0.01076547 0.0007023521 0.9999998 5.330174e-06 0.007211575 -7.368889e-05 -5.27842e-06 1.0 0.001219577
0.9999998 -0.000589152 -0.0001278381 -0.009411091 0.0005891319 0.9999998 -0.0001573689 0.004646559 0.0001279308 0.0001572935 1.0 -0.0003877091
0.9999998 -0.0005387607 -0.0001395399 -0.004225372 0.0005387571 0.9999998 -2.582743e-05 0.00761753 0.0001395538 2.575225e-05 1.0 0.0005300688
0.9999997 -0.0007508675 -2.162235e-05 -0.006991467 0.0007508658 0.9999998 -7.513332e-05 0.008674952 2.167876e-05 7.511707e-05 1.0 -0.001213567
0.9999995 -0.0009501228 0.0001013277 -0.005352499 0.000950116 0.9999995 6.609194e-05 0.009796241 -0.0001013905 -6.599563e-05 1.0 0.001967933
0.9999998 -0.0007099527 -0.0001486345 -0.006447009 0.0007099398 0.9999998 -8.726094e-05 0.01044727 0.0001486964 8.715539e-05 1.0 -0.001265535
0.9999999 -0.0005218154 4.308354e-05 -0.008770504 0.0005218136 0.9999998 4.456657e-05 0.003741048 -4.310679e-05 -4.454408e-05 1.0 -0.001203095
0.9999998 -0.0005431758 -0.0001002968 -0.009443022 0.0005431899 0.9999998 0.0001407263 0.005553826 0.0001002203 -0.0001407808 1.0 -0.002193813
0.9999995 -0.0009866804 -2.878193e-05 -0.007685153 0.0009866841 0.9999995 0.0001275156 0.008192374 2.86561e-05 -0.000127544 1.0 0.0009991173
0.9999997 -0.0007466057 -5.409215e-05 -0.01079729 0.000746602 0.9999998 -6.987604e-05 0.01051652 5.41443e-05 6.983563e-05 1.0 -0.002206849
0.9999997 -0.0007928278 -5.43374e-06 -0.009291126 0.0007928277 0.9999998 -2.086128e-05 0.009330498 5.450278e-06 2.085697e-05 1.0 -0.0006948147
0.9999998 -0.0006322124 2.096167e-06 -0.004511853 0.0006322124 0.9999998 -1.91081e-06 0.00786252 -2.094959e-06 1.912134e-06 1.0 -0.0005108075
0.9999999 -0.0005338636 0.0001065272 -0.01073782 0.000533852 0.9999998 0.0001080163 0.007062715 -0.0001065848 -0.0001079594 1.0 -7.913056e-05
0.9999996 -0.0008822081 -8.243957e-05 -0.003447781 0.0008822101 0.9999995 2.377034e-05 0.01323976 8.241857e-05 -2.384306e-05 1.0 -0.000409941
0.9999996 -0.0008240033 0.0001607817 -0.004065144 0.0008239974 0.9999998 3.706162e-05 0.01113254 -0.0001608121 -3.692912e-05 1.0 -0.002318518
0.9999998 -0.0006445075 -7.412092e-05 0.004065563 0.0006445149 0.9999998 0.0001007628 0.01109811 7.405596e-05 -0.0001008105 1.0 -0.000355879
0.9999998 -0.0006328314 -1.789011e-05 -0.0089969 0.0006328342 0.9999998 0.0001555945 0.005478968 1.779164e-05 -0.0001556058 1.0 -0.001620147
0.9999996 -0.0008053179 -0.0001599659 -0.006666588 0.0008053334 0.9999998 9.666169e-05 0.009977309 0.000159888 -9.679049e-05 1.0 0.0008013944
0.9999998 -0.0006506194 2.925675e-05 -0.006384808 0.0006506207 0.9999998 -4.497173e-05 0.01012413 -2.922749e-05 4.499075e-05 1.0 -0.001421436
0.9999996 -0.0008595774 -0.0001323631 -0.006615503 0.0008595709 0.9999995 -4.960434e-05 0.01113772 0.0001324057 4.949054e-05 1.0 0.0004431169
0.9999996 -0.0008390272 -0.0001125143 -0.009845655 0.0008390379 0.9999995 9.516816e-05 0.004339471 0.0001124344 -9.526253e-05 1.0 -0.001247135
0.9999996 -0.0008678578 -0.000233318 -0.007975394 0.0008678362 0.9999995 -9.284646e-05 0.006649978 0.0002333985 9.264394e-05 0.9999999 0.001735531
0.9999998 -0.0007100545 2.27019e-05 -0.008951063 0.000710053 0.9999998 6.47811e-05 0.00798103 -2.274789e-05 -6.476496e-05 1.0 -0.002956789
0.9999998 -0.0007231713 9.144855e-05 -0.006908034 0.0007231638 0.9999998 8.121778e-05 0.0112952 -9.150727e-05 -8.115162e-05 1.0 -0.0008195178
0.9999999 -0.0005040116 1.504265e-06 -0.01321988 0.0005040116 0.9999998 1.545133e-05 0.006628353 -1.512053e-06 -1.545057e-05 1.0 -0.001840824
0.9999997 -0.0007608677 6.463049e-05 -0.006862201 0.0007608617 0.9999998 9.362851e-05 0.01293663 -6.470171e-05 -9.357931e-05 1.0 0.001540281
0.9999998 -0.0005915669 1.071254e-05 -0.006640729 0.0005915682 0.9999998 -0.0001205758 0.007875271 -1.064121e-05 0.0001205821 1.0 -0.003518033
0.9999998 -0.0005565039 -4.917287e-05 -0.01172292 0.0005564967 0.9999998 -0.0001477419 0.001064113 4.925508e-05 0.0001477145 1.0 -0.001459633
0.9999996 -0.0008197064 -0.0001357544 -0.002651899 0.0008196924 0.9999998 -0.0001027391 0.004546411 0.0001358386 0.0001026278 1.0 -0.001462683
0.9999998 -0.000681596 -4.949274e-05 -0.004820531 0.0006815977 0.9999998 3.627102e-05 0.009408345 4.946801e-05 -3.630474e-05 1.0 0.0008923389
0.9999999 -0.0004370687 1.167439e-05 -0.008628362 0.0004370692 1.0 -4.95916e-05 0.008069163 -1.165272e-05 4.95967e-05 1.0 -0.001562298
0.9999998 -0.0006712026 1.566315e-05 -0.008866913 0.0006712027 0.9999998 -4.413872e-06 0.009597187 -1.566019e-05 4.424384e-06 1.0 -0.0005237508
0.9999999 -0.0003198005 -0.0001255242 -0.01069056 0.0003198109 1.0 8.303842e-05 0.002167917 0.0001254976 -8.307855e-05 1.0 0.0004084729
0.9999998 -0.0005980891 2.588399e-05 -0.006373919 0.0005980831 0.9999998 0.0002351683 0.005078035 -2.602463e-05 -0.0002351528 1.0 0.0002438979
0.9999996 -0.0008583759 -1.265915e-05 -0.005219736 0.0008583759 0.9999995 3.083613e-06 0.007822534 1.26565e-05 -3.094478e-06 1.0 -0.0009991956
0.9999996 -0.0008737743 3.236688e-05 -0.009413384 0.000873776 0.9999995 -5.07046e-05 0.01318608 -3.232256e-05 5.073286e-05 1.0 0.0001350423
0.9999998 -0.0005642821 -0.000235839 -0.008877636 0.0005642648 0.9999998 -7.300254e-05 0.0008515797 0.0002358801 7.286945e-05 0.9999999 0.0001434668
0.9999996 -0.0008675802 6.543377e-05 -0.006621553 0.0008675818 0.9999995 -2.375916e-05 0.01235623 -6.541314e-05 2.381592e-05 1.0 -0.001971888
0.9999996 -0.0008355714 -2.240246e-05 -0.01006075 0.0008355703 0.9999998 -5.142753e-05 0.008319698 2.244543e-05 5.14088e-05 1.0 -0.001888831
0.9999996 -0.0008530982 1.378799e-05 -0.004550096 0.0008530971 0.9999995 8.361392e-05 0.008864872 -1.385931e-05 -8.360213e-05 1.0 -0.0004670614
0.9999996 -0.000937847 7.332412e-05 -0.005595678 0.000937855 0.9999995 -0.0001091793 0.01221989 -7.322169e-05 0.000109248 1.0 -0.002805774
0.9999997 -0.0007833105 -2.351203e-05 -0.006901205 0.0007833123 0.9999998 7.456982e-05 0.008962552 2.345361e-05 -7.458821e-05 1.0 0.0005538422
0.9999999 -0.0004631453 -0.000120436 -0.01747649 0.0004631508 1.0 4.526044e-05 0.003069275 0.000120415 -4.531621e-05 1.0 -0.001689242
0.9999997 -0.0007978561 -1.462514e-05 -0.009480828 0.0007978552 0.9999998 -6.741391e-05 0.007129523 1.467892e-05 6.740222e-05 1.0 7.690483e-05
0.9999998 -0.0006725269 -0.000192927 -0.01453265 0.0006725197 0.9999998 -3.722484e-05 0.005526971 0.000192952 3.709508e-05 1.0 0.001006953
0.9999998 -0.0006461422 -6.644645e-06 -0.004081593 0.0006461431 0.9999998 0.0001478191 0.006844427 6.549132e-06 -0.0001478233 1.0 -0.0001583758
0.9999999 -0.0003467988 -7.770064e-05 -0.01341772 0.0003467939 1.0 -6.286002e-05 0.007991775 7.772243e-05 6.283307e-05 1.0 -0.001356599
0.9999998 -0.0005461381 -4.12142e-06 -0.01012541 0.000546138 0.9999998 -1.571763e-05 0.009326606 4.130004e-06 1.571537e-05 1.0 0.002456099
0.9999998 -0.0005628603 -6.383652e-05 -0.008977494 0.0005628645 0.9999998 6.564948e-05 0.01226888 6.379956e-05 -6.56854e-05 1.0 0.0002047334
0.9999998 -0.0007132139 3.853324e-05 -0.01133121 0.000713211 0.9999998 7.500916e-05 0.007235407 -3.858672e-05 -7.498165e-05 1.0 -0.001041868
0.9999999 -0.0004977978 -0.0001044773 -0.008779699 0.0004977892 0.9999998 -8.193655e-05 0.005397962 0.000104518 8.188453e-05 1.0 -0.0005041724
0.9999998 -0.0005888417 1.069292e-05 -0.008410566 0.0005888407 0.9999998 8.358592e-05 0.0122502 -1.074214e-05 -8.357961e-05 1.0 0.001299484
0.9999996 -0.0008444684 -0.0001392867 -0.00647787 0.0008444848 0.9999995 0.0001179655 0.007654695 0.000139187 -0.0001180831 1.0 0.0004298766
0.9999997 -0.00080631 2.523429e-05 -0.01005186 0.0008063116 0.9999998 -6.450243e-05 0.00994544 -2.518228e-05 6.452276e-05 1.0 -0.001701052
0.9999998 -0.0005236163 -0.0002203593 -0.01147946 0.0005236249 0.9999998 3.922493e-05 0.004127072 0.0002203387 -3.934031e-05 1.0 -3.02898e-05
0.9999997 -0.0007373127 -2.721334e-05 -0.005661752 0.0007373102 0.9999998 -9.301965e-05 0.009018308 2.728192e-05 9.299955e-05 1.0 -0.0008611438
0.9999999 -0.0004479011 -0.0001520337 -0.01770102 0.0004478981 1.0 -1.969799e-05 0.002094305 0.0001520425 1.962989e-05 1.0 0.001125766
0.9999997 -0.0007746062 -0.0001672625 -0.01325218 0.0007746044 0.9999998 -1.047497e-05 0.004439954 0.0001672706 1.034541e-05 1.0 -0.002304816
0.9999998 -0.0006608213 -0.0001265962 -0.02164144 0.0006608326 0.9999998 8.877851e-05 -0.0008705473 0.0001265375 -8.886215e-05 1.0 0.0006223392
0.9999998 -0.0007169997 1.312878e-05 -0.006486013 0.0007169989 0.9999998 5.939274e-05 0.007431176 -1.317136e-05 -5.938331e-05 1.0 -0.00219999
0.9999998 -0.0005939038 -8.732102e-05 -0.009879142 0.000593911 0.9999998 8.243079e-05 0.006335747 8.727205e-05 -8.248264e-05 1.0 0.000533849
0.9999997 -0.0007824638 -7.154179e-05 -0.008407283 0.0007824629 0.9999998 -1.296976e-05 0.00769709 7.155192e-05 1.291378e-05 1.0 -0.002988147
0.9999997 -0.00077342 -0.0001369545 -0.00862482 0.0007734142 0.9999998 -4.271523e-05 -0.001662857 0.0001369875 4.26093e-05 1.0 0.0007051763
0.9999999 -0.0004508741 -6.680046e-05 -0.01448123 0.0004508781 1.0 5.884994e-05 0.002742705 6.677392e-05 -5.888006e-05 1.0 -0.0008354474
0.9999999 -0.0004876407 -0.0001277398 -0.01090134 0.000487641 0.9999998 2.351768e-06 0.001814341 0.0001277387 -2.414058e-06 1.0 0.0009150158
0.9999997 -0.0007756155 3.262874e-05 -0.006453773 0.0007756208 0.9999998 -0.0001642369 0.009786407 -3.250135e-05 0.0001642621 1.0 -0.004483425
0.9999996 -0.0009419944 1.470777e-05 -0.0123178 0.0009419941 0.9999995 2.687795e-05 0.00854659 -1.473309e-05 -2.686409e-05 1.0 0.00195316
0.9999998 -0.0007100095 -0.0001383368 -0.008630674 0.0007100128 0.9999998 2.347547e-05 0.005677531 0.0001383201 -2.357368e-05 1.0 -0.001149888
0.9999998 -0.0006566443 -5.897987e-05 -0.00864626 0.0006566567 0.9999998 0.0002119329 0.008316625 5.884068e-05 -0.0002119716 1.0 0.0001304597
0.9999996 -0.0008190337 -0.0001218741 -0.008658776 0.0008190357 0.9999998 1.692004e-05 0.01024486 0.0001218602 -1.701986e-05 1.0 -0.0009418263
0.9999998 -0.0005491156 -4.402331e-05 -0.01561176 0.0005491157 0.9999998 2.477731e-06 0.009445267 4.402194e-05 -2.501904e-06 1.0 0.001462233
0.9999998 -0.0006129303 4.554354e-05 -0.004841451 0.0006129294 0.9999998 2.02181e-05 0.01260417 -4.555592e-05 -2.019018e-05 1.0 -0.001711597
0.9999997 -0.0007680745 4.836672e-05 -0.009284157 0.0007680707 0.9999998 7.995997e-05 0.009670875 -4.842812e-05 -7.992281e-05 1.0 -0.002502611
0.9999996 -0.0008511725 -0.0001631789 -0.006516827 0.000851164 0.9999995 -5.215423e-05 0.007747134 0.0001632232 5.201532e-05 1.0 -0.0001076993
0.9999998 -0.0006926811 -5.152244e-05 -0.01541944 0.0006926791 0.9999998 -3.838007e-05 0.00152951 5.154901e-05 3.834438e-05 1.0 0.0005015416
0.9999999 -0.0004492259 -0.0002311417 -0.0102284 0.0004492123 0.9999998 -5.893219e-05 0.004159281 0.0002311682 5.882835e-05 1.0 0.0006483667
0.9999998 -0.000557803 -4.520072e-05 -0.009474721 0.0005578011 0.9999998 -4.233271e-05 0.005111967 4.522432e-05 4.23075e-05 1.0 -0.001561264
0.9999998 -0.0005818291 -0.0001935758 -0.01294261 0.0005818412 0.9999998 6.230987e-05 0.002183778 0.0001935396 -6.242248e-05 1.0 0.0006837444
0.9999996 -0.0008940003 8.543584e-05 -0.01012036 0.0008939959 0.9999995 5.117067e-05 0.006398711 -8.548154e-05 -5.109427e-05 1.0 -0.001267801
0.9999999 -0.0002835122 4.526375e-05 -0.01205194 0.0002835084 1.0 8.403987e-05 0.001972462 -4.528757e-05 -8.402704e-05 1.0 -0.001306889
0.9999999 -0.0005161627 -7.03905e-05 -0.009428926 0.0005161626 0.9999998 -2.363261e-06 0.005805287 7.03917e-05 2.326928e-06 1.0 -0.002202409
0.9999998 -0.0007215921 -0.0001234464 -0.006507213 0.0007215823 0.9999998 -7.925342e-05 0.00823381 0.0001235035 7.916432e-05 1.0 -0.0003751394
0.9999997 -0.0007794594 -2.936232e-05 -0.01097644 0.0007794611 0.9999998 5.436604e-05 0.005329468 2.931993e-05 -5.438891e-05 1.0 0.0007492265
0.9999996 -0.0008403811 -4.638141e-05 -0.00610448 0.0008403832 0.9999998 4.531393e-05 0.007744196 4.634332e-05 -4.535289e-05 1.0 -0.001404556
0.9999996 -0.0008039693 -0.0001388891 -0.006016139 0.0008039669 0.9999998 -1.8e-05 0.006794343 0.0001389035 1.788833e-05 1.0 -0.000369992
0.9999998 -0.0006929851 -0.0001293753 -0.007878711 0.0006929768 0.9999998 -6.379455e-05 0.004611625 0.0001294194 6.370488e-05 1.0 0.0002498757
0.9999998 -0.0006544862 9.91392e-05 -0.01423759 0.0006544781 0.9999998 8.26606e-05 0.006733318 -9.919328e-05 -8.25957e-05 1.0 -0.001495267
0.9999999 -0.0004979554 -6.27459e-05 -0.01312927 0.0004979577 0.9999998 3.693686e-05 0.00566443 6.272751e-05 -3.696811e-05 1.0 -0.0005600048
0.9999997 -0.000780483 -3.700999e-05 -0.009029717 0.0007804833 0.9999998 9.497011e-06 0.0129702 3.700257e-05 -9.525893e-06 1.0 -0.001360446
0.9999996 -0.0008232864 -0.0001789698 -0.008616881 0.0008232865 0.9999998 3.024809e-07 -0.001076783 0.0001789695 -4.498242e-07 1.0 0.0005868222
0.9999999 -0.0002931448 1.455928e-07 -0.01267899 0.0002931448 1.0 -9.775679e-05 0.005128532 -1.169359e-07 9.775683e-05 1.0 -3.89278e-05
1.0 -0.0001710418 -4.704505e-06 -0.01622863 0.0001710423 1.0 0.0001164339 0.005290417 4.68459e-06 -0.0001164347 1.0 -0.0008845518
0.9999999 -0.0003689475 -0.0001535882 -0.01286034 0.0003689465 1.0 -6.377134e-06 0.001717957 0.0001535905 6.320468e-06 1.0 0.0002921507
0.9999996 -0.0009096735 -3.907134e-05 -0.009146307 0.0009096775 0.9999995 0.0001039726 0.007061773 3.897675e-05 -0.0001040081 1.0 -0.0006101463
0.9999999 -0.0005346308 -1.179521e-05 -0.008412477 0.0005346332 0.9999998 0.0002112514 0.00134276 1.168227e-05 -0.0002112577 1.0 -0.001541897
0.9999998 -0.0006533137 -0.0001706924 -0.01291913 0.0006533111 0.9999998 -1.496899e-05 0.0001725997 0.0001707022 1.485747e-05 1.0 0.001223659
0.9999999 -0.0002074774 -0.000139806 -0.01498564 0.0002074784 1.0 7.164932e-06 -0.006261429 0.0001398045 -7.193938e-06 1.0 -0.002046795
0.9999998 -0.0006230344 -7.142213e-05 -0.009898549 0.0006230283 0.9999998 -8.680612e-05 0.006026802 7.147621e-05 8.67616e-05 1.0 0.0008448705
0.9999998 -0.0006921148 -0.0001264587 -0.005953792 0.0006920957 0.9999998 -0.0001506151 0.003715347 0.000126563 0.0001505275 1.0 -0.00121165
0.9999997 -0.0007660894 5.85204e-06 -0.005030536 0.0007660891 0.9999998 6.185381e-05 0.01409391 -5.899424e-06 -6.184931e-05 1.0 0.0009187347
0.9999998 -0.0006041613 -0.0002052183 -0.005388938 0.0006041253 0.9999998 -0.0001753472 0.004159562 0.0002053242 0.0001752231 0.9999999 -0.002457399
0.9999998 -0.0006589589 -1.470458e-05 -0.01298137 0.0006589608 0.9999998 0.0001297926 0.002514157 1.461905e-05 -0.0001298023 1.0 0.001002538
0.9999999 -0.0003763152 -0.0001437008 -0.01272744 0.0003763468 1.0 0.0002195677 0.001587681 0.0001436182 -0.0002196218 0.9999999 -0.0009620929
0.9999998 -0.0005841304 -3.198781e-05 -0.007321723 0.0005841376 0.9999998 0.0002271265 0.003830539 3.185513e-05 -0.0002271452 1.0 0.001413149
0.9999999 -0.0004285341 -9.375945e-05 -0.01014551 0.0004285375 1.0 3.706026e-05 0.002992845 9.374355e-05 -3.710044e-05 1.0 -0.002766921
0.9999999 -0.000299713 -4.73581e-05 -0.007455688 0.0002997186 1.0 0.0001181729 0.0045506 4.732268e-05 -0.0001181871 1.0 0.002389069
0.9999999 -0.0004613354 -6.437449e-05 -0.005458844 0.0004613352 1.0 -3.205772e-06 0.01014843 6.437596e-05 3.176073e-06 1.0 -0.0009505245
0.9999998 -0.0005620248 6.003738e-06 -0.006074153 0.0005620247 0.9999998 2.549975e-05 0.001920308 -6.018069e-06 -2.549637e-05 1.0 -0.001041615
0.9999998 -0.000626192 -8.240166e-05 -0.006506139 0.0006261958 0.9999998 4.605931e-05 0.01119932 8.23728e-05 -4.61109e-05 1.0 -0.002153653
0.9999996 -0.0009180403 0.0001184233 -0.007277573 0.0009180384 0.9999995 1.610157e-05 0.01141447 -0.000118438 -1.599284e-05 1.0 -0.001494497
0.9999998 -0.0005996947 -0.0002131954 -0.007509692 0.0005997095 0.9999998 6.917916e-05 0.002895885 0.0002131538 -6.9307e-05 1.0 -0.000838104
0.9999998 -0.0006796466 4.592486e-05 -0.008794064 0.0006796466 0.9999998 -5.469401e-07 0.004102812 -4.592447e-05 5.781526e-07 1.0 -0.002967814
0.9999998 -0.000708578 -0.0001525833 -0.008315644 0.0007085961 0.9999998 0.0001191821 0.006599751 0.0001524988 -0.0001192901 1.0 -0.0007071989
0.9999995 -0.0009466924 3.22186e-05 -0.005497117 0.0009466934 0.9999995 -3.040564e-05 0.007488675 -3.21898e-05 3.043612e-05 1.0 -0.001127557
0.9999997 -0.0007376188 -4.779184e-05 -0.005704559 0.0007376184 0.9999998 -8.941343e-06 0.007155105 4.779842e-05 8.90609e-06 1.0 -0.0007632747
0.9999998 -0.0005900564 6.934912e-05 -0.008418936 0.000590062 0.9999998 -8.069181e-05 0.006066783 -6.93015e-05 8.073272e-05 1.0 -0.00213296
0.9999998 -0.0006219246 -8.247259e-05 -0.007091854 0.0006219328 0.9999998 9.867657e-05 0.01366973 8.241121e-05 -9.872783e-05 1.0 1.492996e-05
0.9999998 -0.0007061666 5.252317e-05 -0.007585888 0.0007061686 0.9999998 -3.943739e-05 0.010092 -5.249531e-05 3.947447e-05 1.0 -0.00302
0.9999999 -0.0004358968 -9.88777e-05 -0.01238292 0.0004358971 1.0 2.892839e-06 0.01062392 9.887644e-05 -2.935939e-06 1.0 0.001548389
0.9999997 -0.0007694156 6.548229e-05 -0.01140539 0.0007694156 0.9999998 7.496683e-07 0.007582114 -6.548285e-05 -6.99285e-07 1.0 -0.004618001
0.9999998 -0.0007212911 4.954343e-05 -0.004118618 0.0007212863 0.9999998 9.710661e-05 0.009013005 -4.961346e-05 -9.707086e-05 1.0 -1.954967e-05
0.9999997 -0.000746742 -0.0001398954 -0.01521887 0.0007467476 0.9999998 4.002283e-05 0.003986042 0.0001398655 -4.012728e-05 1.0 -0.0007845234
0.9999998 -0.0006456253 -9.643118e-05 -0.006576254 0.0006456357 0.9999998 0.0001078471 0.01193585 9.636153e-05 -0.0001079093 1.0 0.001451611
0.9999998 -0.0005874033 -2.591912e-06 -0.008865348 0.0005874033 0.9999998 9.207954e-06 0.008622524 2.586503e-06 -9.209475e-06 1.0 -0.003901372
0.9999998 -0.0006427659 1.607482e-05 -0.005641441 0.0006427648 0.9999998 6.473703e-05 0.01182295 -1.611642e-05 -6.472669e-05 1.0 -0.0005609115
0.9999999 -0.0004457984 2.111389e-05 -0.0092492 0.0004457971 1.0 6.379365e-05 0.003348272 -2.114233e-05 -6.378423e-05 1.0 -0.001087485
0.9999999 -0.0003252302 -7.710357e-05 -0.008928596 0.0003252367 1.0 8.403005e-05 0.005300139 7.707624e-05 -8.405512e-05 1.0 -0.0003485777
0.9999999 -0.000348222 -5.518796e-05 -0.008716796 0.0003482223 1.0 5.065127e-06 0.008337356 5.51862e-05 -5.084344e-06 1.0 -0.001027082
0.9999999 -0.0003963697 -0.0001797033 -0.01007894 0.0003964039 1.0 0.0001902343 0.0006286675 0.0001796279 -0.0001903055 0.9999999 0.001582421
0.9999998 -0.0006255929 -6.058587e-06 -0.007146002 0.0006255923 0.9999998 -9.472985e-05 0.007752137 6.117848e-06 9.472604e-05 1.0 -0.001036647
0.9999998 -0.0005668104 4.211162e-05 -0.00844513 0.00056681 0.9999998 1.15659e-05 0.008324675 -4.211817e-05 -1.154203e-05 1.0 -0.0008489226
0.9999996 -0.0008040344 -0.0001576683 -0.007620798 0.0008040331 0.9999998 -7.907837e-06 0.009195983 0.0001576746 7.781065e-06 1.0 -0.0004014775
0.9999998 -0.0007270291 -3.546961e-05 -0.005907499 0.0007270342 0.9999998 0.0001442907 0.007780725 3.53647e-05 -0.0001443164 1.0 -0.0001420646
0.9999997 -0.0007526663 -8.425875e-05 -0.009481288 0.0007526608 0.9999998 -6.467691e-05 0.009214829 8.430742e-05 6.461348e-05 1.0 -0.001612767
0.9999997 -0.000797403 -0.00010247 -0.008470593 0.0007973978 0.9999998 -5.090614e-05 0.009441166 0.0001025106 5.082442e-05 1.0 0.0004976832
0.9999998 -0.0006728783 5.027695e-05 -0.01003524 0.000672878 0.9999998 5.988739e-06 0.02124644 -5.028097e-05 -5.954907e-06 1.0 -0.002002132
0.9999996 -0.0008664217 3.459142e-05 -0.009818387 0.0008664174 0.9999995 0.0001251191 0.005925985 -3.469981e-05 -0.0001250891 1.0 -4.243134e-05
0.9999996 -0.000939486 -0.0001066671 -0.0060878 0.0009394797 0.9999995 -5.853721e-05 0.00428877 0.000106722 5.843697e-05 1.0 -0.0003419894
0.9999997 -0.0007713272 8.154877e-05 -0.01261585 0.0007713278 0.9999998 -6.804989e-06 0.009868786 -8.15435e-05 6.867888e-06 1.0 -0.001704717
0.9999996 -0.0008670361 -0.0001104358 -0.01042665 0.0008670237 0.9999995 -0.0001132769 0.007600497 0.0001105339 0.0001131811 1.0 -0.001491199
0.9999997 -0.0007616862 -4.73006e-05 -0.007746107 0.0007616792 0.9999998 -0.0001470315 0.01151551 4.741258e-05 0.0001469954 1.0 0.00105287
0.9999998 -0.0006864021 1.594326e-05 -0.01244911 0.0006864033 0.9999998 -7.252979e-05 0.0136346 -1.589347e-05 7.254072e-05 1.0 -0.00212812
0.9999998 -0.0005814675 2.543466e-05 -0.00900315 0.0005814615 0.9999998 0.000231183 0.01047206 -2.556908e-05 -0.0002311681 1.0 -0.001092068
0.9999995 -0.0009390576 -0.0001440203 -0.007115552 0.0009390301 0.9999995 -0.0001907714 0.007604433 0.0001441994 0.0001906361 1.0 0.0003393211
0.9999999 -0.000433754 3.475358e-06 -0.009371946 0.0004337541 1.0 -4.150731e-05 0.006623693 -3.457354e-06 4.150882e-05 1.0 0.0008237514
0.9999998 -0.000604519 1.188698e-05 -0.00539978 0.0006045192 0.9999998 -1.102581e-05 0.008291326 -1.188032e-05 1.103299e-05 1.0 -0.002152652
0.9999996 -0.0008334547 -1.302141e-05 -0.0009373254 0.0008334541 0.9999998 -4.151486e-05 0.01351416 1.3056e-05 4.150399e-05 1.0 -0.002055574
0.9999997 -0.0007405764 -0.0001091059 -0.004313672 0.0007405817 0.9999998 4.888554e-05 0.007998537 0.0001090696 -4.896632e-05 1.0 -0.000343526
0.9999999 -0.000466069 7.150836e-05 -0.009301422 0.0004660597 0.9999998 0.0001292467 0.007813606 -7.156859e-05 -0.0001292133 1.0 -0.00228914
0.9999999 -0.0005296489 -5.407107e-05 -0.01033974 0.0005296479 0.9999998 -1.698523e-05 0.007940473 5.408006e-05 1.695658e-05 1.0 -0.000214109
0.9999999 -0.0004728083 -2.883288e-05 -0.008341738 0.0004728088 1.0 1.323777e-05 0.001381269 2.882661e-05 -1.325141e-05 1.0 -0.003150024
0.9999999 -0.0004188596 -0.0001311245 -0.008625486 0.0004188612 1.0 1.209047e-05 0.0001022461 0.0001311194 -1.214539e-05 1.0 0.000313043
0.9999998 -0.000582197 8.810277e-05 -0.01209521 0.0005821845 0.9999998 0.0001422534 0.007879621 -8.818557e-05 -0.0001422021 1.0 -0.00213441
0.9999999 -0.0004197738 -0.0001899644 -0.009221796 0.0004198063 0.9999998 0.0001710245 0.003583606 0.0001898926 -0.0001711043 0.9999999 0.0007292524
0.9999998 -0.0006751713 2.575745e-05 -0.007966527 0.0006751697 0.9999998 6.198122e-05 0.008063672 -2.579929e-05 -6.196382e-05 1.0 -0.002296657
0.9999999 -0.0004946045 -7.028114e-05 -0.01266193 0.000494606 0.9999998 2.147625e-05 0.002211475 7.02705e-05 -2.1511e-05 1.0 0.00113291
0.9999998 -0.0006107084 2.14252e-05 -0.00831164 0.0006107077 0.9999998 3.509742e-05 0.01013388 -2.144663e-05 -3.508433e-05 1.0 -0.001195527
0.9999999 -0.0004692602 -4.337429e-05 -0.01052209 0.0004692587 1.0 -3.503462e-05 0.005937947 4.339072e-05 3.501427e-05 1.0 0.0002176856
0.9999999 -0.0004460585 -6.411561e-05 -0.009980462 0.0004460469 1.0 -0.0001809708 0.003823377 6.419633e-05 0.0001809422 1.0 -0.001930768
0.9999999 -0.0005306268 -1.602672e-05 -0.01289391 0.0005306302 0.9999998 0.0002091489 0.002708768 1.591573e-05 -0.0002091574 1.0 0.001555001
0.9999998 -0.0005689904 -6.713146e-05 -0.009781826 0.0005689912 0.9999998 1.237127e-05 0.008906648 6.712442e-05 -1.240946e-05 1.0 -0.00115715
0.9999999 -0.0003612741 -1.459143e-05 -0.01164624 0.0003612759 1.0 0.0001207657 0.002417688 1.45478e-05 -0.000120771 1.0 4.557114e-05
0.9999998 -0.000649833 -9.687825e-05 -0.009283635 0.0006498266 0.9999998 -6.648275e-05 0.004765955 9.692142e-05 6.641979e-05 1.0 -0.001701434
0.9999999 -0.0005387862 2.125943e-05 -0.008944111 0.0005387831 0.9999998 0.0001428551 0.001635812 -2.133639e-05 -0.0001428437 1.0 0.001213257
0.9999997 -0.0007467778 -1.942408e-05 -0.005555882 0.000746779 0.9999998 6.025179e-05 0.01321983 1.937908e-05 -6.026628e-05 1.0 -0.002832309
0.9999998 -0.0006226549 6.506202e-05 -0.01247475 0.0006226479 0.9999998 0.0001065278 0.00497854 -6.512833e-05 -0.0001064873 1.0 0.000320496
0.9999997 -0.0007877325 -9.375486e-05 -0.01002063 0.0007877274 0.9999998 -5.482875e-05 0.005433043 9.379802e-05 5.475488e-05 1.0 -0.0008692996
0.9999998 -0.0005468865 5.061454e-05 -0.01211831 0.0005468908 0.9999998 -8.626118e-05 0.001482394 -5.056736e-05 8.628884e-05 1.0 -0.0002858489
0.9999996 -0.0009061244 -9.311307e-05 -0.01161095 0.0009061152 0.9999995 -9.921512e-05 0.006870095 9.320293e-05 9.91307e-05 1.0 -0.00154005
0.9999997 -0.000739057 4.019189e-05 -0.01199756 0.0007390594 0.9999998 -5.708687e-05 0.001143382 -4.014969e-05 5.711655e-05 1.0 -0.001784476
0.9999998 -0.0005523157 -0.0001232832 -0.01125486 0.0005523261 0.9999998 8.488925e-05 0.001681201 0.0001232363 -8.495733e-05 1.0 0.0002906866
0.9999995 -0.0009696708 8.172744e-05 -0.008662564 0.0009696731 0.9999995 -2.79978e-05 0.01298414 -8.170026e-05 2.807703e-05 1.0 -0.001170589
0.9999999 -0.000504182 -7.395431e-05 -0.01532092 0.0005041856 0.9999998 4.914093e-05 0.002768004 7.392953e-05 -4.917821e-05 1.0 -0.001420578
0.9999998 -0.0006766001 0.0001552021 -0.007373024 0.0006765783 0.9999998 0.0001403772 0.0130156 -0.0001552971 -0.0001402721 1.0 -0.001588166
0.9999999 -0.0004673079 -7.077451e-05 -0.01381545 0.0004673099 1.0 2.785547e-05 0.004237291 7.076148e-05 -2.788854e-05 1.0 0.0009512915
0.9999998 -0.0006690873 4.284335e-05 -0.0112665 0.0006690867 0.9999998 1.342228e-05 0.005137309 -4.285232e-05 -1.339362e-05 1.0 -0.0005172926
0.9999999 -0.0003861508 -3.898534e-06 -0.01119467 0.0003861505 1.0 -9.095993e-05 0.004489563 3.933658e-06 9.095841e-05 1.0 -0.001334946
0.9999998 -0.0006040338 1.377994e-05 -0.01102452 0.0006040332 0.9999998 4.482054e-05 0.004375762 -1.380701e-05 -4.481221e-05 1.0 -0.00256523
0.9999999 -0.0004897786 2.27655e-06 -0.01046271 0.0004897788 0.9999998 -2.909184e-05 0.008434683 -2.262301e-06 2.909295e-05 1.0 -0.002128216
0.9999999 -0.0003220988 -2.658491e-05 -0.009614852 0.0003220972 1.0 -6.005416e-05 0.005313809 2.660425e-05 6.00456e-05 1.0 -0.0008462319
0.9999997 -0.0007697665 -0.0001010314 -0.01615304 0.0007697698 0.9999998 3.300015e-05 0.005219192 0.0001010059 -3.307791e-05 1.0 -0.0005919499
0.9999997 -0.0007435621 0.0001118861 -0.006628529 0.0007435565 0.9999998 4.994475e-05 0.0117603 -0.0001119232 -4.986154e-05 1.0 -0.002373112
0.9999999 -0.0004919269 1.987473e-05 -0.007839354 0.0004919261 0.9999998 4.305401e-05 0.007835479 -1.989591e-05 -4.304423e-05 1.0 -0.002298393
0.9999998 -0.000565326 5.206182e-05 -0.01047611 0.0005653169 0.9999998 0.0001737579 0.005990547 -5.216004e-05 -0.0001737285 1.0 -0.0003194098
0.9999998 -0.0006399663 -6.306031e-05 -0.007104889 0.0006399702 0.9999998 6.082515e-05 0.006079904 6.302137e-05 -6.08655e-05 1.0 -0.000612966
0.9999996 -0.0008508668 6.066726e-05 -0.00814399 0.0008508725 0.9999995 -9.314727e-05 0.006280445 -6.058798e-05 9.319885e-05 1.0 -0.003200642
0.9999998 -0.0006287709 -4.938649e-05 -0.01283933 0.0006287698 0.9999998 -2.07817e-05 0.003147939 4.939955e-05 2.075065e-05 1.0 -0.0009455714
0.9999998 -0.0006226585 7.714629e-05 -0.006610943 0.0006226536 0.9999998 6.343584e-05 0.006503672 -7.718577e-05 -6.338779e-05 1.0 -0.001795324
0.9999997 -0.0007518258 -7.306279e-05 -0.009829704 0.0007518359 0.9999998 0.0001393337 0.006528347 7.295801e-05 -0.0001393886 1.0 -0.0002244423
0.9999998 -0.0006678437 -3.772869e-05 -0.01293641 0.0006678403 0.9999998 -8.938467e-05 0.007233067 3.778837e-05 8.935946e-05 1.0 -0.0006450473
0.9999995 -0.001042339 8.374101e-05 -0.00504943 0.001042348 0.9999995 -0.0001116132 0.005244334 -8.362463e-05 0.0001117004 1.0 -0.002568602
0.9999998 -0.0006925975 0.0001004891 -0.004341285 0.0006925929 0.9999998 4.631315e-05 0.01123782 -0.0001005212 -4.624355e-05 1.0 -0.00287673
0.9999997 -0.0007425419 -2.454251e-05 -0.009946405 0.0007425454 0.9999998 0.000143263 0.00878322 2.443612e-05 -0.0001432812 1.0 1.392645e-05
0.9999997 -0.0007363724 -2.157867e-08 -0.006206222 0.0007363724 0.9999998 6.520794e-05 0.007830651 -2.643867e-08 -6.520794e-05 1.0 -0.001320867
0.9999998 -0.0006343909 3.914415e-05 -0.01397257 0.0006343921 0.9999998 -3.078477e-05 0.007435915 -3.912461e-05 3.08096e-05 1.0 -0.0009607192
0.9999997 -0.0007531222 4.693181e-05 -0.007962842 0.0007531222 0.9999998 -5.434609e-07 0.01085471 -4.693139e-05 5.788062e-07 1.0 -0.001457647
0.9999994 -0.001090995 0.0001175328 -0.01169004 0.001091015 0.9999993 -0.0001708488 0.01617311 -0.0001173464 0.0001709769 1.0 -0.0001895201
0.9999998 -0.0006402088 7.763546e-06 -0.008640966 0.0006402081 0.9999998 8.391104e-05 0.008749286 -7.817264e-06 -8.390605e-05 1.0 -0.00185269
0.9999997 -0.0007958845 -5.571436e-05 -0.01480572 0.0007958846 0.9999998 2.4688e-06 0.008800086 5.571239e-05 -2.513141e-06 1.0 0.001128181
0.9999999 -0.0003223197 3.094459e-05 -0.009786522 0.0003223175 1.0 7.238325e-05 -0.002092885 -3.096792e-05 -7.237327e-05 1.0 -0.003214632
0.9999997 -0.0007425443 -1.35966e-05 -0.007400999 0.0007425448 0.9999998 3.053686e-05 0.008867704 1.357392e-05 -3.054694e-05 1.0 0.000522094
0.9999999 -0.0003890079 -3.8319e-06 -0.007623416 0.0003890077 1.0 -3.085084e-05 0.004800404 3.843901e-06 3.084935e-05 1.0 -0.002524787
0.9999997 -0.000784419 6.407077e-05 -0.002494653 0.0007844102 0.9999998 0.0001369027 0.01339969 -6.417814e-05 -0.0001368524 1.0 0.001406332
0.9999999 -0.000435068 3.869311e-05 -0.007973768 0.0004350679 1.0 3.504602e-06 0.01067663 -3.869463e-05 -3.487768e-06 1.0 -0.002583196
0.9999998 -0.0006267542 0.0001501019 -0.00966378 0.0006267242 0.9999998 0.0002003721 0.00955797 -0.0001502275 -0.000200278 0.9999999 -0.001590835
0.9999997 -0.0007537152 -2.892385e-05 -0.004996698 0.0007537164 0.9999998 4.604008e-05 0.007079563 2.888914e-05 -4.606186e-05 1.0 -0.001692611
0.9999998 -0.0005889949 8.675923e-05 -0.01124829 0.0005889898 0.9999998 5.855825e-05 0.005700122 -8.679371e-05 -5.850714e-05 1.0 0.0004890803
0.9999998 -0.0006937828 -6.738443e-05 -0.01049514 0.0006937787 0.9999998 -6.010295e-05 0.00618793 6.742611e-05 6.005619e-05 1.0 -0.001243587
0.9999998 -0.0005895808 1.819776e-05 -0.009075498 0.0005895787 0.9999998 0.000113602 0.0009782655 -1.826474e-05 -0.0001135913 1.0 -0.000799319
0.9999997 -0.0007812065 -1.759367e-05 -0.01415948 0.0007812057 0.9999998 -4.372842e-05 0.006770349 1.762783e-05 4.371466e-05 1.0 -0.0007900023
0.9999996 -0.0008250134 3.441159e-05 -0.005810964 0.0008250112 0.9999998 6.504225e-05 0.007423358 -3.446524e-05 -6.501385e-05 1.0 -0.00276093
0.9999998 -0.0006634032 1.621772e-05 -0.003381331 0.0006634044 0.9999998 -7.337834e-05 0.01442706 -1.616904e-05 7.338908e-05 1.0 0.0004553943
0.9999997 -0.000750274 -1.116795e-05 -0.01278547 0.0007502745 0.9999998 4.357532e-05 0.001342462 1.113525e-05 -4.358368e-05 1.0 -0.0006292326
0.9999998 -0.0006004648 -8.026025e-05 -0.01348865 0.0006004595 0.9999998 -6.458311e-05 0.007550754 8.029902e-05 6.45349e-05 1.0 0.001148483
0.9999998 -0.0006932813 6.386078e-05 -0.01051795 0.0006932846 0.9999998 -5.11854e-05 0.005530272 -6.382527e-05 5.122966e-05 1.0 -0.00181547
0.9999998 -0.0005632296 2.206149e-05 -0.01312661 0.0005632277 0.9999998 8.332785e-05 0.004571379 -2.210842e-05 -8.331541e-05 1.0 3.994502e-05
0.9999995 -0.0009466227 -4.229531e-05 -0.01306177 0.0009466243 0.9999995 3.828603e-05 0.003313577 4.225905e-05 -3.832605e-05 1.0 -0.002419484
0.9999998 -0.0006926032 1.1982e-05 -0.005975953 0.0006926031 0.9999998 1.109704e-05 0.008527418 -1.198968e-05 -1.108874e-05 1.0 0.0001868179
0.9999998 -0.0006467988 -4.118618e-06 -0.004844781 0.0006467983 0.9999998 -0.0001152891 0.007963477 4.193186e-06 0.0001152864 1.0 -0.001061163
0.9999997 -0.0007436626 -6.069705e-05 -0.009019608 0.000743678 0.9999998 0.0002527544 0.006605578 6.050907e-05 -0.0002527995 0.9999999 0.0006911356
0.9999997 -0.0007506699 -4.533955e-05 -0.007419401 0.0007506726 0.9999998 5.983701e-05 0.008161495 4.529462e-05 -5.987103e-05 1.0 -0.002185651
0.9999995 -0.0009757825 -8.009873e-05 -0.008352592 0.0009757787 0.9999995 -4.624791e-05 0.005759528 8.014382e-05 4.616973e-05 1.0 0.001202557
0.9999998 -0.0006656518 -2.926483e-05 -0.01181452 0.0006656525 0.9999998 2.52611e-05 0.005940508 2.924801e-05 -2.528057e-05 1.0 -0.0005344956
0.9999998 -0.000639631 -8.859271e-05 -0.01243898 0.0006396394 0.9999998 9.456803e-05 -0.004100489 8.85322e-05 -9.462468e-05 1.0 -0.0001551344
0.9999999 -0.0005026296 -3.234587e-05 -0.009900961 0.0005026329 0.9999998 0.0001052447 0.006560828 3.229296e-05 -0.000105261 1.0 -0.001707697
0.9999996 -0.0008263516 9.694942e-05 -0.00609275 0.0008263378 0.9999998 0.0001418767 0.006815587 -9.706662e-05 -0.0001417965 1.0 -1.138589e-05
0.9999998 -0.0006991073 -3.762148e-05 -0.009757514 0.0006991045 0.9999998 -7.440295e-05 0.005757647 3.767349e-05 7.437662e-05 1.0 -2.465729e-05
0.9999998 -0.0006138783 2.850613e-05 -0.01248298 0.0006138771 0.9999998 3.988577e-05 0.006020743 -2.853061e-05 -3.986826e-05 1.0 -0.0008861179
0.9999999 -0.0004985509 -0.0001024562 -0.008901545 0.0004985598 0.9999998 8.795923e-05 -0.0001447372 0.0001024124 -8.80103e-05 1.0 -0.002273709
0.9999999 -0.0004049865 -7.771514e-05 -0.01358779 0.0004049995 1.0 0.0001671136 -0.002146697 7.764746e-05 -0.000167145 1.0 -0.0004536625
0.9999999 -0.0004152424 -6.595602e-05 -0.009734762 0.0004152399 1.0 -3.666678e-05 0.002957855 6.597125e-05 3.663939e-05 1.0 -0.000818688
0.9999998 -0.0005734119 4.060704e-05 -0.01042057 0.0005734168 0.9999998 -0.0001217962 0.006038147 -4.053719e-05 0.0001218195 1.0 -0.0007557662
0.9999999 -0.0003819514 -0.0001519539 -0.01046161 0.0003819641 1.0 8.395054e-05 0.001509074 0.0001519218 -8.400858e-05 1.0 -0.001074741
0.9999999 -0.0004750259 -8.441443e-06 -0.01548666 0.0004750268 1.0 0.0001039611 0.002995269 8.392058e-06 -0.0001039651 1.0 0.0004635659
0.9999999 -0.0004921678 -0.000139606 -0.01422241 0.0004921745 0.9999998 4.828751e-05 0.001280429 0.0001395823 -4.835621e-05 1.0 -0.001266355
0.9999999 -0.0005083421 -0.0001027968 -0.008998175 0.0005083522 0.9999998 9.854858e-05 0.00346561 0.0001027467 -9.860082e-05 1.0 -0.0003616957
0.9999999 -0.0004930383 -8.228937e-05 -0.01323961 0.0004930396 0.9999998 1.593216e-05 0.00126064 8.228151e-05 -1.597274e-05 1.0 -0.001082717
0.9999996 -0.0008336758 7.103712e-05 -0.01209958 0.0008336836 0.9999998 -0.0001101388 0.008505616 -7.094527e-05 0.000110198 1.0 -0.0004505896
0.9999998 -0.0006301141 -8.973556e-05 -0.01390275 0.0006301135 0.9999998 -6.713516e-06 0.006795887 8.973976e-05 6.656971e-06 1.0 -0.001605002
0.9999998 -0.0006324367 8.356499e-05 -0.01478306 0.0006324471 0.9999998 -0.000124942 0.00696632 -8.348596e-05 0.0001249948 1.0 -0.00155896
0.9999999 -0.0004110723 -9.240035e-05 -0.01148592 0.0004110736 1.0 1.37005e-05 0.0001638228 9.239471e-05 -1.373848e-05 1.0 -0.001364028
0.9999998 -0.000605756 4.149868e-06 -0.009959758 0.000605756 0.9999998 9.013089e-06 -0.0009151773 -4.155327e-06 -9.010573e-06 1.0 -0.001467094
0.9999999 -0.0004678859 -0.0001656526 -0.01295478 0.0004679027 0.9999998 0.0001018457 -0.0003038052 0.0001656049 -0.0001019232 1.0 -0.0001341322
0.9999998 -0.0005556603 2.829843e-06 -0.01651257 0.0005556605 0.9999998 -3.471841e-05 0.00310248 -2.810551e-06 3.471997e-05 1.0 -0.002212456
0.9999998 -0.0005694645 -0.0002021235 -0.01514603 0.0005694602 0.9999998 -2.118179e-05 0.003329505 0.0002021355 2.106668e-05 1.0 0.001574798
1.0 -0.0001699787 -7.127592e-05 -0.01365556 0.000169997 1.0 0.0002569834 -0.005932142 7.123224e-05 -0.0002569956 0.9999999 9.489652e-05
0.9999997 -0.0007921142 -1.665222e-05 -0.01143066 0.0007921157 0.9999998 8.968107e-05 0.007547307 1.658118e-05 -8.969424e-05 1.0 0.0004129206
0.9999999 -0.000521779 3.489222e-05 -0.01044089 0.0005217775 0.9999998 4.405509e-05 0.002546409 -3.49152e-05 -4.403687e-05 1.0 -0.003113999
0.9999998 -0.0006312782 8.980008e-06 -0.01280168 0.0006312762 0.9999998 0.0002193532 0.007291138 -9.118478e-06 -0.0002193475 1.0 0.0005420037
0.9999998 -0.000726085 1.79399e-05 -0.00789909 0.0007260838 0.9999998 6.266624e-05 0.005797195 -1.798539e-05 -6.26532e-05 1.0 -0.001888369
0.9999998 -0.0006643048 -3.290729e-05 -0.01312341 0.000664312 0.9999998 0.0002189686 0.006288974 3.276182e-05 -0.0002189904 1.0 -7.759647e-05
0.9999996 -0.0008314144 -2.636945e-06 -0.007878844 0.0008314141 0.9999998 -8.163823e-05 0.005400875 2.704819e-06 8.1636e-05 1.0 -0.002265144
0.9999998 -0.0005310189 -0.0001831209 -0.01109759 0.0005310379 0.9999998 0.0001034437 0.00535216 0.0001830659 -0.0001035409 1.0 0.0008669692
0.9999997 -0.0007544086 -6.938595e-05 -0.008359188 0.0007544167 0.9999998 0.000118136 0.01078583 6.92968e-05 -0.0001181883 1.0 -0.001080843
0.9999997 -0.0007967803 -3.331115e-05 -0.003932947 0.0007967863 0.9999998 0.0001778357 0.01061001 3.316944e-05 -0.0001778622 1.0 0.001570376
0.9999996 -0.0008794674 5.992416e-06 -0.009569924 0.0008794678 0.9999995 -5.974216e-05 0.009031655 -5.939873e-06 5.974741e-05 1.0 -0.002606298
0.9999996 -0.0008766738 -5.230153e-05 -0.01215868 0.0008766731 0.9999995 -1.242549e-05 0.002716316 5.23124e-05 1.237964e-05 1.0 0.0003372911
0.9999999 -0.0005182128 -2.094279e-05 -0.01228208 0.0005182156 0.9999998 0.0001312192 0.006962962 2.087479e-05 -0.00013123 1.0 -0.001315142
0.9999999 -0.0004051406 1.071977e-05 -0.01305047 0.0004051396 1.0 8.87123e-05 -0.003179481 -1.075571e-05 -8.870795e-05 1.0 0.0008403784
0.9999999 -0.0005352947 1.271308e-05 -0.01249678 0.0005352953 0.9999998 -4.796774e-05 0.001089004 -1.26874e-05 4.797453e-05 1.0 -0.001862568
0.9999998 -0.0006015894 6.011724e-05 -0.005691361 0.0006015854 0.9999998 6.577543e-05 0.0002823373 -6.01568e-05 -6.573925e-05 1.0 0.0002529187
0.9999999 -0.0004914124 0.0001265337 -0.01423036 0.0004913973 0.9999998 0.0001196141 0.002003383 -0.0001265925 -0.0001195519 1.0 -0.001658209
0.9999998 -0.0006537887 0.0001349698 -0.008734447 0.0006538013 0.9999998 -9.318291e-05 0.003973957 -0.0001349088 9.327114e-05 1.0 -0.00101873
0.9999998 -0.0007159804 9.672243e-05 -0.01069108 0.0007159851 0.9999998 -4.765169e-05 -0.0005517061 -9.668829e-05 4.772093e-05 1.0 -0.002349893
0.9999999 -0.0004479826 0.0001957334 -0.008645569 0.0004479753 0.9999998 3.723506e-05 0.004803687 -0.0001957501 -3.714737e-05 1.0 -3.282276e-05
0.9999996 -0.0008678871 8.301032e-05 -0.009357497 0.0008678796 0.9999995 8.932823e-05 3.34166e-05 -8.308781e-05 -8.925616e-05 1.0 -0.001300288
0.9999998 -0.0005744064 0.0002196496 -0.009922953 0.0005744035 0.9999998 1.326537e-05 -0.0007485075 -0.0002196572 -1.31392e-05 1.0 -0.000173724
0.9999998 -0.0006675359 0.0001159723 -0.00854287 0.0006675617 0.9999998 -0.0002221772 0.003369577 -0.000115824 0.0002222546 0.9999999 -0.0006521252
0.9999999 -0.0004030618 0.0003096115 -0.0158348 0.0004031223 0.9999998 -0.0001953525 -0.001379663 -0.0003095327 0.0001954773 0.9999999 -0.001723444
0.9999998 -0.0006368799 0.0002214012 -0.01101573 0.0006369163 0.9999998 -0.0001641799 0.004505804 -0.0002212967 0.0001643208 0.9999999 -0.001191557
0.9999999 -0.0004425069 0.0002405472 -0.01369963 0.0004425308 0.9999998 -9.909965e-05 -0.005453282 -0.0002405033 9.920608e-05 0.9999999 -0.0007074366
0.9999998 -0.0005337661 0.000133018 -0.01562311 0.0005337854 0.9999998 -0.0001452998 -0.003331736 -0.0001329404 0.0001453708 1.0 0.001296947
0.9999998 -0.0006445852 0.0003300546 -0.007963375 0.0006445758 0.9999998 2.859609e-05 0.004197626 -0.0003300729 -2.838334e-05 0.9999999 -0.001608644
0.9999998 -0.0006441334 0.0002210853 -0.007776925 0.0006441606 0.9999998 -0.0001230781 0.01038501 -0.000221006 0.0001232204 0.9999999 -0.0004794273
0.9999998 -0.0006311631 0.0003646613 -0.01032443 0.0006312141 0.9999999 -0.0001396227 0.005455283 -0.0003645731 0.0001398529 0.9999999 -0.003180671
0.9999996 -0.0007776886 0.0002271459 -0.007063435 0.0007776906 0.9999998 -8.819969e-06 0.004935576 -0.0002271389 8.996614e-06 1.0 4.898929e-05
0.9999998 -0.0006699236 0.0002666759 -0.006557559 0.0006699491 0.9999998 -9.571991e-05 4.388925e-05 -0.0002666117 9.589855e-05 0.9999999 -0.001987886
0.9999998 -0.0006408751 0.0001639958 -0.008006533 0.0006408899 0.9999998 -9.00823e-05 -0.001287174 -0.000163938 9.018738e-05 1.0 -0.0007353364
0.9999996 -0.0008897497 0.0001565944 -0.006871353 0.0008897647 0.9999995 -9.602546e-05 0.001279636 -0.0001565088 9.616475e-05 1.0 0.0004880369
0.9999998 -0.0005759844 0.0002356439 -0.007973318 0.0005759847 0.9999998 -7.682193e-07 0.004457352 -0.0002356434 9.039463e-07 1.0 -0.0004099061
0.9999999 -0.0004796846 0.0002600844 -0.01154844 0.0004797094 0.9999998 -9.499601e-05 -0.0001569503 -0.0002600388 9.512076e-05 0.9999999 -0.001832847
0.9999998 -0.0005344733 0.0002496842 -0.01034453 0.0005344684 0.9999998 1.985212e-05 0.00405704 -0.0002496948 -1.971866e-05 0.9999999 -0.0008151082
0.9999998 -0.0005229854 0.000284597 -0.003691247 0.0005230044 0.9999998 -6.647595e-05 0.0002322974 -0.0002845622 6.662479e-05 0.9999999 -0.001668196
0.9999998 -0.0006043941 0.0002870483 -0.007955361 0.0006043709 0.9999998 8.059276e-05 0.004718275 -0.000287097 -8.041926e-05 0.9999999 -0.001794046
0.9999997 -0.0006993532 0.0003213429 -0.01150987 0.0006993146 0.9999998 0.000119948 0.001004434 -0.0003214267 -0.0001197233 0.9999999 -0.001332432
0.9999997 -0.0007135898 0.0003505835 -0.01376856 0.0007135984 0.9999999 -2.441069e-05 0.004706344 -0.000350566 2.466086e-05 0.9999999 -0.0008685399
0.9999997 -0.0007458384 0.0002544253 -0.009554975 0.0007458626 0.9999998 -9.515946e-05 0.002712424 -0.0002543543 9.53492e-05 0.9999999 -0.001338943
0.9999997 -0.0007001916 0.0002767438 -0.009687508 0.0007002489 0.9999998 -0.0002069809 0.003484394 -0.0002765988 0.0002071746 0.9999999 6.695472e-05
0.9999996 -0.0008655796 0.0002450532 -0.007336291 0.0008655911 0.9999995 -4.710843e-05 0.004818691 -0.0002450123 4.732053e-05 0.9999999 -0.001176509
0.9999999 -0.000470797 0.0002646111 -0.009891845 0.000470779 0.9999998 6.795567e-05 0.0009156262 -0.0002646431 -6.783109e-05 0.9999999 -6.009638e-05
0.9999999 -0.0003296611 0.0002693804 -0.01005468 0.0003296882 1.0 -0.0001005384 0.003865443 -0.0002693472 0.0001006272 0.9999999 -0.003076623
0.9999996 -0.0007675879 0.0002841991 -0.01201515 0.0007676331 0.9999998 -0.0001588806 0.003721017 -0.0002840771 0.0001590988 0.9999999 -0.0009357203
0.9999996 -0.0007606231 0.0002926692 -0.007141334 0.0007606813 0.9999998 -0.0001990136 0.007489921 -0.0002925177 0.0001992361 0.9999999 -0.001524777
0.9999998 -0.0006397436 0.0002998931 -0.01351237 0.0006397396 0.9999998 1.329923e-05 0.008703157 -0.0002999015 -1.310737e-05 0.9999999 0.0005494449
0.9999996 -0.000802481 0.0001979566 -0.006045086 0.0008025079 0.9999998 -0.0001360992 0.006433138 -0.0001978473 0.0001362581 1.0 -0.002054443
0.9999996 -0.0008079599 0.0002521175 -0.007369221 0.0008079744 0.9999995 -5.717082e-05 0.006262418 -0.0002520713 5.73745e-05 0.9999999 0.000730958
0.9999996 -0.0008760905 0.0001582034 -0.008005906 0.0008761127 0.9999995 -0.0001406846 0.005025552 -0.00015808 0.0001408232 1.0 -0.0005752221
0.9999998 -0.0005712278 0.000312847 -0.006638035 0.000571205 0.9999998 7.318653e-05 0.002606288 -0.0003128887 -7.300782e-05 0.9999999 0.0001156951
0.9999998 -0.0005946525 0.0001801538 -0.002805879 0.0005946691 0.9999998 -9.142443e-05 0.0001402399 -0.0001800995 9.153155e-05 1.0 -0.002568608
0.9999999 -0.0004121761 0.0001984402 -0.002680753 0.000412193 1.0 -8.488739e-05 0.0005262097 -0.0001984052 8.496917e-05 1.0 0.002532249
0.9999998 -0.0005404116 0.0001839884 -0.005687737 0.0005404243 0.9999998 -6.875604e-05 0.0001556538 -0.0001839513 6.885546e-05 1.0 -0.0006449336
0.9999999 -0.0004505535 0.0003013014 -0.009735593 0.0004505233 0.9999998 0.0001002798 -0.001560834 -0.0003013466 -0.000100144 0.9999999 -0.000753561
0.9999998 -0.0005542602 0.0002567631 -0.008043361 0.00055427 0.9999998 -3.816736e-05 0.0009364375 -0.0002567419 3.830967e-05 0.9999999 -0.001611875
0.9999995 -0.0008881839 0.0003603381 -0.006342589 0.0008882224 0.9999996 -0.0001068662 0.006959232 -0.0003602431 0.0001071862 0.9999999 -0.0009540239
0.9999998 -0.0005812815 0.000249501 -0.006858826 0.000581344 0.9999998 -0.0002505685 0.003349902 -0.0002493553 0.0002507135 0.9999999 -0.002300709
0.9999996 -0.0008165576 0.0003549791 -0.00112265 0.0008165546 0.9999996 8.55306e-06 0.008478053 -0.000354986 -8.263197e-06 0.9999999 -0.002128185
0.9999997 -0.0007554176 0.000191121 -0.007119433 0.000755452 0.9999998 -0.0001801672 0.007760516 -0.0001909849 0.0001803115 0.9999999 -0.0001649491
0.9999997 -0.0006994458 0.0002767858 -0.00571231 0.000699477 0.9999998 -0.0001125799 0.002896548 -0.000276707 0.0001127735 0.9999999 -0.0003237472
0.9999993 -0.001127209 0.0002219141 -0.005364894 0.001127255 0.9999993 -0.0002062513 0.006972051 -0.0002216814 0.0002065013 0.9999999 -0.0006275812
0.9999998 -0.0005909633 0.0003402604 -0.004305606 0.0005909684 0.9999998 -1.500174e-05 0.004404342 -0.0003402515 1.520282e-05 0.9999999 -0.002199793
0.9999996 -0.0008290771 0.0002279471 -0.01278419 0.0008290852 0.9999995 -3.577083e-05 0.007526938 -0.0002279174 3.59598e-05 1.0 0.0007405859
0.9999999 -0.000498172 0.0002204262 -0.01353739 0.0004982123 0.9999998 -0.0001828327 -0.002013915 -0.0002203351 0.0001829425 0.9999999 -0.0002914966
0.9999998 -0.0005929331 0.0001790554 -0.01017436 0.0005929527 0.9999998 -0.0001088747 0.0001659788 -0.0001789908 0.0001089808 1.0 0.0005045434
0.9999998 -0.0006408172 0.0002641268 -0.01469848 0.0006407954 0.9999998 8.237446e-05 0.002532876 -0.0002641795 -8.220519e-05 0.9999999 -0.00156667
0.9999998 -0.0006070015 6.118142e-05 -0.006185488 0.0006070049 0.9999998 -5.548455e-05 0.00419833 -6.114773e-05 5.552168e-05 1.0 0.0009343267
0.9999998 -0.0004336863 0.0003409299 -0.01040818 0.0004337219 0.9999998 -0.0001041815 0.00665937 -0.0003408847 0.0001043293 0.9999999 -0.001259773
0.9999996 -0.0008317998 0.0002740677 -0.008424611 0.0008318466 0.9999995 -0.0001707846 1.716467e-05 -0.0002739255 0.0001710125 0.9999999 -0.0008164872
0.9999998 -0.0006835104 0.0002623988 -0.009927256 0.0006835581 0.9999998 -0.0001812556 -0.001335198 -0.0002622748 0.0001814349 0.9999999 -0.00347307
0.9999998 -0.0004353852 0.0003427644 -0.007920867 0.0004354332 0.9999998 -0.0001398632 0.007412489 -0.0003427034 0.0001400124 0.9999999 -0.0006739172
0.9999996 -0.0008468616 0.0002113219 -0.008892206 0.0008468601 0.9999995 6.990051e-06 0.001962939 -0.0002113278 -6.811088e-06 1.0 -0.001759409
0.9999997 -0.0007359367 0.0002455646 -0.007399537 0.0007359637 0.9999998 -0.0001101415 0.003540067 -0.0002454834 0.0001103222 0.9999999 0.001084854
0.9999997 -0.0007567135 0.0001955487 -0.006871853 0.0007567659 0.9999998 -0.0002677816 0.005628554 -0.000195346 0.0002679295 0.9999999 -0.002990773
0.9999998 -0.000613092 0.0002518891 -0.006606183 0.0006130963 0.9999998 -1.682693e-05 0.001720043 -0.0002518787 1.698136e-05 0.9999999 0.0003038852
0.9999996 -0.0008541209 0.0001891807 -0.008860198 0.0008541605 0.9999995 -0.0002092779 0.005659249 -0.0001890019 0.0002094394 0.9999999 -0.001926786
0.9999994 -0.001009586 0.000361369 -0.006082593 0.001009626 0.9999996 -0.0001112562 0.01136246 -0.0003612565 0.000111621 0.9999999 -0.001765438
0.9999999 -0.000495923 0.0001258335 -0.003770717 0.0004959289 0.9999998 -4.599361e-05 0.002877477 -0.0001258107 4.605601e-05 1.0 -0.001126922
0.9999996 -0.0007551573 0.0003106563 -0.004641248 0.0007552047 0.9999998 -0.0001525583 0.009571729 -0.000310541 0.0001527928 0.9999999 -0.001634509
0.9999996 -0.0007809017 0.0002359451 -0.009449787 0.0007809362 0.9999998 -0.0001461024 0.001116362 -0.0002358309 0.0001462866 0.9999999 7.066355e-05
0.9999998 -0.0006850147 0.0002122888 -0.009770024 0.0006849854 0.9999998 0.0001383939 0.002367185 -0.0002123835 -0.0001382484 0.9999999 -0.0006686636
0.9999996 -0.0008104738 0.0001787102 -0.001870457 0.0008104993 0.9999998 -0.0001428946 0.006565802 -0.0001785943 0.0001430394 1.0 -0.001295474
0.9999998 -0.0005445957 0.0002713563 -0.00504986 0.0005445794 0.9999998 6.023151e-05 -0.0001232461 -0.0002713891 -6.008372e-05 0.9999999 -0.0005410888
0.9999997 -0.0007419692 0.0002321785 -0.007448238 0.000742002 0.9999998 -0.0001413998 0.006560454 -0.0002320735 0.0001415721 0.9999999 -0.0008659838
0.9999998 -0.0006338225 0.0002552478 -0.004647316 0.0006338463 0.9999998 -9.34761e-05 0.003365448 -0.0002551884 9.363786e-05 0.9999999 -0.001790997
0.9999998 -0.0006533028 0.0002974216 -0.00259155 0.0006533453 0.9999998 -0.0001426453 0.009399531 -0.0002973284 0.0001428396 0.9999999 -0.002189463
0.9999996 -0.0007848053 0.0002740938 -0.003542794 0.0007848408 0.9999998 -0.0001294549 0.008152279 -0.0002739921 0.00012967 0.9999999 0.0008648086
0.9999998 -0.0005711372 0.0002035427 -0.006016721 0.000571134 0.9999998 1.576055e-05 0.001131163 -0.0002035517 -1.56443e-05 1.0 -0.001215393
0.9999997 -0.0006737642 0.0002983857 -0.004523928 0.0006737657 0.9999998 -4.87496e-06 0.004926788 -0.0002983823 5.076001e-06 0.9999999 -0.001859081
0.9999997 -0.0007672072 0.0002429523 -0.005846663 0.0007672529 0.9999998 -0.0001883565 0.007740688 -0.0002428077 0.0001885429 0.9999999 -0.001952238
0.9999999 -0.0004786343 0.0002507447 -0.006112434 0.0004786606 0.9999998 -0.0001047251 -0.004143574 -0.0002506945 0.0001048451 0.9999999 -0.001178999
0.9999995 -0.0009908865 0.0002975491 -0.007701357 0.0009909002 0.9999995 -4.633756e-05 0.007806113 -0.0002975031 4.663238e-05 0.9999999 -0.001625605
0.9999993 -0.001129395 0.0003130256 -0.01121236 0.001129477 0.9999993 -0.0002619649 0.00575688 -0.0003127295 0.0002623183 0.9999999 -0.00148696
0.9999999 -0.0003530068 0.0002055099 -0.00965907 0.0003530673 0.9999998 -0.0002947035 0.003592962 -0.0002054059 0.000294776 0.9999999 -0.001023857
0.9999998 -0.00058938 0.0001545766 -0.007517334 0.0005894128 0.9999998 -0.0002117833 -0.002414686 -0.0001544517 0.0002118743 0.9999999 -0.0002878595
0.9999998 -0.0007161503 9.740187e-05 -0.01390144 0.0007161755 0.9999998 -0.000258462 0.002458305 -9.721674e-05 0.0002585317 0.9999999 -0.001130465
0.9999996 -0.0008854741 0.0002420334 -0.007623647 0.0008855301 0.9999995 -0.0002314777 0.006855655 -0.0002418283 0.000231692 0.9999999 -0.0015071
0.9999998 -0.000533663 0.0002416886 -0.008794566 0.0005336702 0.9999998 -3.002612e-05 0.009456501 -0.0002416726 3.01551e-05 1.0 -7.855156e-05
0.9999998 -0.0006128097 0.0003677516 -0.01401549 0.0006128282 0.9999999 -5.018853e-05 0.00127846 -0.0003677208 5.041389e-05 0.9999999 -0.002518832
0.9999997 -0.0007306574 0.0001221254 -0.00779969 0.0007306527 0.9999998 3.856431e-05 0.004612632 -0.0001221535 -3.847507e-05 1.0 0.0007519277
0.9999996 -0.0008930684 0.0002187159 0.001177826 0.0008931208 0.9999995 -0.0002394338 0.007160171 -0.000218502 0.000239629 0.9999999 -0.001891722
0.9999998 -0.0006867028 0.0002499481 -0.01050615 0.0006867255 0.9999998 -9.077565e-05 0.004920501 -0.0002498857 9.094727e-05 0.9999999 -0.001567457
0.9999997 -0.0007194306 0.0002865934 -0.003452684 0.0007194574 0.9999998 -9.343479e-05 0.002999586 -0.0002865261 9.364095e-05 0.9999999 -0.001235233
0.9999996 -0.000885861 0.0001643087 -0.007936778 0.0008858701 0.9999995 -5.53363e-05 0.006336521 -0.0001642596 5.548183e-05 1.0 -0.0003578528
0.9999998 -0.0006772255 0.000253699 -0.004896018 0.0006772649 0.9999998 -0.0001556766 0.0018366 -0.0002535935 0.0001558484 0.9999999 -0.004270675
0.9999995 -0.0009963285 0.0002670818 -0.005178763 0.0009963497 0.9999995 -7.883038e-05 0.009231574 -0.0002670031 7.909645e-05 0.9999999 0.001160161
0.9999997 -0.0007673567 0.0001725178 -0.003555035 0.0007673999 0.9999998 -0.0002506589 0.005105105 -0.0001723254 0.0002507912 0.9999999 -0.002279351
0.9999997 -0.0007455955 0.0001483948 -0.004451881 0.0007456124 0.9999998 -0.0001138356 0.003895976 -0.0001483098 0.0001139463 1.0 0.001136021
0.9999996 -0.0008793888 0.0001555041 -0.003531279 0.0008794363 0.9999995 -0.0003055467 0.004170158 -0.0001552354 0.0003056833 0.9999999 -0.002611276
0.9999998 -0.0005635364 0.0002645411 -0.005889057 0.0005635037 0.9999998 0.0001238117 0.002557273 -0.0002646108 -0.0001236626 0.9999999 0.001248192
0.9999999 -0.0003816067 8.531448e-05 -0.004432841 0.0003816164 1.0 -0.0001141498 0.0003534506 -8.527091e-05 0.0001141823 1.0 -0.002429396
0.9999997 -0.0007333948 0.0002183276 -0.007050116 0.0007334129 0.9999998 -8.29003e-05 0.001869769 -0.0002182668 8.30604e-05 1.0 0.0003485456
0.9999996 -0.0008946121 0.0002105913 -0.005016584 0.0008946556 0.9999995 -0.0002068287 0.008893839 -0.0002104062 0.000207017 0.9999999 -0.00403917
0.9999996 -0.0008499547 0.0003125985 -0.001856214 0.0008499995 0.9999995 -0.0001431507 0.008469741 -0.0003124768 0.0001434164 0.9999999 -0.0005422934
0.9999996 -0.0009055703 5.115791e-06 -0.007466823 0.0009055707 0.9999995 -8.494361e-05 0.004402444 -5.038867e-06 8.494821e-05 1.0 -0.0009715485
0.9999996 -0.0008604892 0.0003120837 -0.007943771 0.0008605338 0.9999995 -0.0001426337 0.006679578 -0.0003119608 0.0001429022 0.9999999 -0.001212204
0.9999996 -0.000862938 7.982099e-05 -0.004294779 0.00086295 0.9999995 -0.0001499608 0.008359664 -7.969155e-05 0.0001500296 1.0 -0.00231657
0.9999996 -0.0008274378 0.0001695053 -0.002428089 0.0008274285 0.9999995 5.511679e-05 0.00761725 -0.0001695509 -5.497651e-05 1.0 0.0002586796
0.9999995 -0.0009761856 5.234907e-05 -0.007394973 0.0009761941 0.9999995 -0.0001616763 0.00579401 -5.219122e-05 0.0001617274 1.0 -0.001736559
0.9999996 -0.0009342469 0.0001220722 -0.01100587 0.000934244 0.9999995 2.359437e-05 0.008590462 -0.0001220942 -2.348032e-05 1.0 -0.0001873234
0.9999998 -0.000670465 3.067985e-05 -0.007253317 0.0006704693 0.9999998 -0.0001397348 0.007980845 -3.058616e-05 0.0001397554 1.0 -0.001030868
0.9999999 -0.0005048725 5.400657e-05 -0.0103564 0.0005048609 0.9999998 0.0002154989 0.006732545 -5.411536e-05 -0.0002154716 1.0 -0.0006962341
0.9999998 -0.0006873807 -5.811722e-05 -0.009427325 0.0006873721 0.9999998 -0.0001481593 0.003304055 5.821904e-05 0.0001481193 1.0 -0.0007820317
0.9999996 -0.0008387185 -2.225954e-05 -0.01077218 0.0008387194 0.9999998 4.216505e-05 0.007816015 2.222417e-05 -4.21837e-05 1.0 -0.0007599346
0.9999999 -0.0005281316 -0.0001088609 -0.006580073 0.0005281334 0.9999998 1.71487e-05 0.004078251 0.0001088518 -1.720619e-05 1.0 0.000588238
0.9999999 -0.0004322605 6.924675e-06 -0.007579172 0.00043226 1.0 6.686468e-05 0.007524782 -6.953577e-06 -6.686168e-05 1.0 0.0004159752
0.9999998 -0.0005931355 -6.577789e-05 -0.007757104 0.0005931306 0.9999998 -7.491075e-05 0.005728548 6.582231e-05 7.487172e-05 1.0 -0.001404716
0.9999999 -0.0004048959 5.148102e-05 -0.01152676 0.0004048966 1.0 -1.336228e-05 0.003057424 -5.14756e-05 1.338313e-05 1.0 -0.0003995517
0.9999999 -0.0004870296 -0.0001152424 -0.007171868 0.0004870053 0.9999998 -0.0002109458 0.006146621 0.0001153452 0.0002108896 1.0 0.0001019824
0.9999999 -0.0004792291 8.600339e-05 -0.003262305 0.0004792286 1.0 6.683315e-06 0.01201879 -8.600658e-05 -6.642099e-06 1.0 -0.002527497
0.9999996 -0.0009361216 -0.0001178189 -0.005878807 0.000936123 0.9999995 1.139875e-05 0.008051469 0.0001178081 -1.150904e-05 1.0 0.0004820738
0.9999996 -0.0008651527 9.879476e-05 -0.008162111 0.0008651573 0.9999995 -4.695733e-05 0.006984736 -9.87541e-05 4.704279e-05 1.0 -0.0008574759
0.9999998 -0.0005868025 -7.645262e-05 -0.009829811 0.0005868052 0.9999998 3.477309e-05 0.006357272 7.64322e-05 -3.481795e-05 1.0 -0.001518516
0.9999998 -0.0006191237 -6.446512e-05 -0.00494284 0.0006191237 0.9999998 1.081089e-07 0.01043873 6.446504e-05 -1.480208e-07 1.0 0.000418811
0.9999996 -0.0008163904 -8.974763e-05 -0.002401089 0.0008163949 0.9999998 5.059759e-05 0.004640721 8.970629e-05 -5.067085e-05 1.0 0.0003653422
0.9999997 -0.0007737703 2.225672e-05 -0.01005119 0.0007737689 0.9999998 6.321046e-05 0.009025778 -2.230563e-05 -6.319322e-05 1.0 -0.002245035
0.9999997 -0.0007477604 -0.0001303716 -0.007737981 0.0007477529 0.9999998 -5.72922e-05 0.001922527 0.0001304144 5.719469e-05 1.0 0.0002125459
0.9999999 -0.0003963031 1.346922e-05 -0.01370811 0.0003963029 1.0 1.698949e-05 0.003848536 -1.347595e-05 -1.698415e-05 1.0 -0.0012633
0.9999999 -0.0004922742 -8.729758e-05 -0.005309058 0.0004922739 0.9999998 -2.025333e-06 0.003806377 8.729857e-05 1.982359e-06 1.0 0.0001674168
0.9999997 -0.0007654149 -3.017003e-05 -0.01232625 0.0007654147 0.9999998 -8.066425e-06 0.005694812 3.01762e-05 8.043329e-06 1.0 -0.001448262
0.9999998 -0.0007060164 -6.62499e-05 -0.006880464 0.0007060116 0.9999998 -7.241061e-05 0.006923415 6.630101e-05 7.236382e-05 1.0 -0.001179241
0.9999997 -0.0007621963 -3.933304e-05 -0.001375026 0.0007622002 0.9999998 9.8009e-05 0.009466819 3.925832e-05 -9.803895e-05 1.0 -9.548623e-05
0.9999997 -0.0007547624 -9.749871e-05 -0.005136034 0.0007547642 0.9999998 1.890622e-05 0.003785332 9.74844e-05 -1.89798e-05 1.0 -0.0003876236
0.9999998 -0.0006292188 -5.235915e-05 -0.01186341 0.0006292125 0.9999998 -0.000120698 0.004495441 5.243508e-05 0.000120665 1.0 -0.002960125
0.9999998 -0.0005567439 -0.000113386 -0.00943449 0.0005567478 0.9999998 3.370771e-05 0.0001569895 0.0001133673 -3.377083e-05 1.0 -0.0007876037
0.9999998 -0.0006546309 -6.447433e-05 -0.01127916 0.0006546222 0.9999998 -0.0001362416 0.005706015 6.45635e-05 0.0001361993 1.0 -0.001278176
0.9999997 -0.0007767811 -4.522958e-05 -0.01030524 0.0007767875 0.9999998 0.0001408643 0.00466707 4.512014e-05 -0.0001408994 1.0 9.867091e-05
0.9999998 -0.0005597483 -6.632445e-05 -0.007015846 0.0005597428 0.9999998 -8.167403e-05 0.008134904 6.637016e-05 8.163689e-05 1.0 -0.003790024
0.9999999 -0.0002882007 -0.0002160342 -0.01045338 0.0002882159 1.0 7.01887e-05 -0.001309202 0.0002160139 -7.025095e-05 1.0 0.002087757
0.9999999 -0.0004769088 -0.0001197628 -0.006825248 0.0004769089 0.9999998 9.339391e-07 0.005265736 0.0001197624 -9.910549e-07 1.0 -0.001665546
0.9999999 -0.0005364288 8.615123e-05 -0.01752727 0.0005364189 0.9999998 0.0001144113 0.004351656 -8.62126e-05 -0.0001143651 1.0 -0.0003439882
0.9999998 -0.0005524243 -0.0001834861 -0.008745424 0.0005524236 0.9999998 -4.076622e-06 0.00159695 0.0001834883 3.975259e-06 1.0 -0.001504945
0.9999999 -0.0005315495 -3.507104e-05 -0.01062901 0.0005315502 0.9999998 2.141316e-05 0.003323774 3.505966e-05 -2.143179e-05 1.0 -0.0004269232
0.9999998 -0.0006479789 -0.0001382466 -0.006598598 0.0006479823 0.9999998 2.464974e-05 0.002919022 0.0001382306 -2.473931e-05 1.0 -0.002029769
0.9999999 -0.0003318389 -6.045832e-05 -0.0129757 0.0003318493 1.0 0.0001711143 0.005569139 6.040153e-05 -0.0001711344 1.0 0.0004899544
0.9999999 -0.0004388095 -0.0001232369 -0.009321623 0.0004388282 1.0 0.0001522169 0.002657234 0.0001231701 -0.000152271 1.0 -0.001316483
0.9999998 -0.0005670161 3.445733e-05 -0.004545012 0.0005670167 0.9999998 -1.809129e-05 0.01240716 -3.444706e-05 1.811083e-05 1.0 0.0007709779
0.9999996 -0.0008194576 -9.955519e-05 -0.009455301 0.0008194619 0.9999998 4.373848e-05 0.008086514 9.951932e-05 -4.382004e-05 1.0 -0.0006791728
0.9999998 -0.0006190505 -8.876469e-05 -0.009394918 0.0006190576 0.9999998 7.95288e-05 0.007157011 8.871545e-05 -7.958373e-05 1.0 -0.0002189835
0.9999996 -0.0008373389 -0.000122613 -0.01397539 0.0008373561 0.9999995 0.0001405785 0.005137887 0.0001224953 -0.0001406811 1.0 -0.0002649549
0.9999999 -0.0003756673 -9.394756e-05 -0.01074157 0.0003756765 1.0 9.799418e-05 -0.002509175 9.391075e-05 -9.802946e-05 1.0 -0.0002787466
0.9999999 -0.0004299069 -0.0001202293 -0.01344378 0.0004299097 1.0 2.387117e-05 0.005085834 0.0001202191 -2.392286e-05 1.0 0.0006068968
0.9999999 -0.0004556228 -7.638888e-05 -0.009659301 0.0004556317 1.0 0.0001168627 0.0009372008 7.633562e-05 -0.0001168975 1.0 -0.001556214
0.9999995 -0.001058731 -9.785146e-05 -0.003694722 0.001058728 0.9999995 -3.010712e-05 0.01484182 9.788328e-05 3.000351e-05 1.0 0.0006507628
0.9999998 -0.0006958332 -6.810078e-07 -0.007454987 0.0006958332 0.9999998 -4.949403e-05 0.006779824 7.154472e-07 4.949354e-05 1.0 -0.0006461281
0.9999998 -0.0005867139 -0.0001495806 -0.01006083 0.0005867427 0.9999998 0.000192322 0.008104773 0.0001494678 -0.0001924097 1.0 0.001136805
0.9999998 -0.0005570136 -5.347455e-05 -0.01479471 0.0005570147 0.9999998 1.87227e-05 0.003690401 5.346412e-05 -1.875249e-05 1.0 -0.00207658
0.9999999 -0.0004975846 -7.974387e-05 -0.01544194 0.0004975784 0.9999998 -7.814946e-05 0.003496316 7.978275e-05 7.810978e-05 1.0 0.00107457
0.9999997 -0.0007858016 -1.724065e-05 -0.006926016 0.0007858005 0.9999998 -5.742365e-05 0.007735557 1.728577e-05 5.741009e-05 1.0 -0.003052728
0.9999996 -0.0008753086 9.003829e-05 -0.009027733 0.0008752956 0.9999995 0.0001445198 0.01075052 -9.016477e-05 -0.0001444409 1.0 -0.0001160053
0.9999996 -0.000814152 -4.992249e-05 -0.01027199 0.0008141539 0.9999998 3.6412e-05 0.006350562 4.989283e-05 -3.645263e-05 1.0 -0.002413586
0.9999997 -0.0007872882 -0.0001157668 -0.009937033 0.0007873116 0.9999998 0.0002020129 0.007618379 0.0001156078 -0.000202104 1.0 -0.000343986
0.9999998 -0.0006124017 -8.318266e-05 -0.008466949 0.0006124011 0.9999998 -6.951663e-06 0.007244275 8.31869e-05 6.900721e-06 1.0 0.0004915755
0.9999996 -0.0008449582 -7.475882e-05 -0.005986779 0.0008449779 0.9999995 0.0002634483 0.007920952 7.453619e-05 -0.0002635113 0.9999999 0.0003786642
0.9999999 -0.0004936695 -0.0001596487 -0.01241234 0.0004936702 0.9999998 3.972346e-06 0.006750771 0.0001596468 -4.05116e-06 1.0 -0.001425344
0.9999998 -0.0006664782 4.331072e-05 -0.006792662 0.0006664704 0.9999998 0.0001796979 0.004828309 -4.343047e-05 -0.000179669 1.0 0.000388707
0.9999997 -0.0007308002 -7.490619e-05 -0.01219935 0.0007307998 0.9999998 -5.39279e-06 0.006904517 7.49101e-05 5.338048e-06 1.0 -0.001907023
0.9999998 -0.0006234858 -0.0001234501 -0.006549196 0.0006234895 0.9999998 3.016716e-05 0.008558309 0.0001234312 -3.024412e-05 1.0 -0.001467546
0.9999995 -0.0009804664 -5.983735e-05 -0.007494964 0.000980461 0.9999995 -9.053735e-05 0.01214386 5.992609e-05 9.047864e-05 1.0 -0.001389659
0.9999998 -0.0006870026 1.895886e-05 -0.006557608 0.0006870006 0.9999998 0.0001071103 0.008070253 -1.903245e-05 -0.0001070972 1.0 -0.001504845
0.9999998 -0.0005788296 -0.0001058495 -0.01521022 0.0005788357 0.9999998 5.777938e-05 0.007838931 0.000105816 -5.784064e-05 1.0 9.018635e-05
0.9999998 -0.0006033914 -4.384872e-05 -0.01176201 0.0006033898 0.9999998 -3.667235e-05 0.008334978 4.387084e-05 3.664589e-05 1.0 -0.00207562
0.9999996 -0.0008592181 -5.559884e-05 -0.01192634 0.0008592167 0.9999995 -2.444508e-05 0.005926532 5.561982e-05 2.43973e-05 1.0 -0.001675736
0.9999997 -0.0007516313 -7.480138e-05 -0.01687253 0.0007516359 0.9999998 6.239446e-05 0.005390762 7.475447e-05 -6.245066e-05 1.0 0.0006741309
0.9999998 -0.0006913503 -0.0001400706 -0.01128599 0.0006913319 0.9999998 -0.0001311488 0.008455611 0.0001401612 0.000131052 1.0 -0.001815639
0.9999998 -0.0006397984 -7.398306e-05 -0.01275095 0.0006398018 0.9999998 4.592006e-05 0.004955675 7.395366e-05 -4.596738e-05 1.0 -0.0004696688
0.9999998 -0.000556171 -0.000102008 -0.01056617 0.0005561723 0.9999998 1.296903e-05 0.004588627 0.0001020008 -1.302576e-05 1.0 -0.002086296
0.9999997 -0.0007553609 -4.097943e-05 -0.01183002 0.000755356 0.9999998 -0.0001180565 0.005613758 4.10686e-05 0.0001180256 1.0 -0.0005042521
0.9999996 -0.0008736874 -0.0001530561 -0.01001452 0.0008736681 0.9999995 -0.0001264274 0.009744196 0.0001531665 0.0001262937 1.0 -0.001320579
0.9999996 -0.0008382652 -0.0001803322 -0.007994921 0.0008382829 0.9999995 9.782836e-05 0.002999488 0.0001802501 -9.797949e-05 1.0 0.0005711047
0.9999999 -0.000477851 0.0001029895 -0.01399895 0.0004778519 0.9999998 -8.483865e-06 0.008900763 -0.0001029854 8.533078e-06 1.0 -0.002179002
0.9999998 -0.0005818373 1.304636e-05 -0.0115594 0.0005818382 0.9999998 -7.582732e-05 0.003894291 -1.300224e-05 7.583491e-05 1.0 -0.001126963
0.9999999 -0.0004357964 -0.0001886022 -0.009784098 0.0004357877 1.0 -4.635363e-05 0.004774706 0.0001886224 4.627144e-05 1.0 -0.0005008939
0.9999999 -0.0004177715 -3.72928e-06 -0.007250704 0.0004177714 1.0 -3.468165e-05 0.003644939 3.743769e-06 3.468008e-05 1.0 -0.003419958
0.9999999 -0.0004982442 -7.661539e-05 -0.009120281 0.0004982554 0.9999998 0.0001457028 0.007252212 7.654279e-05 -0.0001457409 1.0 -0.001191881
0.9999999 -0.000320517 6.002767e-05 -0.0134801 0.0003205072 1.0 0.0001625283 0.0008610502 -6.007975e-05 -0.0001625091 1.0 -0.002614922
0.9999999 -0.000379274 -0.0001851722 -0.0103513 0.0003792984 1.0 0.0001316813 0.002611458 0.0001851223 -0.0001317516 1.0 0.0007095888
0.9999998 -0.0006424788 7.649128e-05 -0.01013695 0.0006424755 0.9999998 4.322071e-05 0.006505068 -7.651903e-05 -4.317155e-05 1.0 -0.00274421
0.9999998 -0.000546771 -0.0001727185 -0.01121597 0.0005467823 0.9999998 6.560628e-05 0.0003307804 0.0001726826 -6.570071e-05 1.0 0.0001935351
0.9999999 -0.0004169414 -8.756688e-05 -0.01247955 0.0004169434 1.0 2.333136e-05 0.004515112 8.755715e-05 -2.336786e-05 1.0 -0.001447249
0.9999997 -0.0007394616 -0.0001527233 -0.007637979 0.0007394613 0.9999998 -1.66813e-06 0.003003174 0.0001527245 1.555196e-06 1.0 -0.0008745755
0.9999996 -0.0008704761 -7.034031e-05 -0.008626129 0.0008704725 0.9999995 -5.082454e-05 0.008527468 7.038451e-05 5.076329e-05 1.0 -0.002104898
0.9999996 -0.0008528247 -9.570245e-05 -0.01475915 0.000852817 0.9999995 -8.050659e-05 0.000540438 9.577107e-05 8.042494e-05 1.0 0.0008701296
0.9999997 -0.000764529 -3.579532e-05 -0.008557727 0.0007645307 0.9999998 4.574672e-05 0.009117657 3.576033e-05 -4.577408e-05 1.0 -0.001498717
0.9999999 -0.000409666 -8.50451e-05 -0.00936484 0.0004096837 1.0 0.0002076622 0.004468867 8.496002e-05 -0.000207697 1.0 0.001953081
0.9999998 -0.0006677786 -8.800912e-05 -0.01113722 0.0006677604 0.9999998 -0.0002064764 0.0009582522 8.814698e-05 0.0002064176 1.0 -0.002817778
0.9999999 -0.0005254339 1.059553e-05 -0.01189931 0.0005254335 0.9999998 4.548627e-05 0.004842461 -1.061943e-05 -4.54807e-05 1.0 -0.0006517511
0.9999998 -0.0005960449 -0.0002058303 -0.0092861 0.0005960431 0.9999998 -8.463991e-06 0.0001703903 0.0002058353 8.341305e-06 1.0 -0.0002865209
0.9999999 -0.0005299057 -2.989006e-05 -0.00979305 0.0005299093 0.9999998 0.0001218895 0.004497563 2.982547e-05 -0.0001219054 1.0 0.0008525633
0.9999999 -0.0004504787 -4.136458e-05 -0.009473992 0.0004504843 1.0 0.0001350065 0.005650257 4.130376e-05 -0.0001350252 1.0 -0.003652367
0.9999998 -0.0006290341 -6.399407e-05 -0.01181511 0.0006290364 0.9999998 3.593764e-05 0.005698742 6.397146e-05 -3.597789e-05 1.0 0.0005208573
0.9999997 -0.0007245993 -0.0002286322 -0.01307351 0.0007246065 0.9999998 3.159389e-05 0.003903714 0.0002286092 -3.175955e-05 1.0 0.0002785056
0.9999997 -0.0007804574 5.220094e-05 -0.008245011 0.0007804565 0.9999998 1.688796e-05 0.007520094 -5.22141e-05 -1.684722e-05 1.0 -0.0002701989
0.9999995 -0.0009535418 -0.0001571744 -0.009968229 0.0009535322 0.9999995 -6.080274e-05 0.00949484 0.0001572323 6.065284e-05 1.0 -0.0003460049
0.9999998 -0.0005613636 -9.182408e-05 -0.0104053 0.0005613688 0.9999998 5.738442e-05 0.003545324 9.179184e-05 -5.743595e-05 1.0 -0.0001720333
0.9999999 -0.0004638031 -0.0001696065 -0.01021162 0.0004638067 0.9999998 2.080194e-05 0.004631456 0.0001695969 -2.08806e-05 1.0 -0.001009254
0.9999997 -0.0007843287 -5.302346e-05 -0.006234684 0.0007843276 0.9999998 -2.108089e-05 0.00450178 5.303997e-05 2.10393e-05 1.0 -0.0007529903
1.0 -0.0001148814 -0.0001043474 -0.01137536 0.0001148873 1.0 5.590337e-05 -0.001094644 0.000104341 -5.591536e-05 1.0 -0.001628271
0.9999999 -0.0004977867 -6.45222e-05 -0.01048579 0.0004977855 0.9999998 -1.982306e-05 0.007435726 6.453207e-05 1.979094e-05 1.0 -0.001003382
0.9999998 -0.0007239995 -7.285103e-05 -0.009841579 0.0007240107 0.9999998 0.0001533153 0.01105038 7.274001e-05 -0.000153368 1.0 0.0002449578
0.9999999 -0.0004744105 2.404843e-05 -0.01200293 0.000474411 1.0 -1.979185e-05 0.006223016 -2.403904e-05 1.980325e-05 1.0 -0.003530581
0.9999999 -0.0004945977 -0.0001139169 -0.008472361 0.0004945979 0.9999998 2.414077e-06 0.001075541 0.0001139157 -2.47042e-06 1.0 -0.0006500563
0.9999998 -0.0006276657 -0.0001492156 -0.008739636 0.0006276687 0.9999998 1.99894e-05 0.004415351 0.000149203 -2.008305e-05 1.0 -0.00151059
0.9999999 -0.0004893456 -0.0001429192 -0.01324215 0.0004893516 0.9999998 4.243773e-05 0.008070333 0.0001428985 -4.250766e-05 1.0 -0.0001366318
0.9999998 -0.0005799867 -4.656216e-05 -0.00704608 0.0005799886 0.9999998 3.992885e-05 0.004973436 4.653899e-05 -3.995585e-05 1.0 -0.003180153
0.9999998 -0.000603601 -0.0001002127 -0.009797996 0.0006036037 0.9999998 2.718779e-05 0.0070461 0.0001001963 -2.724828e-05 1.0 -0.0006896441
0.9999999 -0.0004311826 -1.56781e-05 -0.00984728 0.0004311821 1.0 -2.931453e-05 0.005308452 1.569074e-05 2.930777e-05 1.0 -0.002267774
0.9999999 -0.0004925868 -0.0001087084 -0.01445051 0.0004925941 0.9999998 6.695031e-05 0.0009027449 0.0001086754 -6.700384e-05 1.0 0.0004230246
0.9999999 -0.000375623 -4.093981e-05 -0.01267114 0.0003756324 1.0 0.0002293249 0.001226812 4.085367e-05 -0.0002293403 1.0 -0.002723122
0.9999997 -0.000746757 -9.33281e-05 -0.006824776 0.0007467637 0.9999998 7.131363e-05 0.009601679 9.327483e-05 -7.13833e-05 1.0 -0.0003352169
0.9999998 -0.0007273384 -2.165205e-05 -0.009548984 0.0007273394 0.9999998 4.4167e-05 0.008517053 2.161992e-05 -4.418274e-05 1.0 -0.001337155
0.9999996 -0.0008945114 -0.0001353701 -0.009774774 0.0008945152 0.9999995 2.844711e-05 0.007979833 0.0001353446 -2.856819e-05 1.0 -0.0002922618
0.9999998 -0.0006676562 1.678158e-05 -0.003192953 0.000667659 0.9999998 -0.0001683465 0.01089907 -1.666918e-05 0.0001683577 1.0 -0.003097937
0.9999996 -0.0009000165 -3.730106e-05 -0.009086845 0.0009000197 0.9999995 8.459521e-05 0.005772079 3.722491e-05 -8.462875e-05 1.0 -0.001709506
0.9999998 -0.0005453276 -9.234388e-05 -0.01554611 0.0005453377 0.9999998 0.0001096251 0.00428814 9.228408e-05 -0.0001096754 1.0 0.0001517196
0.9999997 -0.0007527864 -1.374759e-05 -0.005509358 0.0007527877 0.9999998 9.172726e-05 0.007571155 1.367853e-05 -9.173757e-05 1.0 0.0006390776
0.9999999 -0.0003853802 -0.000120713 -0.0133993 0.0003853751 1.0 -4.203849e-05 0.004337837 0.0001207292 4.199197e-05 1.0 -0.002320254
0.9999999 -0.0005243929 1.203063e-05 -0.00837246 0.0005243926 0.9999998 2.634892e-05 0.002974433 -1.204444e-05 -2.634261e-05 1.0 9.757367e-05
0.9999999 -0.0005278711 -0.0001307632 -0.01017544 0.0005278821 0.9999998 8.33196e-05 0.001142991 0.0001307192 -8.338862e-05 1.0 -0.001395655
0.9999999 -0.0005108402 -1.308606e-05 -0.01175077 0.0005108439 0.9999998 0.0002877179 0.002812876 1.293908e-05 -0.0002877246 0.9999999 -0.0006187545
0.9999998 -0.000598164 -0.0001471713 -0.01266298 0.0005981572 0.9999998 -4.621613e-05 0.002579975 0.0001471989 4.612809e-05 1.0 -0.0005326347
0.9999996 -0.0008672649 2.285155e-05 -0.01496593 0.0008672622 0.9999995 0.0001172708 0.008183511 -2.295324e-05 -0.0001172509 1.0 0.001028887
0.9999999 -0.0004851296 -5.053519e-05 -0.01599171 0.0004851343 0.9999998 9.335091e-05 0.00387936 5.04899e-05 -9.337542e-05 1.0 -0.00218626
0.9999996 -0.0008377012 -5.829088e-05 -0.007349307 0.0008377077 0.9999995 0.0001123414 0.009723909 5.819675e-05 -0.0001123902 1.0 0.0001847775
0.9999998 -0.0007121345 -8.132046e-05 -0.006480189 0.0007121236 0.9999998 -0.0001336147 0.009508876 8.141559e-05 0.0001335568 1.0 -0.002356912
0.9999998 -0.0005546455 1.4297e-05 -0.00879922 0.0005546427 0.9999998 0.0001909254 0.007866692 -1.440289e-05 -0.0001909174 1.0 -0.0003258127
0.9999998 -0.0005663288 -8.40438e-05 -0.006183853 0.0005663257 0.9999998 -3.633579e-05 0.005294546 8.406436e-05 3.628819e-05 1.0 -0.001991222
0.9999993 -0.001132459 -6.821829e-06 -0.006083452 0.001132459 0.9999993 1.66612e-05 0.01386648 6.802956e-06 -1.666891e-05 1.0 0.0002824742
0.9999997 -0.0007660552 -0.0001132293 -0.007319475 0.0007660408 0.9999998 -0.000127712 0.01305111 0.0001133271 0.0001276252 1.0 -0.0008505959
0.9999999 -0.0004767307 -1.060086e-05 -0.006774832 0.0004767324 0.9999998 0.0001593027 0.002862155 1.052491e-05 -0.0001593077 1.0 -0.0009890646
0.9999998 -0.000713649 -0.0001493495 -0.00632583 0.0007136531 0.9999998 2.729787e-05 0.009806694 0.00014933 -2.740445e-05 1.0 -0.0009072279
0.9999998 -0.0007226956 -9.562284e-05 -0.01337512 0.0007227215 0.9999998 0.0002703904 0.003404653 9.542741e-05 -0.0002704595 0.9999999 -0.0008264153
0.9999997 -0.0007589923 -0.0002107017 -0.01200058 0.0007590118 0.9999998 9.249126e-05 0.004987342 0.0002106314 -9.265116e-05 1.0 4.647052e-05
0.9999998 -0.0006213386 0.0001301869 -0.01206843 0.000621336 0.9999998 2.005439e-05 0.01276573 -0.0001301993 -1.997349e-05 1.0 -0.0004007665
0.9999998 -0.0006513022 -0.0001475918 -0.01386358 0.000651317 0.9999998 0.0001002697 0.003158314 0.0001475264 -0.0001003658 1.0 -0.001659139
0.9999998 -0.0007051881 1.457782e-05 -0.007419425 0.0007051855 0.9999998 0.0001790785 0.009570069 -1.47041e-05 -0.0001790682 1.0 -0.0004246144
0.9999998 -0.0006212805 -0.0001207484 -0.003156817 0.0006212794 0.9999998 -8.288318e-06 0.01051642 0.0001207536 8.213297e-06 1.0 0.0001354622
0.9999998 -0.0006058775 6.128932e-05 -0.009239808 0.0006058759 0.9999998 2.616146e-05 0.007057483 -6.130515e-05 -2.612431e-05 1.0 -0.001551031
0.9999999 -0.0005313943 -8.800202e-05 -0.009495802 0.0005314079 0.9999998 0.0001553471 0.008193025 8.791945e-05 -0.0001553938 1.0 -0.001477868
0.9999999 -0.0004732159 -0.0001165595 -0.01492077 0.0004732091 0.9999998 -5.796196e-05 0.00521707 0.0001165869 5.790679e-05 1.0 -0.001431855
0.9999999 -0.0004925596 -6.915839e-05 -0.00877896 0.0004925541 0.9999998 -7.975847e-05 0.009219281 6.919767e-05 7.972438e-05 1.0 -0.0009481803
0.9999998 -0.000613656 -2.609076e-05 -0.00447356 0.0006136567 0.9999998 2.584843e-05 0.003855235 2.607489e-05 -2.586444e-05 1.0 -0.001130163
0.9999997 -0.0007871551 -2.422881e-05 -0.009685384 0.0007871601 0.9999998 0.0002071456 0.009303816 2.406574e-05 -0.0002071646 1.0 -5.480433e-05
0.9999997 -0.0007456487 -0.0001888336 -0.01080096 0.000745667 0.9999998 9.674476e-05 0.005719556 0.0001887614 -9.688554e-05 1.0 -0.001116788
0.9999998 -0.0005548573 -5.34572e-05 -0.005868383 0.0005548592 0.9999998 3.567804e-05 0.008138611 5.34374e-05 -3.57077e-05 1.0 0.001883536
0.9999998 -0.0006886179 2.377569e-05 -0.009622625 0.0006886205 0.9999998 -0.0001067144 0.01317141 -2.37022e-05 0.0001067307 1.0 -0.002169911
0.9999996 -0.0009135929 -5.307597e-06 -0.009778677 0.0009135926 0.9999995 -4.426084e-05 0.01505586 5.348032e-06 4.425597e-05 1.0 0.0002447941
0.9999998 -0.0005647603 -0.0001574552 -0.01137325 0.000564736 0.9999998 -0.0001548739 0.00272001 0.0001575426 0.000154785 1.0 -0.000867337
0.9999998 -0.0006721824 -4.505007e-05 -0.01624054 0.0006721882 0.9999998 0.0001280706 0.00386926 4.496397e-05 -0.0001281008 1.0 0.001353203
0.9999998 -0.0006346083 -0.0001359574 -0.008701357 0.0006346197 0.9999998 8.378165e-05 0.009016457 0.0001359042 -8.386791e-05 1.0 0.000375613
0.9999998 -0.0006277291 -4.720207e-05 -0.006154595 0.0006277367 0.9999998 0.000160343 0.01054261 4.710141e-05 -0.0001603726 1.0 0.0006909756
0.9999998 -0.0007157839 -9.549903e-05 -0.01022296 0.0007157783 0.9999998 -5.850762e-05 0.005939059 9.554088e-05 5.843925e-05 1.0 -0.001884365
0.9999995 -0.001006289 -2.594012e-05 -0.007648445 0.00100629 0.9999995 2.588009e-05 0.01238741 2.591407e-05 -2.590618e-05 1.0 0.001252899
0.9999996 -0.0009138201 -5.156049e-05 -0.01134248 0.0009138106 0.9999995 -0.0001849801 0.007655944 5.17295e-05 0.0001849329 1.0 -0.002164212
0.9999996 -0.0009102292 -2.26356e-05 -0.004292786 0.0009102324 0.9999995 0.00014008 0.01457681 2.250809e-05 -0.0001401005 1.0 0.00103869
0.9999997 -0.0007787839 -3.875831e-05 -0.007331925 0.0007787867 0.9999998 7.13354e-05 0.006217089 3.870274e-05 -7.136557e-05 1.0 -0.003634791
0.9999996 -0.0008293702 4.326889e-05 -0.003851641 0.0008293656 0.9999998 0.0001080692 0.01137238 -4.33585e-05 -0.0001080332 1.0 -0.0004613466
0.9999998 -0.0006828748 -6.268135e-05 -0.0134947 0.0006828764 0.9999998 2.604066e-05 0.007332942 6.266355e-05 -2.608346e-05 1.0 -0.0009553023
0.9999997 -0.0007711613 -0.0001023981 -0.007046835 0.000771161 0.9999998 -4.012425e-06 0.005171855 0.0001024012 3.933458e-06 1.0 0.0009379371
0.9999998 -0.0005592026 -0.00020146 -0.00994057 0.000559194 0.9999998 -4.269296e-05 0.003254663 0.0002014838 4.25803e-05 1.0 -0.0004706503
0.9999998 -0.0006787095 7.720717e-06 -0.01064904 0.0006787093 0.9999998 2.87117e-05 0.007126375 -7.740202e-06 -2.870646e-05 1.0 0.0001223832
0.9999999 -0.0001801052 -0.0002014303 -0.01188522 0.0001800995 1.0 -2.822105e-05 -0.002957118 0.0002014354 2.818477e-05 1.0 -0.0003102667
0.9999998 -0.0005828618 -3.365012e-05 -0.01137504 0.0005828616 0.9999998 -6.229002e-06 0.009116105 3.365374e-05 6.209388e-06 1.0 -0.002160325
0.9999998 -0.0006616864 -6.621022e-05 -0.006608924 0.0006616995 0.9999998 0.0001972915 0.007947564 6.607966e-05 -0.0001973353 1.0 -0.001527066
0.9999998 -0.0005478044 4.920318e-05 -0.01310374 0.0005478038 0.9999998 1.221032e-05 0.00754473 -4.920986e-05 -1.218336e-05 1.0 -0.0001907789
0.9999996 -0.0009112607 -1.574861e-05 -0.006080043 0.0009112601 0.9999995 -3.709151e-05 0.008511525 1.57824e-05 3.707714e-05 1.0 -0.001799791
0.9999996 -0.0008982997 0.000109965 -0.01409864 0.0008983002 0.9999995 -4.331935e-06 0.01253719 -0.0001099611 4.430715e-06 1.0 -0.002449797
0.9999997 -0.0007870536 -8.915859e-05 -0.01567353 0.000787052 0.9999998 -1.782331e-05 0.005160466 8.917259e-05 1.775314e-05 1.0 -0.001833176
0.9999997 -0.000787235 1.625168e-06 -0.004801188 0.0007872349 0.9999998 4.441015e-05 0.009658718 -1.660128e-06 -4.440885e-05 1.0 -0.001002075
0.9999994 -0.001090966 -6.545891e-05 -0.002191824 0.001090962 0.9999993 -6.706523e-05 0.01813725 6.553203e-05 6.699378e-05 1.0 -0.001767445
0.9999997 -0.000752568 2.063232e-05 -0.009195245 0.0007525656 0.9999998 0.0001172512 0.003297891 -2.072055e-05 -0.0001172356 1.0 -0.002062687