1.0 0.0 0.0 0.0 0.0 1.0 0.0 0.0 0.0 0.0 1.0 0.0
0.9999968 0.0002221224 -0.002519849 1.863299 -0.0002165941 0.9999975 0.002193957 -0.08991449 0.00252033 -0.002193404 0.9999944 -0.0381842
0.9999904 0.003093218 -0.003110307 3.378168 -0.003088062 0.9999939 0.001661084 -0.07592554 0.003115426 -0.001651464 0.9999938 -0.0589285
0.9999784 0.005956033 -0.002777405 4.914272 -0.005948442 0.9999787 0.002733546 -0.08052327 0.002793626 -0.002716965 0.9999924 -0.08857782
0.9999549 0.009309416 -0.001887323 6.420939 -0.009306273 0.9999553 0.001666511 -0.1030765 0.001902753 -0.001648872 0.9999968 -0.1352097
0.999923 0.01237673 -0.0009414605 7.871127 -0.01237491 0.9999216 0.001906419 -0.1333384 0.000964982 -0.001894622 0.9999977 -0.1624235
0.9998687 0.01619146 0.0006723757 9.314198 -0.01619258 0.9998674 0.001690917 -0.1666292 -0.0006449082 -0.001701582 0.9999983 -0.1891946
0.9998317 0.01828032 0.001535314 10.76735 -0.01828306 0.9998312 0.001787958 -0.1996398 -0.00150237 -0.001815727 0.9999972 -0.2132599
0.9997729 0.02099674 0.003636795 12.20656 -0.02099888 0.9997793 0.0005519597 -0.2701315 -0.003624403 -0.000628203 0.9999932 -0.2384548
0.9997151 0.02309644 0.006012801 13.64022 -0.02309882 0.9997331 0.0003272903 -0.3256787 -0.006003636 -0.0004660857 0.9999819 -0.2814646
0.9996512 0.02531282 0.007536832 15.08997 -0.02532169 0.9996787 0.001083921 -0.3852233 -0.007506974 -0.001274388 0.999971 -0.2909941
0.9995909 0.02659936 0.01050848 16.52628 -0.02662878 0.9996419 0.002669825 -0.422793 -0.0104337 -0.002948561 0.9999412 -0.340737
0.9995701 0.02666755 0.01218773 17.96173 -0.02669707 0.9996409 0.002265628 -0.4771941 -0.01212294 -0.002590031 0.9999232 -0.3549145
0.9995566 0.02727834 0.01193483 19.39617 -0.0272997 0.999626 0.00163047 -0.5331587 -0.01188589 -0.001955565 0.9999275 -0.3882957
0.9995155 0.02811498 0.01335071 20.82821 -0.02813681 0.9996029 0.001450035 -0.5834842 -0.01330464 -0.001824979 0.9999098 -0.4111461
0.9994993 0.02997599 0.01012853 22.26313 -0.03001235 0.9995434 0.003456922 -0.650809 -0.01002028 -0.003759172 0.9999427 -0.4699213
0.9994527 0.03086004 0.01191187 23.69357 -0.03089959 0.9995174 0.003150662 -0.7058277 -0.01180889 -0.00351701 0.9999241 -0.463499
0.9994147 0.03179019 0.01263345 25.12113 -0.03186044 0.9994776 0.005399787 -0.7643749 -0.01245519 -0.005799134 0.9999056 -0.5120733
0.9993613 0.03293937 0.01385217 26.55641 -0.03297321 0.9994538 0.002221499 -0.8260617 -0.01377143 -0.002676831 0.9999016 -0.5199056
0.9993237 0.03363025 0.01487199 27.99227 -0.03365124 0.9994329 0.00116315 -0.8906583 -0.01482444 -0.001662824 0.9998887 -0.5603886
0.9992846 0.0342839 0.015963 29.43216 -0.03429104 0.9994119 0.0001740309 -0.9482331 -0.01594764 -0.0007212943 0.9998726 -0.5841799
0.9992498 0.03518182 0.01618929 30.86096 -0.03527135 0.9993638 0.005278263 -1.017916 -0.01599329 -0.005845321 0.999855 -0.6232838
0.9991937 0.03729408 0.0148663 32.30423 -0.03739025 0.9992813 0.006244597 -1.083587 -0.01462273 -0.006795417 0.99987 -0.622151
0.9990994 0.03949243 0.01551243 33.74104 -0.03957303 0.9992045 0.004923484 -1.157569 -0.01530565 -0.005532924 0.9998676 -0.6723145
0.9989873 0.04142186 0.01756721 35.19457 -0.04145866 0.9991388 0.001735525 -1.229773 -0.01748019 -0.002462081 0.9998442 -0.6661274
0.9987624 0.04428865 0.02263289 36.63268 -0.04432594 0.9990164 0.001148223 -1.316449 -0.02255978 -0.002150027 0.9997432 -0.7406874
0.998523 0.04836878 0.02474355 38.0708 -0.04836608 0.9988294 -0.0007078651 -1.405737 -0.02474883 -0.0004899292 0.9996936 -0.7155776
0.9982178 0.0525326 0.02831208 39.52167 -0.05252326 0.9986191 -0.001073704 -1.504007 -0.02832939 -0.0004152523 0.9995986 -0.7873095
0.9980828 0.05590059 0.02656901 40.96739 -0.05586014 0.9984361 -0.002262644 -1.600965 -0.02665394 0.0007741567 0.9996444 -0.7716818
0.9978149 0.06 0.0276661 42.40337 -0.05991482 0.9981959 -0.003898513 -1.691735 -0.0278501 0.002232385 0.9996096 -0.8280631
0.9976017 0.06306935 0.02851505 43.85128 -0.06297972 0.9980066 -0.004031586 -1.803573 -0.02871248 0.002226047 0.9995852 -0.8225618
0.9973324 0.06737947 0.02807337 45.28663 -0.06734501 0.9977273 -0.00217248 -1.920047 -0.02815595 0.0002760837 0.9996035 -0.866217
0.9970343 0.07093411 0.0298496 46.73363 -0.07096038 0.9974792 -0.0001797953 -2.038699 -0.0297871 -0.001938877 0.9995544 -0.8800104
0.9967237 0.07489965 0.03052624 48.15479 -0.07508465 0.9971648 0.004957896 -2.162018 -0.03006835 -0.007233704 0.9995217 -0.9153063
0.9965163 0.07861982 0.02782479 49.59476 -0.07877199 0.9968828 0.004414083 -2.289202 -0.02739102 -0.00659052 0.9996031 -0.9465293
0.996257 0.08202467 0.02727478 51.02468 -0.08216416 0.9966108 0.004031461 -2.419429 -0.02685166 -0.00625738 0.9996198 -0.9657305
0.9958103 0.08636425 0.03005284 52.472 -0.0864469 0.9962554 0.001459021 -2.559908 -0.0298143 -0.004050883 0.9995472 -0.9884594
0.9953991 0.08974646 0.03356032 53.90495 -0.08986613 0.9959517 0.002071703 -2.71503 -0.03323853 -0.005078108 0.9994345 -1.032349
0.9950728 0.09356065 0.03281187 55.33637 -0.09376018 0.9955842 0.004592692 -2.848123 -0.03223728 -0.007646509 0.999451 -1.057223
0.9946615 0.09840307 0.03107228 56.76472 -0.09868699 0.9950883 0.007736176 -3.006287 -0.0301584 -0.01076131 0.9994872 -1.112121
0.9942667 0.1030949 0.02837524 58.18076 -0.1033 0.994633 0.00585728 -3.159502 -0.0276191 -0.008754862 0.9995802 -1.13979
0.9938671 0.1069763 0.02800504 59.61907 -0.1070955 0.9942448 0.002785205 -3.324524 -0.02754592 -0.005767338 0.9996039 -1.180653
0.9933208 0.111287 0.03047831 61.06177 -0.1114219 0.9937693 0.002757959 -3.48495 -0.02998149 -0.00613549 0.9995316 -1.157396
0.9927506 0.1160437 0.03130671 62.48678 -0.1163603 0.993171 0.008481643 -3.675639 -0.03010867 -0.01206301 0.9994738 -1.210678
0.9920665 0.1210406 0.03395947 63.90622 -0.1214408 0.9925486 0.009975142 -3.871116 -0.03249903 -0.01402007 0.9993734 -1.23997
0.9915645 0.1253631 0.03292539 65.3196 -0.1259122 0.9919255 0.01516031 -4.066222 -0.03075899 -0.01917813 0.9993428 -1.303676
0.9910278 0.1301719 0.03031977 66.75253 -0.1305761 0.9913685 0.01174928 -4.27197 -0.02852864 -0.0156029 0.9994712 -1.354437
0.99032 0.13536 0.03072538 68.19858 -0.1357588 0.9906778 0.01127554 -4.482187 -0.0289127 -0.01533763 0.9994643 -1.409139
0.9896617 0.1402352 0.03006361 69.63865 -0.1405389 0.9900411 0.008227551 -4.694967 -0.02861042 -0.0123676 0.9995141 -1.431242
0.988916 0.1450589 0.03167103 71.06539 -0.1453715 0.9893464 0.007787708 -4.918499 -0.03020395 -0.01230545 0.999468 -1.462612
0.9882742 0.1496691 0.03022033 72.50458 -0.1499728 0.9886576 0.008034669 -5.148193 -0.02867501 -0.01247268 0.9995109 -1.503753
0.9874579 0.1545656 0.03219447 73.94998 -0.154927 0.9878845 0.009037543 -5.394236 -0.03040753 -0.01391199 0.9994408 -1.538738
0.9867223 0.1594564 0.03086738 75.39577 -0.1597743 0.9871203 0.008105373 -5.646743 -0.02917736 -0.01292957 0.9994906 -1.576528
0.9858763 0.1640424 0.03373356 76.82895 -0.1643496 0.9863806 0.006526293 -5.906145 -0.03220354 -0.01197821 0.9994096 -1.600989
0.9851647 0.1680529 0.0347667 78.2841 -0.168386 0.9856972 0.006863505 -6.165823 -0.03311601 -0.01261591 0.9993719 -1.63767
0.9843194 0.1728336 0.03526653 79.71591 -0.1731739 0.9848676 0.006810485 -6.434927 -0.03355579 -0.01281094 0.9993547 -1.678201
0.9836841 0.1764175 0.03524886 81.18845 -0.1767965 0.9842156 0.007915568 -6.711885 -0.03329603 -0.01401829 0.9993472 -1.717281
0.9830227 0.1805995 0.03240582 82.6343 -0.1808658 0.9834927 0.005460174 -6.982306 -0.03088478 -0.01122858 0.9994599 -1.738757
0.9823065 0.1847609 0.03061726 84.10692 -0.1850575 0.9827019 0.007130126 -7.278904 -0.02877027 -0.01266992 0.9995058 -1.765743
0.9814783 0.1896408 0.02714147 85.57369 -0.1899123 0.9817703 0.007778022 -7.574171 -0.02517166 -0.01278846 0.9996014 -1.804628
0.9807217 0.1932461 0.02899849 87.04695 -0.1935301 0.9810673 0.007302213 -7.878548 -0.02703834 -0.01277352 0.9995528 -1.86432
0.9800193 0.197205 0.02592901 88.53129 -0.1973575 0.9803255 0.003435858 -8.188809 -0.0247413 -0.008484492 0.9996579 -1.883961
0.9792228 0.2009013 0.02759469 90.03478 -0.2008048 0.9796112 -0.006254923 -8.503248 -0.0282887 0.0005838154 0.9995996 -1.915702
0.9782833 0.2052064 0.0291898 91.5302 -0.2053295 0.9786922 0.001252089 -8.841021 -0.02831088 -0.007218424 0.9995731 -1.90888
0.9774403 0.2094082 0.02754293 93.00228 -0.209916 0.977571 0.01702598 -9.16727 -0.02335979 -0.02242359 0.9994756 -1.895162
0.9764509 0.2135065 0.03096013 94.49767 -0.214156 0.9766066 0.01940915 -9.518803 -0.02609188 -0.02558238 0.9993321 -2.041544
0.9756986 0.21695 0.03074001 96.01121 -0.2174299 0.9759867 0.013199 -9.876604 -0.02713832 -0.01956205 0.9994403 -2.048807
0.9750749 0.2199539 0.02914217 97.53417 -0.220219 0.9754308 0.006180258 -10.22612 -0.0270668 -0.01244387 0.9995562 -2.088672
0.973998 0.2240333 0.03371981 99.0359 -0.2242858 0.9745158 0.003855625 -10.58545 -0.0319967 -0.01131825 0.9994239 -2.115736
0.9730884 0.2282983 0.03128754 100.5432 -0.2286315 0.9734845 0.007471849 -10.94499 -0.02875212 -0.01442408 0.9994825 -2.126441
0.9720558 0.2323124 0.03374201 102.0652 -0.2328345 0.972437 0.01241509 -11.3297 -0.0299278 -0.01992446 0.9993535 -2.187926
0.9711086 0.2363892 0.03268369 103.5779 -0.2369975 0.9713762 0.01613975 -11.7282 -0.02793289 -0.0234194 0.9993354 -2.230731
0.9701442 0.2396972 0.03695384 105.1175 -0.2402484 0.9706466 0.0112096 -12.12624 -0.03318221 -0.01975302 0.9992541 -2.303394
0.969025 0.2438883 0.03884532 106.6426 -0.2443621 0.9696521 0.007884041 -12.53055 -0.03574361 -0.01713216 0.9992141 -2.32647
0.9678957 0.2479247 0.04136795 108.1826 -0.2483706 0.9686469 0.005931074 -12.93619 -0.03860048 -0.01601525 0.9991264 -2.367572
0.9668635 0.2517782 0.04222198 109.7053 -0.2523106 0.9676156 0.007707269 -13.35364 -0.03891412 -0.01810493 0.9990785 -2.387226
0.9654915 0.2566395 0.04429821 111.2227 -0.2573636 0.9662474 0.01140251 -13.78018 -0.0398767 -0.02240977 0.9989533 -2.416275
0.9641576 0.2607616 0.04902468 112.7282 -0.2616521 0.9650798 0.01260803 -14.20965 -0.04402504 -0.02498354 0.998718 -2.489668
0.9628442 0.2648281 0.05288853 114.2904 -0.2657922 0.9639559 0.01198537 -14.64936 -0.04780814 -0.0255974 0.9985285 -2.505624
0.9615567 0.2693711 0.05336606 115.7978 -0.270247 0.9627411 0.009802269 -15.10698 -0.04873725 -0.02384746 0.9985269 -2.594632
0.9599077 0.2739246 0.05951899 117.3277 -0.2748812 0.9614416 0.008367803 -15.55912 -0.0549319 -0.02439297 0.9981921 -2.59656
0.9582954 0.2784829 0.06416504 118.868 -0.2794994 0.9601184 0.007268994 -16.01937 -0.05958174 -0.02489993 0.9979128 -2.640889
0.9569139 0.2835364 0.06263337 120.3699 -0.284558 0.9586267 0.007853724 -16.49085 -0.05781521 -0.02533817 0.9980057 -2.686422
0.9554417 0.2880568 0.06445455 121.8963 -0.2890522 0.9572912 0.006489143 -16.96024 -0.05983254 -0.02483073 0.9978995 -2.720918
0.9540424 0.2929688 0.06302726 123.4182 -0.2936756 0.9559029 0.002051679 -17.44608 -0.05964686 -0.02046696 0.9980097 -2.763376
0.9526371 0.2978349 0.06145591 124.9296 -0.2985663 0.9543847 0.002868054 -17.9362 -0.05779837 -0.02108088 0.9981057 -2.777796
0.9507353 0.3032752 0.06423756 126.4221 -0.3040703 0.9526455 0.002749693 -18.44489 -0.06036171 -0.02214697 0.9979308 -2.811805
0.9487946 0.3076635 0.07163747 127.9385 -0.3087815 0.9511207 0.004817352 -18.9626 -0.06665376 -0.026691 0.9974191 -2.844939
0.9468877 0.312786 0.07462253 129.4399 -0.3142164 0.9493181 0.007962515 -19.48582 -0.06834995 -0.03098723 0.99718 -2.894468
0.9458036 0.317057 0.07021686 130.954 -0.3190493 0.9475484 0.01895802 -20.00313 -0.06052311 -0.04033321 0.9973516 -2.917834
0.944475 0.3212573 0.06899852 132.4617 -0.3233188 0.9460608 0.0208365 -20.53753 -0.05858291 -0.04198807 0.9973992 -3.006021
0.9429861 0.3263419 0.06540823 134.0028 -0.327837 0.9446406 0.01329962 -21.0861 -0.05744705 -0.03398459 0.99777 -3.045406
0.9415848 0.3300831 0.06680653 135.5121 -0.3313682 0.94346 0.008846892 -21.63396 -0.06010909 -0.03046766 0.9977267 -3.075556
0.9400618 0.3341036 0.06825344 137.0551 -0.3353406 0.9420693 0.007209546 -22.20184 -0.06189073 -0.02966557 0.997642 -3.100823
0.9383401 0.3384193 0.07064158 138.5874 -0.3402052 0.9402373 0.01463162 -22.77719 -0.06146824 -0.03776207 0.9973944 -3.140872
0.9365708 0.3428991 0.07249333 140.1246 -0.3449037 0.9384872 0.01683417 -23.3707 -0.06226164 -0.04076961 0.9972268 -3.187835
0.9351479 0.3466684 0.07293465 141.6804 -0.348538 0.9371856 0.01428548 -23.96658 -0.06340099 -0.03877953 0.9972344 -3.242154
0.9337319 0.3512706 0.06894739 143.226 -0.3527572 0.9356581 0.01031994 -24.56551 -0.06088609 -0.03395774 0.9975669 -3.28
0.9323754 0.3553513 0.06634392 144.8052 -0.3569562 0.93402 0.01374692 -25.16976 -0.05708156 -0.03649916 0.9977021 -3.354419
0.9308314 0.3606436 0.05906812 146.3569 -0.3620211 0.9320617 0.0141961 -25.79638 -0.04993541 -0.03459809 0.998153 -3.38106
0.929198 0.3652556 0.05638634 147.9121 -0.3666672 0.9302011 0.01676254 -26.42024 -0.04632803 -0.03625074 0.9982683 -3.455168
0.9274933 0.3701265 0.05255943 149.5025 -0.3711954 0.9284781 0.01192803 -27.06977 -0.04438541 -0.03057298 0.9985465 -3.469547
0.9256983 0.3746568 0.05210434 151.0678 -0.3755861 0.9267439 0.008993876 -27.71919 -0.04491776 -0.02789528 0.9986011 -3.515994
0.9235998 0.3795495 0.0539021 152.6273 -0.3804164 0.9247929 0.006453266 -28.38274 -0.04739894 -0.02646548 0.9985254 -3.546456
0.9217755 0.3834952 0.05710915 154.1697 -0.3846732 0.9229889 0.01086613 -29.04425 -0.04854401 -0.03198449 0.9983088 -3.617086
0.9197446 0.3884328 0.05647833 155.728 -0.3898214 0.9207575 0.01564672 -29.72383 -0.04592515 -0.03640745 0.9982812 -3.676519
0.9179179 0.39311 0.05377077 157.282 -0.3943243 0.9188681 0.0137837 -30.40954 -0.04398973 -0.03385543 0.9984581 -3.712285
0.9154415 0.3987074 0.05476515 158.837 -0.3997068 0.9166061 0.008227742 -31.11653 -0.04691761 -0.02942202 0.9984654 -3.753256
0.9135153 0.4031902 0.05410643 160.3945 -0.4040071 0.914744 0.004636502 -31.8165 -0.04762414 -0.0260949 0.9985244 -3.784738
0.9115442 0.40763 0.05408325 161.9389 -0.4085617 0.9127043 0.006960237 -32.52019 -0.0465248 -0.02844091 0.9985121 -3.822557
0.9091254 0.4128887 0.05489822 163.4861 -0.4138786 0.9103009 0.007553522 -33.25232 -0.04685513 -0.0295883 0.9984634 -3.869872
0.9072078 0.4171237 0.05460515 165.0207 -0.4181177 0.9083602 0.007711304 -33.95699 -0.04638457 -0.02982713 0.9984782 -3.92575
0.9049576 0.4218832 0.05537431 166.574 -0.4228148 0.9061977 0.005776149 -34.70868 -0.04774321 -0.02864025 0.998449 -3.928555
0.9027548 0.4268004 0.05362011 168.1193 -0.4277901 0.9038427 0.008003778 -35.46131 -0.04504813 -0.0301636 0.9985293 -4.005746
0.9006655 0.4312026 0.05353506 169.6451 -0.4321242 0.9017912 0.006438902 -36.19912 -0.04550098 -0.02893309 0.9985452 -4.029238
0.8983765 0.4361055 0.0522649 171.194 -0.4370951 0.8993733 0.008694613 -36.9728 -0.04321389 -0.03065577 0.9985954 -4.069987
0.8963678 0.4399351 0.05460659 172.7148 -0.4409085 0.8975275 0.006635432 -37.74103 -0.04609176 -0.0300243 0.9984859 -4.117023
0.8940382 0.4447046 0.05416121 174.231 -0.4457624 0.8951093 0.008665345 -38.5097 -0.04462668 -0.03189018 0.9984946 -4.147209
0.8917801 0.4491989 0.05430024 175.7563 -0.4503259 0.8928081 0.01000402 -39.29859 -0.04398591 -0.0333742 0.9984745 -4.176175
0.8898119 0.4531475 0.05377935 177.2518 -0.454386 0.8907113 0.0129118 -40.07998 -0.04205092 -0.03592566 0.9984694 -4.305917
0.8876674 0.4578053 0.04960626 178.7936 -0.4589655 0.8883339 0.01460981 -40.87794 -0.03737848 -0.03573621 0.998662 -4.284881
0.8854323 0.4624157 0.04670522 180.2887 -0.4633611 0.8860971 0.01134156 -41.70419 -0.03614084 -0.03168356 0.9988443 -4.378325
0.8832014 0.4665439 0.0478755 181.8159 -0.4674266 0.88399 0.008597853 -42.52341 -0.03831019 -0.02997192 0.9988163 -4.355785
0.8814085 0.4698046 0.04901749 183.3289 -0.4706939 0.8822621 0.007810956 -43.34422 -0.03957665 -0.02995688 0.9987674 -4.455918
0.8803493 0.4712263 0.054137 184.8686 -0.4723483 0.8813614 0.009435967 -44.17171 -0.04326779 -0.03387847 0.9984889 -4.437352
0.8804124 0.4708827 0.05606687 186.3777 -0.4723727 0.8812464 0.01639161 -45.00777 -0.04169021 -0.04091583 0.9982924 -4.51279
0.8807473 0.470547 0.05356879 187.8775 -0.4717932 0.8816154 0.01286382 -45.82668 -0.04117404 -0.03660316 0.9984813 -4.613549
0.8802109 0.4720546 0.04892027 189.3908 -0.4732154 0.8808186 0.01502087 -46.67813 -0.03599922 -0.03637137 0.9986897 -4.639968
0.8800151 0.4724936 0.04819995 190.931 -0.4734742 0.8807418 0.01077897 -47.52245 -0.03735871 -0.03230709 0.9987795 -4.666209
0.879472 0.4736748 0.04648913 192.4509 -0.4745614 0.8801693 0.009667386 -48.3608 -0.0363391 -0.03056414 0.998872 -4.729223
0.878489 0.4750873 0.05049038 193.97 -0.4760841 0.8793514 0.009229888 -49.22155 -0.04001378 -0.03214602 0.9986819 -4.715153
0.8777025 0.4759715 0.05558269 195.4903 -0.4770415 0.8788526 0.007047989 -50.06986 -0.04549435 -0.03270129 0.9984292 -4.804784
0.8770761 0.4768938 0.05753092 197.0321 -0.4777648 0.8784863 0.001587888 -50.93786 -0.04978287 -0.02887894 0.9983425 -4.800861
0.8761057 0.4782488 0.06096575 198.5388 -0.4794294 0.877563 0.005533264 -51.78758 -0.05085501 -0.0340765 0.9981245 -4.921216
0.8751166 0.480548 0.05696023 200.0709 -0.4816123 0.8763652 0.005818909 -52.63919 -0.04712169 -0.03252497 0.9983595 -4.887591
0.8736756 0.4829824 0.0584717 201.5808 -0.4841757 0.8749396 0.007389881 -53.51261 -0.04759002 -0.03476693 0.9982617 -4.962712
0.8728071 0.4843683 0.05995829 203.1011 -0.4855244 0.8742056 0.005531394 -54.37167 -0.04973664 -0.03393905 0.9981856 -4.979429
0.8713459 0.4866369 0.06277549 204.6186 -0.4879797 0.8728255 0.00716799 -55.2496 -0.05130384 -0.03687896 0.9980019 -5.03192
0.8703618 0.4885036 0.06192389 206.1359 -0.4895748 0.8719578 0.002465007 -56.11596 -0.05279086 -0.03246183 0.9980778 -5.046196
0.8691044 0.4906078 0.06294028 207.625 -0.4917161 0.870752 0.002461826 -57.01431 -0.05359759 -0.03308834 0.9980143 -5.104699
0.8682427 0.492142 0.06285508 209.1489 -0.4931352 0.8699527 0.0003312193 -57.89927 -0.05451793 -0.03128363 0.9980226 -5.144761
0.867366 0.4930982 0.0673089 210.6718 -0.4944646 0.8691872 0.004264578 -58.75278 -0.05640119 -0.03698082 0.997723 -5.165254
0.8663609 0.4951604 0.06507619 212.1673 -0.4964024 0.8680857 0.003408501 -59.65959 -0.05480397 -0.03525697 0.9978745 -5.178462
0.8649732 0.4972713 0.06739876 213.661 -0.4987282 0.8667399 0.005662577 -60.55359 -0.05560136 -0.03851164 0.99771 -5.265566
0.864175 0.4987119 0.06699261 215.1713 -0.4999623 0.8660445 0.00221283 -61.43264 -0.05691501 -0.03540605 0.997751 -5.274465
0.8632623 0.500779 0.0632348 216.6604 -0.5021453 0.8647563 0.006820951 -62.33191 -0.0512669 -0.03764133 0.9979753 -5.33803
0.8621713 0.5029268 0.06103517 218.1724 -0.5041322 0.8636111 0.005161571 -63.22327 -0.05011475 -0.03521995 0.9981223 -5.358563
0.8610346 0.5050336 0.05966999 219.674 -0.5061728 0.8624191 0.00471789 -64.12328 -0.04907785 -0.03426559 0.998207 -5.400641
0.8595941 0.507115 0.06270826 221.1561 -0.508303 0.8611709 0.003532184 -65.02252 -0.05221131 -0.03491104 0.9980257 -5.429595
0.8582546 0.5094234 0.06234467 222.6472 -0.5106573 0.8597722 0.00458623 -65.92936 -0.05126588 -0.03577291 0.9980441 -5.468677
0.8568527 0.5120204 0.06032117 224.1278 -0.5132331 0.8582314 0.005523018 -66.83353 -0.04894163 -0.03569124 0.9981638 -5.51782
0.8546423 0.5159432 0.05821751 225.6081 -0.5170851 0.8559165 0.005470373 -67.75549 -0.04700692 -0.03477861 0.9982889 -5.56587
0.8530947 0.5188238 0.05523881 227.08 -0.5197653 0.8543031 0.003190449 -68.66453 -0.04553541 -0.03143297 0.9984681 -5.600736
0.8503233 0.5233813 0.05497492 228.5376 -0.5243844 0.8514694 0.004606719 -69.58158 -0.04439839 -0.03274519 0.9984771 -5.64821
0.8486351 0.5267005 0.04904165 230.0191 -0.5275499 0.8495073 0.005331088 -70.50916 -0.03885335 -0.03039607 0.9987825 -5.659128
0.8456367 0.5315457 0.04855648 231.4671 -0.5322316 0.8465976 0.001427966 -71.45306 -0.04034877 -0.02705084 0.9988194 -5.732261
0.8436477 0.5349339 0.04587149 232.9298 -0.5354695 0.8445543 -0.0007217648 -72.38702 -0.03912706 -0.02395387 0.9989471 -5.727674
0.8408221 0.5394309 0.0450828 234.3917 -0.5399829 0.841676 7.734727e-05 -73.33837 -0.03790339 -0.02440897 0.9989833 -5.764368
0.8385584 0.5431956 0.04193179 235.8403 -0.5436555 0.8393083 -0.0005174046 -74.29129 -0.03547475 -0.02236257 0.9991204 -5.7747
0.8354762 0.5477098 0.04464879 237.2614 -0.5482953 0.836284 0.001047801 -75.25513 -0.03676518 -0.02535614 0.9990022 -5.831598
0.832906 0.5516375 0.04431266 238.7079 -0.5520802 0.8337867 -0.002642179 -76.22573 -0.03840483 -0.02226346 0.9990142 -5.838447
0.8301404 0.5555742 0.04694992 240.1403 -0.5560379 0.8311485 -0.003730101 -77.21034 -0.0410947 -0.02300943 0.9988903 -5.874417
0.8283262 0.5584347 0.0450152 241.5889 -0.5589055 0.8292276 -0.002517735 -78.19212 -0.03873383 -0.02307374 0.9989831 -5.894475
0.8267809 0.5609993 0.04139139 243.0113 -0.5614173 0.8275309 -0.001815113 -79.17336 -0.03527093 -0.02173714 0.9991413 -5.91604
0.8262305 0.5620431 0.03808674 244.4369 -0.5624301 0.8268446 -0.000667613 -80.16159 -0.03186704 -0.02086953 0.9992742 -5.959972
0.8254891 0.5631738 0.03745599 245.8716 -0.563432 0.8261514 -0.004267438 -81.1506 -0.03334763 -0.01758118 0.9992892 -5.965163
0.8251522 0.5640876 0.0304805 247.2903 -0.5642456 0.8255974 -0.003965443 -82.13518 -0.02740148 -0.0139264 0.9995275 -5.984421
0.8243753 0.5648616 0.03656235 248.7396 -0.5649034 0.8250943 -0.01016545 -83.14214 -0.03590946 -0.01227405 0.9992797 -6.013223
0.8240407 0.5655838 0.03274065 250.1813 -0.5657222 0.8245759 -0.005759789 -84.15027 -0.03025479 -0.01377581 0.9994473 -5.965029
0.8229855 0.5664956 0.04216233 251.6061 -0.5669091 0.8237764 -0.002553258 -85.15399 -0.03617874 -0.02180092 0.9991075 -6.043669
0.8219432 0.5683833 0.03674142 253.0282 -0.5686951 0.8225452 -0.002335053 -86.1751 -0.03154868 -0.01897539 0.9993221 -6.039467
0.8215013 0.5688936 0.03867523 254.4816 -0.5691313 0.8222274 -0.005632323 -87.18596 -0.03500402 -0.01738432 0.999236 -6.087893
0.8215047 0.5690793 0.0357574 255.9333 -0.5690199 0.8222238 -0.01281397 -88.20981 -0.03669276 -0.00981993 0.9992784 -6.067373
0.8206159 0.5703671 0.03564858 257.3731 -0.570612 0.8212107 -0.003879614 -89.22985 -0.0314878 -0.01715783 0.9993569 -6.087101
0.8208125 0.5703768 0.03061126 258.8245 -0.570447 0.8213024 -0.007246385 -90.2598 -0.02927428 -0.01151418 0.9995051 -6.104182
0.8201567 0.5712199 0.03241675 260.2725 -0.5714585 0.8206279 -0.002266125 -91.28294 -0.02789655 -0.01666625 0.9994718 -6.128722
0.8201093 0.5713878 0.03060676 261.7494 -0.5714384 0.8206067 -0.007928226 -92.33244 -0.0296462 -0.01098787 0.9995 -6.133292
0.8196747 0.5718414 0.0336284 263.2018 -0.5720842 0.82019 -0.002845475 -93.36855 -0.02920884 -0.01690591 0.9994304 -6.167243
0.819571 0.5721781 0.03025878 264.6667 -0.5723655 0.8199934 -0.002912817 -94.41204 -0.02647865 -0.01493182 0.9995378 -6.175907
0.8193874 0.5724894 0.0293278 266.1161 -0.5726833 0.8197738 -0.002125744 -95.44749 -0.02525913 -0.01505373 0.9995676 -6.223498
0.8188922 0.573143 0.03037515 267.5998 -0.5732819 0.8193443 -0.004786479 -96.50927 -0.02763105 -0.01349392 0.9995271 -6.220108
0.8181689 0.5737125 0.03812675 269.0596 -0.574054 0.8188139 -0.002376329 -97.5602 -0.03258204 -0.01994257 0.9992701 -6.264188
0.8182282 0.5739052 0.03369396 270.5306 -0.5740029 0.8188174 -0.007664866 -98.59843 -0.03198811 -0.01306882 0.9994028 -6.235845
0.8174791 0.5748435 0.03581688 272.0175 -0.5752996 0.817937 0.003061088 -99.66883 -0.0275363 -0.02310781 0.9993537 -6.312147
0.8173755 0.5753638 0.02921922 273.5103 -0.575555 0.8177601 -0.002225076 -100.7349 -0.02517454 -0.01499854 0.9995705 -6.330901
0.8167952 0.5762299 0.02836594 274.997 -0.5764363 0.8171414 -0.001088679 -101.7974 -0.02380631 -0.01546193 0.999597 -6.366013
0.8169196 0.5761555 0.02621265 276.4816 -0.5761995 0.8172824 -0.006602628 -102.862 -0.02522728 -0.0097099 0.9996346 -6.369323
0.8168383 0.5762071 0.0275787 277.9693 -0.5764316 0.8171453 0.0002296688 -103.9308 -0.02240347 -0.01608483 0.9996196 -6.411612
0.8162658 0.5770017 0.02791411 279.4601 -0.5771909 0.816608 -0.001538542 -105.0173 -0.02368262 -0.01485591 0.9996091 -6.418729
0.8162947 0.5768441 0.03023122 280.963 -0.5770336 0.8167151 -0.002905133 -106.0957 -0.0263661 -0.01507299 0.9995387 -6.46096
0.8160841 0.5768436 0.03546945 282.4478 -0.576972 0.8167293 -0.007536846 -107.1785 -0.03331652 -0.01431418 0.9993423 -6.456416
0.8163053 0.5764854 0.03619673 283.9584 -0.576771 0.8169003 -0.003031963 -108.2727 -0.031317 -0.01840222 0.9993401 -6.493759
0.816216 0.576357 0.0400499 285.463 -0.5767096 0.8169425 -0.003270082 -109.3613 -0.0346032 -0.02042807 0.9991924 -6.521619
0.8166152 0.5759367 0.03790239 286.9816 -0.5762349 0.8172762 -0.003616187 -110.4631 -0.03305941 -0.01888765 0.9992749 -6.536316
0.8164691 0.5757967 0.04285402 288.4843 -0.5762059 0.8172977 -0.003336995 -111.5527 -0.03694593 -0.02196819 0.9990758 -6.557364
0.8166921 0.5753706 0.04430238 290.0133 -0.5758795 0.8175333 -0.001541561 -112.6387 -0.03710563 -0.02425385 0.999017 -6.587859
0.8171642 0.574551 0.0461917 291.5345 -0.57502 0.8181309 -0.003726364 -113.7353 -0.03993184 -0.0235161 0.9989256 -6.624169
0.816825 0.5750119 0.0464568 293.0609 -0.575507 0.8177904 -0.003244306 -114.8293 -0.03985744 -0.02408618 0.998915 -6.640459
0.8174609 0.5743345 0.04356252 294.6024 -0.5748005 0.8182907 -0.00219494 -115.9311 -0.03690743 -0.02324548 0.9990483 -6.666034
0.8180763 0.5736321 0.04119973 296.1396 -0.574031 0.8188295 -0.002566488 -117.0328 -0.03520778 -0.02155034 0.9991477 -6.690821
0.8185208 0.5731073 0.03964625 297.6858 -0.5734857 0.8192127 -0.002189772 -118.1367 -0.03373369 -0.02094419 0.9992114 -6.715456
0.8191717 0.5719736 0.04247323 299.2263 -0.5724507 0.8199384 -0.00112354 -119.2414 -0.03546807 -0.02339346 0.999097 -6.73979
0.8195446 0.5714098 0.04286537 300.7626 -0.5719612 0.8202803 0.0007329164 -120.3477 -0.03474283 -0.02511799 0.9990806 -6.79368
0.8199416 0.5708557 0.04265623 302.3134 -0.5712553 0.8207657 -0.003346646 -121.4405 -0.03692122 -0.02162354 0.9990842 -6.810423
0.8209128 0.569452 0.04273801 303.87 -0.5698387 0.8217483 -0.00370147 -122.5423 -0.03722769 -0.02131519 0.9990795 -6.837507
0.8208462 0.5695979 0.04206856 305.4145 -0.5700082 0.8216345 -0.002668131 -123.6441 -0.03608475 -0.0217893 0.9991112 -6.842519
0.8211411 0.5692407 0.04113624 306.971 -0.5696846 0.8218627 -0.00112584 -124.7427 -0.03444922 -0.02251021 0.9991529 -6.906265
0.8212235 0.5691213 0.04114414 308.5258 -0.5694786 0.8219984 -0.003587083 -125.8506 -0.0358619 -0.02048491 0.9991468 -6.90038
0.8214123 0.5689966 0.03904805 310.0841 -0.5693926 0.8220649 -0.001177352 -126.9554 -0.03276994 -0.02126658 0.9992366 -6.941227
0.8215692 0.5687382 0.03950921 311.6488 -0.5691239 0.8222497 -0.001775805 -128.0524 -0.03349641 -0.02102669 0.9992176 -6.960206
0.8210439 0.5698057 0.03476136 313.1982 -0.5701295 0.8215547 -0.0007222332 -129.1606 -0.02896988 -0.01922549 0.9993954 -7.003272
0.8212371 0.5692795 0.03860789 314.7594 -0.5695761 0.8219295 -0.003897845 -130.2676 -0.03395192 -0.01878908 0.9992468 -7.033661
0.8212827 0.56943 0.03527391 316.3294 -0.5697095 0.8218423 -0.002524278 -131.3756 -0.03042699 -0.01802273 0.9993745 -7.039114
0.820816 0.5697687 0.04030698 317.8732 -0.5702617 0.8214624 0.0009008301 -132.479 -0.03259741 -0.02372494 0.9991869 -7.101193
0.8207722 0.570007 0.03774928 319.4363 -0.5704579 0.8213255 0.001451783 -133.5855 -0.03017692 -0.02272596 0.9992862 -7.114674
0.8204859 0.5703632 0.038584 320.9841 -0.5708288 0.821068 0.00129611 -134.6824 -0.03094084 -0.0230883 0.9992545 -7.165789
0.819362 0.5719709 0.03866644 322.5312 -0.5723835 0.819986 -0.0004869495 -135.81 -0.03198446 -0.02173304 0.9992521 -7.180733
0.8193473 0.5706798 0.05472228 324.0903 -0.5712283 0.8207649 -0.006570569 -136.9218 -0.04866382 -0.02587534 0.99848 -7.238503
0.8197012 0.5706185 0.04984497 325.6281 -0.5712665 0.8207633 -0.00150161 -138.0211 -0.04176776 -0.02724389 0.9987558 -7.248909
0.8200927 0.5698302 0.05235908 327.1855 -0.5706419 0.8211987 0.0006775996 -139.103 -0.04261109 -0.03043398 0.9986281 -7.279529
0.8195003 0.5714732 0.04286652 328.7236 -0.5721434 0.8201425 0.004250544 -140.2116 -0.03272759 -0.02800912 0.9990718 -7.323106
0.8196878 0.5710232 0.04521509 330.2654 -0.5715954 0.8205358 -0.0003340598 -141.3132 -0.03729135 -0.02557091 0.9989772 -7.355261
0.8198606 0.5710443 0.04167787 331.8159 -0.5715184 0.8205891 -0.0006545158 -142.4143 -0.03457416 -0.02328306 0.9991309 -7.394339
0.8204798 0.5700467 0.04312347 333.3637 -0.5704799 0.8213071 -0.002695585 -143.5075 -0.03695422 -0.0223894 0.9990661 -7.425802
0.8207667 0.5697812 0.04112535 334.9077 -0.5703018 0.8214346 0.001138036 -144.6048 -0.03313335 -0.02438792 0.9991534 -7.451881
0.8209324 0.5694665 0.04216511 336.4462 -0.5699856 0.8216548 0.0003535748 -145.6929 -0.0344438 -0.02432377 0.9991106 -7.502134
0.8210747 0.5694302 0.03981951 337.9962 -0.5699725 0.821659 0.002827157 -146.7903 -0.03110819 -0.02501733 0.9992029 -7.523762
0.8212649 0.5689549 0.04259463 339.5348 -0.5694994 0.8219914 0.0007945504 -147.8807 -0.03456035 -0.02491015 0.9990921 -7.571562
0.8216885 0.5682074 0.04436594 341.0768 -0.5688363 0.8224485 0.001913726 -148.9705 -0.03540131 -0.02680944 0.9990135 -7.590338
0.8219793 0.5676132 0.04653157 342.6155 -0.5682994 0.8228196 0.001871257 -150.0548 -0.03722494 -0.027982 0.9989151 -7.641258
0.8221946 0.5673785 0.04558224 344.1489 -0.5681351 0.8229226 0.004588007 -151.15 -0.03490751 -0.02966911 0.9989501 -7.681639
0.8224844 0.567062 0.04427337 345.6877 -0.5677781 0.8231691 0.004530684 -152.235 -0.03387529 -0.02886387 0.9990092 -7.732851
0.8222341 0.5676815 0.04085075 347.2378 -0.5682989 0.8228102 0.004418261 -153.3344 -0.03110426 -0.02684828 0.9991555 -7.778288
0.8222057 0.5677883 0.03992887 348.7779 -0.5682977 0.8228213 0.001737107 -154.4162 -0.03186801 -0.02411974 0.999201 -7.812175
0.8219133 0.5683251 0.03827642 350.3079 -0.5688031 0.8224713 0.001980439 -155.4962 -0.03035572 -0.0233995 0.9992653 -7.840793
0.8216498 0.5684533 0.04186197 351.8355 -0.5691047 0.8222522 0.004605868 -156.586 -0.03180287 -0.02760826 0.9991128 -7.877697
0.8211874 0.5692305 0.04034678 353.3619 -0.5699212 0.821667 0.007293552 -157.6714 -0.0289999 -0.02898386 0.9991591 -7.922787
0.8213339 0.5691934 0.03780784 354.9 -0.5697414 0.8218104 0.004731729 -158.7661 -0.02837761 -0.02542702 0.9992738 -7.985497
0.8212375 0.569382 0.03705543 356.4347 -0.5698292 0.8217609 0.001865916 -159.8427 -0.02938829 -0.02264763 0.9993114 -8.00597
0.8209049 0.5696622 0.04000231 357.9486 -0.5702366 0.8214722 0.003712499 -160.9223 -0.03074591 -0.02585839 0.9991927 -8.019157
0.8210104 0.5697564 0.03632574 359.4651 -0.5703254 0.8213899 0.006907842 -162.001 -0.0259018 -0.0263889 0.9993162 -8.073133
0.8208599 0.5699695 0.03638352 360.9887 -0.5705521 0.8212283 0.007370852 -163.0728 -0.02567801 -0.02680913 0.9993107 -8.130742
0.8211975 0.5696531 0.03361481 362.4923 -0.5700837 0.8215765 0.004098378 -164.1324 -0.02528248 -0.02252883 0.9994265 -8.167193
0.8210196 0.5697702 0.03589886 363.9919 -0.5702726 0.8214417 0.004791506 -165.2023 -0.02675876 -0.02440605 0.9993439 -8.210207
0.820845 0.5700925 0.03475631 365.4784 -0.5705915 0.8212141 0.005731133 -166.2653 -0.0252751 -0.02453603 0.9993794 -8.237457
0.8208306 0.5700926 0.0350934 366.9623 -0.570649 0.8211582 0.007693729 -167.3163 -0.0244311 -0.02634126 0.9993544 -8.304373
0.8207452 0.5702204 0.03501619 368.4313 -0.5707493 0.8210975 0.006660501 -168.3735 -0.02495375 -0.02545204 0.9993646 -8.360249
0.8211132 0.569556 0.03713669 369.9064 -0.5700781 0.8215785 0.004407326 -169.4132 -0.02800049 -0.02478973 0.9993005 -8.394823
0.8216413 0.5687148 0.03832848 371.361 -0.5692894 0.8221208 0.005202759 -170.4485 -0.02855175 -0.0260948 0.9992517 -8.444476
0.8217812 0.5683598 0.04053178 372.8086 -0.5689309 0.8223792 0.003195945 -171.4722 -0.03151604 -0.02568615 0.9991732 -8.462469
0.8222808 0.5677671 0.0386632 374.234 -0.5682898 0.8228223 0.003164815 -172.488 -0.03001607 -0.02457427 0.9992473 -8.527929
0.8225393 0.5672746 0.04035692 375.6565 -0.5677948 0.8231684 0.001762107 -173.4879 -0.03222093 -0.02436385 0.9991838 -8.553722
0.8229443 0.5668111 0.03857316 377.0848 -0.567333 0.8234822 0.003229802 -174.4865 -0.02993362 -0.02454177 0.9992505 -8.598473
0.8234268 0.5663185 0.03537773 378.4981 -0.5667318 0.8238999 0.002047178 -175.472 -0.02798835 -0.02173539 0.9993719 -8.627702
0.8238146 0.5659665 0.0318024 379.9032 -0.5663447 0.8241603 0.003640285 -176.4528 -0.02415 -0.02101004 0.9994875 -8.677963
0.8241032 0.5657267 0.02840982 381.2952 -0.5660231 0.8243839 0.003005758 -177.4277 -0.02172016 -0.01855767 0.9995918 -8.715082
0.8245327 0.5650764 0.02888527 382.6651 -0.5653655 0.8248372 0.002295142 -178.3864 -0.02252872 -0.01822315 0.9995801 -8.755718
0.8254921 0.5639279 0.02341173 384.0472 -0.5641189 0.8256912 0.00193549 -179.3448 -0.01823939 -0.01480473 0.999724 -8.785995
0.8254336 0.5640879 0.02154749 385.4104 -0.5642905 0.825565 0.004324627 -180.3001 -0.01534938 -0.01572874 0.9997585 -8.863603
0.8259969 0.5633594 0.01884898 386.765 -0.5634373 0.8261575 -0.001392108 -181.226 -0.01635649 -0.009470344 0.9998214 -8.891688
0.8266846 0.5623401 0.01913548 388.0989 -0.5623384 0.8268856 -0.005977984 -182.1658 -0.01918452 -0.005818711 0.999799 -8.878476
0.826934 0.5614933 0.03008898 389.409 -0.5617754 0.827289 0.001131591 -183.0745 -0.0242569 -0.017839 0.9995466 -8.868617
0.8269944 0.5614612 0.02900917 390.7138 -0.5618937 0.8271587 0.009146864 -183.9928 -0.01885958 -0.02386447 0.9995373 -8.970448
0.8276021 0.5602544 0.0344923 392.0164 -0.5607417 0.8279712 0.00569906 -184.9052 -0.0253657 -0.02405782 0.9993887 -8.995031
0.8274084 0.5605845 0.03376867 393.3276 -0.5610785 0.8277358 0.006668973 -185.8125 -0.02421301 -0.02446483 0.9994074 -9.026871
0.8275192 0.5601736 0.03765144 394.6139 -0.5607879 0.8279262 0.007448281 -186.7176 -0.02700028 -0.02727806 0.9992632 -9.084549
0.8277226 0.5600244 0.03532653 395.9007 -0.5607222 0.8278909 0.01368284 -187.6044 -0.02158378 -0.03113396 0.9992821 -9.120163
0.827789 0.5599837 0.03440358 397.1887 -0.5607257 0.8278196 0.01735619 -188.5096 -0.01876078 -0.03365824 0.9992573 -9.196833
0.8278008 0.5602679 0.02908351 398.4757 -0.5608392 0.8277421 0.01739003 -189.3926 -0.01433057 -0.03070665 0.9994257 -9.284534
0.827617 0.5603247 0.03295928 399.7771 -0.5606377 0.8280611 0.0003079008 -190.291 -0.02711978 -0.01873304 0.9994566 -9.327016
0.8278887 0.5602651 0.02652043 401.0369 -0.560554 0.8281059 0.004425711 -191.1761 -0.01948216 -0.01853013 0.9996385 -9.290214
0.8273997 0.5607095 0.03185226 402.3254 -0.5611948 0.8276416 0.008349207 -192.0692 -0.02168078 -0.02478346 0.9994577 -9.344025
0.8276854 0.5602272 0.03289849 403.5779 -0.5606328 0.8280553 0.003905029 -192.9344 -0.02505407 -0.02167611 0.999451 -9.374659
0.8273047 0.5609323 0.03036231 404.8477 -0.5614579 0.8274138 0.01230552 -193.8178 -0.01821963 -0.02722757 0.9994632 -9.430072
0.8269161 0.5616028 0.02849627 406.1223 -0.562022 0.8270723 0.009080859 -194.6925 -0.01846864 -0.02352464 0.9995527 -9.486078
0.8268537 0.5617249 0.02789459 407.3772 -0.5621053 0.8270296 0.007733137 -195.5737 -0.01872575 -0.02207387 0.999581 -9.539534
0.8267108 0.5620093 0.02635733 408.6536 -0.5623283 0.8268912 0.006163048 -196.4431 -0.01833095 -0.01991653 0.9996336 -9.546052
0.8270931 0.5614373 0.02655366 409.9215 -0.5617505 0.8272876 0.005643268 -197.3214 -0.01879917 -0.01958404 0.9996315 -9.589185
0.8269448 0.5616722 0.02620243 411.1747 -0.562047 0.82705 0.009576563 -198.1997 -0.01629183 -0.02264629 0.9996108 -9.624236
0.8263333 0.5625268 0.02714583 412.4254 -0.5629575 0.8264037 0.01165206 -199.0729 -0.01587882 -0.02491044 0.9995636 -9.681716
0.8264397 0.5624334 0.02580855 413.6756 -0.5627851 0.8265575 0.008694297 -199.9415 -0.01644229 -0.02170998 0.9996291 -9.719846
0.8261198 0.5628139 0.02768592 414.9373 -0.5632119 0.8262641 0.008939686 -200.8318 -0.0178445 -0.02297829 0.9995767 -9.759818
0.8259407 0.5630557 0.02811212 416.1959 -0.5634179 0.8261464 0.006518509 -201.7033 -0.01955444 -0.02122277 0.9995835 -9.815828
0.825744 0.5632472 0.02999068 417.4294 -0.5636575 0.8259799 0.00686548 -202.5676 -0.02090474 -0.0225736 0.9995266 -9.843733
0.825427 0.5637343 0.02956127 418.6846 -0.5641629 0.8256224 0.008237854 -203.4513 -0.01976249 -0.02347712 0.999529 -9.875826
0.825305 0.5638152 0.03137075 419.9431 -0.5642306 0.8255978 0.005663092 -204.3286 -0.02270669 -0.02237412 0.9994918 -9.939218
0.8252253 0.5637693 0.03416732 421.192 -0.5642599 0.8255748 0.006086173 -205.2092 -0.02477647 -0.02430171 0.9993976 -9.9344
0.8247986 0.5643992 0.03406901 422.4386 -0.5649797 0.8250445 0.009978304 -206.085 -0.0224767 -0.02747839 0.9993697 -9.999331
0.8249013 0.5641091 0.03631478 423.7057 -0.5647418 0.8252126 0.00953805 -206.9667 -0.02458691 -0.02837642 0.9992949 -10.03164
0.8243005 0.5651125 0.03430106 424.9613 -0.5657774 0.8244463 0.01357517 -207.8578 -0.02060788 -0.03059679 0.9993193 -10.07172
0.8242849 0.565209 0.03306172 426.2198 -0.5657704 0.8244978 0.01035728 -208.7344 -0.02140528 -0.02724269 0.9993997 -10.12991
0.8237539 0.5656812 0.03787227 427.4751 -0.5663763 0.8240837 0.01019173 -209.6253 -0.02544465 -0.02984544 0.9992306 -10.1592
0.8229975 0.5665179 0.04162312 428.7379 -0.5671828 0.823575 0.005285027 -210.5231 -0.0312857 -0.02795748 0.9991194 -10.21623
0.8232486 0.5658836 0.04513848 430.0042 -0.5667242 0.8238734 0.00749663 -211.4144 -0.03294618 -0.03175266 0.9989526 -10.22335
0.8223822 0.5670523 0.04625227 431.2446 -0.5679827 0.8229904 0.009087717 -212.2878 -0.03291196 -0.03374406 0.9988884 -10.26714
0.8220848 0.5674936 0.04612536 432.5195 -0.5684993 0.8226025 0.01155502 -213.1862 -0.03138544 -0.03572144 0.9988688 -10.30902
0.8211761 0.569299 0.0396034 433.7819 -0.5701603 0.821404 0.01458404 -214.0799 -0.0242277 -0.03455636 0.999109 -10.33638
0.8206948 0.5700253 0.03913022 435.0609 -0.5707861 0.8210226 0.01118003 -214.9794 -0.0257539 -0.03151038 0.9991716 -10.41466
0.8200132 0.5710397 0.03862852 436.3338 -0.5717092 0.8204145 0.008277993 -215.8798 -0.02696434 -0.02887234 0.9992194 -10.43064
0.8191149 0.5723891 0.03770317 437.5963 -0.5730379 0.8194853 0.008471584 -216.7838 -0.02604814 -0.02854454 0.9992531 -10.47532
0.8184243 0.5731186 0.0414311 438.8583 -0.5738402 0.8189358 0.007178474 -217.6926 -0.02981529 -0.02964987 0.9991156 -10.5098
0.8177587 0.5739471 0.04307332 440.1466 -0.5747357 0.8183026 0.007722904 -218.6141 -0.03081447 -0.03107125 0.9990421 -10.54428
0.8177982 0.5739136 0.04277022 441.4137 -0.5746786 0.818347 0.007263104 -219.5116 -0.03083248 -0.03051888 0.9990585 -10.58709
0.8173271 0.574721 0.04089223 442.6868 -0.5754811 0.8177651 0.009035487 -220.4329 -0.02824736 -0.03091765 0.9991227 -10.63837
0.8166916 0.575828 0.03790704 443.9678 -0.576567 0.8169652 0.01176371 -221.3405 -0.02419486 -0.03146327 0.999212 -10.67207
0.8162028 0.5767226 0.03469853 445.237 -0.5773751 0.8163863 0.01229407 -222.2564 -0.02123714 -0.03006852 0.9993222 -10.71431
0.8153552 0.5779455 0.03427779 446.5041 -0.5786216 0.8154747 0.01406414 -223.1729 -0.01982437 -0.03130114 0.9993134 -10.75452
0.815078 0.5784723 0.03190018 447.7722 -0.5790284 0.815226 0.01152678 -224.0928 -0.01933793 -0.02786634 0.9994246 -10.8025
0.8143702 0.5792863 0.03505084 449.0364 -0.5799294 0.8145878 0.01134526 -225.0173 -0.02197983 -0.02956625 0.9993211 -10.85267
0.8136115 0.5802034 0.03742222 450.2953 -0.5809153 0.8138869 0.01121047 -225.9383 -0.0239531 -0.03086011 0.9992366 -10.89333
0.8128099 0.5809188 0.04328324 451.5484 -0.581823 0.8132378 0.01123581 -226.855 -0.02867248 -0.03431576 0.9989997 -10.9254
0.8119893 0.5819974 0.04418558 452.8053 -0.5830324 0.8123155 0.01472287 -227.7878 -0.02732396 -0.03771644 0.9989148 -11.00134
0.8107316 0.5834988 0.04736295 454.0559 -0.584685 0.8111093 0.01565181 -228.7112 -0.02928372 -0.04038183 0.9987551 -11.05689
0.8095652 0.585463 0.04286277 455.3152 -0.5864151 0.8098994 0.01341631 -229.6419 -0.02685978 -0.03599675 0.9989909 -11.08235
0.8073954 0.5878736 0.05017238 456.5587 -0.5889035 0.8081684 0.007515551 -230.5889 -0.03612954 -0.03561471 0.9987123 -11.13032
0.8055587 0.5899475 0.05511097 457.8001 -0.5907586 0.8068461 -0.001925923 -231.5282 -0.04560226 -0.03100583 0.9984784 -11.16192
0.8028581 0.5916976 0.07288873 459.0317 -0.593599 0.8047411 0.005657135 -232.4685 -0.05530925 -0.04780855 0.997324 -11.17292
0.8011322 0.5940313 0.07289775 460.267 -0.5966086 0.8023149 0.01868745 -233.4088 -0.04738602 -0.05846255 0.9971643 -11.22044
0.7985936 0.5981292 0.06700503 461.477 -0.6003799 0.7994944 0.01878344 -234.3345 -0.04233522 -0.05522881 0.9975758 -11.3248
0.7962701 0.6015804 0.06367897 462.7036 -0.6033146 0.7974312 0.01071465 -235.3074 -0.04433388 -0.04695021 0.9979129 -11.37895
0.7933434 0.6047958 0.06948607 463.9601 -0.6067452 0.794843 0.009204501 -236.2728 -0.04966367 -0.04946267 0.9975405 -11.3835
0.7914121 0.607133 0.07110763 465.1786 -0.6089528 0.7931904 0.005070135 -237.2186 -0.05332363 -0.04731375 0.9974558 -11.41234
0.7892052 0.6099253 0.07173719 466.3841 -0.6125997 0.7900897 0.02190018 -238.177 -0.04332136 -0.06122991 0.9971831 -11.48935
0.7874594 0.6138511 0.05562846 467.6026 -0.6157269 0.7875425 0.02563841 -239.1465 -0.02807161 -0.05444115 0.9981223 -11.56403
0.7853252 0.6168608 0.05241369 468.8125 -0.6178142 0.7863199 0.002579957 -240.1211 -0.03962246 -0.03440803 0.9986221 -11.66441
0.782665 0.6199605 0.05553853 470.0413 -0.6209912 0.7838156 0.00167839 -241.1028 -0.04249144 -0.03580256 0.9984551 -11.65963
0.7806662 0.6223676 0.05673597 471.2413 -0.6236202 0.7817057 0.005832976 -242.0667 -0.04072057 -0.03993531 0.9983722 -11.63157
0.7784296 0.6248782 0.05978844 472.4182 -0.6266904 0.7790893 0.0166979 -243.0465 -0.03614639 -0.05046698 0.9980714 -11.70446
0.7763184 0.6275867 0.05886169 473.6083 -0.6295075 0.7767049 0.02121271 -244.031 -0.03240534 -0.05352169 0.9980407 -11.74287
0.7743446 0.6300147 0.05892336 474.8018 -0.6317167 0.7750595 0.01472173 -245.0363 -0.03639421 -0.04862256 0.9981539 -11.83068
0.7724512 0.632219 0.06015158 475.9827 -0.6338102 0.7734207 0.01024388 -246.0292 -0.04004611 -0.04603758 0.9981367 -11.84891
0.7704575 0.6342602 0.06410231 477.1737 -0.6363376 0.7712121 0.01750039 -247.0241 -0.03833668 -0.05427402 0.9977899 -11.89593
0.7697155 0.6350843 0.06485232 478.3444 -0.6375219 0.7699826 0.02631756 -248.0087 -0.03322128 -0.06160181 0.9975477 -11.97229
0.7688282 0.6360742 0.06567334 479.507 -0.6386876 0.768876 0.03013334 -249.0101 -0.03132761 -0.06511211 0.9973861 -12.01512
0.7686321 0.6366373 0.06243069 480.6789 -0.6387302 0.7691611 0.02037271 -250.0102 -0.03504923 -0.05553549 0.9978414 -12.11848
0.7681141 0.636851 0.06649527 481.8663 -0.6388277 0.7692583 0.01187597 -251.0144 -0.04358881 -0.05160112 0.9977161 -12.15361
0.7672896 0.6376438 0.06838927 483.0374 -0.6397076 0.7685311 0.01157907 -252.0142 -0.04517596 -0.05263363 0.9975915 -12.20291
0.7665604 0.6384503 0.06903911 484.2109 -0.6406063 0.7677625 0.01282262 -253.0139 -0.04481903 -0.05405619 0.9975315 -12.23585
0.76587 0.6391937 0.06981729 485.3623 -0.6415878 0.766856 0.01723566 -254.0016 -0.04252287 -0.05799419 0.9974109 -12.26655
0.7655092 0.6395838 0.07020062 486.5339 -0.6419841 0.7665329 0.01684999 -255.0072 -0.0430341 -0.05796651 0.9973906 -12.3159
0.7647278 0.6403733 0.07150787 487.6912 -0.6428447 0.7658143 0.01670035 -256.0041 -0.04406729 -0.05873969 0.9973002 -12.39169
0.7641557 0.6410479 0.07157997 488.8556 -0.6434876 0.765292 0.0158695 -257.0019 -0.04460647 -0.0581876 0.9973086 -12.42511
0.763911 0.6416006 0.06920011 490.0322 -0.643995 0.7648172 0.01803073 -257.9977 -0.0413569 -0.0583384 0.9974399 -12.47787
0.7633778 0.642518 0.06651922 491.1828 -0.6448194 0.7640839 0.01959077 -258.9876 -0.03823883 -0.05784804 0.9975928 -12.52032
0.7628269 0.6433553 0.06472334 492.3365 -0.645639 0.7633277 0.02193829 -259.9884 -0.035291 -0.05852302 0.9976621 -12.59082
0.7624862 0.6440291 0.06197806 493.4995 -0.6461873 0.7628341 0.02293445 -260.9837 -0.03250853 -0.05753664 0.997814 -12.63392
0.7619833 0.6449036 0.05899933 494.6517 -0.6469235 0.7621788 0.02395122 -261.9862 -0.02952181 -0.05641848 0.9979706 -12.70046
0.761918 0.6452092 0.05644515 495.8123 -0.6470608 0.7620909 0.02301666 -262.9913 -0.02816578 -0.05406025 0.9981403 -12.756
0.7610546 0.6460931 0.05796277 496.9708 -0.6480406 0.7612445 0.02345267 -263.999 -0.02897123 -0.05541099 0.9980432 -12.83048
0.7609501 0.6464237 0.05559908 498.1306 -0.6482619 0.7610328 0.02419651 -265.0085 -0.02667153 -0.0544551 0.9981599 -12.87492
0.7605153 0.6466816 0.05847613 499.2897 -0.6487108 0.7606148 0.02529269 -266.017 -0.02812149 -0.05716957 0.9979684 -12.93321
0.7605216 0.6466687 0.05853699 500.4545 -0.6486921 0.7606413 0.02496719 -267.0335 -0.02838015 -0.05696057 0.997973 -13.00177
0.7604362 0.6466635 0.05969142 501.6339 -0.6487536 0.7605885 0.0249765 -268.0603 -0.02924922 -0.05771806 0.9979044 -13.06306
0.7604826 0.6466926 0.05877871 502.7946 -0.6487511 0.760566 0.0257159 -269.0746 -0.02807481 -0.05768925 0.9979398 -13.11557
0.7606848 0.6465913 0.05725683 503.9724 -0.648576 0.7606983 0.02621532 -270.0988 -0.02660457 -0.057077 0.9980152 -13.17268
0.7607823 0.6463853 0.05827862 505.1567 -0.6484807 0.7607102 0.02815435 -271.1208 -0.02613458 -0.05921189 0.9979033 -13.26089
0.7609565 0.6462334 0.05768623 506.3304 -0.6483018 0.7608514 0.02846309 -272.1331 -0.02549685 -0.05905726 0.9979289 -13.30136
0.7615379 0.6457567 0.05530157 507.5152 -0.6476992 0.7613431 0.02902621 -273.1613 -0.0233596 -0.05792334 0.9980477 -13.38874
0.7618322 0.6455053 0.05417237 508.6832 -0.6473638 0.7616596 0.02819395 -274.1849 -0.02306157 -0.05654829 0.9981335 -13.45409
0.7624019 0.6450043 0.05208518 509.8678 -0.6467657 0.7621329 0.02911286 -275.2183 -0.02091791 -0.0558826 0.9982182 -13.51238
0.7628447 0.6442721 0.0546025 511.0673 -0.6461809 0.7626216 0.02930041 -276.2407 -0.02276361 -0.05763476 0.9980782 -13.58642
0.7633473 0.6437966 0.05316897 512.2518 -0.6456053 0.7631404 0.02847316 -277.2795 -0.02224447 -0.05606108 0.9981795 -13.65249
0.7637943 0.6430332 0.05591624 513.4597 -0.6450235 0.7635932 0.02949972 -278.3176 -0.02372796 -0.05859901 0.9979995 -13.73435
0.7642654 0.6425735 0.0547508 514.6563 -0.6444891 0.7640556 0.02920153 -279.3521 -0.02306852 -0.05760401 0.998073 -13.7972
0.7644482 0.6420819 0.05787724 515.8449 -0.6441722 0.7643362 0.02885225 -280.386 -0.02571216 -0.05933896 0.9979067 -13.8594
0.7648033 0.6415455 0.05912139 517.0406 -0.6437709 0.764583 0.03117903 -281.4273 -0.02520043 -0.06190645 0.9977638 -13.94232
0.7655841 0.6406223 0.05902476 518.2403 -0.6428741 0.7652833 0.03246984 -282.4529 -0.02436976 -0.06280388 0.9977283 -14.01914
0.7663556 0.6398309 0.05758047 519.4474 -0.6420007 0.7660017 0.03281046 -283.4817 -0.02311359 -0.06211118 0.9978015 -14.09568
0.7668427 0.6393086 0.0568919 520.6647 -0.641413 0.7665355 0.03181595 -284.5168 -0.02326946 -0.06088904 0.9978732 -14.16874
0.7673441 0.6386369 0.05767157 521.8785 -0.6407901 0.7670553 0.03184728 -285.5436 -0.02389843 -0.06139319 0.9978275 -14.25778
0.7680381 0.6377696 0.05802883 523.1016 -0.6399949 0.7676287 0.03395354 -286.5757 -0.02289005 -0.06321577 0.9977373 -14.31377
0.768618 0.6371602 0.05703679 524.3029 -0.6393648 0.7680665 0.03586998 -287.5955 -0.02095312 -0.06403764 0.9977275 -14.38713
0.7690229 0.6366406 0.0573809 525.5136 -0.6388323 0.7685833 0.03424941 -288.6229 -0.02229744 -0.06299535 0.9977647 -14.48107
0.769744 0.6357697 0.05736791 526.7383 -0.6379744 0.7692686 0.03484988 -289.6613 -0.02197483 -0.06342475 0.9977447 -14.55994
0.7700796 0.6356064 0.05460757 527.9597 -0.637657 0.7694877 0.03580881 -290.6858 -0.01925954 -0.06239653 0.9978656 -14.64659
0.7703661 0.635104 0.05638321 529.1855 -0.6372575 0.7698394 0.03535489 -291.722 -0.020952 -0.06316683 0.997783 -14.7184
0.7704157 0.635157 0.05509213 530.3958 -0.637242 0.7698228 0.03598914 -292.7541 -0.01955243 -0.06283361 0.9978325 -14.8031
0.7702987 0.6349624 0.05884462 531.6181 -0.6372554 0.7698773 0.03456374 -293.7786 -0.02335646 -0.06412345 0.9976686 -14.88681
0.770361 0.6350714 0.05681775 532.8411 -0.6373013 0.7696909 0.03772534 -294.8105 -0.01977381 -0.06527216 0.9976715 -14.96046
0.7699834 0.6355532 0.05654887 534.0533 -0.6377382 0.7693938 0.03637829 -295.8319 -0.02038801 -0.06407405 0.9977369 -15.06667
0.7694758 0.6364297 0.05351937 535.2675 -0.6384485 0.7687328 0.03785987 -296.8599 -0.01704695 -0.06330162 0.9978489 -15.14288
0.7684236 0.6378029 0.05227537 536.4737 -0.6397189 0.7677433 0.03646322 -297.8914 -0.01687773 -0.06146075 0.9979668 -15.23996
0.7672987 0.6393647 0.04965338 537.6761 -0.6411089 0.7666187 0.03570896 -298.9196 -0.01523416 -0.05923266 0.9981279 -15.30745
0.7660095 0.6407862 0.05121105 538.8654 -0.6426017 0.765424 0.03448204 -299.9453 -0.01710256 -0.05932188 0.9980924 -15.41627
0.7647122 0.6422944 0.05170222 540.0505 -0.6441281 0.7641654 0.03391476 -300.9652 -0.0177258 -0.05923788 0.9980865 -15.47752
0.7631578 0.6440192 0.05319312 541.2283 -0.6459342 0.7626553 0.03355822 -301.9731 -0.01895588 -0.05996947 0.9980202 -15.57408
0.7610934 0.6465033 0.0526335 542.371 -0.6483546 0.7606636 0.03204994 -302.992 -0.019316 -0.05851817 0.9980994 -15.65917
0.7588776 0.6490939 0.05274321 543.5273 -0.650977 0.7583587 0.03348148 -303.9941 -0.01826565 -0.05974296 0.9980466 -15.72027
0.7566717 0.651886 0.04992471 544.6616 -0.6536199 0.7560276 0.03469115 -304.9853 -0.01512977 -0.0588816 0.9981503 -15.80638
0.7543546 0.6544743 0.05111238 545.7686 -0.6562719 0.75374 0.03439903 -305.9829 -0.01601216 -0.05949268 0.9981003 -15.89561
0.7522731 0.6568923 0.05077124 546.8743 -0.6586131 0.7518375 0.03113401 -306.9605 -0.01772003 -0.05685988 0.9982249 -15.96469
0.7500535 0.6591238 0.05454908 547.9648 -0.6610515 0.7497178 0.03056004 -307.943 -0.02075356 -0.05898141 0.9980433 -16.04099
0.7477274 0.6618965 0.05288438 549.022 -0.6637558 0.7472569 0.03217533 -308.9103 -0.01822149 -0.05916069 0.9980822 -16.11413
0.7453081 0.6643996 0.05557896 550.0706 -0.6664355 0.7448325 0.03298602 -309.8672 -0.01948112 -0.06162455 0.9979092 -16.19752
0.7430373 0.6670384 0.05436257 551.0985 -0.6689903 0.742557 0.03257027 -310.8197 -0.01864169 -0.06056895 0.99799 -16.26943
0.7407526 0.6693099 0.05753146 552.1116 -0.6714208 0.7404311 0.03091813 -311.7587 -0.02190427 -0.0615305 0.9978648 -16.35304
0.7383751 0.6719561 0.0572474 553.0869 -0.6740336 0.7380812 0.03024768 -312.682 -0.02192811 -0.06092081 0.9979017 -16.40062
0.7365223 0.6736301 0.06129773 554.0755 -0.6759586 0.736321 0.03019043 -313.6118 -0.02479762 -0.06367065 0.9976628 -16.49322
0.7353653 0.6751002 0.05897194 555.0414 -0.6773027 0.735046 0.03112052 -314.5132 -0.02233762 -0.0628268 0.9977744 -16.53922
0.7344146 0.6760224 0.06023975 555.9883 -0.678349 0.7339951 0.03307432 -315.4116 -0.02185669 -0.06515384 0.9976358 -16.63808
0.733725 0.6771089 0.05631278 556.9157 -0.6791764 0.7332469 0.03268561 -316.2931 -0.01915945 -0.06222856 0.997878 -16.6886
0.7333292 0.6775821 0.05577447 557.8532 -0.6796392 0.7327601 0.03395982 -317.1743 -0.01785873 -0.06281024 0.9978657 -16.764
0.7327762 0.6783423 0.05376637 558.7824 -0.6802458 0.7322717 0.03230676 -318.0578 -0.01745655 -0.06024797 0.9980308 -16.81491
0.7324636 0.6787267 0.05316963 559.7056 -0.6806138 0.7318765 0.03349067 -318.9267 -0.01618259 -0.06071869 0.9980237 -16.91306
0.7318289 0.6793949 0.05337596 560.62 -0.6812285 0.7314655 0.02976491 -319.8018 -0.01882054 -0.05814405 0.9981308 -16.94388
0.7315011 0.6796575 0.05451577 561.5387 -0.6815884 0.7310628 0.03137401 -320.6816 -0.01853088 -0.06010744 0.9980199 -17.03942
0.7310975 0.6800594 0.05491504 562.4501 -0.6819814 0.7307671 0.02967844 -321.545 -0.01994701 -0.05914887 0.9980499 -17.07614
0.7305012 0.6807863 0.05383306 563.3532 -0.6827136 0.7299141 0.03357515 -322.4193 -0.01643602 -0.06127925 0.9979853 -17.15334
0.7296721 0.6816972 0.05354851 564.2609 -0.6836358 0.7289605 0.03547486 -323.2812 -0.01485164 -0.0624927 0.9979349 -17.18938
0.7287509 0.6827502 0.05267012 565.168 -0.6846941 0.7277126 0.04035613 -324.1455 -0.01077555 -0.06547248 0.9977962 -17.29351
0.7275761 0.6840554 0.05197316 566.0816 -0.6859279 0.7266684 0.03815898 -325.0308 -0.01166439 -0.0634134 0.9979192 -17.32926
0.7269464 0.6847637 0.0514548 567.0103 -0.6866313 0.7258512 0.04095881 -325.9191 -0.009301418 -0.06510534 0.997835 -17.42877
0.7257628 0.6858934 0.05309088 567.9285 -0.6878541 0.724757 0.03979848 -326.8116 -0.01118048 -0.06540304 0.9977963 -17.48013
0.7245374 0.6874509 0.04956606 568.8521 -0.6891996 0.7233579 0.04192189 -327.711 -0.007034749 -0.06453489 0.9978907 -17.54969
0.7227547 0.6891398 0.05207667 569.7839 -0.6910434 0.7216389 0.04118609 -328.619 -0.009197576 -0.06575468 0.9977934 -17.6268
0.7212708 0.6908562 0.0498603 570.722 -0.6926255 0.7200145 0.04300312 -329.5331 -0.006191159 -0.06555141 0.99783 -17.69625
0.719485 0.692498 0.05280031 571.6545 -0.6944498 0.7183268 0.04178726 -330.4522 -0.008990282 -0.06673247 0.9977304 -17.76352
0.7181206 0.6943084 0.04731494 572.5939 -0.6959116 0.7167579 0.0443286 -331.3887 -0.003135636 -0.0647603 0.9978959 -17.86738
0.7160603 0.6959296 0.05421898 573.5463 -0.6979766 0.7148676 0.04234534 -332.3284 -0.009290015 -0.06816539 0.9976308 -17.93875
0.7149547 0.6976963 0.04538254 574.5105 -0.6991569 0.7138419 0.04011937 -333.2774 -0.004404822 -0.06041306 0.9981638 -17.94494
0.7130383 0.6992 0.05192139 575.4576 -0.7010843 0.7118382 0.04203645 -334.2352 -0.007567745 -0.06637486 0.9977661 -18.10197
0.712648 0.7001563 0.04374919 576.4236 -0.7015169 0.7114885 0.04071928 -335.1909 -0.002617188 -0.05970931 0.9982124 -18.12761
0.7119455 0.7005874 0.04807031 577.394 -0.7022331 0.7104199 0.04661008 -336.1669 -0.001495669 -0.0669404 0.9977558 -18.24071
0.7124922 0.7005396 0.03998911 578.3868 -0.7016795 0.7112658 0.04179664 -337.1331 0.0008373074 -0.05783932 0.9983255 -18.29185
0.7123796 0.7005062 0.04250194 579.3493 -0.7017943 0.7110925 0.04280293 -338.1112 -0.0002390929 -0.06031955 0.9981791 -18.41712
0.7124834 0.7008331 0.0346463 580.3329 -0.7016739 0.7112751 0.04172799 -339.0911 0.004601304 -0.05404091 0.9985281 -18.42994
0.7125572 0.7006982 0.03583685 581.3116 -0.7016024 0.7113204 0.04215811 -340.0782 0.004048634 -0.05518328 0.998468 -18.56514
0.7125922 0.7007663 0.03374732 582.3033 -0.7015698 0.7115202 0.03922528 -341.0748 0.003475861 -0.05162773 0.9986603 -18.55984
0.7133775 0.6996636 0.03953961 583.2928 -0.700778 0.7121036 0.04264528 -342.0786 0.001681061 -0.05813067 0.9983076 -18.68744
0.7147864 0.6981608 0.04064133 584.281 -0.6993424 0.713636 0.04054287 -343.085 -0.0006976705 -0.0574017 0.9983509 -18.70428
0.7164226 0.6961576 0.0458618 585.2711 -0.6976618 0.7151115 0.04339915 -344.08 -0.002583658 -0.06308816 0.9980046 -18.85681
0.71807 0.6944678 0.04571526 586.2933 -0.6959602 0.716872 0.04164299 -345.0883 -0.003852272 -0.06171858 0.9980862 -18.88515
0.7199107 0.6925114 0.04643817 587.3062 -0.6940667 0.7182899 0.04828046 -346.0868 7.870793e-05 -0.06698881 0.9977537 -19.02522
0.7217427 0.6909932 0.04019766 588.3269 -0.6921453 0.7201122 0.048716 -347.0741 0.004715599 -0.06298304 0.9980035 -19.08979
0.7234688 0.689288 0.03840418 589.3782 -0.6903266 0.7217938 0.04962779 -348.085 0.006487947 -0.06241558 0.9980292 -19.20768
0.7253002 0.6876545 0.0327254 590.424 -0.68841 0.7240705 0.04258633 -349.1048 0.005589189 -0.05341637 0.9985567 -19.26951
0.7271244 0.6855446 0.03631425 591.4771 -0.6864997 0.7258776 0.04266125 -350.0986 0.002886487 -0.05594976 0.9984294 -19.3822
0.7293931 0.6834357 0.03002208 592.5279 -0.6840326 0.7280322 0.04548164 -351.1069 0.009226737 -0.05371007 0.9985139 -19.43682
0.7314802 0.6812562 0.02875059 593.5853 -0.6817258 0.7298385 0.05084991 -352.115 0.01365853 -0.05679573 0.9982924 -19.56534
0.7347065 0.6781008 0.01964121 594.6695 -0.6780955 0.7332389 0.05046827 -353.1247 0.01982087 -0.05039798 0.9985325 -19.63754
0.7375761 0.6750182 0.01821859 595.7482 -0.675023 0.7363235 0.04660147 -354.1312 0.01804206 -0.04667009 0.9987474 -19.74898
0.7402114 0.6722282 0.01401435 596.8361 -0.6720594 0.7390662 0.04601631 -355.1277 0.02057593 -0.04348027 0.9988424 -19.81421
0.7425769 0.6696243 0.01352583 597.9238 -0.6694275 0.741419 0.04652969 -356.1302 0.0211291 -0.04360643 0.9988253 -19.91667
0.7448168 0.6671524 0.01247239 599.0232 -0.6668284 0.7435158 0.05023864 -357.1343 0.02424341 -0.04573553 0.9986594 -19.97672
0.7475011 0.6642103 0.008161184 600.1494 -0.6636049 0.7461613 0.05358986 -358.1323 0.02950538 -0.04547429 0.9985297 -20.07667
0.7500854 0.6613318 0.003500056 601.2781 -0.660754 0.749186 0.04609031 -359.1256 0.0278588 -0.03688435 0.9989312 -20.23344
0.7521329 0.6589785 0.00659466 602.4065 -0.6586208 0.7513047 0.04195278 -360.1309 0.02269138 -0.03589744 0.9990978 -20.30958
0.7545216 0.6562672 0.003232927 603.5428 -0.6557935 0.75377 0.04202001 -361.1326 0.02513947 -0.03382514 0.9991115 -20.32901
0.7569867 0.6534249 0.002642079 604.695 -0.6528575 0.7561477 0.04492002 -362.1331 0.02735406 -0.03572876 0.9989871 -20.43331
0.7593971 0.6506273 0.0003802776 605.8353 -0.6499125 0.758535 0.04730932 -363.1378 0.03049228 -0.0361737 0.9988802 -20.56891
0.7617121 0.6479123 0.002082038 607.0035 -0.647377 0.7609438 0.04321693 -364.1517 0.02641647 -0.03426672 0.9990636 -20.61351
0.7640925 0.6451035 0.002022211 608.1721 -0.6446758 0.7634637 0.03893587 -365.1443 0.02357378 -0.03105428 0.9992397 -20.75702
0.7665045 0.642232 0.002988752 609.3303 -0.6418328 0.7658459 0.0391228 -366.145 0.02283699 -0.03190608 0.99923 -20.81635
0.7691703 0.6390438 0.0001048446 610.5162 -0.6382152 0.7681645 0.05103583 -367.1394 0.03253359 -0.03932216 0.9986968 -20.86086
0.7718133 0.6358399 -0.003444128 611.7263 -0.6349512 0.7709997 0.04895487 -368.145 0.03378288 -0.03559716 0.998795 -20.99839
0.7747799 0.6322118 -0.004939057 612.9332 -0.6313113 0.7740502 0.04787707 -369.1417 0.03409153 -0.0339761 0.998841 -21.07776
0.7780495 0.628182 -0.005142848 614.154 -0.6274131 0.7774554 0.04376955 -370.1268 0.03149357 -0.03082818 0.9990284 -21.20065
0.7809666 0.624542 -0.006195112 615.3665 -0.6237462 0.7804048 0.04369283 -371.1326 0.0321227 -0.03025846 0.9990258 -21.27464
0.7841631 0.6204833 -0.009417707 616.6061 -0.6196437 0.7837437 0.04227694 -372.122 0.0336132 -0.0273164 0.9990615 -21.3778
0.7873212 0.6164553 -0.01039903 617.8573 -0.6156451 0.7869726 0.04068561 -373.1209 0.03326461 -0.02563054 0.9991179 -21.45599
0.7906677 0.6121289 -0.01194967 619.1053 -0.6112429 0.7903392 0.04178592 -374.101 0.03502266 -0.02573463 0.9990551 -21.52293
0.7938308 0.6080151 -0.01225906 620.3693 -0.6071316 0.7935147 0.04153895 -375.0851 0.03498406 -0.02553204 0.9990617 -21.64524
0.7972589 0.6035132 -0.01224457 621.6553 -0.6026491 0.79695 0.04104441 -376.0707 0.03452916 -0.02534385 0.9990823 -21.71643
0.8009209 0.5986394 -0.01251672 622.9417 -0.5978105 0.8006456 0.03986634 -377.0392 0.03388701 -0.02444716 0.9991266 -21.7947
0.8043437 0.5940354 -0.01237616 624.2302 -0.5931813 0.8040363 0.04076253 -378.0237 0.03416527 -0.02544578 0.9990922 -21.90342
0.8075253 0.5896624 -0.01417779 625.5323 -0.5886438 0.8071901 0.04407631 -378.9793 0.03743431 -0.02724707 0.9989275 -21.98399
0.8111326 0.5846393 -0.01615651 626.8622 -0.5835674 0.8108649 0.04412556 -379.9423 0.03889829 -0.02636327 0.9988953 -22.0946
0.8149483 0.5792423 -0.01837584 628.1841 -0.5781471 0.8147817 0.04332195 -380.901 0.0400662 -0.02468121 0.9988921 -22.19905
0.818628 0.5739523 -0.0206613 629.533 -0.5730093 0.818658 0.03820067 -381.859 0.03883991 -0.01943302 0.9990565 -22.28134
0.8227048 0.5680683 -0.02133577 630.8912 -0.5672277 0.8228089 0.03518464 -382.8185 0.03754254 -0.01684433 0.9991531 -22.35856
0.8263346 0.5626875 -0.0235341 632.254 -0.5616415 0.8264443 0.03935283 -383.7564 0.04159297 -0.01930088 0.9989482 -22.4361
0.8300823 0.5570611 -0.02542183 633.6335 -0.5559583 0.830256 0.03981439 -384.6998 0.04328568 -0.01891574 0.9988837 -22.51377
0.8338089 0.5514073 -0.02669753 635.0146 -0.5501687 0.8339827 0.04227489 -385.6317 0.04557596 -0.02056104 0.9987493 -22.62142
0.8375283 0.5457259 -0.02700959 636.4162 -0.5446162 0.8377671 0.03923672 -386.5625 0.04404025 -0.01815201 0.9988648 -22.70448
0.8414618 0.5396391 -0.02704768 637.8372 -0.5385952 0.8417221 0.03767037 -387.4842 0.04309504 -0.01713043 0.9989241 -22.80255
0.8450051 0.5340788 -0.02694865 639.2554 -0.5329864 0.8452342 0.0387914 -388.4041 0.04349558 -0.01841567 0.9988839 -22.8968
0.8488407 0.5278431 -0.0291735 640.6956 -0.526626 0.8491271 0.0405977 -389.3123 0.04620123 -0.01909745 0.9987496 -22.98141
0.8525305 0.5219716 -0.02715622 642.1362 -0.5208315 0.852735 0.03972182 -390.214 0.04389071 -0.01972025 0.9988417 -23.08204
0.8558978 0.5164495 -0.02681453 643.5947 -0.5152876 0.8560672 0.0403459 -391.1139 0.04379166 -0.02071477 0.9988259 -23.14941
0.8597282 0.5100937 -0.02592081 645.0657 -0.5090066 0.8598781 0.03900959 -392.0025 0.04218729 -0.02034378 0.9989026 -23.27326
0.8631567 0.5042132 -0.02700892 646.5322 -0.5031066 0.8633473 0.03892314 -392.8808 0.04294364 -0.02000841 0.9988771 -23.33414
0.8666948 0.4982011 -0.02521513 648.0162 -0.4969805 0.8667214 0.04248076 -393.755 0.04301845 -0.02428643 0.9987791 -23.44688
0.8699998 0.4925792 -0.0215905 649.5114 -0.4915097 0.869907 0.04098373 -394.6183 0.03896946 -0.02504389 0.9989265 -23.53467
0.8733032 0.4866877 -0.02183205 651.0057 -0.4856738 0.8732514 0.03940672 -395.4702 0.03824364 -0.02381075 0.9989847 -23.64993
0.8764229 0.4812551 -0.01662341 652.5076 -0.480419 0.876214 0.03803235 -396.3193 0.03286893 -0.02534622 0.9991382 -23.72515
0.8792501 0.4759019 -0.02089479 654.0222 -0.4749302 0.8791631 0.03890661 -397.1509 0.03688566 -0.02428508 0.9990244 -23.85261
0.8819374 0.4710702 -0.01671274 655.5469 -0.4702335 0.881721 0.03805771 -397.9919 0.03266383 -0.02570562 0.9991358 -23.94502
0.884553 0.4659626 -0.02108831 657.069 -0.4649532 0.884439 0.03982325 -398.8145 0.03720747 -0.0254207 0.9989842 -24.01481
0.8869798 0.461509 -0.01662185 658.6052 -0.4606132 0.886699 0.04000536 -399.6225 0.03320141 -0.0278277 0.9990612 -24.15876
0.8891611 0.4570923 -0.02142702 660.1379 -0.456129 0.8890859 0.03836918 -400.4325 0.03658872 -0.0243429 0.9990339 -24.20515
0.8911988 0.4531294 -0.02093896 661.6823 -0.4521819 0.8911041 0.03827531 -401.2213 0.03600245 -0.02464269 0.9990478 -24.33577
0.8929727 0.4494837 -0.0237506 663.2226 -0.4486019 0.8930564 0.03473676 -402.0138 0.03682423 -0.02036442 0.9991142 -24.41876
0.8946733 0.4461484 -0.02261312 664.771 -0.4452546 0.8946911 0.03571973 -402.8001 0.03616807 -0.02188889 0.999106 -24.48883
0.8966897 0.4419575 -0.02492459 666.3142 -0.4409 0.8967236 0.03865105 -403.5797 0.03943259 -0.02366874 0.9989419 -24.58447
0.8983367 0.4388863 -0.01923535 667.8747 -0.437783 0.8980052 0.04396178 -404.3551 0.03656767 -0.03107157 0.998848 -24.7092
0.8996167 0.4357005 -0.02923647 669.4332 -0.4346306 0.8998644 0.03661188 -405.1284 0.04226067 -0.02022959 0.9989018 -24.7832
0.9012113 0.4324801 -0.02791361 671.0033 -0.431219 0.9012796 0.0417756 -405.8976 0.04322508 -0.02561176 0.998737 -24.94525
0.9026565 0.4291268 -0.03258003 672.5791 -0.4277375 0.9029251 0.04203123 -406.654 0.04745406 -0.02400406 0.998585 -24.9625
0.9041419 0.4261045 -0.03102204 674.157 -0.4247205 0.9043158 0.0427254 -407.396 0.04625921 -0.02545413 0.9986051 -25.14976
0.9057253 0.4226051 -0.0326594 675.7468 -0.4213603 0.9060606 0.03885624 -408.1525 0.04601224 -0.0214317 0.9987109 -25.17794
0.9074988 0.4190037 -0.02969453 677.3255 -0.4176486 0.907599 0.04282593 -408.8983 0.04489494 -0.0264626 0.9986412 -25.31896
0.9091865 0.4153834 -0.02892298 678.9252 -0.4140078 0.9092216 0.04374509 -409.6437 0.04446838 -0.02779811 0.998624 -25.40898
0.9110932 0.4109565 -0.0320002 680.5268 -0.4095095 0.9112698 0.0434676 -410.3802 0.04702411 -0.02649865 0.9985422 -25.50268
0.9131208 0.4065562 -0.03037271 682.1412 -0.4051274 0.9132001 0.04401637 -411.1141 0.04563149 -0.02788744 0.998569 -25.59738
0.9154804 0.4011366 -0.03138728 683.7589 -0.3997298 0.9156278 0.04291675 -411.8316 0.04595454 -0.02674301 0.9985855 -25.71719
0.9174549 0.3964893 -0.03275213 685.3831 -0.3948747 0.9175584 0.04648191 -412.5588 0.04848158 -0.02971207 0.998382 -25.81203
0.9196 0.3913733 -0.03410075 687.0208 -0.3899603 0.919896 0.041501 -413.2679 0.04761153 -0.02486638 0.9985564 -25.92732
0.9218823 0.3862162 -0.03114473 688.6649 -0.384918 0.9220574 0.04059865 -413.9716 0.04439709 -0.02543901 0.99869 -26.05912
0.9241878 0.3804983 -0.03313657 690.3237 -0.3791095 0.9244233 0.04144086 -414.6661 0.0464004 -0.02573674 0.9985913 -26.10711
0.9262654 0.375086 -0.0366466 691.9792 -0.3736541 0.9266843 0.04048223 -415.3472 0.04914415 -0.02380414 0.998508 -26.25614
0.9283643 0.369851 -0.03674195 693.6512 -0.3684201 0.9287828 0.04036598 -416.0355 0.04905468 -0.02393786 0.9985092 -26.33218
0.9309195 0.3633581 -0.03687383 695.3322 -0.362022 0.9313824 0.03829509 -416.7106 0.04825847 -0.0223005 0.9985859 -26.42921
0.9332432 0.3574554 -0.03581621 697.0038 -0.3559543 0.9335508 0.04218399 -417.3643 0.04851514 -0.02661899 0.9984677 -26.54396
0.9353895 0.351905 -0.03477564 698.6918 -0.3503187 0.935572 0.04451596 -418.0181 0.04820051 -0.0294572 0.9984032 -26.61922
0.937248 0.3466465 -0.03744813 700.3826 -0.3450584 0.9375969 0.04297617 -418.6581 0.05000879 -0.02735754 0.998374 -26.74543
0.9391211 0.3414965 -0.03783686 702.0836 -0.3399336 0.9395012 0.04222083 -419.2932 0.04996604 -0.02678845 0.9983916 -26.86816
0.9405756 0.3369442 -0.04226248 703.7872 -0.33535 0.9412183 0.04060327 -419.913 0.05345925 -0.02401772 0.9982812 -26.97311
0.9415269 0.3341584 -0.04318925 705.488 -0.3325234 0.9422072 0.04090739 -420.5359 0.05436278 -0.02415397 0.9982291 -27.06001
0.9425702 0.3310082 -0.04466435 707.1993 -0.3292726 0.9432991 0.04202931 -421.143 0.05604389 -0.02490883 0.9981176 -27.15739
0.9438071 0.3278197 -0.04198214 708.9225 -0.3261604 0.944388 0.04183916 -421.7631 0.05336314 -0.02579518 0.998242 -27.2621
0.9449615 0.3244704 -0.04203229 710.6382 -0.3228199 0.9455453 0.04161115 -422.3593 0.05324502 -0.02575207 0.9982494 -27.38262
0.9461132 0.3211439 -0.0416704 712.3666 -0.3195568 0.9466991 0.04055031 -422.9471 0.05247182 -0.02504913 0.9983082 -27.47698
0.9469875 0.3186682 -0.04080775 714.0911 -0.31709 0.9475185 0.04077177 -423.5463 0.05165878 -0.02567062 0.9983348 -27.58955
0.9481181 0.3152812 -0.04086372 715.8074 -0.3137232 0.9486582 0.04031529 -424.1304 0.05147636 -0.02540376 0.998351 -27.6899
0.9490534 0.3126027 -0.03971379 717.5352 -0.3110509 0.949519 0.04075098 -424.7194 0.05044787 -0.02632185 0.9983798 -27.80493
0.9499963 0.3097696 -0.03936824 719.2646 -0.3081323 0.9503893 0.04260179 -425.2865 0.05061189 -0.02834092 0.9983162 -27.90498
0.9509572 0.3068177 -0.03928364 720.9778 -0.3051247 0.9513081 0.04372248 -425.8571 0.05078568 -0.0295918 0.998271 -28.02649
0.951739 0.304225 -0.04049814 722.717 -0.302585 0.9521972 0.04198332 -426.4221 0.05133459 -0.02770303 0.9982972 -28.12595
0.9524901 0.3015883 -0.04251077 724.4374 -0.2998206 0.9530121 0.04330966 -426.9797 0.05357496 -0.02850641 0.9981568 -28.26791
0.9531853 0.2993867 -0.04249057 726.1603 -0.2976785 0.9537336 0.04218403 -427.5273 0.05315403 -0.02756066 0.9982059 -28.35655
0.9537644 0.2972823 -0.04423454 727.8817 -0.2954546 0.9543678 0.04346232 -428.075 0.0551366 -0.02838352 0.9980753 -28.46744
0.9541613 0.2958561 -0.04522426 729.6257 -0.2940799 0.9548565 0.04202373 -428.6336 0.05561566 -0.02679788 0.9980926 -28.57689
0.954931 0.2935355 -0.04408815 731.3555 -0.2918046 0.9555672 0.04172813 -429.1651 0.05437788 -0.02698236 0.9981558 -28.6882
0.9554744 0.2913471 -0.04674811 733.0843 -0.2895821 0.9562725 0.04104998 -429.7054 0.05666373 -0.02568479 0.9980629 -28.79724
0.9564039 0.2888212 -0.04329017 734.7991 -0.2871604 0.9570147 0.04076649 -430.2341 0.05320355 -0.026558 0.9982305 -28.90168
0.9571212 0.2861345 -0.04523371 736.5242 -0.2843974 0.9578214 0.04118578 -430.7663 0.05511048 -0.02655543 0.998127 -29.00015
0.9580768 0.2830309 -0.0445225 738.2519 -0.2814438 0.9587959 0.03872426 -431.2892 0.05364816 -0.02457024 0.9982576 -29.11672
0.9592097 0.279311 -0.04361371 739.9813 -0.2776793 0.9598432 0.03994337 -431.8033 0.05301894 -0.02620344 0.9982497 -29.21495
0.960619 0.2748246 -0.04101961 741.7104 -0.2732712 0.9611168 0.03971444 -432.3097 0.05033915 -0.02694097 0.9983687 -29.30453
0.9618921 0.2705598 -0.03951046 743.4373 -0.2688524 0.9621929 0.04362561 -432.8096 0.04982001 -0.03134064 0.9982663 -29.42174
0.9632903 0.2656814 -0.03853772 745.1727 -0.2641486 0.9636259 0.04062632 -433.308 0.0479296 -0.02895525 0.998431 -29.52662
0.9649258 0.2602636 -0.03436775 746.8875 -0.2588344 0.9650487 0.0410586 -433.7929 0.04385261 -0.03072294 0.9985655 -29.63992
0.9664368 0.254821 -0.03265204 748.6173 -0.2534374 0.9664726 0.04123215 -434.2697 0.04206412 -0.03157302 0.9986159 -29.73345
0.9680731 0.2489016 -0.02970616 750.3532 -0.247655 0.968016 0.04014732 -434.7296 0.03874877 -0.03150867 0.9987521 -29.84834
0.9694521 0.2434656 -0.02978551 752.0828 -0.2422079 0.9693841 0.04037555 -435.1899 0.03870364 -0.03192787 0.9987406 -29.97107
0.9709942 0.2376822 -0.02602688 753.8231 -0.2366728 0.9708943 0.03674565 -435.629 0.03400313 -0.02951997 0.9989856 -30.05511
0.9724201 0.2314881 -0.02850272 755.568 -0.2303509 0.972355 0.03826674 -436.0647 0.03657305 -0.03064572 0.998861 -30.15959
0.9739147 0.2258015 -0.02244348 757.2872 -0.2248714 0.9736563 0.03776412 -436.4824 0.03037943 -0.03173214 0.9990346 -30.26176
0.9753255 0.2196694 -0.02203374 759.0352 -0.2186845 0.9749722 0.0400746 -436.9066 0.03028545 -0.03426734 0.9989537 -30.34944
0.976681 0.2139289 -0.01813062 760.7715 -0.2130958 0.9762303 0.03955672 -437.3117 0.02616198 -0.03477073 0.9990528 -30.45113
0.9779424 0.2080936 -0.01804763 762.5311 -0.2073137 0.9775475 0.03770703 -437.7072 0.02548901 -0.03313378 0.9991258 -30.57181
0.9791265 0.2026024 -0.01623313 764.2761 -0.2019557 0.9787802 0.03468548 -438.0815 0.02291603 -0.0306831 0.9992664 -30.64262
0.9801432 0.1975642 -0.01695931 766.0398 -0.1968603 0.9797617 0.03623353 -438.4518 0.02377453 -0.03217544 0.9991995 -30.77653
0.9808269 0.1941477 -0.01689175 767.7825 -0.1934939 0.9805038 0.0342433 -438.8206 0.02321068 -0.0303183 0.9992707 -30.83435
0.9816358 0.1902716 -0.01370723 769.545 -0.1896423 0.9811208 0.03791553 -439.1885 0.0206627 -0.03461977 0.9991869 -30.93867
0.9822575 0.1869607 -0.01469687 771.3235 -0.1862785 0.9817282 0.03885819 -439.5466 0.02169328 -0.03543103 0.9991366 -31.01451
0.9826872 0.1848232 -0.01289403 773.0717 -0.1841775 0.9820663 0.0403072 -439.8862 0.02011249 -0.03723458 0.9991041 -31.18526
0.9827868 0.1837537 -0.01909703 774.8361 -0.1829337 0.9823796 0.03828334 -440.2393 0.02579524 -0.03413087 0.9990844 -31.23014
0.9827807 0.1838496 -0.01847772 776.6058 -0.1830048 0.9822942 0.04009227 -440.575 0.02552151 -0.0360204 0.9990251 -31.39306
0.9828729 0.1834219 -0.01781224 778.3713 -0.1826618 0.9824551 0.03764139 -440.9201 0.02440398 -0.03374309 0.9991326 -31.43438
0.9829322 0.1831974 -0.01682355 780.1376 -0.1824082 0.9823972 0.04028555 -441.2717 0.02390762 -0.03652921 0.9990466 -31.5696
0.9829234 0.1832481 -0.01678221 781.9091 -0.1825616 0.9825358 0.03597864 -441.6237 0.02308215 -0.03230046 0.9992116 -31.64981
0.9828968 0.1833634 -0.01708013 783.6869 -0.1825859 0.9823997 0.03940785 -441.9582 0.02400548 -0.03561526 0.9990772 -31.76793
0.9828098 0.1838488 -0.01686794 785.4448 -0.1832056 0.9824877 0.03396526 -442.3189 0.02281702 -0.03029109 0.9992806 -31.84517
0.9828348 0.1838719 -0.01506016 787.2159 -0.1831946 0.9823371 0.03812305 -442.6699 0.02180391 -0.03470972 0.9991596 -31.96509
0.9830368 0.1832112 -0.00850351 788.97 -0.1827763 0.9824412 0.03744445 -443.0182 0.01521444 -0.03525503 0.9992625 -32.02004
0.9831101 0.1829407 -0.005211604 790.7185 -0.1825495 0.9822422 0.04331573 -443.3659 0.01304326 -0.04163276 0.9990478 -32.13976
0.9831253 0.1828915 -0.003916573 792.4769 -0.1825408 0.982192 0.04446694 -443.7141 0.01197946 -0.04300164 0.9990032 -32.23564
0.9831226 0.1829109 -0.003667422 794.2353 -0.1825558 0.982131 0.04574025 -444.0551 0.01196828 -0.04429876 0.9989466 -32.38401
0.9831951 0.1825458 -0.00210065 795.9957 -0.1822926 0.9823219 0.04258338 -444.4002 0.009836929 -0.04148483 0.9990907 -32.4604
0.9832681 0.1821575 -0.001571129 797.769 -0.1819276 0.9823933 0.04249398 -444.7501 0.009284064 -0.04149714 0.9990955 -32.59845
0.9833215 0.1818753 0.0002907435 799.5275 -0.18173 0.9824691 0.04157919 -445.0929 0.007276583 -0.04093856 0.9991352 -32.67601
0.9835066 0.1808717 0.0004568989 801.267 -0.1807292 0.9826252 0.04224376 -445.42 0.00719174 -0.04162959 0.9991072 -32.81804
0.9835674 0.1805303 0.002020048 803.0316 -0.1804508 0.9826565 0.04270547 -445.7682 0.005724617 -0.04236822 0.9990857 -32.89734
0.9834359 0.1812142 0.003899258 804.7584 -0.1812023 0.9823917 0.0455211 -446.1145 0.004418471 -0.04547364 0.9989558 -33.01797
0.9831919 0.1824852 0.005733632 806.5057 -0.182552 0.9820809 0.04681437 -446.45 0.002912038 -0.04707419 0.9988871 -33.12839
0.9830397 0.1832922 0.00607707 808.2628 -0.1833704 0.9818611 0.04821072 -446.7887 0.002869809 -0.04850741 0.9988187 -33.25062
0.9827405 0.1848823 0.006290326 810.0139 -0.1849747 0.9816676 0.04596583 -447.1391 0.00232326 -0.04633603 0.9989232 -33.35113
0.9826052 0.1854741 0.009300185 811.7686 -0.1857071 0.9814011 0.04863015 -447.4914 -0.0001075752 -0.04951135 0.9987736 -33.46571
0.9825464 0.1853503 0.01573814 813.5308 -0.1858998 0.9814121 0.04766034 -447.8513 -0.006611738 -0.04975421 0.9987396 -33.56755
0.9828029 0.1838001 0.01777936 815.2994 -0.1844539 0.9816813 0.04773593 -448.209 -0.008679799 -0.05019448 0.9987018 -33.70177
0.9829848 0.1827175 0.01884379 817.0518 -0.1834144 0.9819324 0.0465585 -448.5512 -0.009996278 -0.04922252 0.9987378 -33.81992
0.9832376 0.1814813 0.01756027 818.8217 -0.1821086 0.9822178 0.04565886 -448.896 -0.008961781 -0.04809139 0.9988027 -33.94173
0.9834673 0.1805255 0.01423697 820.5839 -0.1809886 0.9824743 0.04457711 -449.2404 -0.005940155 -0.04641686 0.9989045 -34.06184
0.9838513 0.1785569 0.01241133 822.3673 -0.1789424 0.9827954 0.0457507 -449.5833 -0.004028696 -0.0472328 0.9988758 -34.15583
0.9841316 0.1767878 0.01519853 824.1221 -0.1773176 0.9830184 0.04725914 -449.9117 -0.006585596 -0.04920418 0.998767 -34.28258
0.9843556 0.1759048 0.01008308 825.8787 -0.1761866 0.9832096 0.04750769 -450.2711 -0.001556949 -0.04854096 0.99882 -34.44915
0.9844704 0.1748358 0.01582783 827.6317 -0.1753841 0.9834583 0.0452798 -450.5832 -0.007649484 -0.04735257 0.998849 -34.48749
0.9844925 0.1749942 0.01230609 829.4161 -0.1753697 0.9835327 0.04369253 -450.9286 -0.004457507 -0.04517308 0.9989693 -34.61965
0.9844286 0.1748573 0.0180314 831.193 -0.1755404 0.9832804 0.04842791 -451.2544 -0.009261951 -0.05083906 0.9986639 -34.72117
0.9846288 0.174186 0.01285779 832.9583 -0.174603 0.9835157 0.04701469 -451.5898 -0.00445654 -0.04853703 0.9988114 -34.85641
0.9846202 0.1738266 0.01753522 834.7346 -0.1744489 0.9836631 0.04443184 -451.9251 -0.009525314 -0.04680749 0.9988585 -34.97432
0.9847932 0.1731838 0.01377002 836.487 -0.1736325 0.9838023 0.04454884 -452.2554 -0.005831842 -0.04626231 0.9989123 -35.07163
0.9847972 0.1728177 0.01756488 838.2666 -0.1734377 0.9838641 0.04394229 -452.5782 -0.009687446 -0.04632065 0.9988797 -35.20012
0.9848527 0.1727407 0.01502339 840.0179 -0.1732727 0.9836936 0.04820257 -452.9096 -0.006451868 -0.05007558 0.9987246 -35.29729
0.9848565 0.1726813 0.01545633 841.7805 -0.1732252 0.9837695 0.04680231 -453.2316 -0.007123583 -0.04877098 0.9987846 -35.42378
0.984834 0.1728613 0.01486492 843.541 -0.1733782 0.9837278 0.04711553 -453.566 -0.006478579 -0.04897822 0.9987788 -35.54707
0.9847709 0.1732169 0.01490761 843.5258 -0.1737357 0.9836634 0.04714096 -453.5638 -0.006498461 -0.04901303 0.998777 -35.54745