1.0 0.0 0.0 0.0 0.0 1.0 0.0 0.0 0.0 0.0 1.0 0.0
0.999999 0.001364773 -0.0001856445 1.630961 -0.001364703 0.999999 0.0003757524 -0.07024542 0.0001861571 -0.0003754987 0.9999999 -0.03978233
0.9999983 0.001631169 0.0009142902 3.027935 -0.001635761 0.9999858 0.005044794 -0.09362457 -0.0009060485 -0.00504628 0.9999868 -0.07386953
0.9999985 0.001272596 -0.001211474 4.438651 -0.001264118 0.999975 0.006973677 -0.1069059 0.001220318 -0.006972135 0.999975 -0.1144978
0.9999987 0.001535142 0.0003854152 5.839723 -0.00153808 0.9999689 0.007742137 -0.1349495 -0.0003735179 -0.00774272 0.99997 -0.1565852
0.9999983 0.001267843 -0.001341316 7.258444 -0.001258456 0.999975 0.006976109 -0.1558977 0.001350127 -0.006974409 0.9999748 -0.1841913
0.9999983 0.001639928 0.0008032097 8.642639 -0.001646332 0.9999663 0.008038308 -0.1649131 -0.0007900004 -0.008039617 0.9999674 -0.2354954
0.9999996 0.0008618112 -0.0003097825 10.03901 -0.0008593788 0.9999695 0.007768034 -0.1964557 0.0003164676 -0.007767764 0.9999698 -0.2617919
0.9999993 -0.0002063667 0.001158108 11.41582 0.0001983539 0.9999762 0.006914747 -0.1905311 -0.001159508 -0.006914513 0.9999754 -0.3031513
0.9999986 -0.001433233 -0.0008306326 12.83102 0.001437939 0.9999827 0.00569296 -0.1979691 0.000822459 -0.005694147 0.9999834 -0.3348802
0.9999979 -0.002027847 0.000191489 14.20808 0.002026851 0.9999852 0.005063723 -0.2102796 -0.0002017547 -0.005063325 0.9999872 -0.3828935
0.9999951 -0.003105625 -0.000276431 15.63085 0.003107207 0.9999776 0.005919335 -0.2200063 0.0002580415 -0.005920165 0.9999824 -0.4137391
0.9999917 -0.003904534 -0.001152588 17.02877 0.003911265 0.9999748 0.005896638 -0.2250143 0.001129536 -0.005901097 0.9999819 -0.4497823
0.9999899 -0.004485671 0.0001005475 18.41542 0.004484816 0.9999633 0.007314051 -0.2261185 -0.0001333522 -0.007313526 0.9999732 -0.4886895
0.9999855 -0.005377628 0.0001197545 19.77134 0.005376592 0.999958 0.007416228 -0.2397704 -0.0001596312 -0.007415477 0.9999725 -0.5162131
0.9999813 -0.005958539 0.001408649 21.16131 0.005946263 0.9999458 0.008564413 -0.234411 -0.001459604 -0.008555876 0.9999623 -0.5792323
0.9999784 -0.006487405 -0.001051261 22.54461 0.006493339 0.9999623 0.005742315 -0.2464292 0.001013969 -0.005749017 0.999983 -0.5978758
0.999972 -0.00728575 0.001676595 23.90475 0.007275907 0.9999566 0.005804042 -0.2466095 -0.001718809 -0.005791681 0.9999818 -0.650941
0.9999627 -0.008621944 0.0004044109 25.30303 0.008619918 0.9999515 0.00476943 -0.2550601 -0.000445513 -0.004765767 0.9999886 -0.6764826
0.9999493 -0.009707935 0.002671133 26.66453 0.009687889 0.9999255 0.007417915 -0.2600063 -0.002742947 -0.007391661 0.9999689 -0.7259033
0.9999376 -0.01107415 0.00148361 28.07705 0.01106167 0.9999053 0.008169813 -0.258481 -0.001573943 -0.008152893 0.9999655 -0.75258
0.9999323 -0.01148672 0.00186336 29.49991 0.01147172 0.9999031 0.007869651 -0.2680797 -0.001953576 -0.007847742 0.9999673 -0.8002018
0.9999086 -0.01346871 0.001159853 30.88927 0.01345865 0.9998751 0.008283455 -0.248719 -0.001271276 -0.008267088 0.999965 -0.8329885
0.9998889 -0.01478693 0.001886872 32.27533 0.01476941 0.9998505 0.008981835 -0.2505035 -0.002019404 -0.00895297 0.9999579 -0.8755186
0.9998624 -0.01658719 0.0001703444 33.66399 0.01658446 0.9998062 0.01059699 -0.2486356 -0.0003460858 -0.01059271 0.9999439 -0.9083998
0.9998407 -0.01780829 0.001155263 35.06586 0.01779395 0.9997765 0.01142209 -0.2373647 -0.001358412 -0.01139971 0.9999341 -0.9568616
0.9998273 -0.01855959 0.0009750985 36.45889 0.0185491 0.9997796 0.009847763 -0.229291 -0.001157654 -0.009827974 0.999951 -0.9910772
0.9998103 -0.01928187 0.002736718 37.86219 0.0192538 0.9997652 0.009939857 -0.2105995 -0.002927735 -0.009885279 0.9999468 -1.043994
0.9997776 -0.02090593 0.002794074 39.24231 0.02087354 0.9997199 0.01115774 -0.1930309 -0.003026554 -0.01109694 0.9999338 -1.080007
0.9997583 -0.02172523 0.003362294 40.60806 0.02168872 0.9997092 0.01053869 -0.1792217 -0.003590272 -0.01046322 0.9999388 -1.121839
0.999732 -0.02286861 0.003611286 42.00043 0.02282897 0.9996824 0.01066302 -0.1517097 -0.003853988 -0.01057772 0.9999366 -1.157096
0.9996928 -0.02453386 0.003524261 43.40203 0.0244962 0.9996462 0.01035901 -0.1214593 -0.003777161 -0.0102695 0.9999402 -1.189105
0.9996625 -0.02554199 0.004746776 44.79226 0.02547998 0.9995948 0.01269376 -0.1068383 -0.005069076 -0.01256852 0.9999081 -1.24858
0.9996529 -0.0262524 0.00222382 46.18276 0.0262201 0.9995651 0.01348448 -0.08136815 -0.002576853 -0.01342149 0.9999066 -1.282324
0.9996475 -0.02635026 0.003245808 47.6232 0.02630691 0.9995726 0.01274439 -0.05935366 -0.003580239 -0.01265451 0.9999135 -1.331988
0.9996479 -0.02637301 0.002908712 49.01699 0.02633252 0.9995663 0.01317774 -0.04939556 -0.003254988 -0.0130965 0.9999089 -1.369362
0.9996364 -0.02667377 0.003961251 50.39771 0.02661803 0.9995544 0.01351244 -0.006347313 -0.004319914 -0.01340208 0.9999009 -1.418708
0.999647 -0.02613621 0.004783338 51.79935 0.02607238 0.9995762 0.01295427 0.009663677 -0.005119886 -0.01282499 0.9999046 -1.463736
0.9996133 -0.02730818 0.005245144 53.20369 0.02724273 0.9995548 0.01217003 0.02701589 -0.00557515 -0.01202243 0.9999122 -1.514701
0.9996653 -0.02553533 0.004155077 54.57032 0.02547948 0.9995911 0.01298112 0.04425414 -0.004484855 -0.0128709 0.9999071 -1.552177
0.9996549 -0.02558906 0.005938906 55.98987 0.02551746 0.9996045 0.0118326 0.08883978 -0.006239342 -0.01167697 0.9999124 -1.602097
0.9996611 -0.02563435 0.004521663 57.3654 0.02558033 0.9996051 0.01162577 0.1039025 -0.004817897 -0.01150617 0.9999222 -1.649383
0.9996471 -0.02598008 0.005545508 58.73242 0.02592112 0.9996094 0.01045223 0.1470176 -0.005814891 -0.0103048 0.99993 -1.676435
0.9996186 -0.02691137 0.006205505 60.11531 0.02683397 0.9995649 0.01223607 0.1723324 -0.006532094 -0.01206488 0.9999059 -1.737178
0.9995621 -0.02894411 0.006143352 61.47047 0.02887757 0.999526 0.01065589 0.1927526 -0.006448866 -0.01047382 0.9999244 -1.747795
0.9995202 -0.03048466 0.00547368 62.87799 0.03042283 0.9994761 0.01104499 0.249348 -0.005807515 -0.01087316 0.999924 -1.815497
0.9994701 -0.03196909 0.006122717 64.21702 0.03190207 0.999433 0.01074721 0.2734904 -0.006462825 -0.01054619 0.9999235 -1.844918
0.9994858 -0.03170582 0.004786017 65.46045 0.03164668 0.9994276 0.01196547 0.2870063 -0.005162653 -0.01180785 0.999917 -1.910996
0.9993653 -0.03507281 0.006240757 66.84584 0.03499206 0.9993081 0.0126094 0.303866 -0.006678685 -0.01238302 0.999901 -1.943428
0.9992706 -0.03783127 0.005194815 68.15267 0.03775919 0.9991978 0.01333678 0.3402343 -0.005695196 -0.0131309 0.9998975 -1.989147
0.9991405 -0.04115224 0.00497037 69.53223 0.0411014 0.9991056 0.009930221 0.4010245 -0.005374575 -0.009717397 0.9999384 -2.023875
0.9990626 -0.04300179 0.004979027 70.87701 0.04295924 0.9990419 0.008360694 0.4309911 -0.005333781 -0.008138961 0.9999527 -2.069423
0.9989824 -0.04488499 0.004408855 72.20306 0.04485546 0.9989717 0.006583058 0.4796338 -0.004699802 -0.006378599 0.9999686 -2.101431
0.9988965 -0.04660789 0.00579494 73.52292 0.0465424 0.9988561 0.01096375 0.551108 -0.006299309 -0.01068194 0.9999231 -2.160294
0.9988649 -0.04754311 0.002935425 74.84063 0.04750924 0.9988136 0.01069334 0.5894057 -0.003440337 -0.01054174 0.9999385 -2.175341
0.9987581 -0.04949817 0.005674199 76.17189 0.04941197 0.9986743 0.01444006 0.6674454 -0.006381432 -0.01414175 0.9998797 -2.242581
0.9986699 -0.05145704 0.003267931 77.47688 0.05141195 0.9985976 0.01263848 0.7204219 -0.003913687 -0.01245366 0.9999148 -2.272667
0.9985901 -0.0529306 0.004011492 78.77931 0.05286476 0.9984882 0.01504777 0.772297 -0.004801915 -0.01481449 0.9998787 -2.319667
0.9985399 -0.05392927 0.003098288 80.11916 0.05388304 0.9984566 0.01344933 0.8216497 -0.003818818 -0.01326275 0.9999048 -2.348024
0.9985015 -0.05465827 0.002694582 81.43716 0.05461327 0.9984006 0.0146267 0.8868216 -0.003489742 -0.01445762 0.9998894 -2.413834
0.9984348 -0.05590699 0.001566226 82.74397 0.05587792 0.9983286 0.01474566 0.9574953 -0.002387994 -0.01463506 0.99989 -2.432344
0.9983964 -0.05644096 0.004359894 84.07271 0.05636202 0.9982742 0.01649508 1.003548 -0.005283368 -0.0162229 0.9998544 -2.499385
0.9983516 -0.05739407 -2.87476e-06 85.39239 0.05738873 0.9982581 0.01369295 1.072026 -0.0007830245 -0.01367055 0.9999062 -2.519396
0.998261 -0.05880494 0.00412768 86.69897 0.05873124 0.9981433 0.01614777 1.142506 -0.005069584 -0.01587727 0.9998611 -2.592648
0.998188 -0.06017291 0.000101161 88.03725 0.06016409 0.9980677 0.01552142 1.198681 -0.001034935 -0.01548721 0.9998795 -2.60388
0.9981191 -0.06113349 0.004587225 89.33651 0.06106272 0.9980323 0.01424289 1.270553 -0.005448916 -0.01393599 0.9998881 -2.673054
0.9980078 -0.06307034 0.00157004 90.634 0.06304048 0.9979022 0.014734 1.337824 -0.002496025 -0.01460567 0.9998902 -2.708462
0.997962 -0.06370582 0.003655147 91.97013 0.06365155 0.997882 0.01342212 1.405359 -0.004502472 -0.01316211 0.9999033 -2.752164
0.9978645 -0.06531513 0.0006368849 93.29086 0.06530126 0.9977801 0.01307147 1.493795 -0.001489236 -0.01300197 0.9999143 -2.788072
0.9978034 -0.0662029 0.002368603 94.62366 0.06616616 0.9977214 0.01318844 1.566505 -0.003236319 -0.01300275 0.9999102 -2.832138
0.9977604 -0.06687137 0.001541744 95.93479 0.06684049 0.997649 0.01514134 1.637886 -0.002550641 -0.01500437 0.9998842 -2.877938
0.9977095 -0.06764239 0.0005117169 97.29873 0.0676301 0.9976263 0.01295972 1.705041 -0.001387128 -0.01289543 0.9999159 -2.916143
0.9976766 -0.06812741 -0.0003620524 98.61053 0.06812564 0.9975748 0.01425315 1.77111 -0.0006098556 -0.0142447 0.9998984 -2.976325
0.9976658 -0.06827513 -0.001212064 99.93568 0.06828514 0.9975803 0.01305711 1.86368 0.0003176552 -0.0131094 0.999914 -3.004946
0.9976723 -0.0681841 -0.001008375 101.2845 0.06819149 0.9975826 0.01338186 1.933143 9.350668e-05 -0.01341948 0.9999099 -3.061179
0.9976017 -0.06918436 -0.00209328 102.6253 0.06920654 0.9975095 0.01361306 2.013459 0.001146256 -0.01372528 0.9999052 -3.095212
0.9976385 -0.06868307 -0.0002946499 103.9744 0.0686807 0.9975457 0.01362019 2.085614 -0.0006415495 -0.01360826 0.9999072 -3.144169
0.9976277 -0.06880692 -0.002122548 105.3295 0.0688317 0.9975069 0.01557111 2.176007 0.001045855 -0.01568027 0.9998765 -3.193235
0.9976077 -0.06911779 -0.001275247 106.6381 0.0691293 0.9974848 0.01565328 2.256786 0.0001901194 -0.01570399 0.9998767 -3.235327
0.9975663 -0.06957981 -0.004475595 107.9389 0.06964581 0.9974296 0.01683617 2.354345 0.003292634 -0.0171069 0.9998482 -3.281719
0.9976296 -0.06875648 -0.002769523 109.3051 0.0687932 0.9974922 0.01664206 2.429449 0.001618328 -0.01679313 0.9998577 -3.324143
0.997677 -0.06795976 -0.004708952 110.6626 0.06802973 0.9975424 0.01676651 2.510818 0.003557931 -0.01704792 0.9998484 -3.375329
0.997754 -0.06692045 -0.002915255 112.0137 0.06696216 0.9975939 0.01795016 2.58807 0.001707009 -0.01810506 0.9998347 -3.424766
0.9977809 -0.06639089 -0.005065665 113.3695 0.06646865 0.9976412 0.01714353 2.659434 0.003915542 -0.01744219 0.9998402 -3.472823
0.997806 -0.06612483 -0.003265095 114.7109 0.06617118 0.9976622 0.01708496 2.757508 0.002127721 -0.01726353 0.9998487 -3.52964
0.9978281 -0.06568505 -0.004959068 116.0637 0.06576064 0.9976898 0.0170422 2.833117 0.003828194 -0.0173313 0.9998425 -3.567495
0.9978542 -0.06537259 -0.003660383 117.4443 0.06542187 0.9977368 0.01552837 2.915128 0.002636969 -0.01573452 0.9998727 -3.614192
0.9978176 -0.06595653 -0.003138384 118.8 0.06600114 0.9976699 0.01728936 3.004415 0.001990725 -0.01745877 0.9998456 -3.664888
0.9977741 -0.06655538 -0.00416298 120.1835 0.0666136 0.9976519 0.01590552 3.085942 0.003094608 -0.01614743 0.9998648 -3.709887
0.9978145 -0.06596617 -0.003843407 121.5644 0.06601666 0.9977063 0.01496092 3.165692 0.002847677 -0.01518195 0.9998807 -3.762291
0.9977742 -0.06666905 -0.001397059 122.927 0.06668334 0.9976178 0.01766893 3.240674 0.0002157599 -0.01772276 0.9998429 -3.816034
0.9976346 -0.06866723 -0.003175272 124.2783 0.0687153 0.9974561 0.01896178 3.343873 0.001865141 -0.01913512 0.9998152 -3.862963
0.997717 -0.0673985 -0.004273358 125.6948 0.06746266 0.9975725 0.01726062 3.402723 0.003099645 -0.01750951 0.9998419 -3.919425
0.9975809 -0.06934312 -0.00489022 127.0767 0.06941006 0.9974726 0.01519235 3.510823 0.003824375 -0.01549503 0.9998726 -3.955206
0.9975464 -0.06999378 -0.001412338 128.4731 0.0700078 0.9973915 0.01758423 3.5924 0.0001778673 -0.01763996 0.9998444 -4.014662
0.9976805 -0.06785604 -0.00539938 129.8712 0.06795283 0.9974799 0.02040827 3.66792 0.004000948 -0.02072784 0.9997771 -4.067621
0.9976739 -0.06809149 -0.003204832 131.2931 0.0681433 0.9974624 0.02062441 3.757326 0.001792353 -0.02079482 0.9997821 -4.122139
0.997672 -0.06792852 -0.006032228 132.6721 0.0680276 0.9975193 0.01810931 3.842175 0.004787125 -0.01847751 0.9998178 -4.161818
0.9976917 -0.06788375 -0.001772143 134.0552 0.06790321 0.9975691 0.01564918 3.920245 0.0007055099 -0.01573339 0.999876 -4.210409
0.9977417 -0.06712124 -0.002490757 135.4807 0.06715336 0.9976058 0.01653445 4.005281 0.001374981 -0.01666437 0.9998602 -4.278965
0.9976735 -0.06816775 -0.0008877176 136.9006 0.06817283 0.9975195 0.01753138 4.076358 -0.0003095592 -0.01755111 0.9998459 -4.317987
0.9977215 -0.06736735 -0.003666977 138.3079 0.06742471 0.997547 0.01881003 4.167946 0.002390801 -0.01901442 0.9998164 -4.37948
0.9977095 -0.0676384 -0.0009526683 139.7406 0.06764457 0.9975462 0.01804138 4.261488 -0.0002699591 -0.0180645 0.9998368 -4.423757
0.9978018 -0.06614231 -0.004094489 141.1746 0.06620908 0.9976213 0.01918731 4.344486 0.002815656 -0.01941622 0.9998075 -4.486493
0.9977694 -0.06674159 -0.0013262 142.5593 0.06675476 0.9975677 0.02005978 4.429913 -1.584797e-05 -0.02010357 0.9997979 -4.542564
0.9977571 -0.06670764 -0.005562134 144.0028 0.06680827 0.997556 0.02046169 4.517225 0.004183589 -0.02078739 0.9997752 -4.594317
0.997746 -0.06702967 -0.003150437 145.4448 0.06707802 0.9975626 0.01921001 4.603512 0.001855118 -0.01937803 0.9998105 -4.645024
0.9977756 -0.06637654 -0.006169909 146.8742 0.06648643 0.9975919 0.01974862 4.682667 0.004844206 -0.0201149 0.999786 -4.712765
0.9978128 -0.06601787 -0.003353981 148.3297 0.06606733 0.9976566 0.01778602 4.767877 0.002171926 -0.01796871 0.9998362 -4.757002
0.9977148 -0.06739514 -0.004796792 149.7721 0.06747141 0.9975573 0.01807563 4.846768 0.003566866 -0.01835797 0.9998251 -4.813741
0.997762 -0.06678439 -0.00330223 151.2285 0.06683459 0.9975896 0.01865377 4.947259 0.00204849 -0.01883273 0.9998205 -4.869077
0.997797 -0.06621765 -0.004038637 152.6861 0.06628053 0.9976352 0.01819107 5.024667 0.002824517 -0.01841867 0.9998264 -4.922589
0.9977704 -0.06665953 -0.003278448 154.1259 0.06670637 0.9976238 0.01723908 5.102587 0.002121509 -0.01741934 0.999846 -4.972458
0.9977654 -0.06673377 -0.003296102 155.5969 0.06678507 0.9975816 0.01925181 5.200706 0.002003385 -0.01942892 0.9998092 -5.029188
0.9978459 -0.06553598 -0.002927372 157.0365 0.06558144 0.9976485 0.01992252 5.288742 0.001614846 -0.02007159 0.9997972 -5.089929
0.997825 -0.0658294 -0.003424932 158.4745 0.06588576 0.9976192 0.02037568 5.375564 0.002075459 -0.02055701 0.9997866 -5.147058
0.9978771 -0.06506276 -0.002846212 159.9323 0.06510577 0.9976913 0.01932758 5.463387 0.001582134 -0.01947186 0.9998091 -5.191241
0.9978331 -0.06566781 -0.004090581 161.4117 0.06574111 0.9976037 0.02156461 5.555241 0.002664678 -0.0217868 0.9997591 -5.266463
0.9978688 -0.06521925 -0.002053504 162.8946 0.06524772 0.9976575 0.02055269 5.626985 0.0007082622 -0.02064288 0.9997867 -5.297038
0.9977958 -0.06625289 -0.003770733 164.3913 0.06632125 0.9975443 0.0225064 5.73491 0.00227036 -0.02270687 0.9997396 -5.390374
0.9978631 -0.06531283 -0.001841544 165.875 0.0653376 0.9976186 0.02209651 5.805987 0.0003939731 -0.02216961 0.9997541 -5.399649
0.99791 -0.06456606 -0.002599058 167.3466 0.06460956 0.9976304 0.02364491 5.894593 0.00106624 -0.02376342 0.9997171 -5.508891
0.9979244 -0.06437505 -0.001664957 168.8446 0.06439628 0.997664 0.02279837 5.975463 0.0001934209 -0.02285827 0.9997387 -5.549043
0.9978919 -0.0648283 -0.003002255 170.3227 0.06488458 0.9975536 0.02601242 6.060964 0.001308569 -0.02615238 0.9996571 -5.634161
0.9978878 -0.06487746 -0.003302542 171.7983 0.06493308 0.9976646 0.02119152 6.145147 0.001919977 -0.0213612 0.99977 -5.663241
0.9978672 -0.06524375 -0.002077649 173.3194 0.06527442 0.9975978 0.02318494 6.231466 0.0005599864 -0.02327111 0.999729 -5.750928
0.9978441 -0.065617 -0.001228352 174.8271 0.06562848 0.9976526 0.01954104 6.315429 -5.675614e-05 -0.01957953 0.9998083 -5.781597
0.9976932 -0.0678842 -7.877807e-05 176.3239 0.06786851 0.9974362 0.02269291 6.400371 -0.001461914 -0.0226459 0.9997425 -5.875427
0.9975637 -0.06973975 -0.001729438 177.8521 0.069761 0.9973128 0.02237494 6.482988 0.000164368 -0.02244107 0.9997482 -5.921326
0.9973187 -0.07317019 -0.001255078 179.3303 0.07317805 0.9969792 0.0260266 6.603827 -0.000653085 -0.02604866 0.9996605 -5.993452
0.9973449 -0.07275666 -0.003099318 180.8461 0.07281394 0.9969801 0.02699996 6.688392 0.001125531 -0.02715395 0.9996306 -6.04908
0.9973329 -0.07289328 -0.003684298 182.3779 0.0729683 0.9969373 0.02813798 6.790517 0.001621944 -0.02833177 0.9995973 -6.123928
0.9974225 -0.07154644 -0.005439647 183.8759 0.07166646 0.9970742 0.02658535 6.882286 0.003521645 -0.02690666 0.9996318 -6.182886
0.9974859 -0.07077282 -0.003610519 185.4106 0.070844 0.9971331 0.02658237 6.983355 0.001718859 -0.02677132 0.9996401 -6.261326
0.9974359 -0.0714549 -0.003991578 186.9272 0.07153515 0.9970953 0.02614775 7.081045 0.002111598 -0.02636625 0.9996501 -6.315026
0.9974347 -0.07153456 -0.002621188 188.459 0.07157968 0.9970546 0.02754089 7.172958 0.0006433422 -0.02765786 0.9996172 -6.39833
0.9974623 -0.07111625 -0.003382312 189.9848 0.07118148 0.9971044 0.02676374 7.270096 0.001469181 -0.02693658 0.9996361 -6.454429
0.997434 -0.07156549 -0.001923502 191.5006 0.07159127 0.997038 0.02811047 7.3646 -9.393465e-05 -0.02817605 0.999603 -6.534237
0.997398 -0.07204095 -0.002701055 193.0436 0.07208841 0.9970049 0.02800536 7.460642 0.0006754319 -0.02812721 0.9996041 -6.595773
0.9973006 -0.07341331 -0.001437113 194.5417 0.07342479 0.9969097 0.02792201 7.556662 -0.0006171755 -0.02795215 0.9996091 -6.661883
0.9971748 -0.07509487 -0.001766517 196.075 0.07511476 0.9967729 0.02831028 7.654778 -0.0003651412 -0.02836299 0.9995976 -6.735401
0.9970829 -0.07630597 -0.001757137 197.6422 0.07632527 0.9966925 0.02789955 7.755995 -0.000377577 -0.02795228 0.9996092 -6.811255
0.9970018 -0.07737494 -0.0007351672 199.1649 0.07736329 0.9965738 0.02925001 7.868239 -0.001530569 -0.02921918 0.9995719 -6.887954
0.9969686 -0.07777474 -0.002163013 200.7005 0.07780478 0.996555 0.02871592 7.952789 -7.781154e-05 -0.02879716 0.9995853 -6.96053
0.996915 -0.07847211 -0.001606771 202.2378 0.07848641 0.9965277 0.02779274 8.0602 -0.0005797636 -0.02783311 0.9996124 -7.016374
0.9968469 -0.07929267 -0.003012816 203.7862 0.07934693 0.9964188 0.02920983 8.183018 0.000685901 -0.02935679 0.9995688 -7.09282
0.9966978 -0.08113811 -0.003175983 205.3074 0.08119387 0.996347 0.0264622 8.301671 0.001017288 -0.02663269 0.9996448 -7.153404
0.9966857 -0.08132879 -0.001790553 206.8457 0.08134615 0.996248 0.02953728 8.407164 -0.0006183962 -0.02958504 0.9995621 -7.23899
0.9965701 -0.08270882 -0.002705908 208.3983 0.08275279 0.9961189 0.02998822 8.536961 0.0002151158 -0.03010928 0.9995466 -7.301497
0.9966038 -0.08234513 -0.0003847934 209.9616 0.08232011 0.9961619 0.02974001 8.642673 -0.002065629 -0.02967068 0.9995576 -7.387133
0.9964797 -0.08379664 -0.002490725 211.5037 0.08383362 0.996019 0.03029653 8.753654 -5.793804e-05 -0.03039869 0.9995378 -7.445607
0.9965664 -0.08275504 -0.002674308 213.0668 0.08279813 0.9960954 0.03063579 8.862851 0.0001285999 -0.03075203 0.999527 -7.537459
0.9964373 -0.08428183 -0.003049956 214.5986 0.08433583 0.9959614 0.03079671 8.985063 0.0004420347 -0.03094421 0.999521 -7.598716
0.9964992 -0.08356796 -0.002385883 216.1238 0.08360197 0.996062 0.02951168 9.091688 -8.974341e-05 -0.02960783 0.9995616 -7.673064
0.9964336 -0.0843453 -0.002465439 217.686 0.08438124 0.9959656 0.03053146 9.200924 -0.0001196919 -0.03063061 0.9995308 -7.745222
0.9964147 -0.08459055 -0.001503306 219.2371 0.08459634 0.9959306 0.03107455 9.318805 -0.001131425 -0.03109031 0.999516 -7.835062
0.9964126 -0.08458178 -0.002811327 220.7937 0.08462834 0.9959252 0.03116267 9.44285 0.000164077 -0.0312888 0.9995103 -7.908577
0.9964188 -0.08451091 -0.002720424 222.3531 0.08455453 0.9959638 0.03011066 9.544982 0.0001647646 -0.03023286 0.9995429 -7.980933
0.9964744 -0.08386017 -0.002474569 223.9034 0.08389647 0.9959749 0.03155032 9.657598 -0.0001812064 -0.03164669 0.9994991 -8.06211
0.9965945 -0.08239516 -0.003221984 225.4471 0.08245615 0.9960805 0.03200505 9.76413 0.0005722949 -0.03216172 0.9994825 -8.136833
0.9966485 -0.08176657 -0.002464107 227.0106 0.08180357 0.9961441 0.03170457 9.876724 -0.0001377687 -0.03179988 0.9994943 -8.208501
0.9966986 -0.08115144 -0.00254603 228.5781 0.08119132 0.9961706 0.03243573 10.00365 -9.592576e-05 -0.03253536 0.9994706 -8.286674
0.9967408 -0.08059502 -0.003491296 230.1437 0.08066367 0.9962888 0.03003152 10.10573 0.001057948 -0.03021526 0.9995428 -8.359186
0.9967696 -0.08030162 -0.001413259 231.7018 0.08030411 0.9962147 0.03327759 10.22453 -0.001264336 -0.03328358 0.9994451 -8.44995
0.9967835 -0.08007876 -0.003164124 233.259 0.08014005 0.9962069 0.03390606 10.34796 0.0004369675 -0.03405057 0.99942 -8.517274
0.9967498 -0.08052328 -0.002441943 234.8341 0.08055907 0.996109 0.03573688 10.46424 -0.0004452094 -0.03581745 0.9993582 -8.593324
0.9967937 -0.07991549 -0.003979097 236.3846 0.08000404 0.9962339 0.03342338 10.57775 0.001293066 -0.03363456 0.9994333 -8.670569
0.9968553 -0.07923667 -0.00101048 237.9399 0.07922556 0.996285 0.03375479 10.69168 -0.001667891 -0.0337287 0.9994296 -8.760322
0.9968072 -0.07980209 -0.002652369 239.5364 0.07984594 0.9961792 0.03537774 10.8247 -0.0001809819 -0.03547657 0.9993705 -8.82517
0.9968585 -0.07918348 -0.001772293 241.1095 0.07919829 0.9962937 0.03356262 10.93579 -0.0008918814 -0.03359755 0.9994351 -8.917294
0.9968679 -0.07907981 -0.0009019963 242.6557 0.07906159 0.9962311 0.03567461 11.03955 -0.001922545 -0.03563419 0.9993631 -8.994226
0.9968014 -0.07991185 -0.001052004 244.2456 0.07990273 0.9962512 0.03315422 11.17846 -0.001601354 -0.03313223 0.9994497 -9.076826
0.9968321 -0.07953513 -1.612992e-05 245.8164 0.07948768 0.9962305 0.03473645 11.28953 -0.002746699 -0.03462769 0.9993965 -9.158831
0.9968247 -0.07962733 0.0001370872 247.4139 0.07956821 0.9961482 0.03684984 11.40411 -0.003070813 -0.03672192 0.9993208 -9.24345
0.9967931 -0.08001942 -0.0006137177 248.9767 0.07998777 0.9961168 0.03678776 11.52126 -0.002332401 -0.03671888 0.9993229 -9.321848
0.9967854 -0.08011813 1.245551e-05 250.5521 0.0800605 0.9960742 0.03776976 11.63663 -0.00303845 -0.03764735 0.9992865 -9.40801
0.9967539 -0.08050805 0.0001625391 252.1516 0.08044729 0.9960762 0.03688117 11.75703 -0.003131133 -0.03674838 0.9993197 -9.498189
0.9966382 -0.08191983 0.001172397 253.6637 0.08181559 0.9959162 0.03817228 11.87699 -0.004294676 -0.03794803 0.9992705 -9.579664
0.9967211 -0.0808915 0.001884367 255.2897 0.08075329 0.9959431 0.0397018 11.99105 -0.00508826 -0.03941946 0.9992098 -9.684074
0.9967918 -0.08003147 0.001018707 256.8913 0.07993011 0.9960288 0.03921778 12.10745 -0.004153319 -0.03901054 0.9992301 -9.768063
0.9968631 -0.07914563 -0.0001053981 258.5012 0.07908522 0.9960481 0.04041468 12.20837 -0.003093664 -0.04029624 0.999183 -9.871746
0.9968877 -0.07883109 -0.0007574924 260.0877 0.07879716 0.99607 0.04044116 12.32165 -0.002433505 -0.04037498 0.9991816 -9.974057
0.9968984 -0.07869311 -0.001020533 261.6808 0.07866896 0.9960622 0.04088055 12.42868 -0.002200503 -0.04083403 0.9991635 -10.05719
0.9969587 -0.07792763 -0.0008523214 263.2795 0.07789813 0.9961383 0.04050159 12.53896 -0.002307163 -0.04044481 0.9991791 -10.15615
0.9969227 -0.07838822 -0.0007128734 264.8967 0.07834985 0.9960561 0.04163908 12.66519 -0.002553952 -0.0415668 0.9991325 -10.24312
0.9969276 -0.07832775 -0.0002444969 266.4871 0.0782671 0.9960229 0.04257805 12.7746 -0.003091518 -0.04246637 0.9990931 -10.34475
0.9968768 -0.07897263 1.463259e-05 268.0911 0.07890012 0.9959694 0.0426563 12.89629 -0.003383253 -0.04252192 0.9990898 -10.43423
0.9968585 -0.07917669 0.002042088 269.6949 0.0790233 0.9960017 0.04166305 13.00952 -0.005332666 -0.04137079 0.9991297 -10.53328
0.9968744 -0.078991 0.001367177 271.298 0.0788619 0.9959803 0.04247436 13.10903 -0.004716774 -0.04223378 0.9990966 -10.63615
0.9967856 -0.08008527 0.00221459 272.921 0.07990833 0.9958118 0.04442508 13.24138 -0.00576311 -0.04410531 0.9990103 -10.75014
0.9968073 -0.07961043 0.006122175 274.5214 0.07928685 0.9959732 0.04184088 13.35216 -0.009428494 -0.04122189 0.9991055 -10.86473
0.9967155 -0.08084352 0.004745433 276.127 0.08060994 0.9960388 0.03753121 13.47177 -0.007760791 -0.03702541 0.9992842 -10.87584
0.9966986 -0.08106286 0.004565151 277.7441 0.08077372 0.9956989 0.04537826 13.57787 -0.008224008 -0.0448597 0.9989594 -11.04436
0.9966894 -0.08118894 0.004321741 279.3442 0.08089539 0.9956013 0.04726221 13.68423 -0.0081399 -0.04675613 0.9988732 -11.1303
0.9966836 -0.08135857 0.001622872 280.8865 0.08118704 0.9955405 0.04803988 13.77252 -0.00552409 -0.0477488 0.9988441 -11.23615
0.996531 -0.08319206 0.002250726 282.5238 0.08301983 0.9956267 0.04283564 13.92569 -0.005804469 -0.04250019 0.9990796 -11.31397
0.9964002 -0.08474684 0.002145622 284.1484 0.08457686 0.9954897 0.04297627 14.04075 -0.005778047 -0.04264009 0.9990738 -11.43576
0.9964485 -0.08419781 0.001033862 285.7183 0.08407273 0.9955039 0.04363111 14.1147 -0.004702858 -0.04338923 0.9990472 -11.52065
0.9963548 -0.08529844 -0.001107551 287.3456 0.08526037 0.9953194 0.04549995 14.25642 -0.002778708 -0.04542853 0.9989637 -11.63564
0.9962885 -0.08607333 -0.0007114335 288.943 0.08602133 0.9953233 0.04395084 14.38618 -0.003074889 -0.04384892 0.9990335 -11.70897
0.9962908 -0.08604594 -0.0008777104 290.5554 0.08600545 0.9953887 0.04247668 14.5258 -0.002781282 -0.04239461 0.999097 -11.81992
0.9962327 -0.08672057 5.61031e-05 292.1764 0.08664048 0.9953401 0.04232861 14.64624 -0.003726603 -0.04216428 0.9991037 -11.89847
0.9961317 -0.08784736 0.002119732 293.8119 0.08766542 0.9951469 0.04469154 14.78349 -0.006035479 -0.04433284 0.9989986 -12.00983
0.9960586 -0.08859792 0.004212827 295.4046 0.08831747 0.9950607 0.04532277 14.89991 -0.008207522 -0.04477207 0.9989635 -12.10819
0.9958615 -0.09083532 0.00298599 297.0354 0.09059252 0.9947584 0.0474203 15.04075 -0.007277776 -0.04695354 0.9988706 -12.20674
0.9957148 -0.09243709 0.002739775 298.6638 0.09222554 0.9947501 0.04434448 15.18926 -0.006824467 -0.04390177 0.9990125 -12.29007
0.99556 -0.09407214 0.003276505 300.2892 0.09382822 0.9945569 0.04530988 15.31672 -0.007521067 -0.04480127 0.9989676 -12.42142
0.9954492 -0.09522168 0.003705846 301.929 0.09496552 0.9944949 0.04428806 15.45947 -0.007902629 -0.04373458 0.9990119 -12.51203
0.9953979 -0.09578666 0.002824384 303.5559 0.09556265 0.9944004 0.04511826 15.58144 -0.007130296 -0.04464071 0.9989777 -12.62288
0.9952704 -0.09711859 0.002201773 305.1897 0.09692245 0.9942783 0.04490581 15.72314 -0.006550365 -0.04448002 0.9989888 -12.70237
0.9952534 -0.09731219 0.0009878783 306.8315 0.09717938 0.9943328 0.04311202 15.87026 -0.005177605 -0.04281139 0.9990698 -12.815
0.9952136 -0.09772293 0.0002376339 308.4754 0.09762245 0.9942948 0.04298333 16.01798 -0.004436736 -0.0427544 0.9990758 -12.90481
0.9951712 -0.09813663 -0.001830868 310.1157 0.09812626 0.9942787 0.04219955 16.18175 -0.002320928 -0.04217543 0.9991075 -13.01203
0.9951735 -0.09811969 -0.001478033 311.7548 0.09809072 0.9942237 0.04356221 16.33451 -0.002804816 -0.04349694 0.9990496 -13.09809
0.9951933 -0.097872 -0.003372649 313.3967 0.0979237 0.9941441 0.04569776 16.49571 -0.001119632 -0.04580836 0.9989496 -13.20969
0.9951755 -0.09806065 -0.003125051 315.0731 0.09810114 0.9941376 0.04545626 16.62069 -0.00135074 -0.04554353 0.9989614 -13.29494
0.9951413 -0.09834918 -0.004601914 316.7192 0.09845679 0.9940444 0.04671167 16.77568 -1.954683e-05 -0.0469378 0.9988978 -13.4066
0.9951683 -0.09811869 -0.003580004 318.3324 0.09818197 0.9942529 0.0426768 16.88787 -0.0006279614 -0.04282208 0.9990825 -13.48533
0.9949957 -0.09990428 -0.001653483 320.0687 0.09988066 0.9940357 0.04377785 17.08069 -0.002729973 -0.04372393 0.9990399 -13.60502
0.9950355 -0.0994967 -0.002162424 321.7008 0.09949557 0.9940711 0.04385569 17.18274 -0.002213893 -0.04385312 0.9990355 -13.69247
0.9950361 -0.09950908 0.001019808 323.3677 0.09935337 0.9939574 0.04666626 17.38095 -0.005657362 -0.04633329 0.99891 -13.81637
0.995126 -0.09860003 -0.001489061 325.0346 0.09856643 0.9941046 0.04516999 17.50302 -0.00297348 -0.0450966 0.9989782 -13.90497
0.9952083 -0.09776208 -0.001728748 326.692 0.09773469 0.9940963 0.0471245 17.65074 -0.002888447 -0.04706765 0.9988875 -14.01284
0.9952897 -0.09694503 -8.313567e-05 328.3821 0.09685043 0.9942797 0.0450297 17.80358 -0.004282746 -0.04482565 0.9989856 -14.11315
0.9953343 -0.09648583 0.000202548 330.061 0.09638049 0.9943415 0.04467351 17.94524 -0.004511762 -0.04444556 0.9990016 -14.21336
0.9953852 -0.09587966 0.003923669 331.729 0.0956189 0.9944625 0.04360338 18.08128 -0.008082619 -0.04302698 0.9990412 -14.31638
0.9953846 -0.09588321 0.003985773 333.3984 0.09559689 0.9943397 0.04636599 18.22816 -0.008408932 -0.04577097 0.9989166 -14.42038
0.9953536 -0.09627739 0.001389884 335.0965 0.09610999 0.9942917 0.0463333 18.38462 -0.0058428 -0.04598444 0.9989251 -14.53362
0.9953563 -0.09623485 0.002189251 336.7719 0.09604398 0.9943901 0.04431295 18.52929 -0.00644142 -0.04389691 0.9990153 -14.62684
0.9952672 -0.0971315 0.002935 338.458 0.09690934 0.9943204 0.0439968 18.66415 -0.007191805 -0.04350415 0.9990274 -14.73674
0.9951442 -0.09834262 0.004081572 340.153 0.09807184 0.9942186 0.04371817 18.80552 -0.008357334 -0.0431056 0.9990355 -14.82953
0.9950742 -0.09898809 0.005368531 341.8226 0.09864774 0.9940993 0.04511274 18.95092 -0.009802477 -0.04436092 0.9989675 -14.94288
0.994994 -0.09981124 0.004967115 343.5139 0.09947704 0.9939643 0.04625318 19.10847 -0.009553722 -0.04552752 0.9989174 -15.04044
0.9948866 -0.1009511 0.003091154 345.2209 0.1007052 0.9938641 0.04574346 19.26347 -0.00769004 -0.04519826 0.9989485 -15.1532
0.9948196 -0.1016037 0.003263444 346.9053 0.101365 0.9938873 0.04374022 19.42052 -0.007687663 -0.04318283 0.9990376 -15.25787
0.9948146 -0.1016856 0.001984325 348.5954 0.1015048 0.9938909 0.04333076 19.56082 -0.006378318 -0.04290465 0.9990588 -15.37118
0.9949078 -0.1007585 0.002500106 350.2844 0.1005439 0.993909 0.04512007 19.71746 -0.007031107 -0.04463894 0.9989784 -15.45936
0.9949199 -0.1006687 0.0004888931 352.0089 0.1005476 0.9939389 0.04444702 19.88569 -0.004960354 -0.04417206 0.9990116 -15.56782
0.9949874 -0.09997679 0.00216905 353.6861 0.0997771 0.9939811 0.04523009 20.02452 -0.006677955 -0.04478695 0.9989743 -15.6704
0.9950337 -0.09952334 0.001751909 355.4214 0.09935134 0.9940858 0.0438478 20.18305 -0.006105428 -0.04345598 0.9990367 -15.78202
0.9950827 -0.09902098 0.002294698 357.1232 0.09883342 0.9941874 0.0427017 20.33325 -0.006509724 -0.04226493 0.9990852 -15.87843
0.9952052 -0.0978017 0.001197069 358.843 0.0976626 0.9943103 0.04253242 20.49094 -0.005350001 -0.04221158 0.9990944 -15.9984
0.9952736 -0.09708647 0.002148899 360.5296 0.09692039 0.9944676 0.04050612 20.64422 -0.006069607 -0.0401064 0.999177 -16.08828
0.9952364 -0.09745298 0.002722065 362.2715 0.09724084 0.9942945 0.0438447 20.80854 -0.006979331 -0.04337115 0.9990346 -16.19227
0.9953244 -0.09658779 0.0003272868 363.965 0.09648618 0.9944218 0.04261151 20.95371 -0.004441212 -0.04238069 0.9990917 -16.30451
0.9953988 -0.09577289 0.002965574 365.6599 0.09554917 0.9944423 0.04421065 21.10985 -0.007183275 -0.04372387 0.9990178 -16.40134
0.995433 -0.09546109 0.0004736441 367.3739 0.09535369 0.9945251 0.04274971 21.25949 -0.004551986 -0.04250931 0.9990857 -16.5189
0.9955004 -0.09470925 0.003029377 369.0782 0.09449941 0.9946384 0.04200557 21.39561 -0.006991449 -0.04153028 0.9991128 -16.62715
0.9955058 -0.09468872 0.001544313 370.7654 0.09454177 0.9946425 0.04180973 21.55198 -0.00549495 -0.04147583 0.9991244 -16.73226
0.9954326 -0.09537954 0.004090508 372.4528 0.09512608 0.9945836 0.04188441 21.71131 -0.008063269 -0.041304 0.9991141 -16.82763
0.9954679 -0.09506334 0.002583439 374.1292 0.09485649 0.9945054 0.04428611 21.84073 -0.006779229 -0.04384034 0.9990156 -16.935
0.9954882 -0.09483829 0.002998269 375.8416 0.09462659 0.9946079 0.04243965 21.98761 -0.007007005 -0.04196445 0.9990945 -17.03602
0.9954907 -0.09480944 0.003065775 377.5162 0.09460369 0.9946625 0.04119118 22.14483 -0.006954724 -0.0407154 0.9991466 -17.14131
0.995436 -0.09532381 0.004537957 379.1923 0.09504531 0.9945586 0.04265866 22.28131 -0.008579649 -0.04203266 0.9990794 -17.24322
0.9952842 -0.09690479 0.004340559 380.8624 0.09662061 0.9943423 0.04413346 22.42328 -0.008592745 -0.04350595 0.9990162 -17.3604
0.9952764 -0.09696534 0.004756877 382.5272 0.09667091 0.9943762 0.0432526 22.55438 -0.008924128 -0.04258844 0.9990528 -17.45605
0.9951565 -0.09824067 0.003500887 384.2106 0.09800357 0.9942734 0.04261281 22.70361 -0.007667149 -0.04206331 0.9990855 -17.56393
0.9950753 -0.09904948 0.003769713 385.9016 0.0987916 0.994148 0.04370362 22.879 -0.008076473 -0.04311597 0.9990374 -17.66897
0.9950171 -0.09968791 0.001843164 387.5838 0.09951022 0.9940588 0.04410132 23.0344 -0.006228582 -0.04369815 0.9990253 -17.77498
0.9949407 -0.1004364 0.002349003 389.2645 0.1002359 0.9939855 0.0441042 23.1825 -0.006764546 -0.04364561 0.9990242 -17.87434
0.9948756 -0.1010942 0.001594752 390.955 0.1009253 0.9939111 0.0442145 23.33977 -0.006054872 -0.04382697 0.9990208 -17.98034
0.9947814 -0.1019972 0.0025788 392.6316 0.1017889 0.9938515 0.04357075 23.49304 -0.007007036 -0.04308087 0.999047 -18.08555
0.9946654 -0.1031472 0.001198429 394.3291 0.1030012 0.9937556 0.04290178 23.6747 -0.005616145 -0.04254947 0.9990786 -18.20243
0.994674 -0.1030539 0.001883604 396.0178 0.10289 0.9938434 0.04109668 23.82496 -0.006107179 -0.04068399 0.9991534 -18.28827
0.9946806 -0.1029987 0.001280246 397.7065 0.1028503 0.9937782 0.04273865 23.97939 -0.005674307 -0.04237964 0.9990855 -18.39565
0.9945835 -0.1039252 0.001758816 399.3812 0.1037656 0.9937519 0.04110811 24.15437 -0.006019995 -0.04070295 0.9991531 -18.49435
0.9946191 -0.1035941 0.00106361 401.0859 0.1034577 0.9937416 0.04211758 24.29046 -0.005420085 -0.04178091 0.9991121 -18.58985
0.9945914 -0.1038433 0.002152576 402.7672 0.1036634 0.9937345 0.0417815 24.46208 -0.006477819 -0.04133237 0.9991245 -18.70124
0.9945452 -0.1043056 0.0005571388 404.4646 0.1041888 0.9936569 0.04231309 24.62106 -0.004967097 -0.04202423 0.9991043 -18.80443
0.9945506 -0.1042378 0.001906807 406.1623 0.1040667 0.9936855 0.04194393 24.78469 -0.006266907 -0.04151692 0.9991181 -18.90848
0.9945334 -0.1044031 0.001825459 407.8438 0.1042307 0.9936373 0.04266987 24.94485 -0.006268712 -0.04224635 0.9990876 -19.01319
0.9944831 -0.1048767 0.002093804 409.5278 0.1046915 0.9935815 0.04284167 25.1011 -0.006573459 -0.04238611 0.9990797 -19.11151
0.9944029 -0.1056309 0.002225195 411.1922 0.1054392 0.9935015 0.04286566 25.25468 -0.006738672 -0.04239111 0.9990784 -19.23308
0.9944082 -0.1055582 0.00312004 412.8617 0.1053412 0.9935819 0.04121209 25.42962 -0.00745029 -0.04065298 0.9991456 -19.32003
0.994348 -0.1061204 0.003219261 414.5399 0.1058957 0.9935056 0.04162135 25.58363 -0.007615227 -0.0410452 0.9991283 -19.43655
0.9944316 -0.1053074 0.004018869 416.2112 0.105057 0.9936267 0.0408539 25.75169 -0.008295472 -0.0402042 0.9991571 -19.52382
0.9943594 -0.106018 0.003103525 417.8586 0.1058033 0.993544 0.04093869 25.91126 -0.007423729 -0.04037941 0.9991568 -19.63165
0.9944543 -0.1050928 0.004007493 419.5259 0.1048463 0.9936652 0.04045831 26.04896 -0.008233982 -0.03981376 0.9991732 -19.72735
0.9943669 -0.1058906 0.004644743 421.1795 0.105611 0.9935509 0.04126563 26.2233 -0.00898443 -0.04054264 0.9991374 -19.83226
0.9943199 -0.1063774 0.00342059 422.8456 0.1061465 0.9934911 0.04133514 26.38804 -0.00779545 -0.04073727 0.9991395 -19.92562
0.994278 -0.1067347 0.004364551 424.4982 0.1064638 0.9934504 0.04149085 26.55393 -0.008764479 -0.04078877 0.9991294 -20.03572
0.9943028 -0.1065387 0.003383575 426.14 0.1063125 0.9934911 0.04090759 26.70968 -0.007719791 -0.04031481 0.9991572 -20.12778
0.9943244 -0.10631 0.004129325 427.7886 0.1060488 0.9934942 0.04151001 26.87165 -0.008515389 -0.04083651 0.9991295 -20.24269
0.9943464 -0.106117 0.003800271 429.4484 0.1058694 0.993513 0.04151238 27.03085 -0.00818079 -0.04087536 0.9991308 -20.33429
0.9942572 -0.106939 0.004075039 431.0731 0.1066777 0.9934176 0.04172951 27.20712 -0.008510727 -0.04105515 0.9991207 -20.42783
0.9941943 -0.1075214 0.004100558 432.721 0.1072505 0.9933164 0.04265929 27.35124 -0.008659936 -0.04197184 0.9990813 -20.5326
0.99409 -0.1085155 0.003064923 434.3789 0.1082933 0.9932369 0.04186736 27.51918 -0.007587452 -0.04128802 0.9991184 -20.63074
0.9941067 -0.1082777 0.005283004 436.0184 0.1079656 0.9932778 0.04174693 27.67244 -0.009767752 -0.04093052 0.9991143 -20.73306
0.9939923 -0.1093445 0.004800005 437.6711 0.1090453 0.9931328 0.04238039 27.8375 -0.009401104 -0.04160236 0.99909 -20.83058
0.9938948 -0.1102431 0.004440088 439.3215 0.10995 0.9929947 0.04327073 28.01131 -0.009179282 -0.04251836 0.9990535 -20.92704
0.9938939 -0.110295 0.003164123 440.9584 0.1100598 0.9930029 0.04280484 28.17829 -0.007863143 -0.04219522 0.9990785 -21.03535
0.9938434 -0.1107522 0.00303367 442.6167 0.1105227 0.9929543 0.04273615 28.35196 -0.007745419 -0.04213775 0.9990818 -21.14385
0.9938632 -0.1105791 0.002857805 444.2785 0.1103562 0.9929675 0.04286394 28.50975 -0.007577562 -0.04228551 0.9990768 -21.23614
0.9939211 -0.1100787 0.001861481 445.9075 0.1098981 0.993016 0.04291239 28.68375 -0.006572221 -0.04244696 0.9990771 -21.34857
0.9940548 -0.1088685 0.001651834 447.5728 0.1087004 0.9931649 0.04251734 28.85715 -0.006269342 -0.04208501 0.9990944 -21.44021
0.9940259 -0.1090985 0.003164833 449.22 0.1088595 0.993108 0.04342454 29.01711 -0.007880574 -0.04282059 0.9990517 -21.5501
0.9941846 -0.1076604 0.002490972 450.9023 0.1074512 0.9932587 0.04349052 29.17554 -0.007156387 -0.04296995 0.9990507 -21.6462
0.9941183 -0.1082252 0.004026641 452.5291 0.1079457 0.9931854 0.04393521 29.35604 -0.008754099 -0.04324213 0.9990262 -21.75277
0.9941979 -0.1075212 0.003123141 454.2455 0.1072894 0.9933008 0.04292681 29.49659 -0.007717762 -0.04234266 0.9990733 -21.85294
0.994214 -0.1073672 0.003286963 455.9257 0.1071301 0.9933267 0.04272722 29.69825 -0.007852528 -0.04212786 0.9990814 -21.9591
0.9942065 -0.1073942 0.004460402 457.6012 0.1070905 0.9932481 0.04460867 29.86388 -0.009220998 -0.04387257 0.9989946 -22.07588
0.9941353 -0.108075 0.003858193 459.2404 0.1078032 0.9932029 0.04389504 30.02004 -0.008575922 -0.04322167 0.9990287 -22.16472
0.9940223 -0.1090994 0.004119656 460.8801 0.1088164 0.9930969 0.0437865 30.18477 -0.008868298 -0.04307647 0.9990324 -22.271
0.9940854 -0.1084877 0.00496093 462.5414 0.108168 0.993163 0.04389879 30.33414 -0.009689491 -0.04310254 0.9990237 -22.38096
0.9940683 -0.1086604 0.004593084 464.2302 0.1083561 0.9931412 0.0439246 30.51735 -0.009334447 -0.04316636 0.9990243 -22.481
0.9940696 -0.1086731 0.003982927 465.9151 0.1083957 0.9931397 0.04386359 30.67625 -0.008722396 -0.04317173 0.9990296 -22.58818
0.9939615 -0.1096387 0.004469602 467.5881 0.1093414 0.9930451 0.04365384 30.85467 -0.009224668 -0.04290153 0.9990367 -22.68617
0.9938124 -0.1109279 0.005641229 469.2823 0.1105744 0.9928889 0.0441045 31.0417 -0.01049353 -0.04320782 0.999011 -22.79428
0.9939646 -0.1095871 0.005005889 471.0184 0.1092409 0.9929379 0.04626988 31.19338 -0.01004112 -0.04544378 0.9989164 -22.9028
0.9939066 -0.1100896 0.005469054 472.6931 0.1097303 0.9929212 0.04546044 31.34422 -0.01043506 -0.04458332 0.9989512 -22.99543
0.9937541 -0.1114892 0.004776842 474.3708 0.1111773 0.9928427 0.04362215 31.5303 -0.009606052 -0.04281862 0.9990367 -23.11105
0.9937285 -0.1116617 0.005937606 476.0895 0.1112974 0.9928191 0.0438568 31.70099 -0.01079209 -0.04292091 0.9990202 -23.23146
0.9936678 -0.1121977 0.006000991 477.766 0.1118402 0.9927984 0.04293157 31.88123 -0.0107746 -0.04198857 0.99906 -23.33656
0.993698 -0.1119435 0.005742623 479.4634 0.1115911 0.9928015 0.04350458 32.0522 -0.01057134 -0.04258959 0.9990367 -23.44156
0.9935006 -0.1136876 0.005634044 481.163 0.1133343 0.9925872 0.04388568 32.22816 -0.01058154 -0.04296192 0.9990207 -23.54557
0.9934915 -0.1138236 0.004335966 482.847 0.1135175 0.9925258 0.04479486 32.39617 -0.009402271 -0.0440111 0.9989868 -23.6625
0.9934654 -0.1140505 0.004350305 484.5444 0.1137288 0.9924307 0.04634056 32.58443 -0.009602538 -0.04554299 0.9989162 -23.76874
0.9933494 -0.1151334 0.001140257 486.2249 0.1149593 0.9923034 0.04602377 32.76957 -0.006430354 -0.0455866 0.9989397 -23.8637
0.9933264 -0.1153368 0.0003067451 487.9141 0.1151957 0.9922358 0.04688034 32.93539 -0.005711393 -0.04653215 0.9989005 -23.98566
0.9931982 -0.1164103 -0.002435456 489.6066 0.1164021 0.992192 0.04478373 33.13664 -0.002796846 -0.04476262 0.9989938 -24.08831
0.9932073 -0.1163348 -0.00233357 491.2899 0.1163192 0.992154 0.04582805 33.29812 -0.003016138 -0.04578819 0.9989466 -24.20042
0.9931513 -0.1167414 -0.004687747 492.9824 0.1168319 0.9920115 0.04757229 33.5014 -0.000903354 -0.04779416 0.9988568 -24.32061
0.9930655 -0.1173343 -0.007311705 494.6947 0.1175487 0.991964 0.04679656 33.68334 0.001762106 -0.04733153 0.9988777 -24.41439
0.9929273 -0.1182313 -0.01080771 496.4026 0.1186127 0.9918207 0.04714517 33.88719 0.005145272 -0.04809366 0.9988296 -24.55134
0.9928749 -0.1185922 -0.01162949 498.0891 0.1190114 0.9917839 0.04691363 34.07808 0.005970349 -0.04796341 0.9988313 -24.65032
0.9925869 -0.1206419 -0.014723 499.7859 0.1212146 0.9914809 0.04767001 34.27395 0.008846572 -0.04910126 0.9987546 -24.77468
0.9923494 -0.1223737 -0.01634757 501.4478 0.1230008 0.9913663 0.04542523 34.44189 0.01064758 -0.04708847 0.998834 -24.8728
0.9921473 -0.1237384 -0.01823908 503.1439 0.1244786 0.9910862 0.04746622 34.64573 0.01220311 -0.04936385 0.9987063 -24.99475
0.991936 -0.1248627 -0.0217316 504.8406 0.1257685 0.9909433 0.04705121 34.86055 0.01565984 -0.04940494 0.998656 -25.09995
0.9916816 -0.1263213 -0.02471107 506.5583 0.1273526 0.9907937 0.04592568 35.0681 0.01868218 -0.04869067 0.9986392 -25.21495
0.991554 -0.1267757 -0.02736167 508.1851 0.1279179 0.9907604 0.04506701 35.28186 0.02139545 -0.04818642 0.9986092 -25.31796
0.9915435 -0.1265137 -0.0289109 509.897 0.1277574 0.9907279 0.04622164 35.48109 0.02279516 -0.04952435 0.9985127 -25.43742
0.9915696 -0.1258457 -0.03086496 511.5986 0.1271499 0.9908743 0.04473507 35.69008 0.02495358 -0.04828241 0.998522 -25.53621
0.9914901 -0.1260751 -0.03244069 513.2568 0.1274524 0.9908407 0.04461648 35.90218 0.02651853 -0.04837144 0.9984773 -25.6627
0.9914224 -0.1264065 -0.0332113 514.9651 0.1277794 0.9908656 0.04310185 36.08562 0.02745958 -0.04697587 0.9985185 -25.75631
0.9912499 -0.1268229 -0.03659968 516.6465 0.12844 0.9906567 0.04585261 36.29382 0.03044256 -0.05015226 0.9982775 -25.87584
0.9911026 -0.1275881 -0.03790715 518.334 0.1292654 0.9905568 0.04568917 36.50669 0.03171979 -0.05018274 0.9982362 -25.9844
0.9910319 -0.127386 -0.04035556 519.97 0.1291626 0.9906025 0.04498506 36.71413 0.03424586 -0.04979406 0.9981722 -26.09127
0.9908516 -0.128669 -0.0407116 521.6805 0.130451 0.9904492 0.0446445 36.93036 0.03457841 -0.04954695 0.9981731 -26.20284
0.9906361 -0.1297296 -0.04254996 523.3538 0.1316241 0.990267 0.0452328 37.15068 0.03626779 -0.05040984 0.9980699 -26.31903
0.990594 -0.1298323 -0.04320922 525.0197 0.1316741 0.9903636 0.042918 37.35815 0.0372207 -0.04820385 0.9981438 -26.42402
0.9906706 -0.1293831 -0.04280045 526.7106 0.1312023 0.9904296 0.04283575 37.56326 0.03684861 -0.04805163 0.998165 -26.52977
0.990473 -0.1307112 -0.04333272 528.358 0.1326238 0.9901597 0.04466168 37.77953 0.03706853 -0.04998314 0.998062 -26.63282
0.9903783 -0.1314775 -0.04318089 530.0341 0.1334447 0.9899714 0.04635818 37.99777 0.0366528 -0.05167439 0.9979911 -26.73478
0.9903196 -0.1314451 -0.04460232 531.686 0.1334815 0.9899721 0.04623938 38.20257 0.03807711 -0.05174534 0.9979342 -26.85173
0.9902086 -0.1323558 -0.04437095 533.3531 0.1343772 0.9898543 0.04616597 38.41801 0.03781044 -0.05167638 0.9979479 -26.95066
0.9901864 -0.1322671 -0.0451256 535.0253 0.1343084 0.9898866 0.04567063 38.62196 0.03862851 -0.05128318 0.9979368 -27.07582
0.9900556 -0.1335522 -0.04420014 536.6912 0.1354949 0.9897859 0.04433228 38.84533 0.03782799 -0.04988031 0.9980386 -27.17096
0.9899659 -0.1342871 -0.04398217 538.3444 0.1362714 0.9896153 0.04573249 39.06686 0.03738415 -0.05126711 0.997985 -27.28531
0.9897311 -0.1357767 -0.04468782 540.0284 0.137804 0.9893943 0.04592228 39.29846 0.03797869 -0.05160887 0.997945 -27.39937
0.9894881 -0.1371099 -0.04598076 541.7208 0.1392385 0.989152 0.04681077 39.53292 0.03906374 -0.05272099 0.9978449 -27.49299
0.9893447 -0.1382242 -0.04573016 543.3637 0.1403278 0.9890118 0.04651767 39.75015 0.0387978 -0.05243922 0.9978701 -27.61467
0.9891556 -0.1397224 -0.04526424 545.0549 0.1418301 0.9887614 0.0472767 39.97305 0.03814992 -0.05318385 0.9978557 -27.72272
0.9888079 -0.142155 -0.04528809 546.7609 0.1442809 0.9883841 0.04774603 40.21504 0.0379747 -0.05374585 0.9978323 -27.83494
0.9884394 -0.1446572 -0.04540742 548.439 0.1467669 0.9880455 0.04717918 40.44422 0.03803978 -0.05329807 0.9978538 -27.9482
0.9879346 -0.1480593 -0.04542713 550.0942 0.1500682 0.9876717 0.04454757 40.67965 0.0382714 -0.05082726 0.9979739 -28.06015
0.9875498 -0.1513114 -0.04301541 551.7669 0.1532515 0.9871122 0.04608123 40.9416 0.03548843 -0.05209968 0.9980111 -28.17269
0.9869077 -0.1548488 -0.0451109 553.4432 0.1569779 0.9864231 0.04824393 41.17978 0.03702792 -0.05469372 0.9978164 -28.27847
0.9863998 -0.157832 -0.0458761 555.1126 0.1599489 0.9860131 0.04684727 41.43222 0.03784044 -0.05354796 0.997848 -28.39568
0.9859381 -0.1604415 -0.04674014 556.7836 0.1625772 0.9856157 0.04615778 41.69924 0.03866218 -0.0531076 0.99784 -28.51223
0.9854866 -0.1633295 -0.04625743 558.438 0.165423 0.9851611 0.0457513 41.95479 0.03809847 -0.05273934 0.9978813 -28.6231
0.9851464 -0.1648325 -0.04813386 560.0934 0.1670431 0.9848665 0.04620343 42.22753 0.0397896 -0.05355757 0.9977717 -28.74228
0.984742 -0.1669216 -0.04919799 561.7636 0.1691751 0.9845182 0.04586569 42.50901 0.04078034 -0.05348895 0.9977354 -28.84197
0.9847362 -0.1670155 -0.04899488 563.4041 0.1692851 0.9844681 0.04652974 42.75064 0.04046272 -0.05411362 0.9977146 -28.95813
0.9845062 -0.1681771 -0.04963724 565.0303 0.1704531 0.9842987 0.04584539 43.02232 0.04114772 -0.05359589 0.9977146 -29.05993
0.9844878 -0.1681396 -0.05012786 566.6675 0.1704518 0.984288 0.04608143 43.28513 0.04159213 -0.05391099 0.9976792 -29.18483
0.9841081 -0.1701285 -0.05086817 568.3329 0.1724433 0.9839815 0.04520577 43.57983 0.04236255 -0.05325925 0.9976817 -29.28402
0.9834573 -0.1738238 -0.05096136 569.9662 0.1761839 0.9832736 0.0461715 43.90902 0.04208326 -0.05438627 0.9976327 -29.3926
0.9832674 -0.1745947 -0.05198024 571.6017 0.1770255 0.983106 0.04652444 44.16653 0.04297916 -0.0549478 0.9975638 -29.51401
0.9829746 -0.1767959 -0.05004121 573.2573 0.1790102 0.9828686 0.04387075 44.45757 0.04142776 -0.05208173 0.9977832 -29.61094
0.9825243 -0.1791425 -0.05053794 574.8872 0.1814519 0.982345 0.04553384 44.74296 0.04148865 -0.0539083 0.9976836 -29.73098
0.9819462 -0.1824166 -0.05005794 576.483 0.1846977 0.9817421 0.04548975 45.03998 0.0408459 -0.05391407 0.9977098 -29.82889
0.9813126 -0.1855434 -0.05098186 578.0872 0.187917 0.9810821 0.04652727 45.32189 0.04138458 -0.05523816 0.9976152 -29.94341
0.9807702 -0.1882613 -0.05145479 579.7046 0.190671 0.9805388 0.04677671 45.63781 0.04164718 -0.05568813 0.9975792 -30.05073
0.9803572 -0.1902977 -0.05183256 581.3474 0.192785 0.9800596 0.04813805 45.93827 0.04163843 -0.05718502 0.9974949 -30.16124
0.9795088 -0.1939683 -0.05421031 582.9523 0.1965011 0.9794203 0.04608043 46.24771 0.04415652 -0.05578858 0.9974657 -30.27332
0.9791346 -0.196453 -0.05197838 584.5272 0.1988584 0.9789472 0.04601803 46.55796 0.04184371 -0.05539419 0.9975874 -30.38256
0.9784709 -0.1994809 -0.05293582 586.1633 0.2018342 0.9784498 0.04357747 46.88231 0.04310217 -0.05332354 0.9976466 -30.49479
0.9780292 -0.2016685 -0.05280862 587.7478 0.2041143 0.9778702 0.04590351 47.18143 0.04238269 -0.05567397 0.9975491 -30.60084
0.9772047 -0.2048523 -0.0557365 589.3381 0.2074961 0.9771228 0.04665394 47.533 0.04490423 -0.05715555 0.9973549 -30.70368
0.9769383 -0.2062076 -0.05540705 590.9349 0.208771 0.9769157 0.04528262 47.85951 0.04479039 -0.05580571 0.9974365 -30.82427
0.9766622 -0.2076087 -0.05504221 592.5052 0.2102254 0.9765251 0.04694951 48.17208 0.04400297 -0.05742509 0.9973796 -30.91074
0.9764001 -0.2088848 -0.0548632 594.1232 0.2114766 0.9762704 0.04661972 48.49929 0.04382318 -0.05712179 0.9974049 -31.02483
0.9758497 -0.2110125 -0.05648942 595.704 0.2137148 0.9757649 0.04699808 48.83139 0.04520322 -0.05793569 0.9972964 -31.13243
0.9755812 -0.2126821 -0.05484268 597.3259 0.2153429 0.9753461 0.04824444 49.17172 0.04322987 -0.05887635 0.9973288 -31.26018
0.9749432 -0.2149508 -0.05728707 598.9246 0.2177145 0.9748641 0.04733013 49.51836 0.04567346 -0.05861642 0.9972352 -31.34688
0.974378 -0.2176125 -0.05685303 600.52 0.2203646 0.9742533 0.04764279 49.88037 0.04502159 -0.05895049 0.9972451 -31.45881
0.9741513 -0.2186679 -0.05668948 602.1057 0.2214918 0.9739066 0.04947004 50.20022 0.04439275 -0.06074756 0.9971655 -31.57154
0.9735312 -0.2215401 -0.0561864 603.7028 0.2242609 0.9733541 0.04784084 50.5499 0.0440906 -0.05917496 0.9972734 -31.67222
0.9726485 -0.2255232 -0.05562541 605.2751 0.2282861 0.9723296 0.04960385 50.92167 0.04289941 -0.06094562 0.9972188 -31.78425
0.9718769 -0.2285916 -0.05657896 606.8829 0.2313495 0.9716769 0.04818121 51.28152 0.04396264 -0.05991572 0.9972349 -31.8988
0.9711221 -0.2321298 -0.05511502 608.4781 0.2347599 0.9709039 0.04726002 51.65821 0.04254092 -0.05883404 0.9973609 -32.01792
0.9701655 -0.2360815 -0.05517653 610.0712 0.2386821 0.9699836 0.04650472 52.046 0.04254143 -0.05828692 0.997393 -32.12546
0.9694058 -0.2391797 -0.0551857 611.699 0.2417802 0.9692159 0.04650401 52.41821 0.04236405 -0.05842407 0.9973925 -32.23239
0.9685075 -0.2425788 -0.05611318 613.2402 0.245229 0.9683537 0.04640718 52.80466 0.04308002 -0.05870629 0.9973453 -32.33898
0.9676474 -0.2454918 -0.05824292 614.824 0.2481724 0.9677022 0.04430515 53.20459 0.04548525 -0.05732606 0.9973188 -32.45367
0.967092 -0.247697 -0.05813073 616.4058 0.2504338 0.9670552 0.04568824 53.61203 0.04489879 -0.05874263 0.997263 -32.55407
0.9667412 -0.2486142 -0.06002045 617.9933 0.2514176 0.9668448 0.04472534 54.01004 0.04691111 -0.05832803 0.9971946 -32.66985
0.9665618 -0.2493855 -0.05970912 619.5483 0.2522488 0.9665492 0.04640338 54.39577 0.04613946 -0.05991329 0.9971367 -32.77189
0.9662553 -0.250561 -0.05974836 621.1301 0.2534659 0.9661894 0.04725446 54.8031 0.04588811 -0.06080405 0.9970943 -32.87798
0.9656743 -0.2526746 -0.060239 622.7332 0.2555928 0.9656464 0.04689793 55.22653 0.04631966 -0.06068478 0.9970816 -32.98908
0.9650377 -0.2552407 -0.05961889 624.2625 0.2581135 0.9649836 0.04673281 55.62665 0.04560314 -0.06048737 0.9971267 -33.08926
0.9645849 -0.2574649 -0.05733794 625.813 0.2602214 0.9643929 0.04723383 56.02613 0.04313524 -0.0604816 0.9972368 -33.21114
0.9637122 -0.2607121 -0.05734161 627.385 0.2634592 0.9635235 0.04702632 56.43394 0.04298967 -0.06042701 0.9972464 -33.30709
0.9628411 -0.2638923 -0.05742691 628.9377 0.2666706 0.9626093 0.04764715 56.85765 0.04270596 -0.0611907 0.9972121 -33.42088
0.9618113 -0.2675237 -0.05787987 630.4941 0.2703378 0.9615756 0.04785112 57.27135 0.04285457 -0.06167086 0.9971761 -33.53695
0.9610633 -0.270262 -0.05758302 632.0098 0.2729998 0.9608892 0.04651231 57.69237 0.04276038 -0.06042143 0.9972566 -33.64885
0.9602835 -0.2729756 -0.05779122 633.5591 0.2757282 0.9601066 0.04657375 58.1418 0.04277223 -0.06065868 0.9972417 -33.75121
0.9591532 -0.2767289 -0.05870438 635.1015 0.2795493 0.9589868 0.04686682 58.58255 0.04332732 -0.06136323 0.9971747 -33.84901
0.9584848 -0.2788528 -0.05956502 636.6486 0.2817419 0.9583272 0.0472286 59.01426 0.04391295 -0.06204986 0.9971066 -33.96447
0.9577814 -0.2814066 -0.05886491 638.1462 0.2842538 0.9575828 0.04727444 59.45314 0.04306469 -0.06201116 0.997146 -34.07006
0.9569722 -0.2840234 -0.05945535 639.6985 0.2869599 0.9567142 0.04849751 59.89851 0.04310735 -0.06347206 0.9970522 -34.18524
0.9560564 -0.2867799 -0.0609392 641.1923 0.2897554 0.955933 0.04726366 60.34011 0.04469953 -0.06284418 0.9970219 -34.28805
0.9553474 -0.289113 -0.06103243 642.7399 0.2920053 0.9553438 0.04529047 60.78749 0.04521289 -0.06108993 0.9971077 -34.40124
0.9546656 -0.2913349 -0.06113544 644.223 0.29417 0.9547446 0.0438958 61.2532 0.04558035 -0.05989003 0.9971638 -34.49516
0.9535074 -0.2951095 -0.06110634 645.7193 0.2980214 0.953468 0.04562844 61.71986 0.04479756 -0.06171806 0.9970878 -34.59737
0.9531343 -0.2963675 -0.06083838 647.2372 0.2993221 0.9529955 0.04696417 62.15886 0.04406006 -0.06297344 0.9970422 -34.70786
0.9522792 -0.2989345 -0.06166495 648.7253 0.3019343 0.9521786 0.04681317 62.62824 0.04472198 -0.06319797 0.9969985 -34.80913
0.9514623 -0.3016317 -0.06113788 650.2495 0.3045908 0.95134 0.0466532 63.09988 0.04409084 -0.0630108 0.9970384 -34.92084
0.9506613 -0.3040212 -0.06175902 651.7188 0.3071127 0.9504232 0.04875924 63.56143 0.04387336 -0.0653205 0.9968994 -35.03429
0.9497749 -0.3063761 -0.06372819 653.1926 0.3095037 0.9497489 0.04673783 64.03478 0.04620643 -0.06411453 0.9968722 -35.12875
0.9493871 -0.3077859 -0.06270587 654.7041 0.3108715 0.9492761 0.04726153 64.5097 0.04497875 -0.06436295 0.9969124 -35.24592
0.9486117 -0.3100063 -0.06349733 656.1808 0.3131872 0.9484659 0.04823177 64.9801 0.04527291 -0.06563977 0.9968158 -35.34523
0.9476921 -0.3129384 -0.06284279 657.6552 0.316065 0.9475229 0.04799174 65.47502 0.04452653 -0.0653438 0.9968689 -35.44769
0.9470447 -0.3148394 -0.06310639 659.1608 0.3180521 0.9467777 0.04954696 65.97276 0.04414838 -0.06699431 0.9967762 -35.55635
0.9462523 -0.3171978 -0.06318346 660.6286 0.3203859 0.9460248 0.04888766 66.46265 0.04426606 -0.06650315 0.9968038 -35.66199
0.9458184 -0.3183522 -0.0638705 662.1357 0.3215577 0.9456593 0.04826058 66.95979 0.04503588 -0.0661838 0.9967906 -35.76979
0.9450495 -0.3205726 -0.06414618 663.6288 0.3237863 0.9449096 0.04804449 67.45719 0.04521059 -0.06617407 0.9967833 -35.87864
0.9445702 -0.3216974 -0.0655591 665.1265 0.3250142 0.9444779 0.04824123 67.94928 0.04640005 -0.06687487 0.9966819 -35.98662
0.9436016 -0.3247629 -0.06438197 666.5975 0.3280244 0.9434092 0.04877214 68.46633 0.04489917 -0.06714033 0.9967328 -36.0893
0.9428202 -0.326976 -0.06462806 668.0955 0.3302387 0.9426537 0.04843952 68.99213 0.04508333 -0.06701244 0.9967331 -36.19023
0.9423331 -0.32851 -0.06394959 669.5905 0.3317159 0.9421475 0.04819359 69.496 0.04441788 -0.0666275 0.9967887 -36.30052
0.94132 -0.3314192 -0.06385856 671.0715 0.3346815 0.9410237 0.04962662 70.01427 0.0436452 -0.06808681 0.9967242 -36.4078
0.940694 -0.3330153 -0.0647736 672.565 0.3363083 0.9404805 0.04892109 70.52266 0.04462684 -0.06780367 0.9967001 -36.51954
0.939772 -0.3358573 -0.06346999 674.0739 0.3390697 0.9394782 0.04911843 71.06265 0.04313189 -0.06768087 0.9967743 -36.62317
0.9389923 -0.3379858 -0.06371006 675.5602 0.3412455 0.9386513 0.04985248 71.57473 0.04295209 -0.06855187 0.9967225 -36.73548
0.9378456 -0.3411467 -0.06375313 677.0231 0.3443755 0.9375476 0.0490943 72.11055 0.04302323 -0.0679979 0.9967574 -36.84777
0.9371328 -0.3430729 -0.06389815 678.5491 0.3462717 0.936896 0.04818534 72.65738 0.04333483 -0.06728218 0.9967924 -36.9544
0.9360736 -0.3460093 -0.06359104 680.0259 0.349188 0.9358114 0.04821878 73.19511 0.04282507 -0.06734156 0.9968105 -37.06154
0.9351255 -0.3482288 -0.06539936 681.487 0.351599 0.9348259 0.04978482 73.72572 0.04380052 -0.0695494 0.9966165 -37.16692
0.9342964 -0.35007 -0.06738932 682.9781 0.3534944 0.9342073 0.04793975 74.28298 0.04617333 -0.06861168 0.9965743 -37.28665
0.9330568 -0.3536956 -0.0656077 684.4454 0.3569203 0.9329908 0.04621604 74.81889 0.04486498 -0.06653891 0.9967747 -37.3959
0.9318143 -0.3569717 -0.06552327 685.9025 0.3602138 0.9316983 0.04673795 75.36508 0.04436379 -0.06715348 0.9967559 -37.50245
0.9309034 -0.359462 -0.06485345 687.351 0.3626865 0.9307059 0.04737923 75.91904 0.04332847 -0.06762696 0.9967694 -37.58855
0.9297937 -0.3620411 -0.06640697 688.8247 0.3654462 0.9295384 0.04906764 76.5061 0.04396333 -0.06989095 0.9965854 -37.72058
0.9289049 -0.3641984 -0.0670464 690.2864 0.3676319 0.9286948 0.04871162 77.0696 0.04452495 -0.06989685 0.99656 -37.80558
0.9275016 -0.3676229 -0.06778074 691.7258 0.3711029 0.9273183 0.04861407 77.64116 0.04498269 -0.07024325 0.9965152 -37.93121
0.9264594 -0.3699331 -0.06944449 693.1829 0.3734579 0.9264528 0.04705957 78.21661 0.04692815 -0.06953337 0.9964752 -38.03323
0.925755 -0.372136 -0.06702591 694.6158 0.3755277 0.9255756 0.04784293 78.78623 0.04423347 -0.06946092 0.9966035 -38.15131
0.9247083 -0.3746014 -0.06773733 696.0563 0.3780001 0.9246168 0.0469023 79.37716 0.04506141 -0.06897566 0.9966002 -38.24686
0.9238114 -0.3768102 -0.06772366 697.5095 0.3802556 0.9236366 0.04797048 79.94312 0.04447628 -0.07006797 0.9965502 -38.35389
0.9226439 -0.3794411 -0.06893979 698.9419 0.382955 0.9225398 0.04759877 80.53854 0.04553878 -0.07031755 0.9964846 -38.4627
0.9215521 -0.3821837 -0.0683913 700.3632 0.3856844 0.9213719 0.04817706 81.11314 0.04460135 -0.07077513 0.9964947 -38.56652
0.9202176 -0.3852057 -0.0693986 701.8082 0.3888015 0.9200335 0.04870258 81.71198 0.04508852 -0.07179926 0.9963995 -38.67416
0.9198477 -0.3862511 -0.06848585 703.2098 0.3897883 0.9196069 0.04886718 82.28264 0.04410507 -0.07164535 0.9964545 -38.77862
0.9186082 -0.3889603 -0.06977791 704.5988 0.392632 0.9183465 0.04979632 82.85407 0.04471151 -0.07314035 0.9963189 -38.9007
0.9172945 -0.392152 -0.06919274 706.0035 0.3957492 0.9170451 0.04910267 83.47064 0.04419715 -0.07242458 0.9963942 -38.99649
0.9164261 -0.3938899 -0.07080846 707.3953 0.3975966 0.916255 0.04892474 84.047 0.04560765 -0.07298911 0.9962894 -39.10224
0.9158096 -0.3953831 -0.07046352 708.8019 0.3990619 0.9156206 0.04887388 84.63409 0.04519395 -0.07287847 0.9963163 -39.20863
0.9150563 -0.3968198 -0.07215176 710.2686 0.4005316 0.9150792 0.04694762 85.28245 0.04739483 -0.07185879 0.9962881 -39.31528
0.9144412 -0.3986068 -0.07007033 711.6277 0.4021606 0.9143744 0.04676044 85.86705 0.04543148 -0.07093921 0.9964455 -39.40842
0.9136921 -0.4002667 -0.07037993 712.9421 0.4040157 0.9133509 0.05061129 86.43699 0.04402355 -0.07467773 0.9962355 -39.50829
0.9127809 -0.4022333 -0.07098825 714.3419 0.4060856 0.9123585 0.0519258 87.06066 0.04388046 -0.07622419 0.9961247 -39.62804
0.9122816 -0.4032181 -0.07181457 715.7542 0.4070594 0.9120163 0.05028561 87.66183 0.04522 -0.07510743 0.9961496 -39.73089
0.9119986 -0.4037687 -0.07231479 717.2042 0.4076048 0.9118236 0.04935615 88.29446 0.04600986 -0.0744886 0.9961599 -39.85361
0.9106436 -0.4065125 -0.07399829 718.5519 0.4104165 0.9106268 0.0481359 88.9257 0.04781698 -0.07420477 0.996096 -39.9511
0.9104573 -0.40695 -0.07388675 719.8766 0.4108501 0.9104264 0.04822923 89.47762 0.04764156 -0.07426704 0.9960997 -40.05616
0.9095352 -0.4089262 -0.07433069 721.2498 0.4127854 0.9096303 0.04669985 90.0843 0.04851665 -0.07315779 0.9961396 -40.14394
0.909022 -0.4103684 -0.07264128 722.5715 0.4141581 0.9089464 0.04785054 90.66653 0.04639067 -0.07358216 0.9962096 -40.25646
0.9072623 -0.4139715 -0.07417925 724.0057 0.4178703 0.907251 0.04774811 91.34071 0.04753284 -0.07431737 0.9961012 -40.3467
0.9071541 -0.4146442 -0.07170476 725.2911 0.4183891 0.9069777 0.04839758 91.89268 0.04496683 -0.07390454 0.996251 -40.45956
0.9068717 -0.4149709 -0.07336823 726.6241 0.4187632 0.9068902 0.04676936 92.49284 0.04712901 -0.07313772 0.9962077 -40.54308
0.9060491 -0.417539 -0.06881949 727.9541 0.4209857 0.905879 0.04640988 93.09738 0.04296421 -0.07102165 0.9965491 -40.64927
0.9053426 -0.4188372 -0.07021555 729.2875 0.4224813 0.9050655 0.0486378 93.71227 0.04317837 -0.07369862 0.9963454 -40.74617
0.9048301 -0.4200284 -0.06970418 730.6116 0.423619 0.9045529 0.04827955 94.3232 0.04277234 -0.07321281 0.9963987 -40.83953
0.9040314 -0.4215486 -0.07088032 731.9456 0.4252692 0.9037243 0.04928015 94.92769 0.04328229 -0.07469402 0.9962668 -40.95037
0.9035354 -0.4230518 -0.06819794 733.2768 0.4265189 0.9032049 0.04798543 95.5444 0.04129639 -0.07244424 0.9965172 -41.02574
0.9024296 -0.4253943 -0.06826799 734.6223 0.428977 0.9018905 0.05071793 96.14911 0.03999513 -0.07505476 0.9963771 -41.15485
0.9017894 -0.4268125 -0.06787479 735.9793 0.4303375 0.9012803 0.05003436 96.79451 0.03981892 -0.07432952 0.9964384 -41.24134
0.9010203 -0.4284663 -0.06766874 737.2989 0.4320039 0.9004418 0.05076783 97.42093 0.03917945 -0.074976 0.9964154 -41.36702
0.9000654 -0.4305133 -0.06738482 738.592 0.4339581 0.8996005 0.04898368 98.02583 0.03953129 -0.07333071 0.9965239 -41.45893
0.8988777 -0.4332329 -0.06578816 739.9409 0.4366345 0.898193 0.05098483 98.66134 0.03700217 -0.07455452 0.9965302 -41.57304
0.8977746 -0.4353419 -0.06691882 741.3138 0.4388589 0.8970594 0.05183638 99.34121 0.03746362 -0.07590531 0.996411 -41.67603
0.8964943 -0.4380857 -0.06617431 742.5855 0.4415354 0.8957586 0.05160629 99.95615 0.03666822 -0.07548305 0.9964727 -41.77292
0.8957599 -0.439793 -0.06477863 743.9261 0.443077 0.8950907 0.0499539 100.594 0.03601337 -0.07344861 0.9966486 -41.86475
0.8945997 -0.4422599 -0.0640118 745.2664 0.4454901 0.8938849 0.05008315 101.2458 0.03506942 -0.073321 0.9966916 -41.99133
0.8943218 -0.4425834 -0.06563932 746.6008 0.4458623 0.893805 0.04815811 101.8994 0.03735479 -0.07233495 0.9966806 -42.08051
0.8915824 -0.4477381 -0.06790694 747.9649 0.4511478 0.891193 0.047334 102.6044 0.03932496 -0.07283822 0.9965682 -42.20542
0.8910765 -0.4484564 -0.06978162 749.2574 0.4520316 0.8907086 0.04801699 103.2194 0.04062156 -0.0743303 0.996406 -42.27764
0.890194 -0.4497989 -0.0723571 750.5655 0.453409 0.8901957 0.0444033 103.8857 0.04443943 -0.07233492 0.9963899 -42.37191
0.8888593 -0.4523152 -0.07307631 751.8617 0.4560235 0.8888078 0.04542541 104.5523 0.04440419 -0.07370131 0.9962913 -42.49538
0.8877736 -0.454818 -0.07069991 753.1586 0.4583673 0.8875819 0.04580108 105.2199 0.0419208 -0.07306752 0.9964456 -42.56977
0.8867727 -0.4566305 -0.07157364 754.4593 0.4603882 0.8863503 0.04925272 105.8777 0.04094903 -0.07662763 0.9962186 -42.68465
0.8863353 -0.4575155 -0.07134052 755.7455 0.4611718 0.8860525 0.04723975 106.5232 0.04159852 -0.07477049 0.9963328 -42.75796
0.8858035 -0.4588891 -0.06908651 757.0506 0.4623613 0.8854532 0.04684557 107.1952 0.03967595 -0.0734389 0.9965102 -42.87397
0.8852932 -0.4600384 -0.06797596 758.3275 0.4633884 0.8849702 0.04581572 107.8702 0.03907971 -0.07205962 0.9966344 -42.96582
0.8846955 -0.4616221 -0.06495368 759.6 0.4648855 0.8839868 0.04948383 108.5336 0.03457537 -0.07397414 0.9966606 -43.0708
0.8842695 -0.4624465 -0.06489111 760.9026 0.4656971 0.8835717 0.04926936 109.1944 0.0345515 -0.07378698 0.9966753 -43.15065
0.8838087 -0.4638829 -0.06078573 762.1799 0.4668345 0.8829676 0.04933439 109.8466 0.03078645 -0.07197904 0.9969309 -43.26464
0.8834869 -0.4645147 -0.06063865 763.4559 0.4674168 0.8827275 0.04809935 110.5058 0.03118455 -0.07083867 0.9970002 -43.36867
0.8829612 -0.4659062 -0.05754075 764.7776 0.4685311 0.8822442 0.04608591 111.1797 0.02929328 -0.0676517 0.9972789 -43.45335
0.8829471 -0.4660322 -0.05673078 766.0277 0.4686445 0.8821048 0.04757536 111.8365 0.02787085 -0.0685931 0.9972553 -43.56603
0.882725 -0.4665654 -0.0557968 767.3386 0.4690792 0.8819398 0.04633447 112.5074 0.02759136 -0.06707371 0.9973664 -43.65042
0.8826236 -0.4668838 -0.0547273 768.6339 0.4693021 0.8818668 0.04545539 113.1736 0.02703981 -0.06580364 0.9974661 -43.75529
0.8824317 -0.4673493 -0.05384084 769.9108 0.4696737 0.8817364 0.04413277 113.8468 0.02684801 -0.06423178 0.9975738 -43.84135
0.8818388 -0.4683402 -0.05493422 771.2038 0.4708284 0.8809391 0.04761151 114.5383 0.02609532 -0.06785026 0.9973542 -43.95316
0.8814422 -0.4693547 -0.05259097 772.4916 0.4715861 0.8807368 0.04369555 115.2112 0.02581009 -0.06331627 0.9976597 -44.02033
0.8810833 -0.4699702 -0.05310496 773.7653 0.4723449 0.8801005 0.04809653 115.8772 0.02413376 -0.06746091 0.99743 -44.14589
0.8800423 -0.4718402 -0.05377999 775.0651 0.4741591 0.8793286 0.04420819 116.5756 0.02643108 -0.06440535 0.9975737 -44.20825
0.880158 -0.4716226 -0.05379574 776.3705 0.4740038 0.8792911 0.04655875 117.2545 0.02534395 -0.06647843 0.997466 -44.34251
0.8796254 -0.4726796 -0.0532267 777.6591 0.4749822 0.8788449 0.04498598 117.9365 0.02551405 -0.06485255 0.9975686 -44.39817
0.8792364 -0.4735604 -0.05180667 778.9677 0.4757591 0.878448 0.04452157 118.6254 0.02442581 -0.06379247 0.9976642 -44.52027
0.8790035 -0.4740863 -0.05094156 780.2728 0.4762625 0.8781023 0.04593743 119.3346 0.0229536 -0.06464072 0.9976446 -44.58537
0.8787172 -0.4748811 -0.0484137 781.5626 0.476941 0.8776102 0.04824705 120.0053 0.01957673 -0.065486 0.9976614 -44.7043
0.878241 -0.4756313 -0.04967517 782.8673 0.4777827 0.8771268 0.04870284 120.6951 0.02040684 -0.06650677 0.9975773 -44.78426
0.8781222 -0.4762627 -0.0455547 784.1538 0.4781332 0.876968 0.04812443 121.3734 0.01703014 -0.06404034 0.997802 -44.89407
0.8778531 -0.4768334 -0.04476512 785.4637 0.4786178 0.8768147 0.04605345 122.0725 0.01729089 -0.06185355 0.9979355 -44.9855
0.8772309 -0.478246 -0.0417926 786.7484 0.4798186 0.8762548 0.04418048 122.7596 0.01549182 -0.05880935 0.998149 -45.05718
0.8768909 -0.479214 -0.03763296 788.0696 0.4805269 0.8759392 0.04271039 123.4535 0.01249676 -0.05553601 0.9983785 -45.16111
0.8768522 -0.479423 -0.03583184 789.373 0.4806558 0.8757762 0.04456725 124.1483 0.0100141 -0.05630166 0.9983636 -45.27009
0.8762864 -0.4805441 -0.03463454 790.6934 0.4817159 0.8751494 0.04542416 124.8619 0.008482083 -0.05648858 0.9983672 -45.36994
0.8759738 -0.4811533 -0.03408088 791.9891 0.4823106 0.8746957 0.04779075 125.5493 0.00681572 -0.05830102 0.9982758 -45.46804
0.8752576 -0.4824382 -0.03431494 793.3039 0.4836055 0.8739948 0.04752667 126.2732 0.007062399 -0.05819298 0.9982803 -45.56622
0.8752424 -0.4824272 -0.03485207 794.6033 0.4836296 0.8739537 0.04803298 126.9753 0.007286686 -0.05889599 0.9982376 -45.65887
0.8750318 -0.4829115 -0.03340345 795.9042 0.4840362 0.8736515 0.04941696 127.685 0.005318951 -0.05940989 0.9982195 -45.76049
0.8749144 -0.483129 -0.03333514 797.2516 0.4842558 0.8734534 0.05074943 128.4217 0.004598171 -0.06054414 0.9981549 -45.85454
0.8750899 -0.4829583 -0.03112655 798.5775 0.4839554 0.8735586 0.05179134 129.1431 0.002177809 -0.06038594 0.9981727 -45.96476
0.8754755 -0.4819377 -0.03575915 799.9272 0.4832036 0.8741246 0.04919947 129.8872 0.007546874 -0.06035188 0.9981486 -46.07157
0.874929 -0.4831268 -0.03298246 801.2172 0.4842232 0.8735801 0.048843 130.5942 0.00521546 -0.05870503 0.9982617 -46.16551
0.8753877 -0.482122 -0.03542172 802.6161 0.4833847 0.8738714 0.05184304 131.3401 0.005959365 -0.06250507 0.9980268 -46.29234
0.8750583 -0.4828435 -0.0336904 803.9313 0.4839933 0.8735877 0.05094005 132.0489 0.004835446 -0.06088144 0.9981333 -46.37173
0.8760495 -0.4809462 -0.03504485 805.2784 0.4821869 0.8745383 0.05175606 132.7546 0.005756176 -0.06223904 0.9980447 -46.49618
0.8751742 -0.482647 -0.03349587 806.5752 0.4837796 0.8737718 0.04980014 133.4704 0.005231858 -0.05978842 0.9981974 -46.57305
0.8753943 -0.4823209 -0.03242267 807.9247 0.4834011 0.8738019 0.05285217 134.2112 0.002839292 -0.06193965 0.9980758 -46.71032
0.8755187 -0.4820594 -0.03295146 809.2416 0.4831735 0.8739153 0.05305857 134.9226 0.003219401 -0.06237505 0.9980476 -46.80292
0.8758721 -0.4815145 -0.03149476 810.6064 0.482534 0.8743949 0.05093724 135.6561 0.003011834 -0.0598118 0.9982051 -46.91346
0.8761548 -0.481071 -0.03039012 811.976 0.4820252 0.874683 0.05080546 136.3623 0.002140692 -0.05916224 0.9982461 -47.02546
0.875785 -0.4817058 -0.03098748 813.2769 0.4826961 0.87427 0.05154141 137.0999 0.002263629 -0.06009673 0.99819 -47.13016
0.8763764 -0.4806933 -0.02997366 814.5901 0.4816233 0.8749086 0.05073488 137.8331 0.001836293 -0.05889886 0.9982623 -47.2503
0.875944 -0.4812522 -0.03344442 815.9576 0.4823959 0.8743876 0.05234925 138.5788 0.004050196 -0.06198847 0.9980686 -47.36914
0.8761686 -0.480846 -0.03340164 817.2831 0.4819835 0.8746748 0.05134224 139.298 0.004527862 -0.0610835 0.9981224 -47.47384
0.8761756 -0.480713 -0.03508881 818.6298 0.4819402 0.8748242 0.0491557 140.0329 0.007066756 -0.05997973 0.9981746 -47.56686
0.8756222 -0.4817445 -0.03475681 820.1298 0.482966 0.8741072 0.05177212 140.748 0.005440254 -0.06211917 0.9980539 -47.69664
0.8753462 -0.4821718 -0.03576759 821.3777 0.4834655 0.8737302 0.05344723 141.4685 0.005480472 -0.06407723 0.9979299 -47.8127
0.8756216 -0.4817861 -0.03419163 822.6569 0.4829883 0.8738527 0.05570784 142.1897 0.003039193 -0.06529314 0.9978615 -47.92776
0.8756068 -0.4817851 -0.03458101 823.9977 0.4830074 0.8739318 0.05428679 142.9167 0.004066879 -0.06423676 0.9979264 -48.01769
0.8756877 -0.481671 -0.03411957 825.3287 0.4828602 0.8740724 0.05332233 143.6365 0.00413916 -0.06316869 0.9979943 -48.1307
0.8761536 -0.4808407 -0.03386689 826.6481 0.4820092 0.8746293 0.05187336 144.3678 0.00467815 -0.06177318 0.9980792 -48.24224
0.8765004 -0.4802726 -0.03294482 827.9893 0.4813887 0.8749158 0.05279256 145.0872 0.003469124 -0.06213196 0.9980619 -48.36317
0.8758747 -0.4814285 -0.03271276 829.3687 0.4825338 0.874155 0.05490116 145.8177 0.002165043 -0.06387155 0.9979558 -48.47989
0.878159 -0.4772193 -0.03314296 830.6415 0.478362 0.8764048 0.05553875 146.5006 0.002542486 -0.06462619 0.9979063 -48.57968
0.8790162 -0.4756144 -0.03348848 831.9932 0.4767769 0.877376 0.05380818 147.1464 0.003790038 -0.06326479 0.9979896 -48.66196
0.882266 -0.4696371 -0.03236811 833.2913 0.4707373 0.8806802 0.05299916 147.7716 0.00361558 -0.06199624 0.9980698 -48.7981
0.8758722 -0.4814271 -0.03279987 834.7192 0.4825345 0.8742379 0.05355937 148.7086 0.00288996 -0.06273823 0.9980258 -48.91153
0.8760164 -0.4811703 -0.03271623 836.026 0.4822765 0.8742913 0.05498996 149.4376 0.002143979 -0.06395037 0.9979508 -49.03157
0.8762767 -0.480655 -0.03331495 837.3972 0.4818026 0.8745004 0.05581358 150.1594 0.002306859 -0.06495938 0.9978852 -49.14489
0.8762645 -0.4807005 -0.03297855 838.7616 0.481822 0.8746003 0.05405635 150.9075 0.002858136 -0.06325745 0.9979932 -49.25301
0.8765345 -0.4801899 -0.03324064 840.0929 0.4813299 0.8748513 0.05437527 151.6275 0.002970159 -0.06366151 0.9979671 -49.37292
0.8769697 -0.4794784 -0.03200933 841.4526 0.4805415 0.8752929 0.05424239 152.3355 0.002009477 -0.06295075 0.9980146 -49.47834
0.877187 -0.4790626 -0.03228179 842.8244 0.4801452 0.8754644 0.05497833 153.0753 0.001923501 -0.06372622 0.9979656 -49.58954
0.8774323 -0.4786286 -0.03205029 844.1725 0.4796948 0.8757865 0.05376639 153.8096 0.002335078 -0.06255072 0.9980391 -49.69043
0.8780084 -0.477583 -0.03186951 845.5529 0.4786421 0.8762922 0.05489689 154.5392 0.00170918 -0.06345402 0.9979833 -49.81197
0.878307 -0.477064 -0.03141339 846.8887 0.4780957 0.8765674 0.05526706 155.2781 0.001170031 -0.06356005 0.9979773 -49.93226
0.8787804 -0.476158 -0.03191429 848.2872 0.4772215 0.8771054 0.0542767 156.0079 0.002147915 -0.06292748 0.9980158 -50.03952
0.8793255 -0.4752728 -0.03003928 849.6477 0.4762181 0.8777949 0.05188911 156.7208 0.001706835 -0.05993267 0.998201 -50.13486
0.8799359 -0.4742698 -0.02794607 851.0302 0.4750924 0.8784273 0.0515067 157.4643 0.0001205159 -0.05859956 0.9982815 -50.24446
0.8803644 -0.473483 -0.02779212 852.3982 0.474298 0.8788509 0.05159968 158.1902 -6.441027e-06 -0.05860827 0.9982811 -50.36154
0.8812981 -0.4719132 -0.02473115 853.7701 0.4725577 0.8798964 0.04971444 158.8882 -0.001700048 -0.05550013 0.9984573 -50.44995
0.8827186 -0.4694374 -0.02088892 855.1891 0.469876 0.8813305 0.0497307 159.6281 -0.004935412 -0.05371341 0.9985442 -50.55272
0.8837326 -0.4676156 -0.0187735 856.5531 0.4679424 0.8823415 0.05003447 160.3238 -0.006832266 -0.05300201 0.998571 -50.64428
0.8842664 -0.4666368 -0.0179701 857.9514 0.4669102 0.8827966 0.05162416 161.0686 -0.008225797 -0.05403994 0.9985049 -50.76841
0.8856686 -0.4638703 -0.02038393 859.2977 0.4642645 0.8840468 0.05403167 161.7552 -0.007043337 -0.05731769 0.9983311 -50.89674
0.8871096 -0.4610423 -0.02182859 860.7222 0.4615282 0.8855138 0.05345185 162.4812 -0.005314048 -0.05749216 0.9983318 -51.00136
0.8890665 -0.4572654 -0.0216577 862.1271 0.4577619 0.8876431 0.05043779 163.1956 -0.003839149 -0.05475662 0.9984924 -51.13087
0.8906912 -0.454109 -0.02131122 863.5391 0.4546056 0.8895311 0.04547817 163.8984 -0.001695052 -0.0501952 0.998738 -51.20987
0.8930044 -0.44971 -0.01743543 864.9243 0.4500019 0.8916893 0.04887313 164.5728 -0.006431749 -0.0514899 0.9986528 -51.31128
0.8937129 -0.4482923 -0.01764528 866.3452 0.4485347 0.8919634 0.05672812 165.277 -0.009691838 -0.05861317 0.9982337 -51.43246
0.8947732 -0.4460538 -0.02042062 867.7563 0.4464305 0.8927351 0.06102543 165.9998 -0.008990422 -0.0637203 0.9979273 -51.54449
0.895997 -0.4436575 -0.0189024 869.1508 0.4439842 0.8942461 0.05658566 166.6476 -0.008201249 -0.05909295 0.9982188 -51.67908
0.8967554 -0.4422703 -0.01505696 870.5676 0.4424086 0.8952118 0.05357637 167.3581 -0.01021606 -0.05470623 0.9984502 -51.78375
0.8976164 -0.4404369 -0.0173232 871.9985 0.4407018 0.8960412 0.05377917 168.0381 -0.008164033 -0.05590743 0.9984026 -51.91657
0.8985374 -0.4385203 -0.01817845 873.4877 0.4388086 0.8967544 0.05725925 168.7686 -0.008807739 -0.05942644 0.9981938 -52.01436
0.9008287 -0.4335765 -0.02278396 874.8981 0.4341404 0.8988558 0.05983714 169.3971 -0.005464487 -0.06379445 0.9979481 -52.14678
0.9009128 -0.4335133 -0.02055202 876.3086 0.4339703 0.8992839 0.05438904 170.0591 -0.005096272 -0.05791874 0.9983083 -52.24689
0.9006724 -0.4341318 -0.01785682 877.7167 0.4344363 0.8990837 0.05397701 170.7541 -0.007378359 -0.05637325 0.9983825 -52.37825
0.9020098 -0.4315492 -0.01198486 879.1209 0.4315408 0.9005077 0.05346601 171.3911 -0.01228075 -0.05339882 0.9984977 -52.46858
0.9036243 -0.428207 -0.0100938 880.5479 0.4279992 0.9017642 0.06031661 172.068 -0.01672577 -0.0588237 0.9981282 -52.61768
0.9042709 -0.4267989 -0.01169708 882.0119 0.4266694 0.9023092 0.06157441 172.7407 -0.01572551 -0.06067074 0.9980339 -52.73463
0.9055058 -0.4241276 -0.01322901 883.4147 0.42412 0.9036198 0.05994373 173.3996 -0.01346979 -0.05989008 0.9981141 -52.8497
0.9065238 -0.4219991 -0.0114674 884.8265 0.4219529 0.9049158 0.0555283 174.0328 -0.01305586 -0.05517643 0.9983913 -52.95862
0.9086213 -0.4175089 -0.009680459 886.2538 0.4173605 0.9069914 0.05636465 174.6772 -0.01475265 -0.05525437 0.9983633 -53.08788
0.9100205 -0.4144659 -0.008981672 887.6824 0.4142962 0.9084437 0.05557737 175.3208 -0.01487558 -0.05429763 0.998414 -53.20658
0.9134459 -0.406926 -0.005268657 889.0976 0.4064824 0.9116699 0.06024891 175.9077 -0.01971357 -0.05717574 0.9981695 -53.3285
0.9133375 -0.4071544 -0.006315207 890.4814 0.406765 0.911525 0.06053272 176.5431 -0.0188897 -0.05785561 0.9981462 -53.43239
0.9150332 -0.4033466 -0.005087367 891.91 0.4028993 0.9132583 0.06026061 177.1512 -0.01965983 -0.05719015 0.9981697 -53.56492
0.9163221 -0.4004124 -0.004874684 893.321 0.3999479 0.914519 0.06080116 177.7516 -0.01988755 -0.05766307 0.998138 -53.68993
0.9179392 -0.3966741 -0.00610645 894.7391 0.3962678 0.9160463 0.06189555 178.3505 -0.01895857 -0.05923614 0.998064 -53.81495
0.9219034 -0.3873494 -0.007384234 895.4465 0.3869768 0.9197707 0.06534868 178.5511 -0.01852098 -0.06310271 0.9978352 -53.89674