1.0 0.0 0.0 0.0 0.0 0.0 0.0
9.999978e-01 -9.010315e-06 7.173803e-04 -1.972888e-03 9.082358e-01 -7.566479e-03 -1.214898e-02
9.999995e-01 -3.859548e-04 8.044377e-04 -5.264182e-04 6.906871e-01 -7.174310e-03 -1.429132e-02
9.999988e-01 7.188746e-04 6.599667e-04 -1.197327e-03 6.665350e-01 -1.089458e-02 -1.120666e-02
9.999994e-01 -3.502333e-04 3.191458e-05 -1.034976e-03 6.347333e-01 -1.483906e-02 -1.496599e-02
9.999994e-01 -4.595373e-04 -4.338169e-04 -8.830745e-04 6.323664e-01 -7.410147e-03 -8.077954e-03
9.999995e-01 -8.190029e-04 5.313591e-04 -2.948425e-04 6.183146e-01 -4.510029e-03 -1.093647e-02
9.999999e-01 -7.606224e-05 2.695422e-04 -3.455945e-04 6.193562e-01 -8.228682e-03 5.550472e-03
9.999999e-01 1.171603e-04 6.732485e-05 -3.959127e-04 5.907107e-01 -1.184914e-02 -2.801990e-02
9.999999e-01 3.913073e-04 -6.903263e-05 -2.445301e-04 5.947449e-01 -2.084999e-03 -8.867362e-03
9.999998e-01 2.418586e-04 -2.313951e-04 -5.030684e-04 5.746265e-01 -1.131411e-02 1.114162e-03
9.999999e-01 5.155288e-05 4.125097e-04 -2.412929e-04 5.558364e-01 -3.875162e-03 -1.021441e-02
9.999996e-01 -1.034159e-04 -2.077493e-04 -7.805100e-04 5.493973e-01 -1.120496e-02 -1.041547e-02
9.999993e-01 -2.277045e-04 1.005237e-03 -6.309750e-04 5.253113e-01 -1.269891e-02 -1.684066e-02
9.999997e-01 -1.947578e-05 -5.382476e-04 -5.187382e-04 5.350404e-01 -8.570063e-03 -7.097327e-04
9.999998e-01 -2.101272e-04 7.766218e-05 -5.169621e-04 5.143911e-01 -3.812498e-03 -1.510481e-02
9.999999e-01 9.775041e-05 5.766731e-05 -3.394745e-04 4.934937e-01 -7.815465e-03 9.235292e-04
9.999998e-01 2.135101e-04 -5.031939e-04 -3.959867e-04 4.896326e-01 -3.064268e-03 -1.951086e-02
9.999999e-01 -8.273799e-05 7.650297e-05 -5.445230e-04 4.671196e-01 -5.897654e-03 -8.648743e-03
9.999997e-01 4.559939e-04 -4.028960e-04 -3.977372e-04 4.556602e-01 -4.987341e-03 5.050385e-03
9.999999e-01 1.539669e-04 1.618189e-04 -4.244818e-04 4.381288e-01 -6.103684e-03 -1.272574e-02
9.999998e-01 -4.058365e-04 4.417028e-06 -4.214171e-04 4.200576e-01 -7.774249e-03 -5.655353e-03
9.999998e-01 -6.033200e-04 -1.025095e-05 -1.113473e-04 4.237635e-01 -4.463614e-03 -1.020974e-02
9.999997e-01 -2.811551e-04 -6.029445e-04 -4.981064e-04 4.209431e-01 -4.427991e-03 -5.815900e-03
1.000000e+00 -8.608686e-05 -1.245693e-04 -2.349740e-04 4.109247e-01 -3.910953e-03 -6.517803e-03
9.999999e-01 -3.517844e-04 1.018054e-04 -2.717263e-04 4.296059e-01 -3.892490e-03 -8.585295e-04
9.999997e-01 1.630251e-05 5.133237e-04 -5.882570e-04 4.100101e-01 -9.662923e-03 -1.258594e-02
1.000000e+00 -1.211240e-04 1.003024e-04 -1.989248e-04 4.102758e-01 -3.876113e-03 -4.621258e-04
9.999999e-01 7.958614e-05 1.284723e-04 -3.434788e-04 4.159507e-01 -9.102263e-03 -1.122625e-02
9.999997e-01 -5.917365e-04 2.445326e-04 -4.668948e-04 4.201887e-01 -8.026582e-03 -9.325859e-03
9.999997e-01 -3.167148e-05 -6.772805e-04 -3.238083e-04 4.197642e-01 2.253985e-03 -8.495491e-03
9.999999e-01 -1.265250e-04 3.966404e-04 -2.072943e-04 4.135049e-01 -6.142519e-03 5.262502e-03
9.999999e-01 -1.467296e-05 -4.236878e-04 -2.195945e-04 4.142770e-01 -8.893582e-03 -1.552768e-02
9.999999e-01 2.302896e-04 2.804952e-04 -2.879562e-04 4.085729e-01 -1.777478e-04 -7.352710e-03
9.999996e-01 9.532092e-05 -7.877318e-04 -5.141700e-04 4.160786e-01 -1.136665e-02 -5.926140e-03
9.999999e-01 1.930051e-04 3.014241e-04 -1.696207e-04 4.099662e-01 -1.878814e-03 -2.155600e-03
9.999999e-01 2.940538e-04 4.972322e-05 -2.560587e-04 4.263323e-01 -3.649870e-03 -6.849949e-03
9.999997e-01 4.958409e-04 -2.305920e-04 -5.070987e-04 4.185407e-01 -7.170583e-03 -1.214576e-02
9.999999e-01 1.688523e-04 -3.590779e-04 -2.701946e-04 4.255051e-01 -7.216778e-04 -7.627085e-03
9.999994e-01 2.994657e-04 -1.075870e-03 -1.960363e-04 4.419707e-01 2.163009e-03 -1.723344e-02
9.999997e-01 -3.345983e-04 -6.919828e-04 -1.560128e-04 4.328496e-01 -1.095635e-02 -4.897006e-04
9.999999e-01 -3.150844e-04 2.266619e-04 1.171012e-04 4.472644e-01 3.539313e-03 1.398214e-03
9.999989e-01 -1.480493e-03 -2.140280e-04 1.723342e-04 4.521888e-01 -7.080836e-03 -1.467887e-02
9.999993e-01 -1.159430e-03 -6.062794e-05 1.489197e-04 4.528901e-01 -1.927553e-03 -1.391739e-02
9.999988e-01 -1.220703e-03 -9.108659e-04 -1.873913e-04 4.784268e-01 -5.447063e-03 -1.470009e-02
9.999994e-01 -1.271004e-04 -1.067067e-03 3.504570e-04 4.787458e-01 6.412716e-03 -1.233030e-02
9.999999e-01 -4.429290e-04 -8.909546e-05 1.414119e-04 4.938900e-01 -4.848248e-03 1.868688e-03
9.999991e-01 1.309971e-03 1.317094e-05 9.856743e-05 5.045222e-01 -9.832280e-03 -1.448063e-02
9.999992e-01 6.812779e-04 1.050981e-03 -1.555751e-04 5.155681e-01 -7.390678e-03 -1.845142e-02
9.999995e-01 3.796868e-04 -9.249008e-04 1.074479e-04 5.264004e-01 3.463327e-03 -1.520053e-02
9.999995e-01 -8.253287e-04 -5.105913e-04 1.275488e-05 5.328129e-01 -6.472933e-03 -2.710993e-02
9.999977e-01 -7.206137e-04 -2.029498e-03 1.358535e-04 5.410209e-01 3.461500e-03 -3.858672e-03
9.999999e-01 -1.977735e-04 -2.522093e-05 2.857564e-04 5.605367e-01 -2.055789e-03 -9.849843e-03
9.999994e-01 1.026392e-03 3.307938e-04 -2.141929e-05 5.787961e-01 -7.470018e-03 -9.443439e-03
9.999982e-01 1.465917e-03 1.140853e-03 -2.312688e-04 5.877898e-01 -1.066033e-02 -1.897842e-02
9.999996e-01 2.990764e-04 -8.681941e-04 -1.143209e-04 5.858827e-01 -3.701361e-03 -3.209624e-02
9.999993e-01 -1.455807e-04 -1.212544e-03 -7.672172e-05 5.960036e-01 5.279083e-03 -1.411142e-02
9.999985e-01 -1.719643e-03 -2.983107e-04 -1.645665e-04 6.143168e-01 -6.568157e-03 -1.770679e-02
9.999995e-01 -9.535264e-04 -4.262004e-04 -7.361935e-05 6.182470e-01 -1.061220e-02 -1.698996e-02
9.999999e-01 -1.856565e-04 2.053289e-04 7.432590e-05 6.385101e-01 -5.725489e-04 -2.028704e-02
1.000000e+00 2.788153e-04 -6.266518e-05 -3.984880e-05 6.433724e-01 -3.579492e-03 -1.604217e-02
1.000000e+00 6.319645e-05 -1.221513e-07 -1.851592e-04 6.513482e-01 -1.296032e-02 -3.251566e-02
1.000000e+00 -4.288564e-06 1.655681e-04 -6.518809e-05 6.642517e-01 -3.810708e-03 -1.727246e-02
9.999986e-01 -1.565440e-03 -5.473241e-04 4.522346e-05 6.736202e-01 4.280726e-03 -3.995766e-02
9.999976e-01 -1.468940e-03 -1.616502e-03 -3.064290e-05 6.918765e-01 -4.521286e-03 -9.881900e-03
9.999999e-01 3.616843e-04 -2.665012e-04 2.324399e-05 6.969828e-01 -2.449357e-03 -3.959598e-02
9.999970e-01 2.082437e-03 1.259454e-03 -3.418960e-04 7.170669e-01 -1.396867e-02 -2.240626e-02
9.999982e-01 1.910764e-03 8.004857e-05 -2.482580e-04 7.270976e-01 -1.308575e-02 -2.796363e-02
9.999994e-01 1.019901e-03 -4.756622e-04 -1.300941e-04 7.238838e-01 3.852583e-03 -3.071134e-02
9.999984e-01 -1.445844e-03 9.910602e-04 -7.838899e-05 7.409943e-01 -8.435416e-03 -1.716520e-02
9.999982e-01 -1.772198e-03 6.132828e-04 1.704159e-04 7.445627e-01 -5.902563e-03 -3.208682e-02
9.999999e-01 -4.007835e-04 1.844649e-04 6.722937e-05 7.660051e-01 -8.078166e-03 -2.478571e-02
9.999995e-01 9.565095e-04 1.956297e-04 3.882082e-04 7.824326e-01 -7.123021e-03 -2.307226e-02
9.999991e-01 1.093641e-03 8.278638e-05 7.598666e-04 7.791614e-01 -3.354248e-03 -3.498780e-02
9.999994e-01 6.543492e-04 7.311240e-04 3.920089e-04 7.989149e-01 -7.824030e-03 -2.650115e-02
9.999988e-01 -6.232400e-04 1.406525e-03 2.896158e-04 8.102528e-01 -1.221137e-02 3.208306e-03
9.999986e-01 -1.320241e-03 7.111575e-04 6.815263e-04 8.083011e-01 -1.341357e-02 -5.540436e-02
9.999984e-01 -2.009235e-04 1.666015e-03 6.643748e-04 8.226411e-01 -2.111843e-03 -1.113687e-02
9.999990e-01 2.206271e-05 -9.189776e-04 1.056667e-03 8.433690e-01 -5.792585e-03 -2.256334e-02
9.999954e-01 2.462128e-03 1.574091e-03 8.395983e-04 8.408925e-01 -6.079382e-03 -2.574627e-02
9.999993e-01 3.759666e-05 9.561690e-04 5.916930e-04 8.435488e-01 -1.756942e-02 -2.238527e-02
9.999996e-01 6.736646e-04 3.471483e-04 4.436080e-04 8.583550e-01 -9.473457e-03 6.092485e-03
9.999988e-01 -1.261714e-03 -7.931849e-04 5.179504e-04 8.617429e-01 -6.672486e-03 -6.363889e-02
9.999999e-01 3.793952e-04 1.391065e-04 9.251206e-05 8.781689e-01 -3.914987e-03 3.800955e-02
9.999997e-01 -4.757272e-04 -3.338663e-04 4.089022e-04 8.677873e-01 -5.909209e-03 -6.070692e-02
9.999998e-01 1.425184e-04 3.866752e-04 5.198449e-04 8.866331e-01 -1.530604e-02 8.348175e-03
9.999992e-01 -8.680517e-04 6.303485e-04 7.137870e-04 8.806564e-01 3.049575e-03 -3.645183e-02
9.999997e-01 -2.962504e-04 3.473497e-04 5.642544e-04 8.817041e-01 -8.358793e-03 -2.668818e-02
9.999999e-01 -3.066962e-04 -1.934498e-04 3.000610e-04 8.851687e-01 -8.772649e-03 -8.955713e-03
9.999971e-01 -3.404568e-04 -2.299229e-03 6.050559e-04 8.771801e-01 -5.698091e-03 -3.095157e-02
9.999995e-01 9.094044e-04 -2.690713e-05 4.535496e-04 9.034589e-01 -1.255435e-02 -1.781902e-02
9.999973e-01 1.902831e-03 -1.275562e-03 2.789534e-04 8.870339e-01 -3.055704e-03 -2.690551e-02
9.999997e-01 6.213906e-04 -3.521423e-04 -1.281679e-04 8.712230e-01 -9.599827e-03 -3.596777e-02
9.999992e-01 -5.236235e-04 -1.152535e-03 -1.592615e-04 8.834290e-01 -1.046307e-02 -1.561573e-02
9.999994e-01 -1.051435e-03 -3.428851e-04 -1.373681e-04 8.683688e-01 -5.195084e-03 -4.280725e-02
9.999994e-01 -6.432592e-04 -5.696329e-04 -6.846646e-04 8.737158e-01 -1.831992e-02 -1.706203e-02
9.999994e-01 5.636621e-04 8.290343e-04 -4.343548e-04 8.752166e-01 -1.640558e-02 -2.247816e-02
9.999988e-01 4.298233e-04 1.483487e-03 8.028995e-05 8.623796e-01 3.730192e-04 -3.484029e-02
9.999999e-01 -3.170240e-04 -3.671625e-04 1.162647e-04 8.678294e-01 -6.759387e-03 -3.511774e-02
9.999995e-01 -8.734815e-04 -3.355746e-04 2.764343e-04 8.467251e-01 -8.429654e-03 -1.938359e-02
9.999999e-01 -2.744157e-04 1.312891e-04 3.550062e-04 8.614898e-01 -4.410582e-03 -3.453234e-02
1.000000e+00 1.199212e-04 3.057521e-06 1.687959e-04 8.571084e-01 -8.061452e-03 -2.915917e-02
9.999997e-01 5.654857e-04 -4.629979e-04 7.478547e-05 8.566328e-01 -1.248899e-02 -1.266244e-02
9.999998e-01 4.149521e-04 4.783042e-04 2.527356e-04 8.393545e-01 -6.114316e-03 -5.192589e-02
9.999994e-01 1.721902e-04 1.079747e-03 1.148811e-04 8.452222e-01 -1.153871e-02 -1.010048e-02
9.999998e-01 -3.203094e-04 -3.775875e-04 2.996488e-04 8.422075e-01 -3.485564e-03 -2.921963e-02
9.999997e-01 -4.747419e-04 5.551132e-04 1.275971e-04 8.324568e-01 -1.299176e-02 -4.498634e-02
9.999994e-01 -9.118116e-04 3.948502e-04 5.082238e-04 8.453852e-01 -5.948916e-03 2.246722e-03
9.999995e-01 -4.081483e-04 -5.743362e-04 6.768823e-04 8.268258e-01 -7.485800e-03 -3.703086e-02
9.999997e-01 -3.441570e-04 4.436184e-04 5.866791e-04 8.317300e-01 -1.722408e-03 -3.034442e-02
9.999990e-01 9.595270e-04 -6.563583e-04 8.241719e-04 8.373119e-01 -6.473263e-03 -2.141422e-02
9.999989e-01 1.242692e-03 4.856985e-04 7.110903e-04 8.312145e-01 -1.196525e-02 -2.700447e-02
9.999986e-01 1.514554e-03 2.854369e-04 6.080187e-04 8.293944e-01 -9.159633e-03 -1.068874e-02
9.999981e-01 1.215218e-03 1.438341e-03 5.439389e-04 8.159635e-01 -1.121542e-02 -3.857224e-02
9.999993e-01 -7.534984e-04 8.102475e-04 5.211790e-04 8.168766e-01 -5.721074e-03 -5.680138e-03
9.999983e-01 -1.730209e-03 4.648071e-04 4.767369e-04 8.130401e-01 -8.532355e-03 -3.586938e-02
9.999987e-01 -1.557397e-03 -5.058605e-04 8.077545e-05 8.143173e-01 -1.050640e-02 -1.315745e-02
9.999999e-01 1.525289e-06 -3.981406e-04 9.106501e-05 8.028328e-01 -6.615605e-03 -1.850118e-02
9.999992e-01 1.227270e-03 1.389259e-04 -2.942931e-04 8.109929e-01 -1.455890e-02 -2.248699e-02
9.999989e-01 1.144776e-03 -5.634405e-04 -7.584071e-04 8.205028e-01 -1.896107e-02 -1.637664e-02
9.999996e-01 3.163084e-04 3.922408e-04 -8.067904e-04 7.942781e-01 -1.741389e-02 -1.321262e-02
9.999996e-01 -5.023106e-04 4.132462e-04 -5.859568e-04 8.062814e-01 -6.884221e-03 -2.144724e-02
9.999992e-01 -9.180139e-04 2.427888e-04 -8.388151e-04 7.963802e-01 -3.606369e-03 -4.545581e-02
9.999999e-01 -1.062336e-06 -3.487883e-04 -3.941347e-04 8.102402e-01 -1.633047e-02 1.892932e-02
9.999998e-01 -1.688736e-04 -5.633959e-04 -1.731011e-04 7.889442e-01 -3.228985e-03 -3.869553e-02
9.999992e-01 1.196309e-03 3.221583e-04 -2.760605e-04 7.946597e-01 -5.562557e-03 -1.433161e-02
9.999998e-01 -2.969133e-04 -3.262458e-04 -5.218483e-04 7.873291e-01 -6.229474e-03 -1.784361e-02
9.999995e-01 5.415327e-04 -5.144927e-04 -7.396919e-04 8.052365e-01 -1.443709e-02 -1.786950e-02
9.999992e-01 -1.000930e-03 -5.934071e-04 -4.888741e-04 7.803895e-01 -6.271730e-04 -3.106740e-02
9.999997e-01 -5.226068e-04 -3.411142e-04 -3.525066e-04 7.892039e-01 -1.137990e-02 -5.104892e-03
9.999998e-01 -5.139197e-04 -1.529498e-05 -4.245339e-04 7.840453e-01 -8.667566e-03 -2.931230e-02
9.999995e-01 2.088422e-04 -8.264250e-04 -6.267981e-04 7.825356e-01 -8.112345e-03 -3.276755e-02
9.999995e-01 4.814152e-04 -1.276531e-04 -9.095301e-04 7.667755e-01 -9.860557e-03 -1.736167e-02
9.999995e-01 2.385970e-04 -3.224122e-04 -9.075587e-04 7.813388e-01 -1.090996e-02 -2.959801e-02
9.999991e-01 -5.935022e-04 -1.145462e-04 -1.164986e-03 7.735310e-01 -1.378513e-02 -1.618534e-02
9.999991e-01 -3.364795e-04 4.446819e-04 -1.190065e-03 7.708308e-01 -7.729380e-03 -2.816579e-02
9.999995e-01 -2.031538e-04 -8.746205e-05 -1.024883e-03 7.789688e-01 -1.941567e-02 -1.876990e-02
9.999989e-01 -4.629418e-05 1.429980e-04 -1.499415e-03 7.659202e-01 -1.527022e-03 -4.892064e-02
9.999980e-01 5.280524e-04 -1.118178e-03 -1.563665e-03 7.647158e-01 -1.539431e-02 -1.219177e-02
9.999977e-01 -5.649782e-04 -1.162028e-04 -2.048313e-03 7.567471e-01 -1.401709e-02 -3.166572e-02
9.999961e-01 5.395398e-04 -8.360912e-04 -2.636622e-03 7.624678e-01 -1.976228e-02 -1.475841e-02
9.999962e-01 4.095369e-04 -8.164734e-05 -2.705755e-03 7.645763e-01 -1.655231e-02 -3.006387e-02
9.999961e-01 4.471593e-04 1.076893e-04 -2.751461e-03 7.650536e-01 -1.916498e-02 -1.414321e-02
9.999967e-01 -6.298716e-04 2.175682e-04 -2.472480e-03 7.506685e-01 -8.531627e-03 -4.050313e-02
9.999961e-01 -5.275873e-04 2.531348e-04 -2.720418e-03 7.514125e-01 -2.171506e-02 -2.136397e-02
9.999963e-01 -2.387899e-04 -4.142157e-04 -2.686122e-03 7.535790e-01 -1.112984e-02 -3.599565e-02
9.999967e-01 -9.325790e-05 -2.845456e-05 -2.574748e-03 7.610175e-01 -1.107286e-02 -1.619638e-02
9.999964e-01 1.947606e-04 -1.110746e-03 -2.414588e-03 7.476447e-01 -5.062554e-03 -3.096990e-02
9.999968e-01 1.965534e-04 4.278282e-04 -2.503160e-03 7.571478e-01 -1.590935e-02 -3.717317e-02
9.999967e-01 1.861721e-04 -6.058580e-04 -2.474754e-03 7.662220e-01 -1.473986e-02 -1.409290e-02
9.999972e-01 -4.405735e-04 -3.010930e-04 -2.299260e-03 7.479740e-01 -6.767947e-03 -4.613123e-02
9.999975e-01 -1.991954e-04 2.384530e-04 -2.205822e-03 7.636236e-01 -1.785430e-02 -1.229905e-02
9.999974e-01 -5.169901e-05 -9.876950e-04 -2.061989e-03 7.530522e-01 -2.780438e-03 -5.118273e-02
9.999974e-01 6.542692e-04 -2.120402e-04 -2.175823e-03 7.633346e-01 -1.488349e-02 -1.834744e-02
9.999988e-01 7.969697e-04 -3.682034e-04 -1.270664e-03 7.714448e-01 -1.191563e-02 -2.042586e-02
9.999980e-01 -3.648168e-04 1.214820e-03 -1.519709e-03 7.754203e-01 -2.067106e-02 -3.139279e-02
9.999987e-01 -8.501907e-04 4.701855e-04 -1.274722e-03 7.617414e-01 -7.437098e-03 -3.661740e-02
9.999987e-01 -5.818858e-04 -7.858879e-04 -1.333020e-03 7.713627e-01 -6.556232e-03 -3.836015e-02
9.999994e-01 -4.688029e-04 -1.074376e-04 -1.013185e-03 7.834718e-01 -1.195157e-02 -8.426648e-03
9.999989e-01 -1.068270e-03 7.614826e-04 -5.631781e-04 7.937349e-01 -6.990673e-03 -5.204552e-02
9.999996e-01 -5.361432e-04 2.786011e-04 -5.978593e-04 7.957453e-01 -1.738460e-02 -1.071045e-02
9.999998e-01 -7.052285e-04 9.906295e-05 1.340750e-05 8.207531e-01 -2.267151e-03 -4.773459e-02
9.999988e-01 1.497256e-03 -2.838814e-05 4.277586e-04 8.250764e-01 -1.061623e-02 -3.215163e-02
9.999980e-01 1.520777e-03 -1.312489e-03 6.233580e-05 8.348117e-01 4.574388e-03 -5.945405e-02
9.999991e-01 1.252270e-03 -2.785567e-04 2.314357e-04 8.423935e-01 -1.478176e-02 1.278356e-02
9.999958e-01 -2.803850e-03 4.361767e-04 6.226087e-04 8.440729e-01 2.969213e-03 -4.840100e-02
9.999958e-01 -2.929939e-03 5.027590e-05 2.464842e-05 8.297972e-01 -1.606144e-02 -2.440726e-02
9.999967e-01 -2.561193e-03 -8.394141e-05 -1.407587e-04 8.653980e-01 1.045273e-03 -7.876601e-02
9.999936e-01 3.155388e-03 -1.702793e-03 -2.565620e-04 8.941880e-01 -2.868592e-02 -1.317250e-02
9.999979e-01 1.341343e-03 1.398934e-03 6.804282e-04 8.795644e-01 -1.383476e-03 -6.311701e-02
9.999968e-01 1.744977e-03 1.466652e-03 1.102597e-03 8.823875e-01 -7.029222e-03 -3.504905e-02
9.999951e-01 -1.607937e-03 2.327647e-03 1.345048e-03 8.801163e-01 -7.367537e-03 -1.553154e-02
9.999981e-01 5.016389e-04 -6.301780e-04 1.758391e-03 8.954635e-01 -1.076045e-02 -5.579424e-02
9.999879e-01 1.199605e-03 4.387610e-03 1.899919e-03 9.131436e-01 -1.401212e-02 -1.287553e-02
9.999933e-01 2.021384e-03 -2.105142e-03 2.216815e-03 9.069430e-01 9.484152e-03 -2.186532e-02
9.999925e-01 -2.513676e-03 -3.149367e-04 2.911232e-03 8.988735e-01 -1.120269e-03 -3.882183e-02
9.999911e-01 -1.277240e-03 9.903088e-04 3.906497e-03 9.436169e-01 -5.457259e-04 8.534720e-03
9.999961e-01 4.300182e-04 5.685006e-04 2.673689e-03 8.984359e-01 -1.172002e-03 -8.496834e-02
9.999958e-01 1.437726e-03 -8.062433e-04 2.383460e-03 9.296004e-01 -5.300699e-04 -3.178349e-03
9.999945e-01 8.996560e-04 -4.462486e-04 3.162613e-03 9.544166e-01 -5.802123e-03 -1.386189e-02
9.999946e-01 -6.953963e-04 9.530745e-04 3.061528e-03 9.259740e-01 -4.787338e-03 -4.882818e-02
9.999926e-01 7.714337e-05 1.800127e-03 3.393385e-03 9.643901e-01 -1.136838e-03 6.836672e-03
9.999949e-01 -1.776063e-04 9.275874e-04 3.037379e-03 9.231810e-01 -1.053673e-03 -5.781813e-02
9.999957e-01 2.841563e-04 7.796731e-04 2.820281e-03 9.559718e-01 -1.223251e-02 9.794946e-03
9.999963e-01 2.667386e-04 -2.087811e-04 2.700737e-03 9.540769e-01 -7.263371e-05 -4.329650e-02
9.999976e-01 3.693590e-04 2.307277e-04 2.142373e-03 9.536677e-01 -1.244445e-02 2.141901e-03
9.999976e-01 -8.980429e-04 -6.164911e-04 1.895053e-03 9.742521e-01 -3.418871e-04 -3.733885e-02
9.999984e-01 -5.870034e-04 -6.324745e-04 1.536494e-03 9.632560e-01 -2.999156e-03 -2.087569e-02
9.999983e-01 -1.013733e-03 -5.261498e-04 1.469970e-03 9.814654e-01 -1.394706e-02 -1.721956e-02
9.999984e-01 2.248559e-04 1.088229e-03 1.411377e-03 9.857413e-01 5.726163e-05 -2.970132e-02
9.999981e-01 -4.290367e-04 -1.381022e-03 1.305586e-03 9.891004e-01 -9.165453e-03 -1.434822e-02
9.999979e-01 -1.118014e-03 5.728321e-04 1.591576e-03 1.007954e+00 1.149966e-03 -2.821978e-02
9.999949e-01 -1.298983e-04 -2.774308e-03 1.579013e-03 9.847437e-01 -4.595506e-03 -2.954234e-02
9.999964e-01 -1.994185e-03 -3.122756e-04 1.777108e-03 1.001588e+00 4.862254e-03 -5.782692e-02
9.999972e-01 9.820088e-04 -1.307341e-03 1.724472e-03 1.029935e+00 -1.633462e-02 -4.330418e-03
9.999983e-01 5.358585e-04 -1.165767e-03 1.315240e-03 1.010216e+00 6.377529e-03 -6.074713e-02
9.999965e-01 1.559386e-03 -1.778250e-03 1.162566e-03 1.031771e+00 2.507096e-03 -2.403932e-02
9.999996e-01 -5.101031e-04 2.217113e-04 7.166819e-04 1.018373e+00 -1.290671e-02 -3.568563e-02
9.999993e-01 1.102419e-03 3.654947e-04 3.615217e-04 1.045053e+00 -4.647739e-03 -5.240423e-02
9.999987e-01 -5.999249e-04 -1.506264e-03 1.199137e-04 1.037283e+00 -1.139616e-02 -3.325347e-02
9.999998e-01 2.716930e-06 -9.661382e-05 7.105570e-04 1.054067e+00 -1.855948e-02 -5.518096e-02
1.000000e+00 2.353803e-04 -8.109778e-06 8.529160e-05 1.052823e+00 -2.049560e-03 -5.280877e-02
9.999973e-01 1.664430e-03 -1.612353e-03 1.329134e-04 1.068425e+00 -1.600273e-02 -7.429308e-03
9.999997e-01 -4.827705e-04 -4.506512e-04 2.537483e-04 1.078922e+00 -5.879619e-03 -7.708041e-02
9.999997e-01 -1.312982e-05 7.523881e-04 3.002343e-04 1.075992e+00 -4.049444e-03 -2.767666e-02
9.999986e-01 -1.386080e-03 9.284962e-04 -2.410978e-05 1.065436e+00 -1.782999e-02 -3.913748e-02
9.999998e-01 5.201262e-04 3.446608e-04 -1.060834e-04 1.088778e+00 -2.291603e-02 -5.470729e-02
9.999972e-01 -4.563041e-04 2.315904e-03 -1.970319e-04 1.110883e+00 -1.281832e-02 -4.852346e-02
9.999992e-01 8.672536e-04 -9.431720e-04 -1.044135e-05 1.108851e+00 -6.919504e-03 -3.636713e-02
9.999995e-01 -8.776288e-05 9.005298e-04 2.651833e-04 1.092483e+00 -1.327621e-02 -4.887805e-02
9.999998e-01 -1.806930e-04 -1.352019e-04 4.705459e-04 1.131181e+00 -8.186449e-03 -3.210571e-02
9.999991e-01 1.900307e-04 1.287049e-03 3.626762e-04 1.131356e+00 -1.187506e-02 -4.506008e-02
9.999995e-01 -4.113137e-04 -8.291945e-04 4.005264e-04 1.109920e+00 -1.254271e-02 -3.187474e-02
9.999987e-01 8.043872e-05 1.418693e-03 7.317348e-04 1.134556e+00 -2.007148e-02 -4.535841e-02
9.999987e-01 9.484643e-05 1.043578e-03 1.233034e-03 1.155552e+00 -6.400727e-03 -3.102819e-02
9.999949e-01 1.108622e-03 2.683070e-03 1.327683e-03 1.146972e+00 -1.587127e-02 -2.292393e-02
9.999977e-01 -3.880453e-04 1.479581e-03 1.522891e-03 1.153112e+00 -1.072120e-02 -5.709360e-02
9.999970e-01 -6.934597e-04 1.456576e-03 1.834175e-03 1.150770e+00 -1.731652e-02 4.566728e-03
9.999982e-01 -4.266610e-04 3.634499e-04 1.795978e-03 1.163736e+00 -4.461860e-03 -3.820898e-02
9.999987e-01 -9.322186e-05 1.247911e-04 1.600960e-03 1.176121e+00 -1.619263e-03 -2.107835e-02
9.999984e-01 -9.050276e-05 -8.639602e-04 1.573514e-03 1.181202e+00 -1.413172e-02 -1.829048e-02
9.999992e-01 -5.008567e-04 7.338979e-05 1.159964e-03 1.174438e+00 -6.158274e-03 -4.974684e-02
9.999989e-01 -7.770972e-04 -7.951395e-04 1.003528e-03 1.188229e+00 -1.566527e-02 1.567099e-02
9.999983e-01 -2.161072e-04 1.506769e-03 1.075269e-03 1.188755e+00 -9.408036e-03 -6.269641e-02
9.999989e-01 -1.363827e-03 3.863096e-04 4.791200e-04 1.199391e+00 -1.037286e-02 3.120723e-03
9.999995e-01 -4.521306e-04 -5.669103e-05 8.496980e-04 1.204005e+00 -1.964414e-02 -3.478193e-02
9.999987e-01 1.434447e-03 -5.890428e-04 4.601147e-04 1.222429e+00 -2.877672e-03 -5.628852e-02
9.999946e-01 2.615194e-03 -1.873323e-03 6.284815e-04 1.218430e+00 -1.691352e-02 8.364699e-03
9.999992e-01 8.583704e-04 -3.287050e-04 9.021450e-04 1.215387e+00 -9.527001e-04 -5.833028e-02
9.999985e-01 -1.345559e-03 7.867367e-04 6.728778e-04 1.216157e+00 -2.446593e-02 -2.024172e-02
9.999989e-01 -1.204278e-03 -4.735063e-04 7.471077e-04 1.223263e+00 -1.111694e-02 -3.722443e-02
9.999989e-01 1.044344e-03 2.198227e-04 1.002816e-03 1.235477e+00 -1.092918e-02 -1.427275e-02
9.999990e-01 8.557722e-04 2.520798e-04 1.060992e-03 1.237311e+00 -5.282460e-04 -3.096084e-02
9.999996e-01 -5.792217e-04 -3.402399e-04 5.209613e-04 1.236181e+00 -1.326881e-02 -3.258312e-02
9.999988e-01 -1.116307e-03 -8.529198e-04 6.982270e-04 1.230304e+00 -2.095864e-02 -2.655119e-02
9.999994e-01 -6.310422e-04 -5.531005e-04 6.841222e-04 1.252026e+00 -1.080813e-02 -3.265608e-02
9.999993e-01 -1.218874e-04 -8.123485e-04 8.973536e-04 1.259412e+00 -5.632584e-03 -3.207300e-02
9.999972e-01 1.699923e-03 1.290129e-03 9.744161e-04 1.252936e+00 -1.178905e-02 -2.945840e-02
9.999995e-01 -3.235660e-04 2.243860e-04 9.260787e-04 1.263050e+00 -1.820502e-02 -4.232001e-02
9.999992e-01 4.582536e-04 -6.842444e-04 9.076622e-04 1.265719e+00 -1.431859e-02 -2.774744e-02
9.999986e-01 -1.121554e-03 -6.975746e-04 1.108849e-03 1.270717e+00 -1.838662e-03 -3.860756e-02
9.999991e-01 8.845496e-04 -3.814913e-04 9.656625e-04 1.273309e+00 -8.687861e-03 -3.192704e-02
9.999980e-01 -7.494575e-04 -1.471780e-03 1.105059e-03 1.275328e+00 -8.575945e-03 -3.489543e-02
9.999948e-01 2.066154e-03 2.198069e-03 1.154377e-03 1.266507e+00 -1.503597e-02 -5.533432e-02
9.999968e-01 -1.964507e-03 -7.449349e-04 1.398703e-03 1.263357e+00 -8.626659e-03 -2.298892e-02
9.999986e-01 1.688303e-05 9.360105e-04 1.379884e-03 1.279922e+00 -1.076706e-02 -3.440909e-02
9.999973e-01 4.457882e-04 -1.802813e-03 1.408890e-03 1.262209e+00 -7.589381e-03 -4.618142e-02
9.999966e-01 2.440246e-03 3.430837e-04 9.178177e-04 1.275274e+00 -2.460612e-02 -4.050852e-02
9.999986e-01 -6.362791e-05 -1.164727e-03 1.190225e-03 1.256856e+00 -1.163639e-03 -3.160633e-02
9.999990e-01 8.607014e-04 3.852794e-04 1.072584e-03 1.252656e+00 -1.068233e-02 -3.382784e-02
9.999981e-01 -1.141156e-03 1.236279e-04 1.595875e-03 1.247359e+00 -1.689263e-02 -3.477267e-02
9.999984e-01 -9.202163e-05 -2.838623e-04 1.741345e-03 1.252206e+00 -1.596627e-03 -3.990965e-02
9.999977e-01 -6.030642e-04 1.132233e-04 2.049578e-03 1.249375e+00 -9.216392e-03 -4.189123e-02
9.999967e-01 8.514599e-04 -2.265039e-04 2.427607e-03 1.239556e+00 -7.264747e-03 -2.930312e-02
9.999968e-01 -6.838201e-04 1.140691e-03 2.156116e-03 1.227489e+00 -1.016973e-02 -5.110703e-02
9.999963e-01 -3.037174e-04 -8.927205e-04 2.550532e-03 1.242509e+00 1.485609e-03 -1.487425e-02
9.999957e-01 4.249549e-05 1.616622e-03 2.455792e-03 1.237973e+00 -6.739086e-03 -5.333308e-02
9.999961e-01 3.510524e-04 -1.405915e-03 2.394844e-03 1.227082e+00 7.631568e-04 -2.242640e-02
9.999975e-01 -9.737029e-04 -3.554505e-05 2.052583e-03 1.228871e+00 -6.070241e-03 -4.915230e-02
9.999937e-01 -1.848807e-03 -2.119260e-03 2.133670e-03 1.210631e+00 -6.939093e-03 -2.618532e-02
9.999977e-01 -3.326043e-04 -7.551681e-04 1.965689e-03 1.208921e+00 -8.842262e-03 -6.542378e-02
9.999958e-01 1.054138e-03 -1.885866e-03 1.936461e-03 1.212414e+00 1.575790e-03 -4.313582e-02
9.999987e-01 4.406960e-04 6.240277e-05 1.529738e-03 1.207933e+00 -9.758664e-03 -5.779467e-02
9.999987e-01 5.837418e-04 -2.865245e-04 1.482835e-03 1.201687e+00 -6.880619e-03 -3.512060e-02
9.999980e-01 -1.340903e-03 -1.016695e-03 1.044954e-03 1.195315e+00 -6.741069e-03 -5.087770e-02
9.999975e-01 1.669682e-03 -1.835606e-04 1.480114e-03 1.201703e+00 -1.220878e-02 -4.784112e-02
9.999977e-01 1.555428e-03 1.334169e-03 6.444281e-04 1.197083e+00 -1.131869e-02 -5.287795e-02
9.999993e-01 3.678886e-04 -5.667731e-04 9.691511e-04 1.179359e+00 -1.999077e-02 -3.764553e-02
9.999970e-01 -1.228402e-03 1.894581e-03 9.307209e-04 1.182860e+00 -9.304926e-03 -4.992803e-02
9.999994e-01 -6.842098e-04 -2.988187e-04 7.826898e-04 1.170971e+00 -1.971047e-02 -3.406458e-02
9.999987e-01 -9.476062e-04 6.219410e-04 1.099204e-03 1.194022e+00 -5.026639e-03 -5.468860e-02
9.999995e-01 -1.862538e-04 1.151238e-04 9.198276e-04 1.177089e+00 -5.409628e-03 -4.306501e-02
9.999993e-01 -6.441935e-04 -2.792818e-04 9.464455e-04 1.181558e+00 -3.661687e-03 -3.948357e-02
9.999992e-01 -2.393347e-04 -1.403442e-04 1.214991e-03 1.199842e+00 -2.867755e-03 -5.810643e-02
9.999987e-01 1.343747e-03 -1.173271e-04 9.338220e-04 1.167002e+00 -1.993028e-02 -2.597065e-02
9.999994e-01 8.334628e-05 -4.411395e-04 1.003149e-03 1.192268e+00 -1.090737e-02 -5.771449e-02
9.999992e-01 -2.404568e-04 4.128613e-04 1.217315e-03 1.168143e+00 -6.039191e-03 -3.882595e-02
9.999995e-01 -2.486861e-04 -3.396618e-04 8.517292e-04 1.178643e+00 -1.068304e-02 -4.419072e-02
9.999989e-01 3.675250e-04 -7.888426e-04 1.159780e-03 1.180877e+00 -6.842642e-03 -4.522819e-02
9.999994e-01 -1.696536e-04 3.254851e-04 1.040498e-03 1.175876e+00 -7.989758e-03 -4.797422e-02
9.999996e-01 1.508371e-04 -1.763721e-04 8.506927e-04 1.175549e+00 -5.730057e-03 -4.019939e-02
9.999991e-01 8.599984e-04 2.233780e-04 9.925469e-04 1.191667e+00 -1.629192e-02 -5.301726e-02
9.999989e-01 1.490075e-04 1.080065e-03 1.038521e-03 1.175345e+00 -8.228815e-03 -3.103404e-02
9.999977e-01 -1.340442e-03 -1.735380e-05 1.653717e-03 1.184147e+00 -6.895040e-03 -4.489998e-02
9.999966e-01 -1.610321e-03 7.785611e-04 1.876130e-03 1.181788e+00 -6.735699e-03 -5.556227e-02
9.999982e-01 1.010669e-03 -6.070477e-04 1.505892e-03 1.158683e+00 -8.942720e-03 -3.385846e-02
9.999965e-01 9.234852e-04 -1.355574e-03 2.059930e-03 1.186487e+00 -1.602661e-03 -5.874277e-02
9.999984e-01 -8.050432e-05 2.249288e-04 1.770917e-03 1.172229e+00 -1.344848e-02 -2.897298e-02
9.999980e-01 -3.724440e-04 -6.803845e-04 1.872468e-03 1.186386e+00 -3.727305e-03 -5.883914e-02
9.999968e-01 -4.164620e-04 1.118734e-03 2.223981e-03 1.186537e+00 -6.623792e-03 -3.072959e-02
9.999924e-01 1.462663e-03 2.812485e-03 2.247526e-03 1.184662e+00 -5.594345e-03 -2.960124e-02
9.999966e-01 -7.251119e-04 -1.539944e-03 1.961311e-03 1.174122e+00 -2.875028e-03 -7.002445e-02
9.999945e-01 -1.791863e-03 1.170157e-03 2.537767e-03 1.175256e+00 -1.242107e-02 -3.290506e-02
9.999947e-01 -1.832160e-03 -1.064042e-03 2.467666e-03 1.176782e+00 -6.117510e-03 -2.833313e-02
9.999952e-01 2.338813e-03 5.196377e-04 1.954615e-03 1.192981e+00 -4.765822e-03 -6.818427e-02
9.999966e-01 4.236679e-04 -8.327005e-04 2.416947e-03 1.196593e+00 -3.803606e-03 -1.053998e-02
9.999956e-01 5.250536e-04 1.406547e-03 2.553265e-03 1.182333e+00 -7.195112e-03 -6.088499e-02
9.999952e-01 -1.166118e-03 1.025259e-03 2.666149e-03 1.211263e+00 -5.868061e-03 -3.330453e-02
9.999966e-01 2.917249e-04 4.539818e-04 2.561389e-03 1.190712e+00 -6.223720e-03 -3.370919e-02
9.999968e-01 1.461430e-04 3.964172e-04 2.475320e-03 1.205823e+00 -5.175634e-03 -5.139868e-02
9.999961e-01 1.033420e-03 -5.583261e-04 2.534854e-03 1.200760e+00 -1.137811e-02 -2.211997e-02
9.999963e-01 -6.875190e-04 -6.319640e-05 2.644967e-03 1.203038e+00 -5.395256e-03 -4.154744e-02
9.999968e-01 1.599541e-04 1.466398e-04 2.532093e-03 1.209273e+00 -1.104040e-02 -3.916031e-02
9.999950e-01 -1.231849e-03 -1.179437e-03 2.668756e-03 1.222978e+00 2.292231e-03 -3.494612e-02
9.999965e-01 8.222977e-04 -3.943889e-04 2.484901e-03 1.227004e+00 -2.723821e-03 -3.974950e-02
9.999966e-01 -1.706697e-04 -8.428129e-04 2.465419e-03 1.219789e+00 -1.534237e-03 -3.691570e-02
9.999969e-01 4.344457e-04 -7.188384e-04 2.351601e-03 1.230490e+00 -7.333268e-03 -3.706716e-02
9.999978e-01 -7.396776e-04 -3.774264e-04 1.917180e-03 1.223524e+00 -1.590146e-04 -5.402109e-02
9.999979e-01 4.719889e-04 -1.378428e-03 1.452227e-03 1.231069e+00 -1.117529e-02 -3.389751e-02
9.999993e-01 -9.822308e-04 -1.478389e-04 5.732223e-04 1.225005e+00 -1.932639e-02 -5.218680e-02
9.999998e-01 -4.508773e-04 7.395467e-05 3.600971e-04 1.224662e+00 -5.723900e-03 -5.876699e-02
9.999997e-01 1.911072e-04 -3.949446e-04 7.198177e-04 1.229328e+00 -3.574247e-03 -4.268407e-02
9.999995e-01 -2.206514e-04 -9.193963e-04 -3.996788e-04 1.206762e+00 -2.138301e-02 -4.486517e-02
9.999999e-01 2.230146e-04 2.738425e-05 -8.656544e-05 1.216967e+00 -1.253919e-02 -6.249038e-02
9.999998e-01 -4.797013e-04 2.131165e-04 2.596001e-04 1.217232e+00 -5.893709e-03 -5.043112e-02
9.999995e-01 7.721122e-04 4.653617e-04 4.014863e-04 1.213787e+00 -1.220347e-02 -5.381801e-02
9.999999e-01 -4.290818e-04 1.192308e-04 2.700273e-04 1.208323e+00 -1.490424e-02 -4.459467e-02
9.999988e-01 9.285050e-04 2.742084e-04 1.183011e-03 1.224417e+00 -1.363087e-02 -4.812747e-02
9.999985e-01 -3.911633e-04 9.776472e-04 1.355530e-03 1.205122e+00 1.155533e-03 -5.863928e-02
9.999993e-01 3.388518e-04 -7.946509e-04 8.377800e-04 1.217969e+00 -8.986151e-03 -4.631281e-02
9.999996e-01 -5.173563e-05 -7.476536e-04 5.363636e-04 1.191869e+00 -8.816599e-03 -4.807288e-02
9.999991e-01 1.266781e-03 1.407381e-04 5.458260e-04 1.228835e+00 -1.727433e-02 -3.525272e-02
9.999993e-01 -2.013535e-04 7.902253e-04 8.400468e-04 1.197179e+00 -1.048336e-02 -6.239123e-02
9.999983e-01 7.942819e-04 6.256696e-04 1.541118e-03 1.217372e+00 -2.279491e-03 -2.400943e-02
9.999989e-01 -1.466392e-04 1.134807e-04 1.498148e-03 1.213807e+00 -5.549883e-03 -6.028114e-02
9.999994e-01 2.389270e-04 -2.592369e-04 1.071916e-03 1.204904e+00 -2.353899e-02 -2.490869e-02
9.999984e-01 3.060252e-04 3.156831e-04 1.717653e-03 1.218141e+00 1.165405e-02 -5.618284e-02
9.999986e-01 1.204231e-03 2.840184e-04 1.107580e-03 1.208241e+00 -2.228504e-02 -2.312875e-02
9.999987e-01 1.425360e-04 5.925975e-04 1.485334e-03 1.217935e+00 -8.502686e-03 -4.058677e-02
9.999983e-01 1.149724e-03 9.976547e-04 1.077126e-03 1.196384e+00 -1.560726e-02 -3.236865e-02
9.999986e-01 -8.179915e-04 7.515299e-04 1.294619e-03 1.219836e+00 -1.481517e-02 -5.313558e-02
9.999987e-01 -6.765154e-04 8.295460e-04 1.154852e-03 1.217482e+00 -5.621455e-03 -2.118729e-02
9.999971e-01 -1.697197e-03 -1.361091e-03 9.990394e-04 1.203267e+00 -8.477683e-03 -4.065462e-02
9.999997e-01 -4.981866e-04 1.930301e-04 5.931169e-04 1.217379e+00 -8.921470e-03 -3.002914e-02
9.999988e-01 -1.202378e-04 -1.497118e-03 3.635300e-04 1.212890e+00 -1.050168e-02 -4.514501e-02
9.999997e-01 3.971183e-04 6.158119e-04 3.708116e-04 1.220385e+00 -8.700670e-03 -4.318059e-02
9.999998e-01 1.007651e-05 -1.928813e-04 4.975395e-04 1.219638e+00 -1.255223e-02 -2.673727e-02
9.999992e-01 3.322511e-04 1.249718e-03 2.854626e-04 1.222348e+00 -1.463373e-02 -4.494427e-02
9.999994e-01 -4.658264e-04 7.372806e-04 5.694580e-04 1.216671e+00 -1.187116e-02 -4.264882e-02
9.999992e-01 9.741345e-04 6.350067e-04 4.225970e-04 1.235453e+00 -8.538438e-03 -3.140520e-02
9.999994e-01 2.833603e-04 -7.957658e-04 7.016505e-04 1.228080e+00 -8.602618e-03 -4.525321e-02
9.999998e-01 1.166459e-04 -4.560917e-04 4.305051e-04 1.213149e+00 -8.595318e-03 -4.213441e-02
9.999966e-01 -2.054286e-03 -1.486132e-03 6.489069e-04 1.223097e+00 -6.522697e-03 -2.356340e-02
9.999994e-01 -1.051802e-03 -2.719399e-04 2.470099e-04 1.234734e+00 -7.911717e-03 -4.965680e-02
9.999969e-01 1.543423e-04 -2.480261e-03 6.212223e-05 1.219821e+00 -7.923202e-03 -2.785612e-02
9.999978e-01 1.679699e-03 -1.184867e-03 4.625017e-04 1.224399e+00 -4.559606e-03 -5.691130e-02
9.999976e-01 2.162227e-03 3.255519e-04 1.349363e-05 1.229958e+00 -2.097192e-02 -3.083527e-02
9.999996e-01 5.738596e-04 6.735586e-04 -5.567823e-05 1.196526e+00 -1.795226e-02 -5.836598e-02
9.999988e-01 3.157085e-04 1.485913e-03 -2.377608e-05 1.219039e+00 -1.585767e-02 -5.270935e-02
9.999994e-01 -1.083790e-03 1.778937e-04 2.339923e-04 1.215941e+00 -9.112122e-03 -1.572585e-02
9.999976e-01 -9.650445e-04 1.982148e-03 -2.778353e-05 1.202957e+00 -1.885400e-02 -6.414052e-02
9.999998e-01 -6.218920e-04 -7.767163e-05 -1.141576e-04 1.204387e+00 -1.155429e-02 -2.057920e-02
9.999999e-01 -4.218857e-04 -6.347752e-05 2.507348e-04 1.211859e+00 -7.777985e-03 -5.739709e-02
9.999999e-01 -2.055063e-04 2.943338e-06 -4.052166e-04 1.204070e+00 -1.962647e-02 -3.123435e-02
9.999997e-01 -2.468365e-04 5.564775e-04 4.057967e-04 1.203400e+00 -1.165447e-02 -4.456933e-02
9.999998e-01 6.161560e-04 4.049857e-05 -1.406805e-04 1.201216e+00 -1.360133e-02 -3.636788e-02
9.999994e-01 9.909381e-04 2.857454e-04 3.461916e-04 1.212107e+00 -6.383911e-03 -3.236929e-02
9.999998e-01 2.381757e-04 4.010809e-04 4.667186e-04 1.196869e+00 -1.802139e-02 -4.158811e-02
9.999997e-01 2.439546e-04 7.244276e-04 -1.291492e-04 1.214352e+00 -2.061663e-02 -3.081965e-02
9.999996e-01 -1.357449e-04 6.997912e-04 4.805551e-04 1.203294e+00 -7.712701e-03 -3.457246e-02
9.999996e-01 8.140066e-04 3.945785e-04 -2.543078e-04 1.200557e+00 -1.127032e-02 -2.667907e-02
9.999998e-01 -1.816129e-04 5.724721e-04 3.601061e-04 1.207110e+00 -1.235776e-02 -2.870302e-02
9.999997e-01 -6.418196e-04 1.227613e-04 3.814314e-04 1.191329e+00 -1.675992e-02 -4.610059e-02
9.999996e-01 -6.300277e-04 -5.238461e-04 2.460684e-04 1.200864e+00 -9.067080e-03 -2.501776e-02
9.999995e-01 -3.720643e-04 -8.948723e-04 1.152077e-04 1.196100e+00 -1.036255e-02 -4.217280e-02
9.999998e-01 -5.566261e-04 -3.436125e-04 -1.808118e-05 1.181190e+00 -1.022467e-02 -3.190274e-02
9.999990e-01 -5.069161e-04 -1.149343e-03 6.045997e-04 1.210183e+00 -4.373496e-03 -2.520937e-02
1.000000e+00 -3.494347e-05 2.421943e-04 -1.011925e-04 1.171632e+00 -1.519479e-02 -5.943559e-02
9.999998e-01 1.305623e-04 -6.253425e-04 3.166740e-04 1.203750e+00 -3.726761e-03 -1.209060e-02
9.999995e-01 7.228826e-04 -6.076547e-04 1.664606e-04 1.189266e+00 -1.597326e-02 -5.831741e-02
9.999995e-01 7.879075e-04 4.458642e-04 3.404632e-04 1.193091e+00 -8.397411e-03 -2.841196e-02
9.999998e-01 9.504457e-05 -5.093997e-04 1.570824e-04 1.182823e+00 -1.053280e-02 -3.211528e-02
9.999999e-01 -2.158264e-04 4.975156e-04 2.147702e-04 1.187419e+00 -1.283013e-02 -4.779284e-02
9.999998e-01 -2.392193e-05 -5.316685e-04 -3.639205e-05 1.187833e+00 -2.113239e-02 -2.239480e-02
9.999998e-01 2.647947e-04 4.233185e-04 3.725910e-04 1.185767e+00 4.598879e-03 -5.772312e-02
9.999995e-01 9.104605e-04 3.849445e-04 5.362144e-05 1.189384e+00 -3.012937e-02 -2.442889e-02
9.999999e-01 -7.094394e-05 -2.237473e-04 3.266551e-04 1.183839e+00 -8.782349e-04 -3.385683e-02
9.999992e-01 -6.173065e-04 1.107244e-03 1.085630e-04 1.181527e+00 -1.918112e-02 -3.698477e-02
9.999982e-01 -1.741132e-03 -7.495170e-04 3.553096e-05 1.182616e+00 -4.809198e-03 -2.683958e-02
9.999998e-01 3.400657e-04 5.245948e-04 -2.706072e-05 1.170591e+00 -1.344537e-02 -5.813646e-02
9.999996e-01 -2.084468e-05 -7.543816e-04 3.885840e-04 1.186016e+00 -9.676430e-03 -2.707144e-02
9.999998e-01 5.338287e-04 -3.599980e-04 2.858186e-04 1.174007e+00 -6.102951e-03 -2.453538e-02
9.999996e-01 3.719909e-04 -7.125447e-04 2.640062e-04 1.167911e+00 -4.816119e-03 -7.230389e-02
9.999999e-01 9.335903e-05 3.105593e-04 -4.849539e-04 1.170863e+00 -1.684673e-02 -3.250629e-03
9.999998e-01 5.883032e-05 -5.867837e-04 -2.656695e-05 1.166028e+00 -1.710211e-02 -5.959891e-02
9.999981e-01 -6.614686e-04 1.807464e-03 -3.977853e-04 1.149957e+00 -1.722770e-02 -2.823999e-02
9.999989e-01 -1.078449e-03 -1.004866e-03 1.447641e-04 1.162695e+00 -1.163906e-02 -5.533528e-02
9.999997e-01 6.294044e-04 4.978395e-04 -3.388677e-05 1.171301e+00 -1.253585e-02 -2.729476e-02
9.999987e-01 1.413272e-03 -7.163370e-04 2.721605e-04 1.153089e+00 -1.633017e-02 -2.487323e-02
9.999986e-01 2.435925e-04 1.576181e-03 4.190481e-04 1.161886e+00 -7.095563e-03 -4.811702e-02
9.999998e-01 -3.311256e-04 4.249612e-04 1.362893e-04 1.155756e+00 -8.041122e-03 -4.410947e-02
9.999943e-01 -3.164323e-03 -1.158282e-03 3.534392e-04 1.149040e+00 -1.487232e-02 -2.887903e-02
9.999978e-01 -1.711409e-03 1.109319e-03 5.423862e-04 1.145821e+00 -6.051818e-03 -3.483599e-02
9.999962e-01 2.414635e-03 -1.283668e-03 3.715790e-04 1.164524e+00 -9.660243e-03 -5.995935e-02
9.999977e-01 1.558348e-03 -1.438127e-03 1.760681e-04 1.147421e+00 -4.030535e-03 -1.022813e-02
9.999998e-01 6.301505e-04 1.172651e-05 2.981950e-04 1.140371e+00 -6.134117e-03 -6.017589e-02
9.999991e-01 -1.103286e-03 6.480834e-04 3.424047e-04 1.151055e+00 -1.919124e-02 -3.298927e-02
9.999997e-01 -1.738161e-04 7.646473e-04 2.184750e-04 1.134585e+00 -8.914286e-03 -3.214782e-02
1.000000e+00 -1.042896e-04 1.594570e-04 1.364283e-04 1.125033e+00 -1.754113e-02 -5.102621e-02
9.999999e-01 -1.502676e-04 3.993807e-04 2.416230e-04 1.144175e+00 -1.235292e-02 -1.959907e-02
9.999998e-01 4.506516e-04 -4.540253e-04 9.632101e-05 1.126195e+00 -1.125461e-02 -5.986321e-02
9.999992e-01 4.157711e-04 1.163888e-03 1.158044e-04 1.128970e+00 -1.302167e-02 -3.063623e-02
9.999997e-01 -2.308740e-04 -6.678684e-04 1.899524e-04 1.139879e+00 -1.637710e-02 -1.882914e-02
9.999997e-01 6.365885e-04 2.838031e-05 3.565654e-04 1.127748e+00 -7.584990e-03 -5.603610e-02
9.999998e-01 4.448388e-04 4.771730e-04 -6.966825e-05 1.117877e+00 -1.312982e-02 -2.880997e-02
9.999991e-01 -8.258660e-04 -1.096143e-03 6.633683e-05 1.134925e+00 -9.007774e-03 -2.289949e-02
9.999995e-01 -5.558555e-04 7.603862e-04 7.859393e-05 1.121576e+00 -8.415710e-03 -5.805364e-02
9.999992e-01 2.118574e-04 -1.235906e-03 8.365400e-05 1.118076e+00 -1.314930e-02 -1.844507e-02
9.999999e-01 1.604341e-04 4.546344e-04 9.734717e-06 1.118348e+00 -9.930848e-03 -5.092113e-02
9.999996e-01 -7.907354e-04 -2.952839e-04 6.642114e-05 1.108339e+00 -7.691394e-03 -1.777822e-02
9.999996e-01 4.863480e-04 -5.745175e-04 -4.591393e-04 1.105590e+00 -1.888423e-02 -6.767752e-02
9.999998e-01 -5.880908e-04 1.237909e-04 -2.133012e-04 1.107222e+00 -8.730472e-03 -1.235050e-02
9.999999e-01 1.005874e-04 -2.168631e-04 2.385423e-05 1.106689e+00 3.479592e-04 -5.396786e-02
9.999999e-01 3.816766e-05 2.729900e-04 -2.136615e-04 1.088173e+00 -1.904720e-02 -2.950829e-02
9.999996e-01 -8.677705e-04 9.524453e-05 -1.693620e-04 1.094660e+00 -1.528645e-02 -4.338687e-02
9.999999e-01 3.312111e-04 -2.621575e-06 -2.838109e-04 1.087921e+00 -9.437526e-03 -5.801290e-02
9.999993e-01 1.020327e-03 5.281863e-04 -2.690394e-04 1.091410e+00 -1.375893e-02 -9.730872e-03
9.999994e-01 6.439245e-04 -8.499310e-04 -2.368816e-04 1.079674e+00 -1.069993e-02 -6.974306e-02
9.999994e-01 -5.080711e-04 9.176446e-04 -4.282837e-04 1.082079e+00 -1.221581e-02 -1.180261e-02
9.999980e-01 -9.149781e-04 -1.763028e-03 6.785158e-05 1.067350e+00 -4.130159e-03 -4.762241e-02
9.999995e-01 8.002259e-04 4.769739e-04 -1.368840e-04 1.082291e+00 -1.160966e-02 -3.551327e-02
9.999992e-01 -3.213167e-04 -1.203012e-03 -1.355827e-04 1.058213e+00 3.678047e-03 -2.858246e-02
9.999996e-01 1.715944e-04 5.107336e-04 -6.723222e-04 1.064584e+00 -2.106190e-02 -6.043836e-02
9.999998e-01 -3.876418e-04 -2.535956e-04 -2.338267e-04 1.057888e+00 -8.099496e-03 -2.671411e-02
9.999998e-01 -9.651165e-05 4.821590e-04 -3.712670e-04 1.046313e+00 -1.480256e-02 -3.085047e-02
9.999999e-01 -4.037596e-04 -2.049412e-04 -1.189474e-04 1.051046e+00 -3.493033e-03 -5.497753e-02
9.999996e-01 8.856589e-04 1.958363e-04 -9.969869e-05 1.030802e+00 -1.910331e-02 -4.213140e-02
9.999996e-01 4.127303e-04 -8.390347e-04 -1.198147e-04 1.040973e+00 -9.278376e-03 -1.345403e-02
9.999996e-01 -3.136992e-04 -5.751367e-04 -6.676847e-04 1.024212e+00 -8.412530e-03 -7.305933e-02
9.999997e-01 -5.576802e-05 -5.829852e-04 -4.352127e-04 1.018907e+00 -2.987694e-03 -1.549050e-02
9.999998e-01 -6.687839e-04 1.099335e-04 -2.258815e-04 9.955922e-01 -1.065564e-02 -4.949563e-02
9.999998e-01 5.359796e-04 2.523672e-04 -2.326606e-04 1.004573e+00 -1.777984e-02 -3.867620e-02
9.999980e-01 -1.508636e-03 -1.222094e-03 -2.776652e-04 9.953839e-01 9.293103e-04 -4.828303e-02
9.999963e-01 -2.594711e-03 -7.481710e-04 -2.944153e-04 9.771226e-01 -1.127237e-02 -4.578627e-02
9.999977e-01 1.145188e-03 1.806896e-03 -1.960388e-05 9.778929e-01 -1.525447e-02 -2.513701e-02
9.999950e-01 3.064829e-03 -6.195630e-04 -4.179231e-04 9.752013e-01 -1.447589e-02 -4.704636e-02
9.999972e-01 1.827045e-03 -1.346022e-03 -6.587560e-04 9.691321e-01 -3.610865e-03 -3.301738e-02
9.999934e-01 -6.914954e-04 3.572804e-03 9.072051e-05 9.529262e-01 -1.481131e-02 -5.243618e-02
9.999986e-01 -1.645405e-03 2.659840e-04 -2.289985e-04 9.309149e-01 -1.048195e-02 -2.721257e-02
9.999984e-01 -9.610115e-04 1.460787e-03 -3.962122e-04 9.433087e-01 -1.093275e-02 -5.091937e-02
9.999992e-01 4.671283e-04 -1.155590e-03 -2.650650e-04 9.240519e-01 -9.847157e-03 -2.744714e-02
9.999999e-01 -3.965161e-04 9.056686e-05 -3.961427e-04 9.124122e-01 -8.418866e-03 -3.189871e-02
9.999993e-01 -6.849562e-04 -9.108483e-04 -1.501109e-04 9.122450e-01 -7.886678e-03 -4.181552e-02
9.999997e-01 9.889973e-05 7.508289e-04 -1.482041e-04 9.017613e-01 -2.442074e-03 -3.681796e-02
9.999991e-01 1.196715e-04 -1.298493e-03 -2.439371e-04 8.744952e-01 -2.250627e-02 -3.262394e-02
9.999997e-01 1.514208e-04 7.185564e-04 -2.190210e-04 8.896254e-01 -5.968935e-03 -5.133232e-02
9.999995e-01 -2.985228e-04 -8.437622e-04 -2.718841e-04 8.642210e-01 -8.202467e-03 -2.474327e-02
9.999999e-01 -2.842475e-04 -2.556450e-04 -2.894688e-04 8.593238e-01 -5.714284e-03 -5.321056e-02
9.999999e-01 -3.819259e-04 -6.604563e-05 -2.435249e-04 8.509606e-01 -1.075538e-02 -2.345830e-02
9.999996e-01 -4.498700e-04 -8.360126e-04 9.698962e-05 8.289353e-01 -8.946432e-03 -4.619175e-02
9.999997e-01 -6.409678e-05 7.481910e-04 -1.099106e-04 8.353025e-01 -4.748454e-03 -3.311700e-02
9.999997e-01 3.355933e-04 -7.037944e-04 1.312806e-04 8.055480e-01 1.172270e-03 -3.195273e-02
9.999994e-01 6.718508e-04 8.559395e-04 6.091652e-05 8.031232e-01 -7.273048e-03 -4.540603e-02
9.999998e-01 1.304290e-04 -5.786883e-04 -2.433383e-05 7.966418e-01 -8.683271e-03 -2.611887e-02
9.999994e-01 -3.633731e-04 8.417306e-04 5.653933e-04 7.802641e-01 -5.048569e-03 -4.136674e-02
9.999998e-01 -2.943539e-05 -2.337058e-04 5.186961e-04 7.839414e-01 -1.003960e-02 -2.526574e-02
9.999993e-01 1.943444e-04 6.486812e-04 1.013699e-03 7.560454e-01 3.831499e-04 -4.954807e-02
9.999989e-01 1.027726e-03 -2.674110e-04 1.018107e-03 7.712011e-01 -1.139912e-02 -1.880930e-02
9.999983e-01 1.298288e-03 6.404984e-04 1.169288e-03 7.470613e-01 2.585895e-03 -4.191883e-02
9.999988e-01 6.599866e-04 1.099202e-04 1.374001e-03 7.356018e-01 -3.184527e-03 -2.832789e-02
9.999985e-01 -3.259487e-04 2.080224e-04 1.684626e-03 7.097444e-01 -5.355538e-03 -1.945137e-02
9.999983e-01 -8.995848e-04 3.488348e-04 1.599774e-03 6.981986e-01 4.769200e-03 -3.750765e-02
9.999987e-01 -2.530894e-06 2.172139e-04 1.575204e-03 6.907925e-01 -1.325964e-02 -1.382200e-02
9.999989e-01 1.515320e-04 8.939243e-05 1.436801e-03 6.716980e-01 4.988398e-03 -3.186005e-02
9.999992e-01 4.032704e-04 1.478475e-04 1.235217e-03 6.534505e-01 -1.349338e-02 -3.709190e-02
9.999989e-01 3.217484e-04 -3.984836e-05 1.435390e-03 6.427897e-01 5.960346e-03 -1.326724e-02
9.999987e-01 2.100063e-05 -8.833064e-04 1.375807e-03 6.219560e-01 -5.105402e-03 -2.506092e-02
9.999993e-01 7.439791e-05 4.196204e-04 1.070393e-03 5.946851e-01 3.298523e-03 -2.862472e-02
9.999987e-01 1.257154e-05 -6.582991e-04 1.469384e-03 5.839341e-01 -8.299639e-03 -2.117991e-02
9.999994e-01 1.144175e-04 3.594511e-04 1.046459e-03 5.443678e-01 2.438459e-03 -2.339634e-02
9.999989e-01 -1.671210e-04 -9.779204e-04 1.123547e-03 5.419650e-01 -3.328379e-03 -1.544931e-02
9.999994e-01 -1.762056e-04 7.094783e-05 1.026311e-03 5.145238e-01 -3.272542e-04 -3.374018e-02
9.999994e-01 -2.674730e-04 -3.565022e-04 1.001454e-03 4.983093e-01 -3.151348e-03 -1.177069e-02
9.999994e-01 2.705403e-04 -7.876252e-05 1.042216e-03 4.784382e-01 -3.094824e-03 -1.895619e-02
9.999994e-01 6.109655e-05 -1.348652e-04 1.064919e-03 4.668492e-01 3.751138e-03 -1.831125e-02
9.999996e-01 -2.933907e-04 -3.223362e-04 8.437185e-04 4.394222e-01 3.196669e-03 -2.031198e-02
9.999997e-01 -2.636817e-04 -1.806705e-04 6.669482e-04 4.101127e-01 -1.294133e-02 -1.782712e-02
9.999998e-01 1.261071e-05 -3.851926e-04 3.820226e-04 3.957547e-01 2.257840e-03 -1.633398e-02
9.999998e-01 -4.193347e-04 -2.785292e-04 4.327177e-04 3.583140e-01 -1.442742e-03 -1.913479e-02
9.999982e-01 -1.840905e-03 3.286469e-04 3.590207e-04 3.410652e-01 1.099193e-03 -1.899874e-02
9.999991e-01 -1.319403e-03 7.340556e-05 2.532253e-04 3.345026e-01 -1.765728e-03 -2.040980e-02
9.999993e-01 1.009435e-03 -6.228978e-04 1.932866e-04 3.024809e-01 5.162977e-03 6.779848e-04
9.999999e-01 2.045689e-04 -2.548367e-04 3.066803e-04 2.972856e-01 -3.131609e-03 -1.900467e-02
9.999997e-01 -4.777532e-04 -5.321890e-04 3.175380e-04 2.483961e-01 -3.693240e-03 -7.785171e-03
9.999999e-01 -4.575886e-04 -1.930166e-04 2.397188e-04 2.311027e-01 4.321606e-03 -1.309606e-02
1.000000e+00 8.188020e-05 -9.441044e-05 1.142200e-04 2.276026e-01 -8.583743e-03 -5.110547e-03
1.000000e+00 1.623475e-04 -1.160358e-04 1.406580e-05 2.144829e-01 -2.594326e-04 -1.749219e-02
9.999999e-01 -1.372552e-05 -4.901357e-04 4.076983e-05 1.968194e-01 -3.330982e-03 -6.033667e-03
9.999996e-01 3.828885e-04 -6.098146e-04 4.009201e-04 1.539841e-01 1.383085e-03 -1.047701e-02
9.999992e-01 1.069394e-03 -6.488173e-04 1.341839e-04 1.496493e-01 1.332683e-03 -1.793250e-03
9.999996e-01 8.948481e-04 6.936654e-05 -1.701085e-04 1.321796e-01 -1.580987e-03 -9.447192e-03
9.999999e-01 -2.751627e-04 3.264912e-04 2.714111e-04 9.702071e-02 -4.585836e-03 -8.964549e-03
9.999996e-01 -7.754371e-04 2.518634e-04 3.333994e-04 9.038017e-02 1.573542e-03 -9.380841e-04
9.999998e-01 -6.704653e-04 -1.885022e-05 -5.121407e-06 1.014837e-01 7.507283e-03 -1.187451e-02
1.000000e+00 -1.159432e-04 -6.618863e-05 8.254417e-06 8.695113e-02 -3.217699e-03 3.529265e-03
9.999999e-01 -2.607038e-04 1.622280e-04 1.310686e-04 7.416819e-02 -1.004793e-03 -7.264263e-03
1.000000e+00 1.926216e-05 5.672273e-05 -7.525563e-07 7.594434e-02 1.355942e-03 -2.367063e-03
1.000000e+00 -1.687326e-04 3.035941e-05 1.286036e-04 5.784893e-02 -3.516395e-03 -4.526640e-03
9.999999e-01 1.779001e-05 -1.997480e-04 1.764251e-04 7.478546e-02 2.355594e-03 -7.138380e-04
1.000000e+00 -7.597107e-06 -1.907381e-04 -1.287163e-04 5.924040e-02 -5.057834e-03 -5.771819e-03
1.000000e+00 -1.456595e-05 -1.412132e-04 -5.745887e-05 5.675653e-02 -5.352199e-03 -4.107047e-03
9.999999e-01 1.278452e-04 4.026304e-05 1.789054e-04 4.775290e-02 9.406161e-04 -1.517964e-03
1.000000e+00 7.174385e-05 3.362364e-05 1.645209e-04 4.203469e-02 5.251479e-03 -4.034752e-03
1.000000e+00 -7.627677e-06 -6.405504e-05 2.686526e-04 3.241755e-02 8.032607e-03 -1.413674e-03
1.000000e+00 -4.553109e-05 -5.825661e-05 -1.040969e-04 3.672674e-02 -1.269130e-04 -3.547424e-03
1.000000e+00 3.178749e-05 -1.760120e-04 1.670016e-04 2.947189e-02 4.600053e-03 4.503346e-03
1.000000e+00 -1.146673e-04 2.438533e-05 -1.288526e-04 1.999592e-02 -4.257962e-03 -1.908273e-03
1.000000e+00 8.025140e-05 -5.497554e-05 4.452788e-05 2.533413e-02 1.403813e-03 2.078992e-03
1.000000e+00 -3.698819e-05 -1.365926e-05 -7.091213e-05 8.537499e-03 -7.377610e-03 -2.446508e-03
1.000000e+00 -5.942841e-05 -3.574777e-05 1.109462e-06 1.761384e-02 1.344251e-03 -1.295098e-03
1.000000e+00 5.620084e-05 -3.272978e-05 5.322928e-05 1.448732e-03 -2.218799e-03 1.068005e-04
1.000000e+00 -1.205328e-04 6.830176e-05 -2.881115e-05 -5.445257e-04 2.270462e-03 3.811743e-04
9.999999e-01 -3.150957e-04 3.931091e-05 -7.879236e-05 -2.642370e-03 -3.739302e-03 1.620770e-03
1.000000e+00 -8.490170e-05 9.632570e-05 9.511546e-05 9.469677e-03 1.813956e-03 -4.484751e-03
1.000000e+00 8.419962e-05 -1.509284e-04 -1.376660e-04 -1.883610e-03 1.197098e-03 -7.395538e-05
1.000000e+00 -1.688500e-04 8.721729e-05 6.217245e-05 4.781056e-03 -5.198917e-03 1.524983e-03
1.000000e+00 7.454533e-05 -1.138877e-04 -2.498467e-05 -6.165861e-03 -6.670613e-04 -3.878056e-04
1.000000e+00 4.800298e-05 -3.827539e-05 -1.254269e-04 -7.196360e-03 -5.156303e-04 -6.976547e-04
1.000000e+00 -7.457923e-05 1.254006e-04 1.162120e-04 4.579262e-03 -1.045360e-03 9.276193e-04
1.000000e+00 7.713722e-06 -1.532706e-05 7.733847e-05 -1.636647e-03 4.069787e-03 -2.676910e-05
1.000000e+00 8.167950e-05 -5.907612e-05 1.608539e-05 7.172535e-03 -2.546517e-03 -2.361979e-04
1.000000e+00 -3.369755e-05 1.002669e-04 9.571214e-06 -7.607410e-04 6.538509e-03 1.570592e-03
1.000000e+00 -3.626425e-05 -1.116053e-04 -8.950115e-05 1.103851e-03 -2.391132e-03 -2.064969e-03
1.000000e+00 9.448217e-05 -4.318549e-05 -8.896648e-06 5.152471e-04 -2.161333e-03 9.200317e-04
1.000000e+00 -5.040060e-05 1.017507e-04 -2.425490e-05 -1.743850e-03 2.351837e-03 -1.117787e-03
1.000000e+00 -1.054814e-04 -1.714069e-05 5.126483e-05 2.291222e-04 8.370773e-04 3.608505e-03
1.000000e+00 1.536615e-04 -4.730418e-05 -7.749417e-05 -6.359864e-03 -6.414849e-03 -1.465689e-03
1.000000e+00 -8.188721e-05 1.554312e-06 1.552583e-05 9.587319e-04 4.271515e-03 3.296768e-04
1.000000e+00 8.467541e-06 4.450575e-05 -2.288869e-05 -2.192354e-05 -5.573328e-03 -1.546360e-03
1.000000e+00 3.215275e-05 2.920524e-05 1.729772e-07 7.116164e-03 5.169816e-03 8.129637e-04
1.000000e+00 -5.714376e-05 -5.251626e-05 6.116776e-05 -2.800106e-03 1.160857e-03 3.050019e-03
1.000000e+00 -4.735341e-05 -5.747923e-06 1.248273e-04 -1.687497e-03 4.898725e-03 -3.146911e-03
1.000000e+00 9.180677e-05 1.043374e-04 -1.432585e-04 2.734415e-03 -4.781102e-03 -4.374215e-04
1.000000e+00 -9.848761e-06 -1.175155e-04 -8.273943e-05 5.551248e-03 -3.599693e-03 7.227395e-04
1.000000e+00 -3.209257e-06 3.741186e-05 1.174189e-04 -4.330005e-03 1.885194e-03 -9.210860e-04
1.000000e+00 4.779993e-05 -3.601245e-05 -2.347746e-05 -6.276272e-03 -3.434223e-03 -1.112887e-03
1.000000e+00 -8.309541e-05 -1.231654e-04 6.523133e-05 4.009078e-03 1.666192e-03 1.472446e-03
9.999999e-01 5.172947e-05 2.717428e-04 -4.389028e-05 1.070283e-03 8.698624e-03 -1.153652e-03
1.000000e+00 6.666398e-05 -2.166903e-04 -4.271125e-05 -7.294607e-04 -5.972034e-03 -1.295493e-03
1.000000e+00 -3.408431e-05 9.300283e-05 3.066555e-05 3.699021e-03 6.923717e-04 1.322711e-03
1.000000e+00 -5.581363e-06 4.651891e-05 -4.115109e-05 -8.712237e-03 -1.073396e-03 3.710175e-04
1.000000e+00 5.492596e-05 -1.172363e-04 -8.131826e-05 1.392545e-03 -1.817316e-03 -3.044362e-04
1.000000e+00 -3.764068e-05 -3.827657e-05 1.435369e-04 2.290953e-03 3.061966e-03 3.204594e-04
1.000000e+00 -2.764438e-05 -3.722767e-05 6.068849e-06 -1.505709e-02 2.855386e-03 1.442507e-03
1.000000e+00 1.374605e-05 4.620485e-05 -6.302266e-05 2.035833e-03 -3.796256e-03 -1.693259e-03
1.000000e+00 -6.345845e-05 4.544858e-05 7.248175e-05 6.699860e-03 1.513777e-03 2.958996e-03
1.000000e+00 2.119090e-05 -2.341050e-05 4.552772e-06 7.456815e-04 8.500815e-04 -2.061024e-03
1.000000e+00 5.383014e-05 -1.210829e-04 -9.943232e-06 1.617731e-03 -1.406231e-03 1.692590e-03
1.000000e+00 -5.479338e-05 1.471081e-04 1.005811e-04 3.095734e-03 5.894083e-03 -2.754417e-03
1.000000e+00 8.157309e-06 1.823110e-05 -1.269677e-04 2.598086e-03 5.830793e-04 2.617168e-03
1.000000e+00 3.656658e-05 -8.131543e-05 3.772457e-05 -8.210586e-03 -3.318274e-03 -2.171531e-03
1.000000e+00 1.868927e-05 7.023548e-05 3.663876e-05 3.717238e-03 3.887812e-03 -2.606857e-04
1.000000e+00 -4.773811e-05 -2.623448e-05 -3.849604e-05 7.299333e-03 -4.891153e-03 1.334942e-03
1.000000e+00 5.575466e-05 -3.858920e-05 6.464602e-05 -5.957323e-03 -1.203744e-03 -2.817884e-04
1.000000e+00 -6.500108e-05 8.177687e-05 -7.740715e-05 3.111604e-03 -4.146673e-03 -5.267143e-04
1.000000e+00 4.375984e-05 -1.842392e-05 4.343955e-05 1.173997e-04 3.609333e-03 -3.139057e-04
1.000000e+00 -3.902426e-05 5.303223e-05 -7.407768e-05 -4.254897e-03 1.374424e-04 1.446291e-03
1.000000e+00 6.748559e-05 -5.609134e-05 4.068210e-05 -2.133342e-03 6.943763e-03 6.904381e-04
1.000000e+00 -1.220129e-05 -1.316247e-05 -6.780864e-05 -2.601123e-03 -8.267696e-03 -2.182969e-03
1.000000e+00 3.245934e-05 3.234134e-05 1.760189e-06 5.169386e-03 -1.141201e-03 6.639056e-05
1.000000e+00 -6.195218e-05 -7.464771e-05 9.605524e-05 -7.327472e-03 2.637675e-03 1.181456e-03
1.000000e+00 -6.750799e-06 3.864743e-05 3.728662e-05 9.670144e-03 4.618503e-03 -8.009623e-04
1.000000e+00 1.146661e-04 -3.967602e-05 5.347741e-07 -7.723470e-03 -3.528007e-03 -8.026087e-04
1.000000e+00 -4.245551e-05 1.341488e-04 -1.155408e-05 7.035104e-04 6.714638e-03 5.715856e-04
1.000000e+00 -2.476120e-05 -9.321901e-05 -2.197515e-05 8.138071e-03 -2.378441e-03 7.247186e-04
1.000000e+00 3.193040e-05 1.855344e-05 3.732554e-05 -9.796809e-03 -5.065045e-03 -9.891122e-04
1.000000e+00 -7.933017e-05 2.929579e-06 -8.177305e-05 1.291665e-02 3.061027e-03 -9.957650e-04
1.000000e+00 3.914046e-05 -5.287948e-05 -5.920371e-06 -2.357103e-04 -3.962791e-03 1.607742e-03
1.000000e+00 2.849257e-05 5.444645e-05 -3.706763e-05 -1.164399e-02 9.396641e-06 -5.181000e-04
1.000000e+00 -2.446849e-05 2.089494e-05 6.967047e-05 4.074175e-04 2.150030e-03 1.386572e-03
1.000000e+00 -2.132393e-05 2.464910e-05 2.356241e-05 5.557223e-03 6.589242e-03 1.158941e-03
1.000000e+00 6.702822e-06 -4.406832e-05 1.233711e-04 1.594544e-04 -5.618293e-03 -2.179574e-03
1.000000e+00 3.590523e-05 2.214575e-06 -4.513154e-05 -9.995794e-03 -4.645496e-04 -3.850800e-04
1.000000e+00 -6.626198e-05 -3.053262e-06 1.305822e-05 6.940954e-03 -2.162009e-03 1.336627e-03
1.000000e+00 1.606603e-04 -1.708638e-04 -4.046406e-05 3.468798e-03 3.817734e-04 -2.612564e-03
1.000000e+00 -6.365680e-05 1.443630e-04 -1.419668e-04 -9.918462e-04 -4.344806e-03 -3.295496e-04
1.000000e+00 -5.144353e-05 -1.640225e-05 -4.155193e-05 -3.418507e-03 4.373082e-03 1.816497e-03
1.000000e+00 2.172069e-05 1.966103e-05 3.231461e-05 -4.270451e-04 -3.375110e-03 1.305053e-03
1.000000e+00 8.149372e-05 -1.914831e-05 6.300838e-05 1.242075e-03 2.179933e-05 -2.878884e-03
1.000000e+00 -2.222053e-05 -1.263415e-04 -1.085534e-04 5.104444e-03 9.303666e-04 1.277644e-03
1.000000e+00 -5.349212e-05 1.519892e-04 1.909303e-04 -5.758505e-03 -1.214121e-03 -8.732316e-04
1.000000e+00 5.688340e-05 -4.208759e-05 -1.453624e-04 -2.557069e-03 -1.395289e-03 -1.762669e-04
1.000000e+00 -8.731340e-05 3.618201e-05 3.780935e-05 3.157614e-03 3.298056e-03 4.828987e-04
1.000000e+00 -3.225090e-05 -1.039656e-04 9.612879e-05 -5.627742e-03 -2.446046e-03 -7.168570e-04
1.000000e+00 3.028240e-05 7.293145e-05 -6.755565e-05 2.990107e-03 4.971741e-04 2.348484e-03
1.000000e+00 -6.169621e-05 4.647976e-05 -3.809292e-05 -1.696152e-03 4.677631e-03 2.585167e-04
1.000000e+00 6.599217e-05 -1.415955e-05 -5.976840e-05 7.216875e-03 -8.721889e-03 -1.889086e-03
1.000000e+00 -5.371344e-05 5.691217e-05 9.543357e-05 5.583765e-04 2.991941e-03 1.774994e-03
1.000000e+00 6.433530e-05 -3.813306e-05 -8.791749e-05 1.410281e-03 2.248880e-03 -3.697316e-03
1.000000e+00 7.372500e-05 -4.304492e-06 6.045897e-05 -3.273056e-04 -2.451579e-03 2.606498e-03
1.000000e+00 -3.567610e-05 -4.972901e-06 2.772184e-05 -7.567065e-03 4.372172e-03 1.166636e-03
1.000000e+00 2.976209e-05 1.139309e-05 -1.677166e-04 6.216705e-03 -3.587711e-04 -1.840616e-03
1.000000e+00 -1.177292e-05 2.825324e-05 2.285119e-04 -4.476760e-03 -1.987450e-03 2.668850e-03
1.000000e+00 1.425454e-05 2.749680e-05 -2.187529e-05 5.209808e-03 7.926579e-04 -8.772660e-04
1.000000e+00 3.074573e-05 1.262867e-05 -1.543997e-04 -4.702008e-04 -1.894961e-05 -1.094053e-03
1.000000e+00 -8.144599e-05 -3.382600e-05 5.256514e-05 -9.675589e-04 -2.615939e-03 1.551867e-03
1.000000e+00 -2.845554e-06 -1.559394e-06 4.634516e-06 -1.418119e-05 4.721568e-04 8.165058e-05
