1.0 0.0 0.0 0.0 0.0 0.0 0.0
9.999970e-01 -1.174614e-03 8.975127e-04 -1.969920e-03 1.195201e+00 -5.326249e-02 -1.223573e-02
9.999988e-01 -4.029768e-04 -1.124176e-04 -1.477593e-03 9.480688e-01 -6.898786e-03 2.400144e-03
9.999985e-01 3.368527e-04 1.029175e-03 -1.385580e-03 9.400000e-01 -1.904163e-02 -1.664454e-02
9.999988e-01 1.406809e-04 -5.711962e-05 -1.542482e-03 9.237878e-01 -1.223931e-02 -7.519891e-03
9.999988e-01 -1.720085e-04 5.410785e-04 -1.466914e-03 9.363808e-01 -2.067507e-02 -1.888932e-02
9.999980e-01 -5.322848e-04 -8.595859e-04 -1.743375e-03 9.453208e-01 -4.831629e-03 -3.412924e-03
9.999987e-01 -2.858921e-05 -3.487844e-04 -1.583774e-03 9.650620e-01 -1.327503e-02 -1.120952e-03
9.999979e-01 4.323884e-04 9.058312e-04 -1.782785e-03 9.755780e-01 -1.717824e-02 -1.350164e-02
9.999965e-01 8.782230e-07 -1.477793e-03 -2.190594e-03 9.856326e-01 -1.094685e-02 -2.820024e-02
9.999967e-01 -1.992948e-04 1.059000e-03 -2.324604e-03 1.006480e+00 -3.100714e-02 5.406699e-03
9.999984e-01 5.501777e-04 1.154394e-04 -1.717401e-03 1.005055e+00 -1.036221e-02 2.399956e-03
9.999985e-01 3.399134e-04 2.868938e-04 -1.690997e-03 1.033258e+00 -1.623688e-02 -5.036583e-02
9.999943e-01 4.489461e-04 -3.136027e-03 -1.124078e-03 1.038090e+00 -9.192098e-03 -1.624462e-02
9.999975e-01 -1.541374e-03 3.498169e-04 -1.548238e-03 1.047662e+00 1.008659e-03 2.057437e-02
9.999926e-01 2.948686e-03 -1.817645e-03 -1.694742e-03 1.076116e+00 -1.867838e-02 1.357573e-02
9.999945e-01 7.821390e-04 2.307996e-03 -2.252002e-03 1.066298e+00 -1.731566e-02 -8.032383e-02
9.999963e-01 -5.814171e-04 -2.415440e-03 -1.110848e-03 1.085425e+00 -2.964042e-02 6.757063e-03
9.999840e-01 -3.451069e-03 4.191099e-03 -1.603636e-03 1.073441e+00 -1.672721e-02 1.613534e-02
9.999917e-01 -1.683331e-03 -3.281626e-03 -1.703018e-03 1.106588e+00 8.372460e-03 -3.565671e-02
9.999915e-01 1.462511e-03 3.316867e-03 -2.000741e-03 1.118048e+00 -4.874913e-02 -3.472040e-02
9.999928e-01 -1.345062e-04 -3.581420e-03 -1.194632e-03 1.123541e+00 2.698705e-02 2.495525e-02
9.999970e-01 -6.609149e-04 1.974277e-03 -1.295475e-03 1.120551e+00 -3.659156e-02 -7.694834e-02
9.999973e-01 -1.599576e-03 -5.988954e-04 -1.581372e-03 1.130889e+00 -8.317616e-03 2.807045e-02
9.999975e-01 8.145438e-04 9.208646e-04 -1.897032e-03 1.151978e+00 -1.895998e-02 -4.928646e-02
9.999977e-01 9.833087e-04 -1.057208e-03 -1.565668e-03 1.159864e+00 -2.525466e-02 -4.146483e-02
9.999964e-01 6.467764e-04 2.253788e-03 -1.310785e-03 1.156369e+00 -6.674035e-03 2.907497e-03
9.999969e-01 -3.217869e-04 -1.972232e-03 -1.469862e-03 1.171681e+00 -2.343337e-02 -3.850749e-02
9.999989e-01 6.120470e-05 7.948438e-04 -1.266346e-03 1.184033e+00 -8.658610e-03 -2.279069e-02
9.999960e-01 4.404976e-04 -2.379430e-03 -1.469455e-03 1.201430e+00 -6.737635e-03 3.226538e-03
9.999982e-01 6.001390e-04 9.024049e-04 -1.505050e-03 1.193514e+00 -1.904863e-02 -4.132181e-02
9.999976e-01 1.374724e-04 -1.477700e-03 -1.641258e-03 1.208584e+00 -8.922680e-03 -6.618970e-03
9.999979e-01 -5.805393e-04 1.158541e-05 -1.957335e-03 1.216780e+00 -2.567279e-02 -5.324363e-02
9.999977e-01 -6.312946e-04 -3.928696e-05 -2.063497e-03 1.224148e+00 -1.343498e-02 2.453183e-03
9.999977e-01 2.391763e-04 -3.493923e-04 -2.085127e-03 1.240094e+00 -8.978625e-03 -4.246233e-02
9.999963e-01 -1.548144e-04 1.127857e-03 -2.461797e-03 1.254860e+00 -2.503615e-02 -2.584127e-02
9.999963e-01 3.038039e-04 -5.690867e-04 -2.640583e-03 1.245602e+00 -2.363336e-02 -2.194917e-02
9.999957e-01 -5.266583e-04 -2.652365e-04 -2.872374e-03 1.264249e+00 -2.160734e-02 -5.147795e-02
9.999939e-01 -1.136013e-03 -1.347658e-03 -3.016153e-03 1.249531e+00 -2.054474e-02 -9.774720e-03
9.999913e-01 -1.974474e-03 7.200710e-04 -3.593609e-03 1.277005e+00 -2.962767e-02 -5.527688e-02
9.999935e-01 -9.357669e-04 -1.217705e-03 -3.257910e-03 1.286766e+00 -7.417459e-03 -2.093495e-02
9.999910e-01 9.140044e-04 2.451781e-03 -3.344788e-03 1.301573e+00 -1.927193e-02 -5.648255e-02
9.999936e-01 9.809876e-04 -1.221568e-03 -3.220845e-03 1.295853e+00 -3.607694e-02 -4.068977e-02
9.999907e-01 1.303254e-03 1.846854e-03 -3.669031e-03 1.316955e+00 -2.333001e-02 -3.121089e-02
9.999946e-01 -1.297296e-03 -4.763208e-05 -3.007238e-03 1.312823e+00 -1.809606e-02 -3.440873e-02
9.999935e-01 -5.181447e-04 1.519819e-03 -3.222335e-03 1.339098e+00 -2.551657e-02 -3.136292e-02
9.999950e-01 -3.477734e-04 1.038526e-03 -2.973840e-03 1.336809e+00 -2.728907e-02 -2.356018e-02
9.999952e-01 -3.679037e-04 1.578355e-03 -2.638583e-03 1.352167e+00 -2.024141e-02 -4.455735e-02
9.999956e-01 -2.062121e-03 -2.540786e-04 -2.130233e-03 1.370782e+00 -1.028220e-02 -2.995049e-02
9.999979e-01 -1.001374e-03 -3.255414e-04 -1.749641e-03 1.370035e+00 -1.109387e-02 -2.418638e-02
9.999986e-01 -6.532803e-04 -1.086178e-03 -1.092196e-03 1.373920e+00 -1.308483e-02 -5.523225e-02
9.999981e-01 6.754098e-06 -1.714127e-03 -9.064435e-04 1.378389e+00 -7.732355e-03 -2.596336e-02
9.999988e-01 -1.071983e-03 -7.393234e-04 -8.532286e-04 1.391637e+00 -9.646105e-03 -5.558001e-02
9.999982e-01 1.104573e-03 -1.444491e-03 -5.331871e-04 1.398861e+00 -1.263418e-02 -7.384634e-02
9.999998e-01 -2.496822e-04 -7.478447e-06 -5.260406e-04 1.412253e+00 -8.864598e-03 -4.188385e-02
9.999996e-01 5.643179e-05 -8.536848e-04 -4.545611e-04 1.409480e+00 -1.389722e-02 -4.511190e-02
9.999990e-01 5.820590e-05 1.360793e-03 1.712512e-04 1.440835e+00 -3.465043e-03 -5.211892e-02
9.999991e-01 7.185163e-04 5.862772e-04 9.446801e-04 1.432014e+00 -1.117371e-02 -6.293042e-02
9.999992e-01 -3.490517e-04 2.149712e-04 1.187916e-03 1.438390e+00 -1.184824e-02 -6.283783e-02
9.999993e-01 -9.069472e-04 -4.395577e-05 7.749342e-04 1.443773e+00 -1.431754e-02 -5.226098e-02
9.999988e-01 2.010376e-04 -1.281933e-03 8.201036e-04 1.456676e+00 -9.245757e-03 -5.337528e-02
9.999992e-01 7.565781e-04 2.686601e-04 9.479369e-04 1.467318e+00 -3.566037e-03 -6.070492e-02
9.999986e-01 1.374942e-03 4.851716e-04 8.233503e-04 1.474522e+00 -1.091208e-02 -3.845055e-02
9.999993e-01 7.200603e-04 2.670181e-04 9.502891e-04 1.462321e+00 -1.224940e-02 -7.012114e-02
9.999994e-01 -5.122094e-04 -2.675779e-04 8.830884e-04 1.468870e+00 -1.912311e-02 -3.228886e-02
9.999973e-01 -2.111427e-03 4.692756e-04 8.305875e-04 1.463833e+00 -1.249873e-02 -9.723927e-02
9.999990e-01 -1.011624e-03 -6.278087e-04 7.496566e-04 1.461578e+00 -1.542041e-02 -3.463540e-02
9.999991e-01 -7.415180e-04 -8.503866e-04 7.932086e-04 1.464108e+00 -8.402832e-03 -6.804245e-02
9.999993e-01 -2.973467e-04 6.402958e-04 8.894146e-04 1.451797e+00 -2.000840e-02 -9.080858e-02
9.999992e-01 -7.600952e-04 -6.721227e-04 8.170514e-04 1.473871e+00 -1.003470e-02 -5.102301e-02
9.999974e-01 9.291805e-04 1.972165e-03 6.547997e-04 1.457908e+00 -1.063502e-02 -8.558031e-02
9.999984e-01 1.423302e-03 -2.966335e-04 1.042647e-03 1.451550e+00 -2.639845e-02 -7.083781e-02
9.999989e-01 -3.890336e-04 1.212204e-03 7.543278e-04 1.456986e+00 -1.156655e-02 -3.007701e-02
9.999970e-01 -9.214592e-04 -2.025177e-03 1.069470e-03 1.450780e+00 -1.447174e-02 -1.003480e-01
9.999994e-01 8.916045e-04 -3.450847e-04 5.195171e-04 1.455491e+00 -8.250676e-03 -5.225358e-02
9.999941e-01 1.331286e-03 -3.043167e-03 9.044300e-04 1.455417e+00 -2.952830e-03 -7.250935e-02
9.999985e-01 9.157095e-04 1.154284e-03 8.959907e-04 1.440979e+00 -1.697173e-02 -5.816172e-02
9.999975e-01 2.496338e-04 -1.822425e-03 1.209108e-03 1.451319e+00 -6.339009e-03 -4.321747e-02
9.999978e-01 3.049731e-04 1.185483e-03 1.710628e-03 1.432999e+00 -1.217472e-02 -1.155382e-01
9.999983e-01 6.203696e-04 -5.975209e-04 1.651267e-03 1.437453e+00 -1.587551e-02 -3.826286e-02
9.999985e-01 -8.706796e-04 4.911858e-04 1.438904e-03 1.445132e+00 -5.958406e-03 -6.202369e-02
9.999984e-01 3.939852e-04 -6.539328e-04 1.625928e-03 1.434791e+00 -5.427210e-03 -7.838988e-02
9.999989e-01 -1.878368e-04 7.378070e-04 1.278416e-03 1.430640e+00 -1.193831e-02 -5.663644e-02
9.999975e-01 1.164474e-03 -8.379956e-04 1.731920e-03 1.427019e+00 -1.007534e-02 -7.435015e-02
9.999975e-01 6.733506e-06 1.316334e-03 1.776091e-03 1.413110e+00 -9.280872e-03 -7.473664e-02
9.999970e-01 1.578814e-04 -1.826911e-03 1.620182e-03 1.420313e+00 -1.427056e-02 -4.846163e-02
9.999982e-01 6.796653e-04 5.571195e-05 1.764014e-03 1.401870e+00 -8.542068e-03 -7.142541e-02
9.999977e-01 3.678237e-04 -1.215456e-03 1.693977e-03 1.397967e+00 -1.037120e-02 -5.211765e-02
9.999981e-01 -1.883438e-04 -4.597557e-04 1.865511e-03 1.399929e+00 -7.147373e-03 -8.213227e-02
9.999971e-01 8.366002e-04 -6.508585e-04 2.155879e-03 1.389343e+00 -2.957633e-03 -5.775256e-02
9.999973e-01 6.918315e-04 4.866746e-05 2.195061e-03 1.365830e+00 -1.108236e-02 -8.211780e-02
9.999970e-01 5.591549e-04 -6.532992e-04 2.290966e-03 1.372770e+00 -8.578025e-03 -3.855362e-02
9.999961e-01 5.757070e-04 -1.104990e-03 2.521291e-03 1.356227e+00 3.807710e-03 -9.230435e-02
9.999965e-01 -4.962886e-04 3.264443e-04 2.566472e-03 1.344362e+00 -1.247832e-02 -6.911435e-02
9.999958e-01 -3.731754e-04 -1.135170e-03 2.615744e-03 1.358272e+00 1.701374e-04 -4.146599e-02
9.999945e-01 3.542501e-04 -4.434970e-04 3.286821e-03 1.327164e+00 2.311966e-03 -7.811213e-02
9.999928e-01 -4.634384e-04 7.812995e-04 3.685972e-03 1.337931e+00 1.923422e-03 -8.676123e-02
9.999905e-01 -1.773743e-04 -1.909045e-03 3.909419e-03 1.341443e+00 1.171279e-03 -7.437639e-02
9.999920e-01 8.992275e-05 1.150722e-04 4.000426e-03 1.325827e+00 4.181352e-03 -6.317218e-02
9.999881e-01 1.890901e-04 -2.074495e-03 4.415218e-03 1.330018e+00 1.365538e-02 -6.650713e-02
9.999915e-01 7.798120e-04 -3.454990e-04 4.029845e-03 1.304405e+00 -6.596652e-03 -8.936197e-02
9.999904e-01 -2.708187e-04 -1.223337e-03 4.202042e-03 1.320492e+00 -4.630039e-03 -8.479347e-02
9.999911e-01 4.992852e-04 -6.840978e-04 4.134193e-03 1.315704e+00 1.633890e-03 -7.541435e-02
9.999892e-01 9.114468e-04 -2.598962e-03 3.745515e-03 1.306414e+00 -1.394603e-03 -7.123675e-02
9.999930e-01 -1.028137e-03 -1.345136e-03 3.341442e-03 1.293973e+00 6.489764e-04 -1.055079e-01
9.999937e-01 1.121037e-03 -1.489255e-03 3.027882e-03 1.308596e+00 -7.995626e-03 -6.522803e-02
9.999962e-01 5.961396e-04 -2.303733e-04 2.661774e-03 1.285787e+00 4.397027e-04 -1.059076e-01
9.999963e-01 -1.146829e-04 -1.077841e-03 2.492464e-03 1.299231e+00 -5.712614e-03 -7.958384e-02
9.999966e-01 -9.882372e-04 6.480931e-05 2.381151e-03 1.294426e+00 -6.264797e-03 -9.531288e-02
9.999957e-01 1.785555e-04 -1.191009e-03 2.683379e-03 1.298049e+00 -3.715238e-03 -1.012243e-01
9.999960e-01 9.447496e-04 6.080543e-04 2.591162e-03 1.297538e+00 -6.859137e-03 -9.452823e-02
9.999948e-01 -7.342677e-05 -1.017924e-03 3.057716e-03 1.295638e+00 -5.891146e-03 -9.463982e-02
9.999952e-01 -5.566534e-04 -1.235716e-04 3.046095e-03 1.291068e+00 5.444558e-03 -9.094805e-02
9.999934e-01 -1.083611e-03 -1.248772e-03 3.242006e-03 1.300679e+00 -1.901604e-03 -1.070861e-01
9.999939e-01 7.325450e-05 -1.507759e-04 3.495649e-03 1.293371e+00 8.596004e-03 -9.874956e-02
9.999930e-01 -3.757921e-05 -1.365937e-03 3.485652e-03 1.298927e+00 -4.114415e-03 -9.817689e-02
9.999955e-01 2.516166e-04 5.411121e-05 2.999539e-03 1.306475e+00 3.776961e-03 -1.148941e-01
9.999949e-01 -3.616685e-04 -1.699559e-03 2.663816e-03 1.294170e+00 -1.875917e-03 -9.825312e-02
9.999979e-01 -9.598540e-05 -3.962052e-05 2.082788e-03 1.320138e+00 -8.122969e-03 -1.121857e-01
9.999967e-01 -1.599017e-05 -1.010377e-03 2.357958e-03 1.325158e+00 -1.370620e-02 -1.027661e-01
9.999962e-01 2.851984e-04 1.154473e-03 2.506049e-03 1.319796e+00 -7.272706e-03 -1.259851e-01
9.999959e-01 4.420837e-05 -7.537444e-04 2.750144e-03 1.327272e+00 -3.429844e-03 -1.097342e-01
9.999959e-01 1.694445e-04 4.751807e-04 2.793349e-03 1.329431e+00 -1.058476e-02 -1.109817e-01
9.999961e-01 4.289879e-04 -7.023758e-04 2.696524e-03 1.332478e+00 6.200420e-05 -1.128942e-01
9.999954e-01 1.094429e-03 3.227932e-04 2.789176e-03 1.335481e+00 -3.614650e-03 -1.050729e-01
9.999958e-01 7.432278e-08 1.988219e-04 2.886960e-03 1.337468e+00 -2.358345e-03 -1.023377e-01
9.999946e-01 -1.105449e-03 -7.613236e-04 2.996942e-03 1.341361e+00 -4.721689e-03 -1.052925e-01
9.999938e-01 -1.011837e-03 7.040964e-04 3.308317e-03 1.351377e+00 4.373376e-03 -1.469671e-01
9.999943e-01 3.966445e-04 7.836792e-05 3.335883e-03 1.363490e+00 -8.162584e-03 -8.656380e-02
9.999932e-01 -2.925422e-04 -1.285887e-04 3.689796e-03 1.343727e+00 4.663208e-03 -1.114733e-01
9.999917e-01 -8.474068e-04 1.241092e-03 3.768904e-03 1.350629e+00 -1.609176e-03 -1.389893e-01
9.999924e-01 -9.514307e-04 -5.650736e-04 3.752297e-03 1.363979e+00 -2.786965e-03 -9.133555e-02
9.999926e-01 -2.274737e-04 2.684892e-04 3.820205e-03 1.361754e+00 -2.687437e-03 -1.191221e-01
9.999925e-01 5.273288e-04 2.604573e-04 3.817682e-03 1.370560e+00 -2.467776e-03 -1.106358e-01
9.999913e-01 1.434063e-03 1.369931e-03 3.664418e-03 1.383417e+00 -6.941185e-03 -1.130237e-01
9.999923e-01 -3.458735e-04 1.037025e-03 3.762293e-03 1.364862e+00 2.942485e-03 -1.385268e-01
9.999902e-01 -3.771671e-04 2.207361e-03 3.824589e-03 1.379378e+00 -6.380683e-03 -8.655872e-02
9.999924e-01 -1.120748e-03 4.471157e-04 3.716602e-03 1.385532e+00 -8.126441e-03 -9.835956e-02
9.999921e-01 -5.522155e-04 1.516915e-04 3.927290e-03 1.387348e+00 8.862174e-03 -1.325771e-01
9.999927e-01 3.301031e-05 8.798585e-04 3.718653e-03 1.383086e+00 7.848980e-04 -8.116133e-02
9.999914e-01 5.886862e-04 -1.717677e-03 3.739469e-03 1.401890e+00 -1.408278e-02 -1.065963e-01
9.999885e-01 2.086553e-03 2.574564e-03 3.452975e-03 1.393079e+00 -1.026121e-02 -1.144938e-01
9.999920e-01 9.407473e-04 1.018247e-03 3.755019e-03 1.403527e+00 -5.948522e-03 -7.445158e-02
9.999885e-01 1.810587e-03 2.479478e-03 3.678480e-03 1.397770e+00 -8.169138e-03 -7.803020e-02
9.999916e-01 -6.502955e-04 5.810723e-04 4.013912e-03 1.395812e+00 7.208460e-03 -1.109436e-01
9.999915e-01 -1.259473e-03 1.125709e-03 3.756608e-03 1.401960e+00 -5.104097e-03 -7.129759e-02
9.999884e-01 -2.033534e-03 -1.999330e-03 3.876765e-03 1.418128e+00 7.033836e-03 -8.934925e-02
9.999925e-01 1.389298e-03 2.812911e-04 3.607103e-03 1.414434e+00 -1.282862e-02 -8.757127e-02
9.999923e-01 7.258949e-04 -4.331162e-04 3.817916e-03 1.416251e+00 -5.889154e-03 -8.040719e-02
9.999914e-01 7.799095e-04 9.111791e-04 3.965609e-03 1.395937e+00 8.344575e-03 -9.478328e-02
9.999927e-01 -2.899090e-04 2.878496e-04 3.806088e-03 1.407517e+00 -1.068034e-02 -7.717621e-02
9.999926e-01 -2.816887e-04 -8.787337e-04 3.745025e-03 1.390727e+00 -5.349400e-03 -8.215730e-02
9.999928e-01 -5.314718e-04 4.058667e-04 3.731221e-03 1.397259e+00 -2.471558e-03 -8.145720e-02
9.999919e-01 -5.834169e-04 1.170789e-03 3.813417e-03 1.383216e+00 -2.948474e-03 -1.070044e-01
9.999917e-01 -7.476434e-04 8.320710e-04 3.906133e-03 1.378911e+00 -2.511434e-03 -6.763501e-02
9.999916e-01 -1.378044e-03 3.176161e-04 3.845575e-03 1.391535e+00 1.311626e-03 -1.057784e-01
9.999915e-01 -1.339626e-03 -1.983081e-04 3.879584e-03 1.385243e+00 5.100947e-03 -9.503682e-02
9.999923e-01 5.543291e-04 -2.513718e-03 2.953477e-03 1.379910e+00 -2.288243e-02 1.441564e-03
9.999938e-01 9.871849e-04 -2.298262e-03 2.460410e-03 1.386782e+00 1.907105e-02 -2.058644e-01
9.999939e-01 1.956550e-03 8.118266e-04 2.783981e-03 1.372110e+00 8.492700e-03 -1.970198e-01
9.999853e-01 -3.690273e-03 2.977123e-03 2.624728e-03 1.366910e+00 -1.145736e-02 3.984724e-02
9.999775e-01 -2.583170e-03 -5.972509e-03 1.607700e-03 1.364616e+00 -3.596000e-02 2.992100e-02
9.999972e-01 1.794770e-03 -1.453850e-03 6.214822e-04 1.367473e+00 1.448199e-02 -2.326848e-01
9.999992e-01 6.614322e-04 3.853998e-04 1.044126e-03 1.366907e+00 8.537819e-03 -1.558882e-01
9.999953e-01 -2.754156e-03 8.149025e-04 1.125212e-03 1.341429e+00 -1.939881e-02 -6.927213e-03
9.999885e-01 -1.680015e-03 -4.425840e-03 6.953298e-04 1.327629e+00 1.511972e-03 -1.433328e-01
9.999977e-01 8.012977e-04 1.963202e-03 2.872835e-04 1.315731e+00 3.313264e-04 -1.345725e-01
9.999939e-01 -2.762900e-03 -2.113087e-03 3.950410e-04 1.303660e+00 -1.574009e-02 -7.390586e-02
9.999997e-01 5.047510e-04 5.942911e-04 7.326899e-06 1.295769e+00 -4.081398e-03 -1.737401e-01
9.999997e-01 -3.106432e-04 4.983222e-04 4.677544e-04 1.273286e+00 -9.219692e-03 -8.656653e-02
9.999997e-01 -7.794926e-04 -2.642197e-04 1.552749e-04 1.254489e+00 -2.697885e-03 -1.277845e-01
9.999997e-01 6.943597e-04 -3.414174e-05 3.054482e-04 1.212848e+00 -5.557020e-03 -1.336513e-01
9.999985e-01 1.685809e-03 3.475661e-04 -4.960948e-05 1.216027e+00 -1.387330e-02 -1.062935e-01
9.999973e-01 4.494650e-04 2.211701e-03 5.318489e-04 1.176094e+00 3.482987e-03 -9.082290e-02
9.999928e-01 -9.422037e-04 -3.672990e-03 2.777252e-04 1.145236e+00 -5.102600e-04 -1.216776e-01
9.999957e-01 4.227925e-04 2.873851e-03 3.003549e-04 1.121583e+00 4.406030e-03 -1.482765e-01
9.999979e-01 -4.883336e-04 -1.864539e-03 -6.844984e-04 1.118427e+00 -1.858248e-02 -2.503194e-02
9.999976e-01 6.862256e-05 -2.103791e-03 -5.277936e-04 1.082079e+00 2.477274e-03 -1.625013e-01
9.999939e-01 3.401823e-03 -7.654002e-04 5.107565e-05 1.070792e+00 -5.133064e-03 -8.323131e-02
9.999996e-01 4.314806e-04 -7.593654e-04 3.418223e-04 1.023705e+00 5.632057e-03 -6.428248e-02
9.999980e-01 -1.759533e-03 8.720107e-04 1.334609e-04 9.971534e-01 -3.281243e-03 -1.387091e-01
9.999953e-01 -2.388078e-03 1.914205e-03 -1.693719e-04 9.884233e-01 -1.499285e-02 -5.220022e-02
9.999976e-01 -1.539889e-03 -1.463127e-03 4.146866e-04 1.000607e+00 7.842786e-03 -1.121224e-01
9.999959e-01 1.347242e-03 2.485940e-03 3.044815e-04 9.951618e-01 -5.019227e-03 -1.087679e-01
9.999993e-01 1.027077e-03 6.887883e-04 9.889989e-05 9.826287e-01 -1.806311e-02 -5.483893e-02
9.999987e-01 1.077728e-03 1.173498e-03 1.749127e-04 9.699038e-01 -4.070508e-03 -1.135937e-01
9.999977e-01 6.607345e-04 1.983950e-03 4.626775e-04 9.714062e-01 -3.738196e-03 -6.275148e-02
9.999990e-01 3.643708e-04 1.350304e-03 2.797518e-05 9.575416e-01 -1.280883e-02 -9.605903e-02
9.999985e-01 7.711147e-04 1.523260e-03 2.159470e-04 9.519667e-01 -1.021098e-02 -6.830526e-02
9.999972e-01 9.081628e-04 2.140050e-03 4.703629e-04 9.655729e-01 -6.676125e-03 -6.020869e-02
9.999977e-01 6.391213e-04 2.019476e-03 2.044519e-04 9.400183e-01 -1.099896e-02 -8.836991e-02
9.999989e-01 4.733563e-04 1.367148e-03 1.793506e-04 9.502181e-01 -1.299455e-02 -4.626496e-02
9.999999e-01 3.040770e-06 -1.005442e-04 4.260480e-04 9.335970e-01 -1.024370e-02 -5.488893e-02
9.999968e-01 1.536143e-03 1.845572e-03 8.082196e-04 9.396223e-01 -5.008217e-03 -6.961261e-02
9.999967e-01 1.682390e-03 1.884130e-03 3.855348e-04 9.360838e-01 -2.202271e-02 -4.893665e-02
9.999983e-01 1.301304e-03 1.106016e-03 6.377221e-04 9.549796e-01 -4.126392e-03 -5.627144e-02
9.999976e-01 1.963982e-03 7.618464e-04 5.751847e-04 9.290700e-01 -5.816490e-03 -2.925707e-02
9.999969e-01 1.283555e-03 2.125595e-03 2.364588e-04 9.259403e-01 -1.821687e-02 -4.200812e-02
9.999991e-01 -1.695003e-04 1.341512e-03 -7.094980e-05 9.400832e-01 -1.285009e-02 -4.273947e-02
9.999962e-01 -6.865323e-05 2.680902e-03 -7.248671e-04 9.469384e-01 -2.612238e-02 -3.080481e-02
9.999975e-01 3.368144e-04 1.925346e-03 -1.105870e-03 9.434308e-01 -1.839312e-02 -2.896524e-02
9.999964e-01 1.126599e-03 1.258737e-03 -2.054550e-03 9.400151e-01 -1.613939e-02 -2.055336e-02
9.999926e-01 -1.277200e-04 2.051063e-03 -3.248693e-03 9.502556e-01 -2.469633e-02 -3.345704e-02
9.999862e-01 -1.664044e-03 1.959437e-03 -4.577526e-03 9.338159e-01 -3.587500e-02 -4.586017e-02
9.999786e-01 -2.892654e-03 2.096282e-03 -5.472840e-03 9.453467e-01 -3.193056e-02 4.238415e-03
9.999800e-01 -1.817218e-03 1.118890e-03 -5.947153e-03 9.449534e-01 -4.205657e-02 -5.373192e-02
9.999796e-01 -2.025669e-03 1.019879e-03 -5.973348e-03 9.531434e-01 -3.787108e-02 -1.845810e-02
9.999766e-01 -2.956386e-03 1.214940e-03 -6.056434e-03 9.428084e-01 -4.193682e-02 -1.277026e-02
9.999783e-01 -1.367096e-03 1.226404e-03 -6.323155e-03 9.448646e-01 -3.421159e-02 -3.641883e-02
9.999743e-01 -1.738569e-03 -2.106164e-03 -6.631011e-03 9.613019e-01 -2.904869e-02 -7.573935e-02
9.999762e-01 3.736075e-04 9.905662e-04 -6.809181e-03 9.595021e-01 -2.983024e-02 -4.324480e-02
9.999762e-01 -2.522304e-03 -2.540377e-04 -6.416881e-03 9.471040e-01 -4.000152e-02 3.784122e-03
9.999716e-01 -1.621895e-03 2.765948e-03 -6.819428e-03 9.724217e-01 -1.301486e-02 -6.852552e-02
9.999766e-01 -1.649999e-03 1.448299e-05 -6.645730e-03 9.602462e-01 -2.865400e-02 -4.468119e-02
9.999740e-01 8.752405e-05 3.670159e-05 -7.209483e-03 9.790077e-01 -4.225620e-02 -4.706538e-02
9.999787e-01 -1.555109e-04 -2.766834e-04 -6.516978e-03 9.807431e-01 -1.173576e-02 -4.729181e-02
9.999755e-01 9.667776e-04 -4.838304e-04 -6.917562e-03 9.841039e-01 -2.608110e-02 -5.273699e-02
9.999777e-01 -5.902510e-04 7.353762e-04 -6.612026e-03 9.975368e-01 -2.508959e-02 -6.170014e-02
9.999777e-01 -4.743308e-04 -2.141080e-04 -6.658935e-03 9.702440e-01 -2.225289e-02 -3.194719e-02
9.999735e-01 -2.216613e-03 5.290156e-04 -6.906950e-03 9.852184e-01 -2.052266e-02 -6.967317e-02
9.999771e-01 -5.852670e-04 2.647365e-04 -6.739567e-03 9.800821e-01 -3.803329e-02 -5.993911e-02
9.999810e-01 -3.235808e-04 3.077524e-04 -6.156153e-03 1.015129e+00 -6.259178e-03 -5.881211e-02
9.999807e-01 1.297155e-03 7.526556e-05 -6.081397e-03 9.994852e-01 -1.242497e-02 -6.207271e-02
9.999831e-01 1.285081e-03 -1.092819e-04 -5.676302e-03 9.951103e-01 -1.282030e-02 -5.917609e-02
9.999817e-01 3.865414e-04 -1.503376e-03 -5.848538e-03 1.016499e+00 -2.825921e-02 -3.973754e-02
9.999857e-01 -1.221725e-03 6.075243e-04 -5.164840e-03 1.008799e+00 -6.998963e-03 -5.915314e-02
9.999885e-01 -1.445979e-03 -1.205418e-03 -4.416442e-03 1.000190e+00 -1.151932e-03 -1.226048e-01
9.999897e-01 1.142327e-03 7.438021e-04 -4.330295e-03 9.973049e-01 -9.752670e-03 -1.850927e-02
9.999760e-01 -7.738916e-04 -5.274783e-03 -4.415334e-03 1.012472e+00 -1.448608e-02 -4.195576e-02
9.999780e-01 -4.880634e-03 9.685213e-04 -4.396462e-03 9.599716e-01 -5.306869e-03 -1.811202e-01
9.999693e-01 -6.238542e-03 -2.578430e-03 -3.973542e-03 9.790547e-01 -9.773113e-03 -4.794485e-02
9.999705e-01 6.269401e-03 -1.539916e-03 -4.158187e-03 9.821170e-01 -1.607865e-02 -9.599764e-02
9.999547e-01 8.639110e-03 -8.188252e-04 -3.912378e-03 9.909935e-01 -3.145347e-03 -9.945166e-02
9.999671e-01 7.073305e-03 1.069255e-03 -3.814205e-03 9.976505e-01 -1.013629e-02 -4.755140e-02
9.999877e-01 -2.603688e-03 -2.608833e-03 -3.322588e-03 9.648510e-01 1.879320e-04 -1.136960e-01
9.999902e-01 2.402951e-04 2.232619e-03 -3.807504e-03 9.753656e-01 -2.572422e-02 -6.646369e-02
9.999768e-01 4.079625e-03 -3.829753e-03 -3.887252e-03 9.822346e-01 -1.442343e-02 -1.286761e-02
9.999618e-01 7.235788e-03 2.530621e-03 -4.197818e-03 9.930418e-01 -1.885279e-02 -1.053415e-01
9.999799e-01 -4.471865e-03 2.985892e-03 -3.360289e-03 9.590059e-01 -1.762102e-02 -1.058147e-01
9.999350e-01 -1.023022e-02 -1.340091e-03 -4.856896e-03 9.475681e-01 -3.186783e-02 -2.218787e-02
9.999700e-01 -5.254180e-03 -3.571893e-03 -4.441168e-03 9.638730e-01 8.258759e-03 -7.215420e-02
9.999668e-01 6.249386e-03 -1.010964e-03 -5.118592e-03 9.913859e-01 -2.798355e-02 -8.377325e-02
9.999745e-01 4.772607e-03 1.381335e-03 -5.122752e-03 9.908102e-01 -2.352187e-02 -7.533111e-02
9.999863e-01 -5.259488e-05 1.323502e-03 -5.067944e-03 9.834714e-01 -1.647409e-02 -8.955381e-02
9.999746e-01 -4.157620e-03 -2.691570e-03 -5.117214e-03 9.910885e-01 -1.996440e-02 -7.125770e-02
9.999840e-01 -2.477959e-04 6.016948e-05 -5.644845e-03 9.911189e-01 -1.451384e-02 -1.096447e-01
9.999857e-01 1.372647e-03 -1.145646e-04 -5.180744e-03 1.023551e+00 -2.305118e-02 -6.966402e-02
9.999813e-01 2.199162e-03 -7.856586e-04 -5.643645e-03 1.015853e+00 -1.276459e-02 -9.307162e-02
9.999856e-01 -1.609734e-04 -6.172827e-04 -5.324883e-03 1.015877e+00 -9.731598e-03 -8.014823e-02
9.999835e-01 -1.922508e-04 -6.628485e-04 -5.705343e-03 1.025631e+00 -4.154119e-02 -1.023947e-01
9.999840e-01 -5.376639e-04 6.158827e-04 -5.598485e-03 1.026039e+00 -1.656797e-02 -8.395282e-02
9.999839e-01 -2.916261e-04 2.945362e-04 -5.667986e-03 1.039437e+00 -3.181780e-02 -1.016201e-01
9.999817e-01 -6.045650e-05 3.617547e-04 -6.037411e-03 1.038412e+00 -2.612620e-02 -7.900752e-02
9.999811e-01 -5.911164e-04 1.840296e-03 -5.843848e-03 1.045152e+00 -6.518140e-03 -1.067476e-01
9.999793e-01 -6.486016e-04 7.572069e-04 -6.355358e-03 1.045551e+00 -3.651889e-02 -9.651480e-02
9.999788e-01 -1.092414e-03 3.531920e-04 -6.414298e-03 1.078405e+00 -2.622172e-02 -7.174774e-02
9.999795e-01 -1.146092e-03 1.050306e-03 -6.204315e-03 1.067802e+00 -3.069278e-02 -1.223986e-01
9.999781e-01 -3.992269e-04 7.365313e-04 -6.566770e-03 1.072310e+00 -2.170187e-02 -7.792999e-02
9.999791e-01 1.764563e-05 -3.054827e-05 -6.456937e-03 1.082341e+00 -2.553963e-02 -1.097201e-01
9.999785e-01 -4.436271e-04 1.200369e-03 -6.439311e-03 1.074955e+00 -1.987727e-02 -9.469593e-02
9.999771e-01 1.321427e-03 -1.398910e-03 -6.489856e-03 1.105866e+00 -2.948176e-02 -8.927125e-02
9.999765e-01 1.104598e-03 1.097342e-03 -6.672596e-03 1.095596e+00 -1.515083e-02 -1.121468e-01
9.999786e-01 1.052032e-03 -5.332220e-04 -6.439551e-03 1.106396e+00 -2.216042e-02 -6.884182e-02
9.999750e-01 -1.706310e-03 8.436485e-04 -6.809469e-03 1.099796e+00 -2.996778e-02 -1.219654e-01
9.999695e-01 -2.849901e-03 -2.927691e-03 -6.662207e-03 1.116484e+00 -1.341294e-02 -9.492089e-02
9.999765e-01 1.106259e-03 6.553357e-04 -6.736810e-03 1.131737e+00 -3.211133e-02 -9.685984e-02
9.999792e-01 1.914733e-03 1.178818e-03 -6.042232e-03 1.131703e+00 -2.345948e-02 -1.098564e-01
9.999710e-01 3.793343e-04 3.280558e-03 -6.871555e-03 1.134432e+00 -3.813167e-02 -1.182851e-01
9.999684e-01 -4.377858e-03 4.942481e-04 -6.608790e-03 1.151963e+00 -2.738972e-02 -9.127842e-02
9.999765e-01 -1.858309e-03 -8.497788e-04 -6.538533e-03 1.120787e+00 -2.444799e-02 -1.062141e-01
9.999712e-01 -3.486061e-03 3.458717e-03 -5.789559e-03 1.154994e+00 -3.104103e-02 -1.163614e-01
9.999829e-01 6.327258e-04 1.637482e-05 -5.811402e-03 1.156405e+00 -2.824280e-02 -9.255985e-02
9.999835e-01 2.629399e-04 2.460187e-04 -5.733288e-03 1.153051e+00 -1.350008e-02 -1.475384e-01
9.999839e-01 -1.279358e-04 -8.376622e-04 -5.614983e-03 1.177167e+00 -7.800421e-03 -8.245436e-02
9.999893e-01 7.288758e-05 -8.512414e-05 -4.619106e-03 1.155706e+00 -1.163277e-02 -1.210895e-01
9.999910e-01 -3.343190e-04 7.810992e-04 -4.155798e-03 1.184838e+00 -1.092806e-02 -1.089412e-01
9.999940e-01 -1.867785e-04 -1.406366e-04 -3.454586e-03 1.175408e+00 -3.780015e-03 -1.031520e-01
9.999933e-01 -1.965359e-03 1.143026e-03 -2.859764e-03 1.172702e+00 -1.592960e-02 -1.230767e-01
9.999969e-01 6.647347e-04 1.237952e-03 -2.066528e-03 1.213489e+00 -8.162072e-03 -1.109269e-01
9.999966e-01 1.083421e-03 2.317497e-03 -5.938530e-04 1.208911e+00 9.271209e-04 -1.069625e-01
9.999947e-01 3.230211e-03 3.268969e-05 -1.844326e-04 1.221294e+00 1.715637e-03 -1.058236e-01
9.999961e-01 1.241344e-03 2.494666e-03 3.897645e-05 1.233340e+00 -6.213158e-03 -7.304923e-02
9.999888e-01 1.414277e-03 -4.462573e-03 -6.981404e-04 1.245449e+00 -1.289219e-02 -9.625412e-02
9.999909e-01 -3.696805e-03 2.116876e-03 4.078204e-05 1.260523e+00 -7.060357e-03 -7.905843e-02
9.999980e-01 -1.479990e-03 -1.186763e-03 -5.808394e-04 1.273271e+00 -3.082174e-02 -1.187819e-01
9.999880e-01 -2.063606e-03 4.425377e-03 -2.759657e-04 1.270643e+00 5.530227e-03 -9.867838e-02
9.999978e-01 -5.858436e-04 -1.928316e-03 -4.897637e-04 1.283519e+00 -1.551019e-02 -9.856662e-02
9.999974e-01 -1.835209e-03 1.257001e-03 4.967965e-04 1.288088e+00 1.071234e-02 -1.243248e-01
9.999889e-01 2.916087e-04 -4.552161e-03 -1.201630e-03 1.282891e+00 -2.129570e-02 -9.701912e-02
9.999974e-01 1.609502e-03 1.492576e-03 -5.914612e-04 1.333800e+00 6.336761e-03 -1.202914e-01
9.999883e-01 3.760582e-03 -2.860057e-03 -1.040322e-03 1.336026e+00 -1.983401e-02 -1.075302e-01
9.999982e-01 5.098015e-04 1.521131e-03 -9.761692e-04 1.334572e+00 -9.122562e-04 -1.206402e-01
9.999948e-01 -1.760080e-03 -2.082309e-03 -1.733381e-03 1.336724e+00 -3.505350e-02 -1.205055e-01
9.999983e-01 1.414012e-04 1.182112e-03 -1.427489e-03 1.373702e+00 -5.281232e-03 -1.166196e-01
9.999979e-01 -1.228952e-03 5.544862e-04 -1.563355e-03 1.373331e+00 -2.861163e-02 -1.312881e-01
9.999971e-01 1.387168e-03 1.606426e-03 -1.127342e-03 1.380198e+00 -1.090778e-02 -1.132331e-01
9.999974e-01 -1.899496e-03 8.705902e-04 -8.561809e-04 1.395181e+00 -1.268508e-02 -1.272172e-01
9.999976e-01 1.846373e-03 3.539936e-04 -1.172686e-03 1.405149e+00 -5.071994e-03 -1.163994e-01
9.999961e-01 -1.662878e-03 -1.930147e-03 -1.172112e-03 1.409358e+00 -1.216002e-02 -1.223738e-01
9.999968e-01 2.076846e-03 -6.581088e-04 -1.266356e-03 1.416213e+00 -1.109170e-02 -1.051008e-01
9.999970e-01 -1.468915e-03 -1.261381e-03 -1.486677e-03 1.424830e+00 -1.101624e-02 -1.435092e-01
9.999967e-01 7.560990e-04 -1.817301e-03 -1.637312e-03 1.456100e+00 -1.480663e-02 -1.239158e-01
9.999931e-01 -2.446706e-03 -2.400482e-03 -1.383220e-03 1.435554e+00 -1.255833e-02 -1.640128e-01
9.999978e-01 1.350950e-03 -7.460938e-04 -1.408335e-03 1.469122e+00 -7.632168e-04 -1.403981e-01
9.999981e-01 9.799183e-04 -4.345895e-04 -1.645924e-03 1.455642e+00 -1.773735e-02 -1.700743e-01
9.999975e-01 1.530679e-03 9.492717e-04 -1.314470e-03 1.483273e+00 -9.764453e-03 -1.448229e-01
9.999992e-01 -6.675836e-04 6.632886e-04 -7.793212e-04 1.487370e+00 -1.769497e-03 -1.557477e-01
9.999971e-01 -2.031324e-03 9.469281e-04 -9.396158e-04 1.498521e+00 -2.567742e-02 -1.606353e-01
9.999958e-01 -2.545663e-03 -1.104344e-03 -8.441462e-04 1.509718e+00 -1.848241e-03 -1.671568e-01
9.999922e-01 1.952557e-03 3.397076e-03 -5.208242e-04 1.509363e+00 -2.377412e-02 -1.694865e-01
9.999918e-01 3.669844e-03 1.474522e-03 -8.937287e-04 1.522501e+00 -1.247284e-02 -1.434207e-01
9.999974e-01 9.161292e-04 1.924515e-03 -7.614369e-04 1.512564e+00 1.587099e-03 -1.446201e-01
9.999970e-01 -1.831197e-03 -1.146241e-03 -1.198394e-03 1.490844e+00 -2.663027e-02 -1.341914e-01
9.999984e-01 -7.746201e-04 1.016337e-03 -1.218196e-03 1.502593e+00 -1.515901e-02 -1.207344e-01
9.999988e-01 -1.200095e-03 -2.015434e-04 -9.682485e-04 1.513300e+00 -1.407371e-02 -1.578007e-01
9.999986e-01 -7.302808e-04 9.570971e-04 -1.176314e-03 1.503554e+00 -1.882815e-02 -1.209423e-01
9.999986e-01 -1.243276e-03 2.656470e-04 -1.096244e-03 1.503136e+00 -2.052803e-02 -1.455660e-01
9.999996e-01 -2.359877e-04 -2.283425e-04 -8.154354e-04 1.492158e+00 -2.274352e-03 -1.551853e-01
9.999979e-01 -1.608864e-04 1.933306e-03 -7.083555e-04 1.512280e+00 -1.446977e-02 -1.338777e-01
9.999987e-01 -6.531745e-04 -1.266221e-03 -8.293844e-04 1.516064e+00 -1.990125e-02 -1.275470e-01
9.999988e-01 1.997794e-04 -1.396523e-03 -5.949634e-04 1.513974e+00 4.273700e-04 -1.253473e-01
9.999956e-01 -9.614793e-04 -2.557136e-03 -1.174691e-03 1.506651e+00 -2.287903e-03 -1.953594e-01
9.999932e-01 2.768410e-03 -2.187578e-03 -1.040121e-03 1.529856e+00 -6.437467e-03 -9.878272e-02
9.999990e-01 -3.309872e-04 -1.277755e-03 -5.230875e-04 1.522720e+00 8.445085e-04 -2.191656e-01
9.999976e-01 2.393193e-04 -1.824674e-03 -1.230151e-03 1.530424e+00 -1.102779e-02 -1.377163e-01
9.999997e-01 6.774760e-04 -6.537259e-05 -4.022711e-04 1.555471e+00 -7.903935e-03 -1.771412e-01
9.999990e-01 8.383649e-04 -3.398590e-05 -1.125409e-03 1.529732e+00 -1.286973e-02 -1.960820e-01
1.000000e+00 -9.578965e-05 1.388990e-04 -2.377922e-04 1.565438e+00 -7.577618e-03 -1.575622e-01
9.999970e-01 6.181185e-05 -2.358420e-03 -6.093832e-04 1.548218e+00 2.250775e-03 -2.035716e-01
9.999997e-01 -2.187761e-04 3.458057e-04 -6.730775e-04 1.550448e+00 -1.331307e-02 -1.759827e-01
9.999998e-01 4.366418e-04 -4.368107e-04 -2.108441e-04 1.575967e+00 2.326372e-03 -1.776617e-01
9.999997e-01 5.663233e-05 7.477991e-04 -1.993430e-04 1.568570e+00 -8.276805e-03 -1.923352e-01
9.999999e-01 5.235404e-05 5.050178e-04 -2.135442e-05 1.561965e+00 -1.478022e-02 -1.971982e-01
9.999983e-01 1.203250e-03 1.345598e-03 2.436274e-04 1.577674e+00 -6.324017e-03 -1.748003e-01
9.999975e-01 2.154496e-03 -5.903110e-04 -1.930569e-04 1.565841e+00 -1.875777e-02 -1.929368e-01
9.999972e-01 3.336045e-04 2.251886e-03 6.754581e-04 1.545654e+00 7.722073e-03 -1.875096e-01
9.999983e-01 -1.640827e-03 -8.086594e-04 -2.223768e-04 1.546870e+00 -1.680006e-02 -1.203511e-01
9.999996e-01 -6.193956e-04 -8.041499e-05 7.149817e-04 1.553552e+00 -1.207590e-02 -2.118667e-01
9.999970e-01 -2.349494e-03 6.498708e-04 -2.433721e-04 1.537885e+00 -2.674646e-02 -1.574252e-01
9.999997e-01 4.348240e-04 3.770961e-04 4.726971e-04 1.561266e+00 1.151118e-02 -1.830359e-01
9.999999e-01 -3.017747e-04 3.164235e-04 5.167323e-05 1.537481e+00 -1.137568e-02 -1.857222e-01
9.999970e-01 -1.081117e-03 -2.188179e-03 -6.625856e-05 1.528818e+00 1.801335e-03 -1.585732e-01
9.999996e-01 3.913154e-04 -8.434059e-04 -1.151599e-05 1.555026e+00 -9.251704e-03 -1.949939e-01
9.999991e-01 1.158910e-03 6.790299e-04 -1.500095e-04 1.543690e+00 -1.153807e-05 -1.853140e-01
9.999996e-01 2.723455e-04 -7.768740e-04 -2.164073e-04 1.555021e+00 -3.311273e-03 -1.646913e-01
9.999991e-01 -1.095395e-03 -5.697273e-04 -5.785287e-04 1.524708e+00 -1.206166e-02 -2.042229e-01
9.999993e-01 -6.866520e-04 6.577583e-04 -6.336618e-04 1.559102e+00 -8.609135e-03 -1.649346e-01
9.999985e-01 9.037832e-04 1.446952e-03 -3.527194e-04 1.541237e+00 -1.369457e-02 -1.962140e-01
9.999992e-01 -6.378877e-04 8.820896e-04 -5.703327e-04 1.538575e+00 -1.668938e-02 -1.864163e-01
9.999998e-01 -2.583944e-05 -2.865857e-04 -4.797183e-04 1.525854e+00 -5.986686e-03 -1.749875e-01
9.999997e-01 2.116186e-04 -4.444079e-04 -5.853852e-04 1.540356e+00 -6.083712e-03 -1.852459e-01
9.999995e-01 -6.635439e-04 5.134602e-04 -6.480372e-04 1.526349e+00 -1.653308e-02 -1.708525e-01
9.999965e-01 2.560717e-03 -4.269661e-04 -4.395989e-04 1.525975e+00 1.815049e-03 -1.745861e-01
9.999995e-01 -1.725744e-04 9.939096e-04 -2.896881e-04 1.512365e+00 -7.306034e-03 -2.445950e-01
9.999943e-01 4.663057e-04 -3.267058e-03 -6.985914e-04 1.532479e+00 -3.955347e-04 -7.329706e-02
9.999981e-01 2.009900e-04 1.948743e-03 -4.258618e-05 1.507131e+00 -2.126176e-02 -2.157681e-01
9.999905e-01 -3.384090e-03 -2.645731e-03 -7.941999e-04 1.497584e+00 -2.050370e-03 -2.276953e-01
9.999956e-01 2.042388e-03 2.136643e-03 4.422783e-04 1.534987e+00 2.267182e-03 -1.030742e-01
9.999995e-01 -1.637051e-04 -7.909840e-04 -5.565710e-04 1.531085e+00 -1.467211e-02 -2.247665e-01
9.999973e-01 2.323826e-03 -1.011720e-04 -1.096776e-04 1.509876e+00 6.378800e-04 -1.885019e-01
9.999947e-01 -2.860051e-03 -1.338047e-03 -8.052623e-04 1.525192e+00 -5.345079e-03 -1.680987e-01
9.999963e-01 2.573646e-03 -8.482267e-04 7.027755e-06 1.513771e+00 -1.359013e-03 -1.750906e-01
9.999992e-01 -1.124604e-03 5.128402e-04 -8.375494e-05 1.526153e+00 -1.123860e-02 -1.858407e-01
9.999997e-01 3.994287e-04 4.201141e-04 -3.819768e-04 1.552944e+00 -2.193730e-02 -1.812978e-01
9.999966e-01 -1.936177e-03 1.761340e-03 -6.522420e-05 1.530048e+00 -8.882325e-03 -2.143362e-01
1.000000e+00 2.087765e-04 1.245736e-06 4.310782e-05 1.548590e+00 -1.528523e-03 -1.488641e-01
9.999991e-01 -1.214499e-03 -5.132949e-04 -9.658686e-05 1.549821e+00 -1.783404e-02 -1.972683e-01
9.999993e-01 -4.567538e-04 1.035966e-03 2.760133e-04 1.563911e+00 -2.989042e-03 -2.005952e-01
9.999992e-01 1.085388e-03 -7.205837e-04 9.658003e-05 1.548413e+00 1.526230e-03 -1.723025e-01
9.999828e-01 -1.954396e-03 -5.483739e-03 -7.408099e-04 1.571156e+00 -1.554044e-03 -1.875341e-01
9.999953e-01 2.889249e-03 9.647731e-04 2.133147e-05 1.541870e+00 -2.112753e-02 -2.777475e-01
9.999978e-01 1.116102e-03 1.765872e-03 2.551885e-04 1.583882e+00 1.742618e-02 -1.337554e-01
9.999983e-01 -7.191704e-04 1.659447e-03 3.065182e-04 1.595237e+00 4.329598e-04 -1.935753e-01
9.999995e-01 -7.004486e-04 -5.236141e-04 4.659125e-04 1.553340e+00 -1.779472e-03 -2.474414e-01
9.999917e-01 -2.470273e-03 -3.227731e-03 -1.542678e-04 1.570856e+00 -6.835300e-04 -1.465865e-01
9.999951e-01 8.890608e-04 -2.942020e-03 -5.665556e-04 1.594907e+00 -1.796855e-02 -2.322955e-01
9.999962e-01 2.604783e-03 8.597534e-04 2.646810e-04 1.594468e+00 7.262863e-03 -2.624544e-01
9.999999e-01 -4.542150e-04 1.965352e-04 -9.378902e-05 1.592537e+00 -2.581902e-03 -1.866113e-01
9.999985e-01 -1.340880e-03 1.089529e-03 5.276230e-05 1.596119e+00 -1.230428e-02 -2.108124e-01
9.999950e-01 -3.014499e-03 9.062561e-04 1.460297e-04 1.553299e+00 -2.221195e-02 -2.485313e-01
9.999939e-01 -3.379435e-03 8.307992e-04 4.713602e-04 1.619802e+00 1.035279e-02 -2.207706e-01
9.999992e-01 1.084167e-03 -5.772206e-04 -1.778392e-04 1.598069e+00 -7.607367e-03 -2.133759e-01
9.999968e-01 -4.799062e-04 2.475483e-03 -1.334418e-04 1.610109e+00 -1.543864e-02 -2.637363e-01
9.999998e-01 5.149723e-04 -1.717668e-04 -3.736697e-04 1.620971e+00 2.124546e-03 -1.695575e-01
9.999992e-01 5.845167e-04 1.089723e-03 8.817090e-05 1.619123e+00 -9.699559e-03 -2.535786e-01
9.999997e-01 -7.030056e-04 -3.131521e-04 -2.738163e-04 1.630074e+00 -3.248257e-03 -1.970648e-01
9.999983e-01 2.262253e-04 -1.777370e-03 -3.990228e-04 1.630251e+00 -4.839254e-03 -2.304135e-01
9.999977e-01 1.952227e-03 -8.631829e-04 -1.269339e-04 1.647783e+00 3.786103e-03 -2.216349e-01
9.999973e-01 2.285994e-03 4.229777e-04 -8.715921e-05 1.658655e+00 2.566664e-03 -2.046985e-01
9.999966e-01 2.604792e-03 -3.035422e-04 -9.846216e-05 1.654265e+00 -2.441179e-03 -2.233024e-01
9.999991e-01 -8.017624e-04 -1.052613e-03 -5.136804e-05 1.656206e+00 1.075624e-02 -2.190688e-01
9.999971e-01 -1.494147e-03 -1.860354e-03 -2.612940e-04 1.659564e+00 -1.534165e-02 -1.882946e-01
9.999828e-01 -5.390400e-03 -2.305776e-03 -4.170275e-06 1.655565e+00 -1.876597e-03 -2.825320e-01
9.999949e-01 -3.154986e-03 3.380935e-04 -2.117639e-04 1.672387e+00 -1.430153e-02 -2.402461e-01
9.999830e-01 4.122534e-03 4.118309e-03 2.564408e-04 1.700327e+00 -3.175387e-03 -2.785376e-01
9.999856e-01 -3.398848e-04 5.357531e-03 -2.786665e-04 1.669098e+00 -1.172410e-02 -2.741006e-01
9.999901e-01 3.370817e-03 -2.865200e-03 -4.758934e-04 1.688958e+00 -7.229386e-05 -1.863645e-01
9.999943e-01 -2.821673e-03 -1.855841e-03 -2.027781e-04 1.672943e+00 1.186279e-02 -2.527081e-01
9.999879e-01 1.077546e-03 -4.713496e-03 -8.413264e-04 1.715375e+00 -1.278409e-02 -1.860142e-01
9.999999e-01 1.223100e-04 3.475608e-04 5.556082e-05 1.701532e+00 4.379271e-03 -2.838640e-01
9.999995e-01 6.625399e-04 7.631037e-04 8.795821e-06 1.699725e+00 -7.561003e-03 -2.397752e-01
9.999961e-01 -1.771257e-03 2.134690e-03 3.214975e-04 1.717354e+00 9.889493e-04 -2.824980e-01
9.999987e-01 8.735191e-04 1.291408e-03 -1.683874e-04 1.732303e+00 -9.788022e-03 -2.231319e-01
9.999991e-01 -8.023631e-04 1.137891e-03 -1.006528e-04 1.735584e+00 -6.550141e-03 -2.434516e-01
9.999992e-01 1.248260e-03 2.323115e-04 -3.012801e-04 1.744569e+00 -2.184674e-02 -2.403390e-01
9.999986e-01 -1.442480e-03 8.432784e-04 1.221385e-04 1.760553e+00 1.130550e-02 -2.349573e-01
9.999976e-01 2.181150e-03 -1.669338e-04 -6.703921e-05 1.760780e+00 -1.922598e-02 -2.018440e-01
9.999973e-01 -2.073776e-03 1.032138e-03 -7.190816e-05 1.741989e+00 -2.087696e-03 -2.889406e-01
9.999980e-01 1.896129e-03 -6.064757e-04 -1.968120e-04 1.743382e+00 -8.500418e-03 -1.799918e-01
9.999999e-01 -2.911648e-04 2.301950e-04 1.287403e-04 1.742835e+00 2.640215e-04 -2.803675e-01
9.999996e-01 8.174353e-04 -3.400074e-05 -3.208134e-04 1.735268e+00 -1.370668e-02 -2.090362e-01
9.999986e-01 -1.533034e-03 -6.757432e-04 2.502441e-05 1.733962e+00 1.322138e-03 -2.430102e-01
9.999998e-01 -5.109746e-04 -4.047738e-04 -1.379772e-04 1.713980e+00 -7.245063e-03 -2.320172e-01
9.999998e-01 6.121170e-05 -7.026610e-04 4.229802e-06 1.709444e+00 -4.863133e-03 -2.615560e-01
9.999988e-01 1.501219e-03 2.995431e-04 -1.418818e-04 1.707151e+00 -1.431957e-02 -2.251125e-01
9.999992e-01 2.945694e-04 -1.198328e-03 -4.935434e-05 1.697322e+00 1.340353e-02 -2.519965e-01
9.999983e-01 1.780610e-03 -3.984737e-04 -1.633234e-04 1.702215e+00 -1.753321e-02 -2.348623e-01
9.999976e-01 -9.021828e-04 -1.983094e-03 1.121203e-04 1.701767e+00 1.611646e-02 -2.402025e-01
9.999998e-01 5.766358e-04 -4.387489e-05 8.605520e-05 1.691435e+00 -6.894144e-03 -2.184286e-01
9.999994e-01 -7.887576e-04 -7.253845e-04 1.102023e-04 1.681502e+00 -3.025306e-03 -2.811052e-01
9.999982e-01 1.217046e-03 1.445237e-03 9.488189e-05 1.666511e+00 -5.454804e-03 -2.402773e-01
9.999979e-01 -1.196683e-03 -1.633071e-03 -1.741895e-04 1.682323e+00 -7.178636e-03 -2.315400e-01
1.000000e+00 1.326874e-04 2.103620e-04 6.937220e-05 1.662791e+00 -7.197824e-03 -2.540478e-01
9.999933e-01 -3.529262e-03 -9.625469e-04 2.511056e-04 1.672069e+00 -2.851197e-03 -2.598291e-01
9.999997e-01 7.346658e-04 2.663863e-04 -8.468616e-05 1.679557e+00 1.509663e-03 -2.492793e-01
9.999998e-01 -3.401990e-04 3.950882e-04 4.062082e-04 1.667643e+00 -8.912064e-03 -2.854229e-01
9.999984e-01 1.756242e-03 1.506177e-04 -4.498519e-05 1.694793e+00 1.668620e-04 -2.207319e-01
9.999998e-01 1.863403e-04 -5.490836e-04 2.747967e-04 1.678635e+00 8.159161e-03 -2.749904e-01
9.999989e-01 1.120085e-03 9.799620e-04 1.781663e-04 1.703331e+00 -7.489554e-03 -2.284053e-01
9.999999e-01 -8.583214e-05 -5.748873e-05 4.131506e-04 1.703172e+00 -5.847830e-03 -2.634453e-01
9.999988e-01 1.225906e-04 1.305629e-03 8.408712e-04 1.716469e+00 3.293709e-03 -2.308375e-01
9.999994e-01 -9.882600e-04 2.931568e-04 4.668185e-04 1.699366e+00 -1.268173e-02 -2.591044e-01
9.999997e-01 -3.587882e-04 3.537938e-04 6.160287e-04 1.706403e+00 -1.800830e-03 -2.280659e-01
9.999991e-01 -8.677625e-04 -7.244172e-04 6.580232e-04 1.714903e+00 -5.369745e-03 -2.531142e-01
9.999996e-01 -2.093363e-04 -7.082885e-04 5.163744e-04 1.713461e+00 1.532887e-03 -2.543407e-01
9.999992e-01 6.596555e-04 8.096646e-04 7.083858e-04 1.728335e+00 -4.772549e-03 -2.323952e-01
9.999998e-01 1.597522e-04 1.267748e-04 5.998775e-04 1.736014e+00 8.465883e-03 -2.585767e-01
9.999997e-01 -5.270025e-04 1.805305e-04 5.921569e-04 1.717365e+00 -7.813138e-03 -2.546480e-01
9.999993e-01 8.524851e-04 -6.236295e-04 5.600243e-04 1.752258e+00 2.435468e-03 -2.337496e-01
9.999994e-01 4.481130e-04 5.358843e-04 8.283013e-04 1.737250e+00 4.416969e-03 -2.683476e-01
9.999989e-01 3.527250e-04 -1.323649e-03 5.007904e-04 1.766691e+00 -1.023380e-02 -2.249912e-01
9.999999e-01 -3.967729e-04 -2.153619e-04 2.293463e-04 1.750625e+00 4.430636e-03 -2.902641e-01
9.999995e-01 -2.735998e-04 -9.187141e-04 -3.152948e-04 1.749893e+00 -8.783975e-03 -2.112720e-01
9.999980e-01 -1.612904e-03 -5.082823e-04 -1.052416e-03 1.755353e+00 -6.416345e-03 -2.809135e-01
9.999989e-01 6.239988e-06 1.171499e-03 -8.366341e-04 1.774747e+00 -1.853028e-02 -2.691129e-01
9.999986e-01 -3.344955e-04 1.558894e-03 -4.324284e-04 1.774237e+00 -7.726186e-03 -2.562825e-01
9.999991e-01 2.943544e-04 1.158409e-03 -6.511122e-04 1.784336e+00 -1.452776e-02 -2.725805e-01
9.999991e-01 -9.885389e-04 8.387474e-04 -2.635450e-04 1.787151e+00 -6.548700e-03 -2.590745e-01
9.999996e-01 6.439191e-04 -4.212843e-04 -5.582291e-04 1.784058e+00 -2.833884e-03 -2.250949e-01
9.999999e-01 1.389485e-04 2.507733e-04 -8.143158e-05 1.789456e+00 4.411914e-03 -2.870671e-01
9.999999e-01 2.889717e-04 -3.857711e-04 -2.146624e-04 1.802205e+00 -1.323820e-02 -2.275503e-01
9.999997e-01 4.511905e-04 -6.510589e-04 -2.264424e-04 1.818389e+00 -5.242583e-03 -2.554254e-01
9.999995e-01 -4.315657e-04 -8.659071e-04 8.220695e-05 1.810378e+00 4.267245e-04 -2.740124e-01
9.999993e-01 1.022130e-03 3.100423e-04 4.597445e-04 1.827472e+00 9.037727e-03 -2.292708e-01
9.999992e-01 -3.964312e-04 -1.213347e-03 -5.464780e-05 1.809317e+00 -7.926255e-03 -3.021890e-01
9.999998e-01 5.345028e-04 2.967134e-04 2.791556e-04 1.823804e+00 -2.748715e-03 -2.318452e-01
9.999989e-01 -9.100388e-04 -1.170541e-03 -2.366593e-05 1.841963e+00 -5.192996e-03 -2.893222e-01
9.999998e-01 6.370902e-04 1.345838e-04 1.908635e-04 1.840531e+00 1.873020e-03 -2.623708e-01
9.999998e-01 -1.172651e-05 -6.139648e-04 1.102093e-04 1.854122e+00 -2.412858e-03 -2.836981e-01
9.999996e-01 2.763904e-04 -9.356667e-04 -1.228781e-04 1.838093e+00 -9.667619e-05 -2.786830e-01
9.999996e-01 -5.361015e-04 -6.712216e-04 6.442919e-05 1.838454e+00 6.329779e-04 -2.908007e-01
9.999981e-01 4.566015e-04 -1.878681e-03 -2.404682e-04 1.854435e+00 -1.514809e-03 -2.795181e-01
9.999990e-01 2.510944e-04 1.359787e-03 -2.724268e-04 1.866679e+00 -1.330535e-02 -3.011690e-01
9.999989e-01 2.449598e-04 1.054217e-03 -1.009748e-03 1.875063e+00 -1.624107e-02 -2.865555e-01
9.999982e-01 -1.782609e-04 1.777932e-03 -6.533567e-04 1.872164e+00 -1.341898e-02 -2.778914e-01
9.999986e-01 -1.510448e-03 5.010458e-04 -5.598266e-04 1.874707e+00 -2.303512e-03 -2.840009e-01
9.999999e-01 2.254790e-04 1.185134e-04 -4.236232e-04 1.888708e+00 -5.658395e-03 -2.777466e-01
9.999992e-01 -4.202522e-04 1.154727e-03 -4.018231e-04 1.903646e+00 -4.691223e-03 -2.765658e-01
9.999993e-01 2.145459e-04 1.138794e-03 -1.848287e-04 1.894027e+00 2.210726e-03 -2.571202e-01
9.999971e-01 -1.736829e-03 1.662219e-03 -3.483874e-04 1.912278e+00 -2.151135e-02 -2.958564e-01
9.999988e-01 8.411634e-04 1.306576e-03 -1.438602e-04 1.907577e+00 -4.174574e-03 -2.595920e-01
9.999992e-01 -3.711074e-04 1.233763e-03 -2.425685e-04 1.914679e+00 -1.671149e-02 -2.507399e-01
9.999978e-01 -1.232708e-03 -1.553164e-03 -6.590897e-04 1.931780e+00 -8.555094e-03 -2.578922e-01
9.999995e-01 7.765947e-04 7.104512e-04 -1.323184e-04 1.928530e+00 7.229547e-04 -2.439610e-01
9.999998e-01 2.871190e-04 5.266528e-04 -1.851434e-04 1.940723e+00 -1.233637e-02 -2.836858e-01
9.999991e-01 1.219592e-03 6.419351e-04 1.073686e-04 1.945302e+00 -7.581834e-03 -2.397857e-01
9.999988e-01 -2.857963e-04 -1.514280e-03 -1.695066e-04 1.956037e+00 8.531829e-03 -2.439283e-01
9.999975e-01 -7.200576e-04 -2.089525e-03 -2.232586e-04 1.946724e+00 -1.580461e-02 -2.828798e-01
9.999991e-01 1.232375e-03 -5.432431e-04 2.402038e-05 1.971394e+00 6.857502e-03 -2.502249e-01
9.999932e-01 2.652819e-03 -2.556034e-03 6.545854e-05 1.968528e+00 -9.173536e-04 -2.898981e-01
9.999999e-01 -8.830347e-05 3.888378e-04 1.359269e-04 1.952754e+00 1.055268e-02 -3.092435e-01
9.999939e-01 1.995778e-03 -2.850532e-03 -4.068225e-06 1.976143e+00 -5.594599e-03 -2.360519e-01
9.999971e-01 -2.349949e-03 5.148718e-04 2.679096e-04 1.975865e+00 3.139243e-03 -3.236269e-01
9.999967e-01 1.945747e-03 -1.651330e-03 3.033622e-04 2.013792e+00 1.656067e-03 -2.657136e-01
9.999971e-01 -4.731712e-04 2.355134e-03 3.215067e-04 1.974661e+00 -1.140232e-02 -3.135321e-01
9.999987e-01 5.307289e-04 1.537966e-03 2.618336e-04 2.008717e+00 -1.558652e-02 -2.835968e-01
9.999964e-01 -1.015055e-03 2.433969e-03 4.281064e-04 2.021387e+00 -2.861323e-03 -2.751148e-01
9.999988e-01 -1.417241e-03 -5.876206e-04 2.410593e-04 1.999142e+00 -8.977613e-03 -2.855389e-01
9.999982e-01 -1.149135e-03 1.524690e-03 1.961942e-04 2.027336e+00 -5.396943e-03 -2.552979e-01
9.999998e-01 -1.765754e-04 -5.316305e-04 1.600285e-04 2.040902e+00 -1.018232e-02 -2.860069e-01
9.999933e-01 -1.060276e-03 3.483821e-03 3.881502e-04 2.018342e+00 -1.331697e-02 -2.831895e-01
9.999998e-01 2.395854e-04 -4.913370e-04 1.721524e-05 2.045354e+00 -1.595887e-02 -2.485262e-01
9.999958e-01 -1.333128e-03 2.556620e-03 4.587350e-04 2.039328e+00 -1.506490e-02 -2.682456e-01
9.999991e-01 -1.421295e-04 -1.331339e-03 1.940689e-05 2.052392e+00 1.074026e-03 -2.648319e-01
9.999998e-01 -4.993475e-04 6.134880e-05 2.262350e-04 2.055153e+00 -9.653314e-03 -2.729596e-01
9.999950e-01 1.368017e-03 -2.862762e-03 6.988118e-05 2.063877e+00 -1.129860e-03 -2.640953e-01
9.999991e-01 1.217968e-03 -5.484968e-04 6.067957e-05 2.060388e+00 -6.348977e-03 -2.882119e-01
9.999982e-01 1.740196e-03 -7.218854e-04 1.588010e-04 2.056641e+00 5.043417e-03 -2.565671e-01
9.999995e-01 1.672702e-04 9.069419e-04 2.491465e-04 2.080515e+00 -1.475698e-02 -2.977045e-01
9.999999e-01 2.354847e-04 1.364207e-04 4.421505e-04 2.067874e+00 6.175073e-03 -2.482434e-01
9.999992e-01 -1.226374e-03 3.337356e-04 1.541760e-04 2.063764e+00 -1.867083e-02 -3.052075e-01
9.999995e-01 6.718569e-04 6.838183e-04 2.171733e-04 2.087826e+00 -7.031932e-03 -2.402778e-01
9.999976e-01 -2.002469e-03 8.796913e-04 7.091052e-05 2.073253e+00 -1.495535e-02 -3.021768e-01
1.000000e+00 -2.598236e-04 -1.969805e-04 -3.261619e-06 2.073645e+00 1.290733e-03 -2.273619e-01
9.999979e-01 -1.852457e-03 -8.356930e-04 1.275070e-05 2.073146e+00 -1.714957e-02 -3.102852e-01
9.999938e-01 2.923173e-03 -1.976603e-03 -1.538480e-04 2.086775e+00 2.809590e-03 -2.829502e-01
9.999985e-01 6.662355e-04 1.616847e-03 -1.424515e-04 2.081680e+00 -1.434967e-02 -2.767432e-01
9.999989e-01 6.194962e-04 -1.322329e-03 -8.722472e-05 2.060497e+00 8.066597e-04 -3.106449e-01
9.999947e-01 2.160482e-03 -2.441479e-03 3.869176e-05 2.056993e+00 5.995069e-03 -2.688972e-01
9.999990e-01 -3.773664e-04 -1.330977e-03 -3.855630e-04 2.075002e+00 -1.296224e-03 -2.888608e-01
9.999890e-01 4.554771e-03 -1.142334e-03 -8.333660e-05 2.061892e+00 -3.147625e-03 -2.804356e-01
9.999970e-01 -2.242183e-03 9.415175e-04 -1.055687e-04 2.035332e+00 -1.136007e-02 -3.306025e-01
9.999989e-01 1.257087e-03 -7.109181e-04 -5.365173e-06 2.073108e+00 -6.631811e-03 -2.368247e-01
9.999943e-01 -2.364803e-03 2.367438e-03 5.652477e-04 2.029247e+00 -5.212161e-03 -3.343016e-01
9.999998e-01 -3.272775e-04 -3.814114e-04 3.364781e-04 2.035329e+00 -4.684440e-03 -2.609316e-01
9.999935e-01 -1.647563e-03 3.040966e-03 1.035334e-03 2.043644e+00 -3.746375e-03 -2.993499e-01
9.999997e-01 2.233357e-04 -5.885090e-04 4.227988e-04 2.021097e+00 -1.361629e-02 -2.750571e-01
9.999984e-01 -3.501292e-04 1.675140e-03 5.220849e-04 2.042572e+00 -6.087357e-03 -2.841612e-01
9.999946e-01 1.991550e-03 -2.628260e-03 7.549529e-05 2.037961e+00 -2.535275e-03 -2.569594e-01
9.999951e-01 -1.134430e-03 2.900673e-03 -9.357455e-05 2.062660e+00 -1.805862e-02 -2.637447e-01
9.999978e-01 7.543096e-04 -1.965776e-03 -1.141577e-04 2.019318e+00 -7.230175e-03 -2.683688e-01
9.999964e-01 -1.149378e-03 2.379200e-03 3.586598e-04 2.064612e+00 -1.458345e-02 -2.781156e-01
9.999954e-01 5.331859e-04 -2.972456e-03 -2.556030e-04 2.029410e+00 -4.824547e-03 -2.516555e-01
9.999958e-01 1.856109e-03 2.235386e-03 1.670027e-04 2.063713e+00 -1.901877e-02 -2.858659e-01
9.999990e-01 1.174863e-04 -1.428003e-03 -2.174961e-04 2.030752e+00 8.530583e-04 -2.475059e-01
9.999991e-01 1.182291e-03 5.957638e-04 6.705449e-05 2.065267e+00 -1.663161e-02 -2.489896e-01
9.999973e-01 -1.177559e-03 -2.006323e-03 -2.034972e-04 2.024841e+00 6.483328e-04 -2.790691e-01
9.999997e-01 3.844604e-04 -5.843034e-04 -1.069210e-04 2.049594e+00 -2.883651e-03 -2.551327e-01
9.999989e-01 2.531296e-04 -1.432629e-03 -2.792886e-04 2.030901e+00 -7.096158e-03 -2.894686e-01
9.999985e-01 1.413974e-03 1.024533e-03 -1.270268e-04 2.081558e+00 -6.370909e-03 -2.705157e-01
9.999990e-01 -1.239030e-03 6.748466e-04 8.004246e-05 2.016196e+00 3.743784e-03 -2.796840e-01
9.999995e-01 -9.255536e-04 2.743364e-04 5.538203e-05 2.052063e+00 -2.556585e-02 -2.596584e-01
9.999967e-01 -2.238926e-03 1.259291e-03 -1.620419e-04 2.064120e+00 -1.115187e-02 -2.902598e-01
9.999985e-01 8.295258e-04 1.495985e-03 -8.994826e-05 2.052715e+00 -1.757070e-02 -2.750609e-01
9.999983e-01 -8.551965e-04 1.629232e-03 -1.684243e-04 2.061717e+00 -7.181417e-03 -2.570826e-01
1.000000e+00 1.600825e-04 2.328884e-04 -9.421306e-05 2.057407e+00 -6.663793e-03 -2.390989e-01
9.999993e-01 -1.164785e-03 -1.766996e-04 -1.214031e-04 2.053838e+00 -7.818307e-03 -2.722992e-01
9.999998e-01 1.309494e-04 -5.532784e-04 -1.907068e-04 2.066667e+00 -1.114033e-02 -2.575227e-01
9.999987e-01 -1.110140e-03 1.179996e-03 -1.959010e-04 2.042976e+00 -1.567328e-02 -2.755162e-01
9.999989e-01 6.217992e-04 1.342413e-03 -4.309672e-05 2.087136e+00 -1.086219e-02 -2.220583e-01
9.999998e-01 1.537369e-04 6.106237e-04 2.264003e-04 2.066897e+00 -2.345073e-03 -2.824939e-01
9.999955e-01 -3.629253e-04 -2.952836e-03 -3.347296e-04 2.049924e+00 -9.961141e-03 -2.638739e-01
9.999956e-01 1.371287e-03 -2.623969e-03 -8.165337e-06 2.065509e+00 1.104910e-02 -2.294260e-01
9.999966e-01 1.696284e-03 -1.997243e-03 -9.317458e-05 2.051009e+00 5.975441e-03 -2.837682e-01
9.999993e-01 1.179735e-03 2.194167e-04 -1.464255e-04 2.073079e+00 -1.903894e-02 -3.044460e-01
9.999993e-01 8.011804e-04 -7.723281e-04 3.897947e-04 2.063376e+00 4.847353e-03 -2.562216e-01
9.999994e-01 3.385861e-04 1.044380e-03 -9.892609e-05 2.074114e+00 -1.713078e-02 -2.925643e-01
1.000000e+00 -2.283152e-04 6.327572e-05 1.377225e-04 2.054424e+00 -5.819431e-03 -2.568107e-01
9.999989e-01 1.972100e-04 1.475244e-03 6.786375e-05 2.076870e+00 -1.390267e-02 -2.443188e-01
9.999960e-01 -1.761212e-03 2.215167e-03 3.325466e-05 2.052711e+00 -2.959308e-02 -2.979122e-01
9.999971e-01 -1.414524e-03 1.939762e-03 2.094974e-04 2.072471e+00 -1.591534e-02 -2.304898e-01
9.999990e-01 -1.236049e-03 7.107975e-04 6.382575e-05 2.058958e+00 -5.352429e-03 -2.865883e-01
9.999994e-01 2.984229e-04 1.064925e-03 -1.526353e-04 2.063830e+00 -2.181010e-02 -2.217230e-01
9.999999e-01 -7.886598e-06 3.226259e-04 -3.712123e-04 2.040113e+00 -1.877950e-02 -2.476865e-01
9.999996e-01 -3.482493e-04 5.558451e-04 -5.216980e-04 2.052603e+00 -7.648536e-03 -2.584373e-01
9.999994e-01 -8.586492e-04 -4.202235e-04 -4.855002e-04 2.040133e+00 -1.804758e-02 -2.203591e-01
9.999996e-01 6.233313e-04 4.860002e-04 -4.363813e-04 2.055704e+00 -1.256913e-02 -2.446170e-01
9.999994e-01 5.514359e-05 1.014507e-03 -4.595145e-04 2.032712e+00 -1.057524e-02 -2.516610e-01
9.999990e-01 -1.293285e-03 4.908191e-04 -2.889352e-04 2.023068e+00 -7.887884e-03 -2.462050e-01
9.999970e-01 1.921051e-03 -1.390851e-03 -5.916167e-04 2.031233e+00 -7.063508e-03 -1.673050e-01
9.999861e-01 -4.627658e-03 -2.534178e-03 -1.593706e-04 1.996458e+00 -6.940941e-03 -3.283068e-01
9.999887e-01 4.729879e-03 -3.124279e-04 -7.088766e-05 2.051724e+00 4.019010e-04 -1.648403e-01
9.999990e-01 -7.718497e-04 1.090252e-03 4.571323e-04 1.995147e+00 -5.512944e-03 -3.259486e-01
9.999989e-01 1.454061e-03 -4.066195e-04 5.319614e-05 2.020319e+00 -1.352149e-02 -1.850916e-01
9.999972e-01 -2.253587e-03 -6.062091e-04 3.983904e-04 2.000514e+00 4.499195e-03 -2.482153e-01
9.999959e-01 2.323734e-05 -2.842148e-03 2.899888e-04 1.996873e+00 -1.200940e-02 -2.593234e-01
9.999992e-01 -8.889015e-04 -7.222520e-04 5.294889e-04 1.978880e+00 1.011902e-02 -2.661649e-01
9.999984e-01 7.434336e-04 -1.573346e-03 2.574760e-04 2.003265e+00 -1.244375e-02 -2.159729e-01
9.999950e-01 -2.660692e-03 1.583879e-03 5.925968e-04 1.967451e+00 -1.972743e-02 -3.785270e-01
9.999737e-01 5.324697e-03 4.852233e-03 8.430252e-04 2.014005e+00 1.968264e-02 -2.280419e-01
9.999653e-01 8.282451e-03 -8.655727e-04 1.477090e-04 1.989513e+00 -5.452023e-03 -2.214558e-01
9.999994e-01 -9.257896e-04 1.095062e-04 -6.343170e-04 1.960921e+00 -1.495796e-02 -2.644262e-01
9.999651e-01 -7.451478e-03 -3.774005e-03 1.516362e-04 1.972221e+00 -1.858045e-02 -1.487760e-01
9.999836e-01 -5.203314e-03 -2.056228e-03 1.172341e-03 1.964988e+00 9.819065e-04 -2.287161e-01
9.999893e-01 4.518510e-03 6.988218e-04 6.843200e-04 1.964459e+00 -9.626104e-06 -3.930864e-01
9.999932e-01 -5.516229e-05 3.606623e-03 8.055654e-04 1.972460e+00 -1.401260e-02 -2.580182e-01
9.999967e-01 3.511596e-04 -2.543982e-03 -1.091707e-04 1.952565e+00 7.295812e-03 -1.859534e-01
9.999964e-01 5.547196e-04 -2.630554e-03 -2.156542e-04 1.934309e+00 2.601360e-03 -3.174157e-01
9.999915e-01 -3.999283e-03 -1.028314e-03 8.810833e-05 1.965247e+00 -1.599194e-02 -2.339896e-01
9.999958e-01 2.848587e-03 -5.290855e-04 3.606343e-05 1.941834e+00 -4.250176e-03 -2.662350e-01
9.999960e-01 -8.394842e-04 2.660962e-03 4.722951e-04 1.930433e+00 -5.686519e-04 -3.590290e-01
9.999968e-01 2.448147e-03 7.026047e-04 -8.660995e-05 1.968776e+00 -5.488687e-03 -1.928066e-01
9.999993e-01 -7.333351e-04 -8.997034e-04 5.885148e-05 1.916523e+00 -6.678043e-03 -3.116060e-01
9.999993e-01 1.174789e-03 9.589990e-05 2.830882e-04 1.941032e+00 1.137523e-02 -2.451584e-01
9.999980e-01 -1.261953e-03 -1.479803e-03 -3.625768e-04 1.904571e+00 -2.206185e-02 -2.524988e-01
9.999984e-01 1.798254e-03 -1.532789e-04 1.038541e-04 1.915066e+00 9.821005e-03 -2.777927e-01
9.999993e-01 -8.363943e-04 -8.172510e-04 -1.615039e-04 1.894499e+00 -1.474901e-02 -2.742149e-01
9.999998e-01 5.996326e-04 -1.516281e-04 -6.699937e-05 1.915572e+00 1.742644e-03 -2.560066e-01
9.999981e-01 1.711927e-03 -9.212766e-04 -1.110498e-04 1.910173e+00 2.657348e-03 -2.825812e-01
9.999988e-01 9.049604e-04 1.238726e-03 3.311499e-04 1.900044e+00 -5.191394e-03 -2.776161e-01
9.999996e-01 -9.054978e-04 -1.920147e-04 2.419986e-05 1.877560e+00 -5.106383e-03 -2.663696e-01
9.999988e-01 1.314399e-03 -7.547086e-04 9.660135e-05 1.870005e+00 6.560996e-03 -2.403217e-01
9.999983e-01 -1.003452e-03 -1.587008e-03 9.399875e-05 1.871220e+00 -2.622105e-03 -2.705012e-01
9.998303e-01 1.834756e-03 -1.474662e-02 1.088074e-02 1.922061e+00 -9.380661e-01 -1.904816e-01
