1.0 0.0 0.0 0.0 0.0 0.0 0.0
9.999977e-01 1.925672e-04 -5.519833e-05 -2.134841e-03 3.910051e-01 -8.255263e-03 -5.329522e-03
9.999981e-01 2.326089e-04 2.191364e-04 -1.942421e-03 2.228326e-01 -2.345311e-03 -2.984728e-03
9.999976e-01 3.965251e-04 -6.588880e-05 -2.127173e-03 2.335352e-01 -6.791057e-03 -1.839557e-03
9.999966e-01 4.349352e-04 2.978660e-04 -2.570437e-03 2.308716e-01 -1.007334e-02 -6.847477e-03
9.999961e-01 3.510592e-04 5.740793e-05 -2.759252e-03 2.360229e-01 -1.247119e-02 -8.081577e-04
9.999963e-01 3.075667e-04 1.320079e-04 -2.694307e-03 2.495687e-01 -5.928758e-03 -2.746317e-03
9.999962e-01 2.196807e-04 1.162513e-04 -2.733554e-03 2.470740e-01 -7.739889e-03 -4.063083e-03
9.999954e-01 9.550038e-05 -1.574182e-04 -3.026318e-03 2.480316e-01 -5.658174e-03 -1.301366e-03
9.999965e-01 2.916993e-05 -5.388757e-04 -2.612298e-03 2.512094e-01 -1.069591e-02 -2.013209e-03
9.999965e-01 1.237168e-04 1.016015e-04 -2.616449e-03 2.518124e-01 -1.157445e-02 2.253337e-03
9.999959e-01 2.469706e-05 7.465685e-04 -2.758453e-03 2.708552e-01 -5.493003e-03 -6.916870e-03
9.999956e-01 -6.931221e-05 5.041229e-04 -2.919836e-03 2.597644e-01 -9.783482e-03 -2.744531e-03
9.999967e-01 -1.671242e-04 5.974152e-04 -2.504571e-03 2.710233e-01 -1.222060e-02 -9.218274e-04
9.999980e-01 -1.855215e-04 2.393328e-04 -1.987654e-03 2.697921e-01 -7.630303e-03 -5.221421e-03
9.999977e-01 6.283692e-06 -3.019459e-04 -2.120467e-03 2.710775e-01 -8.950750e-03 -1.457532e-03
9.999986e-01 2.209400e-04 -1.053551e-04 -1.659508e-03 2.833462e-01 -4.036078e-03 -2.106819e-03
9.999990e-01 -1.182522e-04 1.122398e-04 -1.373359e-03 2.734945e-01 -3.226464e-03 1.275327e-03
9.999990e-01 -2.080766e-04 -1.156090e-04 -1.416765e-03 2.782903e-01 -7.024537e-03 -8.046366e-03
9.999993e-01 -1.705589e-04 -2.870436e-04 -1.150603e-03 2.809951e-01 -1.311120e-03 1.220972e-03
9.999989e-01 -1.458913e-04 3.246282e-04 -1.436554e-03 2.878070e-01 -1.154172e-02 -1.649938e-03
9.999988e-01 -1.195678e-04 4.793937e-04 -1.473600e-03 2.911645e-01 -6.909452e-03 -8.558157e-04
9.999994e-01 -4.710935e-05 6.234088e-04 -9.617248e-04 3.026219e-01 -5.538525e-04 -1.080875e-03
9.999992e-01 -8.902274e-05 3.837893e-04 -1.168989e-03 2.985315e-01 -8.857673e-03 -3.660985e-03
9.999995e-01 -1.575968e-04 1.734023e-04 -9.647947e-04 3.069693e-01 -2.205646e-03 -1.098234e-03
9.999993e-01 -1.322314e-04 -2.529539e-04 -1.156601e-03 3.247078e-01 -6.102144e-03 -3.728948e-03
9.999992e-01 6.530391e-05 -5.043187e-04 -1.158385e-03 3.222563e-01 -3.707247e-03 2.797115e-04
9.999993e-01 1.469852e-04 -2.982222e-04 -1.091551e-03 3.326889e-01 -5.603017e-03 -2.054507e-03
9.999996e-01 4.402512e-05 1.752091e-04 -8.811306e-04 3.411820e-01 -3.852820e-03 8.857191e-04
9.999997e-01 -9.611952e-05 4.626095e-04 -5.902057e-04 3.573193e-01 -4.720210e-03 6.826203e-04
9.999995e-01 -2.445540e-04 6.630691e-04 -6.454759e-04 3.573692e-01 -2.562650e-03 -4.010526e-03
9.999999e-01 -2.810257e-04 2.288289e-04 -4.385431e-04 3.641579e-01 -7.259918e-03 -5.415817e-03
9.999999e-01 -2.486137e-04 1.235509e-04 -1.543232e-04 3.797458e-01 -3.620290e-03 -3.149084e-03
1.000000e+00 -8.614972e-05 -1.131992e-04 -6.829782e-05 3.796751e-01 -4.442508e-03 1.914341e-03
9.999996e-01 -8.956045e-04 1.058021e-04 -1.669050e-04 3.924671e-01 1.378490e-03 -1.469700e-03
9.999998e-01 -6.129119e-04 -1.423470e-04 -1.852159e-04 4.013426e-01 -5.966382e-03 -2.573010e-03
9.999998e-01 -3.853786e-04 4.772258e-04 -4.585347e-05 4.053095e-01 -6.268189e-04 -4.678544e-03
9.999999e-01 -2.247652e-04 -2.941681e-04 -2.869667e-04 4.076251e-01 -5.559385e-03 -4.739593e-03
9.999999e-01 -1.028482e-05 -4.442522e-04 -2.679940e-04 4.209505e-01 -3.253027e-03 -7.851832e-04
9.999996e-01 -8.530809e-04 -3.222349e-04 -7.679084e-05 4.194126e-01 -1.519762e-04 -4.097937e-03
9.999994e-01 -8.605645e-04 -6.210468e-04 -2.281217e-04 4.489917e-01 2.636340e-03 -6.845470e-03
9.999999e-01 -2.364430e-04 2.909235e-04 4.373791e-07 4.396386e-01 -3.586027e-03 1.627754e-03
1.000000e+00 7.002381e-05 -1.731683e-04 5.091382e-05 4.465185e-01 -6.554606e-03 -9.498026e-03
9.999997e-01 3.096960e-06 7.536138e-04 -2.193876e-04 4.591761e-01 -7.232028e-03 -3.765694e-03
9.999995e-01 -2.157802e-04 -9.673799e-04 -1.884756e-04 4.686459e-01 1.814746e-03 -1.037253e-02
9.999996e-01 1.173914e-05 -7.635284e-04 3.364637e-04 4.743163e-01 -6.083118e-03 -7.912701e-03
9.999997e-01 4.588720e-04 -4.653182e-04 5.252390e-04 4.872164e-01 3.793028e-03 -1.158002e-02
9.999997e-01 5.018281e-04 1.322211e-04 4.688305e-04 4.895936e-01 -2.949939e-03 -3.969655e-04
1.000000e+00 8.550950e-05 -5.953628e-05 3.906308e-04 4.950571e-01 -3.808872e-03 -4.769338e-03
9.999996e-01 7.971144e-04 9.981677e-05 4.427917e-04 5.099562e-01 -3.892694e-03 -1.129375e-02
9.999978e-01 2.113330e-03 -5.105415e-05 1.146917e-04 5.155977e-01 2.056650e-03 -8.697912e-03
9.999972e-01 2.290097e-03 -3.955422e-04 3.022737e-04 5.125084e-01 -1.907262e-03 -1.264341e-03
9.999990e-01 1.104009e-03 4.380682e-04 7.139571e-04 5.146345e-01 -3.002837e-03 2.363665e-03
9.999994e-01 5.207241e-04 9.855952e-04 1.924266e-04 5.088678e-01 -4.361624e-03 -6.637315e-03
9.999999e-01 -4.416354e-05 3.577851e-04 3.372109e-04 5.104256e-01 -8.740957e-03 -4.181096e-03
9.999997e-01 -7.142562e-05 -1.945020e-04 8.315838e-04 5.151863e-01 -9.472149e-04 -5.502813e-03
9.999996e-01 -1.196706e-04 -6.783272e-05 8.025437e-04 5.059158e-01 -3.275429e-03 2.123752e-03
9.999996e-01 2.834551e-04 -1.368972e-04 8.581419e-04 5.091829e-01 -6.912539e-03 9.621118e-04
9.999989e-01 -8.771752e-06 9.836759e-04 1.075621e-03 5.139398e-01 -6.723212e-04 2.343649e-03
9.999994e-01 2.769862e-04 5.790135e-04 9.016269e-04 5.138444e-01 -1.096761e-02 -5.050309e-04
9.999996e-01 5.825240e-04 4.785204e-04 5.455674e-04 5.025130e-01 -1.068296e-02 -3.889129e-03
9.999997e-01 9.491017e-05 5.033824e-06 7.048854e-04 5.092364e-01 -6.554592e-03 4.929847e-03
9.999995e-01 -1.061094e-04 6.249616e-04 7.735295e-04 5.094376e-01 1.663847e-04 5.722327e-03
9.999989e-01 -1.263838e-03 -1.911576e-05 8.203934e-04 4.921421e-01 3.032701e-04 -1.167084e-02
9.999988e-01 -1.393896e-03 -4.388001e-05 6.620752e-04 4.972966e-01 -7.812976e-03 2.223642e-03
9.999985e-01 -1.489789e-03 -2.149963e-04 9.056390e-04 4.985768e-01 3.690895e-03 -1.927098e-03
9.999979e-01 -1.760572e-03 -8.975228e-04 5.820304e-04 4.887892e-01 -2.811387e-03 -2.787811e-04
9.999980e-01 -1.599501e-03 8.496157e-04 8.924370e-04 4.940788e-01 -5.951296e-03 -3.589751e-03
9.999995e-01 -7.488654e-04 -3.881589e-04 6.443094e-04 4.881051e-01 -6.714177e-03 7.424762e-04
9.999999e-01 -3.373749e-04 2.238341e-05 2.820709e-04 4.913851e-01 -3.610052e-04 -2.154507e-02
9.999995e-01 -1.674362e-04 -9.025524e-04 4.489814e-04 4.868206e-01 -2.294068e-04 2.548390e-03
9.999997e-01 -2.586828e-04 -6.609148e-04 1.311023e-04 4.798629e-01 -1.989687e-03 -1.621483e-02
9.999999e-01 5.035199e-05 -2.263941e-04 2.387312e-04 4.787713e-01 -7.056292e-03 2.695666e-03
9.999999e-01 -2.288230e-04 3.073575e-04 1.748358e-04 4.641513e-01 -1.013148e-02 -1.478884e-02
9.999999e-01 -1.022074e-04 -1.857747e-04 2.830837e-04 4.774295e-01 -2.680030e-03 -9.782258e-03
9.999998e-01 -5.156500e-04 2.999345e-04 1.559577e-04 4.637980e-01 -1.189016e-02 -4.867367e-03
9.999994e-01 -7.823002e-04 -6.271693e-04 3.782079e-04 4.675928e-01 4.751491e-03 -1.741435e-02
9.999999e-01 -3.895480e-04 1.840416e-04 -3.385478e-05 4.631077e-01 -9.245510e-03 -1.515624e-03
9.999996e-01 -2.804092e-04 7.922535e-04 3.131519e-04 4.714254e-01 -3.781420e-03 -1.548732e-02
1.000000e+00 1.751421e-04 3.017436e-04 6.066093e-05 4.580805e-01 -5.959111e-03 -5.767153e-03
9.999999e-01 -1.428310e-04 4.999880e-04 1.029463e-04 4.663568e-01 -4.646016e-03 -8.421452e-03
9.999998e-01 5.349039e-04 2.763810e-04 1.727040e-04 4.475093e-01 -1.329560e-02 -1.311845e-02
9.999998e-01 2.640553e-04 -3.093825e-04 -3.669499e-04 4.580142e-01 -4.937261e-04 -5.756986e-03
9.999999e-01 -2.302061e-04 -4.808909e-04 2.292913e-04 4.480660e-01 -1.495249e-02 -1.389106e-02
9.999999e-01 1.080895e-04 4.350148e-04 2.989159e-04 4.590420e-01 2.431966e-03 -2.407409e-03
1.000000e+00 -3.640478e-05 -1.459069e-04 5.852211e-05 4.503275e-01 -1.352141e-03 -7.778787e-03
9.999999e-01 -4.143075e-04 2.006342e-04 -3.600052e-05 4.516670e-01 -5.794826e-03 -1.819732e-02
9.999999e-01 -9.707468e-05 -3.042320e-04 2.980991e-04 4.445994e-01 -7.219516e-03 -4.819069e-03
1.000000e+00 1.471057e-04 -7.308741e-05 1.549913e-04 4.455595e-01 -4.830173e-03 -9.493752e-03
1.000000e+00 6.841931e-05 -2.167240e-04 2.196146e-05 4.414675e-01 -7.636110e-03 -5.942432e-03
9.999999e-01 -3.893071e-04 -1.743180e-04 1.466689e-04 4.444682e-01 -3.154675e-03 -9.873627e-03
9.999999e-01 1.019356e-04 -4.267475e-04 3.352245e-05 4.452357e-01 -4.162926e-04 -1.360985e-02
9.999997e-01 4.759771e-04 -5.663686e-04 4.954949e-05 4.436789e-01 -2.532083e-03 -9.865039e-03
9.999999e-01 -2.057435e-04 -4.001334e-04 -3.238241e-05 4.255876e-01 -1.166617e-02 -3.494430e-03
9.999998e-01 -6.127839e-04 1.451540e-04 5.860256e-05 4.359297e-01 -4.266534e-04 -1.014288e-02
9.999999e-01 -2.895600e-04 2.947156e-04 1.172948e-04 4.469887e-01 -6.279449e-03 -1.485251e-02
9.999999e-01 -2.681009e-04 3.008856e-04 1.075255e-04 4.307007e-01 -7.058943e-03 -9.991816e-03
9.999995e-01 -7.812576e-04 -1.859710e-04 4.660765e-04 4.262208e-01 -5.498807e-03 -1.177723e-02
9.999994e-01 -1.395161e-04 -5.243425e-04 9.380455e-04 4.344501e-01 4.152928e-03 -1.195424e-02
9.999992e-01 5.685123e-04 1.743214e-04 1.113855e-03 4.292015e-01 -4.173004e-05 -6.035367e-03
9.999984e-01 8.882177e-04 4.113071e-04 1.528098e-03 4.322940e-01 -5.712043e-03 -5.673093e-03
9.999988e-01 4.566196e-04 4.924707e-04 1.354325e-03 4.226799e-01 2.950233e-04 -1.171758e-02
9.999991e-01 2.833126e-07 1.598355e-04 1.326708e-03 4.254731e-01 -1.084292e-03 -1.677354e-02
9.999987e-01 2.017935e-04 -7.820255e-04 1.400036e-03 4.241553e-01 -1.071379e-03 -1.482760e-02
9.999988e-01 -1.077462e-04 -1.026642e-03 1.117653e-03 4.278366e-01 1.378835e-02 -1.012508e-02
9.999985e-01 -5.256932e-04 -6.299543e-04 1.539716e-03 4.142286e-01 -2.497030e-03 -1.135550e-02
9.999990e-01 -8.123832e-04 -2.821618e-04 1.154128e-03 4.130660e-01 -5.196094e-03 5.578256e-03
9.999990e-01 -1.730752e-04 7.492767e-04 1.161299e-03 4.113206e-01 -8.944874e-03 -1.745689e-02
9.999990e-01 4.427917e-04 8.339909e-04 1.103563e-03 4.263055e-01 5.486014e-03 -7.699103e-03
9.999990e-01 -3.480635e-05 -1.025875e-03 1.016434e-03 4.087162e-01 -5.253265e-03 -2.411286e-02
9.999994e-01 -6.760717e-04 -5.932966e-04 5.683928e-04 4.047355e-01 -7.147327e-03 -8.105561e-03
9.999992e-01 -6.251032e-04 -1.120025e-03 2.260064e-04 4.132711e-01 1.041318e-03 -1.279254e-02
1.000000e+00 -5.806378e-05 1.452844e-04 1.878744e-04 4.121747e-01 -2.252667e-03 -4.623492e-03
9.999996e-01 -4.018532e-04 6.383965e-04 4.470825e-04 4.019262e-01 -6.150155e-03 -1.361183e-02
9.999997e-01 -6.689134e-04 1.831548e-04 2.131238e-04 3.934170e-01 -5.365956e-03 -1.595367e-02
9.999990e-01 -6.931265e-04 -1.166099e-03 -3.453412e-04 3.979481e-01 -2.622040e-03 -2.233463e-02
9.999991e-01 -2.589966e-04 -1.273941e-03 -2.560497e-04 3.996122e-01 1.242723e-03 -1.307890e-02
9.999995e-01 -5.118252e-04 -9.135345e-04 -1.338046e-05 3.778743e-01 -7.120221e-03 -1.695819e-02
9.999998e-01 -3.587604e-05 -5.714649e-04 1.676993e-04 3.923047e-01 -7.505250e-04 -1.636661e-02
9.999999e-01 2.749072e-04 -1.795238e-04 4.130054e-05 3.700631e-01 -1.221748e-02 -9.757697e-03
9.999997e-01 7.444714e-04 -2.539567e-04 2.160470e-04 3.773899e-01 -1.311572e-02 -1.755575e-02
9.999968e-01 2.521273e-03 1.382560e-04 -3.570890e-05 3.871239e-01 1.958493e-03 -2.519556e-02
9.999927e-01 2.981161e-03 -2.386505e-03 -2.637625e-04 3.792793e-01 8.601299e-03 3.586917e-03
9.999980e-01 1.036539e-03 -1.702357e-03 -9.320035e-05 3.648134e-01 8.502580e-05 -1.877745e-02
9.999999e-01 -7.013453e-05 -4.528485e-04 6.591572e-05 3.579051e-01 -1.068334e-03 -2.250903e-02
1.000000e+00 -7.424611e-05 8.938947e-05 -1.341029e-04 3.622860e-01 -7.203553e-03 -1.108537e-02
1.000000e+00 -2.375058e-05 8.701990e-06 -5.032059e-05 3.524750e-01 -2.373548e-03 -3.042780e-02
1.000000e+00 2.281334e-04 -1.835508e-04 -9.912968e-05 3.482054e-01 -7.402437e-03 -4.814619e-03
9.999997e-01 -6.297181e-04 -4.808569e-04 -8.398531e-05 3.334618e-01 -5.290504e-03 -2.385738e-02
9.999966e-01 -2.347070e-03 -1.120605e-03 -2.865864e-04 3.407217e-01 4.227254e-03 -1.752577e-02
9.999995e-01 -7.202380e-04 -7.168589e-04 1.019388e-04 3.407722e-01 -7.872329e-03 -9.789028e-03
9.999993e-01 1.180091e-03 -8.238742e-05 3.162340e-04 3.416169e-01 -4.550633e-03 1.724473e-03
9.999995e-01 7.426059e-04 6.684636e-04 -1.802313e-04 3.329510e-01 1.001835e-03 -3.330835e-02
9.999996e-01 -7.261381e-04 8.516106e-05 -4.010641e-04 3.284666e-01 -1.260659e-02 -1.124682e-02
9.999993e-01 -1.172588e-03 -6.035811e-05 1.600288e-04 3.298941e-01 1.448898e-03 -2.262782e-02
1.000000e+00 -3.117289e-04 -4.479959e-05 6.214268e-05 3.319048e-01 -1.409096e-02 -1.170859e-02
9.999999e-01 3.255123e-04 4.152963e-04 -7.957254e-05 3.385765e-01 1.110643e-03 -9.712669e-03
9.999997e-01 2.363937e-04 7.866674e-04 -1.465004e-04 3.331569e-01 -1.363509e-02 -1.746685e-02
9.999999e-01 -1.950289e-05 2.492572e-04 -6.194162e-05 3.365332e-01 4.043824e-03 -1.414944e-02
9.999998e-01 -3.591623e-04 5.058687e-04 -2.013631e-04 3.376081e-01 -5.111081e-03 -2.332460e-02
1.000000e+00 -1.404092e-04 -3.108453e-04 8.869535e-07 3.455380e-01 2.137899e-03 -1.699075e-02
1.000000e+00 -7.789982e-05 -1.408759e-04 -1.488817e-04 3.404306e-01 -1.037865e-02 -9.064598e-03
9.999996e-01 3.414784e-06 8.794080e-04 2.013911e-04 3.493889e-01 2.652259e-03 -2.291331e-02
9.999997e-01 3.275972e-04 6.552879e-04 -1.672566e-04 3.599456e-01 -1.398868e-02 -6.592660e-03
9.999996e-01 4.073420e-04 7.116174e-04 -2.152260e-04 3.617353e-01 -9.213610e-03 -1.557992e-02
9.999945e-01 2.511479e-03 2.147912e-03 -3.517128e-05 3.732830e-01 -1.868918e-02 1.827486e-03
9.999939e-01 3.473827e-03 3.334061e-04 -1.625896e-04 3.719970e-01 4.696898e-03 -1.026466e-02
9.999994e-01 6.597991e-04 4.901215e-04 -6.969392e-04 3.684139e-01 -4.795523e-03 -2.849484e-02
9.999983e-01 -1.788415e-03 -3.230885e-04 -4.213581e-04 3.651665e-01 -1.961586e-03 -1.902199e-02
9.999990e-01 -1.338838e-03 -2.584069e-04 -3.730028e-04 3.739805e-01 9.587353e-04 -1.797044e-02
9.999990e-01 -1.181006e-03 4.054307e-04 -5.814278e-04 3.814156e-01 -9.413097e-03 -1.606564e-02
9.999986e-01 -1.563220e-03 -3.445346e-04 -5.599884e-04 3.882372e-01 -3.680037e-03 -9.805654e-03
9.999946e-01 -3.274419e-03 1.352873e-04 -3.830829e-04 3.808918e-01 3.373722e-03 3.661541e-03
9.999883e-01 -4.747701e-03 -3.203424e-04 -9.270116e-04 3.938381e-01 -1.190321e-02 -1.787803e-02
9.999993e-01 -2.239493e-04 6.611475e-04 -9.023152e-04 3.999612e-01 -1.692439e-02 -6.686172e-03
9.999943e-01 3.162864e-03 5.103230e-04 -1.128577e-03 4.155487e-01 -8.953710e-03 -2.232967e-02
9.999973e-01 2.031448e-03 2.211584e-04 -1.096290e-03 4.061302e-01 -5.444996e-03 -2.058152e-02
9.999988e-01 -2.464548e-05 -9.566094e-04 -1.237014e-03 3.996614e-01 -6.685536e-03 -2.592379e-02
9.999970e-01 -2.708430e-04 -1.371995e-03 -2.018396e-03 4.069752e-01 -1.159872e-02 -1.634090e-02
9.999966e-01 1.211999e-05 -8.277348e-04 -2.491837e-03 4.068513e-01 -1.306620e-02 -2.229301e-02
9.999962e-01 8.788384e-04 -4.612737e-04 -2.554388e-03 4.062172e-01 -1.503403e-02 -9.554108e-03
9.999959e-01 2.248045e-04 -2.087645e-04 -2.831043e-03 4.107417e-01 -8.704937e-03 -2.250797e-02
9.999939e-01 -1.588252e-04 -5.332385e-04 -3.436692e-03 4.127709e-01 -1.702509e-02 -1.793698e-02
9.999922e-01 3.363205e-04 1.063275e-03 -3.796372e-03 4.133004e-01 -2.250673e-02 -6.462327e-03
9.999874e-01 1.449061e-03 -3.379210e-04 -4.784456e-03 4.040995e-01 -2.124461e-02 -3.193105e-02
9.999842e-01 9.206085e-04 6.350356e-04 -5.509959e-03 4.150690e-01 -2.617024e-02 8.399449e-04
9.999791e-01 8.197482e-04 -1.152423e-03 -6.306275e-03 4.119907e-01 -1.870934e-02 -3.811575e-02
9.999738e-01 7.040296e-04 -5.092072e-04 -7.191987e-03 4.023918e-01 -3.463129e-02 -1.335925e-02
9.999663e-01 1.095837e-03 -1.101175e-03 -8.059705e-03 4.053344e-01 -2.642175e-02 -2.316319e-02
9.999650e-01 1.256277e-04 5.904228e-04 -8.351299e-03 3.911773e-01 -3.021421e-02 -3.619215e-03
9.999582e-01 -6.857390e-04 3.921295e-04 -9.112303e-03 3.896231e-01 -4.695206e-02 -1.821758e-02
9.999516e-01 -3.379679e-04 8.654555e-04 -9.791339e-03 3.943886e-01 -2.329337e-02 -3.201561e-02
9.999499e-01 4.629554e-04 -1.214629e-04 -9.996019e-03 4.091532e-01 -4.082737e-02 3.405207e-03
9.999417e-01 -1.676874e-05 4.281783e-04 -1.078918e-02 3.783587e-01 -3.366711e-02 -2.207156e-02
9.999380e-01 4.436794e-05 -1.639464e-03 -1.101529e-02 3.874333e-01 -2.936201e-02 -3.989554e-02
9.999357e-01 -1.094802e-03 -3.370662e-03 -1.076919e-02 3.738881e-01 -4.250479e-03 -4.659954e-03
9.999415e-01 -1.009291e-03 2.047623e-03 -1.057012e-02 3.843028e-01 -2.869414e-02 6.959892e-03
9.999251e-01 -1.787917e-03 4.460742e-03 -1.125683e-02 3.719401e-01 -5.264289e-02 -5.059045e-03
9.999326e-01 2.590109e-04 9.340554e-04 -1.156610e-02 3.803396e-01 -3.680287e-02 -7.434637e-02
9.999441e-01 8.579063e-04 -2.064947e-03 -1.033311e-02 3.815132e-01 -4.325251e-03 5.317956e-03
9.999508e-01 -6.855439e-04 -1.552905e-03 -9.771028e-03 3.536449e-01 -1.526535e-02 -1.959465e-03
9.999402e-01 8.114834e-05 -1.610614e-03 -1.081244e-02 3.519790e-01 -2.832725e-02 -3.668975e-02
9.999352e-01 1.314291e-03 -1.448856e-03 -1.121473e-02 3.817871e-01 -1.742593e-02 -3.567593e-02
9.999535e-01 -4.582144e-04 3.274232e-04 -9.632222e-03 3.626476e-01 -1.435802e-02 1.285740e-02
9.999530e-01 -2.300545e-03 1.499729e-03 -9.295395e-03 3.428561e-01 -2.988130e-02 -2.933612e-02
9.999362e-01 -3.878546e-03 -9.864531e-05 -1.060530e-02 3.388037e-01 -3.491814e-02 -2.347021e-02
9.999435e-01 -1.469712e-03 -1.705823e-03 -1.039661e-02 3.642540e-01 -2.128256e-02 -1.136127e-02
9.999584e-01 1.043826e-03 -1.792196e-04 -9.066023e-03 3.474574e-01 -1.857277e-02 -3.707360e-02
9.999487e-01 2.349616e-03 4.832136e-05 -9.853901e-03 3.427269e-01 -2.009793e-02 -2.011437e-02
9.999532e-01 5.073608e-04 -9.984879e-05 -9.663259e-03 3.501988e-01 -1.759738e-02 -2.889342e-02
9.999599e-01 -3.223920e-05 -4.825264e-04 -8.941549e-03 3.451844e-01 -1.641446e-02 -1.581094e-02
9.999619e-01 -1.716137e-04 8.183436e-05 -8.726239e-03 3.361216e-01 -1.446363e-02 -2.007562e-02
9.999654e-01 -3.136468e-04 8.183262e-04 -8.268618e-03 3.401205e-01 -2.364979e-02 -2.232141e-02
9.999738e-01 1.541054e-04 2.754479e-04 -7.237910e-03 3.358394e-01 -1.546268e-02 -2.203010e-02
9.999775e-01 -1.487759e-04 -6.449267e-05 -6.702677e-03 3.350467e-01 -1.254070e-02 -3.963277e-02
9.999761e-01 1.006640e-03 -8.174660e-04 -6.784046e-03 3.299405e-01 -1.667270e-02 -1.908107e-02
9.999767e-01 6.984640e-04 -1.203426e-03 -6.678034e-03 3.334753e-01 1.281372e-04 -2.901923e-02
9.999829e-01 1.756401e-04 -3.777042e-04 -5.837620e-03 3.419261e-01 -1.251834e-02 -2.319370e-03
9.999836e-01 -4.450373e-04 2.199058e-04 -5.701344e-03 3.237516e-01 -2.120417e-02 -2.996620e-02
9.999845e-01 -6.148588e-04 -1.378056e-04 -5.523842e-03 3.333823e-01 -1.281415e-02 -2.342606e-02
9.999865e-01 -1.028723e-03 1.656340e-04 -5.092114e-03 3.264974e-01 -5.614564e-03 -2.405221e-02
9.999867e-01 -7.695911e-04 -2.794178e-04 -5.083913e-03 3.244761e-01 -1.794825e-02 -2.457173e-02
9.999894e-01 -6.004517e-04 -5.176442e-05 -4.568709e-03 3.284266e-01 -9.339483e-03 -2.466277e-02
9.999903e-01 -8.904096e-04 -7.432547e-04 -4.241766e-03 3.269009e-01 -1.348908e-02 -3.289797e-02
9.999889e-01 4.113083e-04 -1.338959e-03 -4.504167e-03 3.319962e-01 -1.186030e-02 -2.960499e-02
9.999915e-01 -1.267753e-04 -1.036004e-03 -3.994365e-03 3.245958e-01 -8.234671e-03 -2.017012e-02
9.999946e-01 -3.406363e-04 -5.205545e-04 -3.239024e-03 3.211124e-01 -3.770744e-03 -1.899220e-02
9.999935e-01 -1.338361e-03 1.192637e-04 -3.334028e-03 3.411688e-01 -4.007259e-03 -2.971700e-02
9.999959e-01 -6.028189e-04 7.416798e-05 -2.786152e-03 3.278637e-01 -1.693529e-02 -2.771114e-02
9.999970e-01 -5.454593e-04 2.828377e-04 -2.358710e-03 3.350592e-01 -2.360160e-03 -3.834479e-02
9.999978e-01 2.078870e-04 -4.593449e-04 -2.060900e-03 3.461547e-01 -2.076320e-03 -2.451379e-02
9.999981e-01 -4.029192e-04 1.632711e-04 -1.891854e-03 3.393499e-01 -9.798970e-03 -3.465046e-02
9.999986e-01 -7.466496e-05 -5.602209e-04 -1.614614e-03 3.459217e-01 -4.701014e-03 -3.092139e-02
9.999987e-01 -5.532969e-04 9.098263e-05 -1.499958e-03 3.492016e-01 -2.121390e-03 -3.142906e-02
9.999995e-01 -5.862366e-04 -2.446626e-04 -7.826719e-04 3.327771e-01 -8.104168e-03 -3.432481e-02
9.999993e-01 3.051627e-04 -9.795886e-05 -1.132482e-03 3.412139e-01 -3.821506e-03 -3.296853e-02
9.999990e-01 -2.311727e-04 -4.428175e-04 -1.300143e-03 3.483272e-01 -5.907706e-03 -4.026561e-02
9.999998e-01 -1.102561e-05 -5.082159e-04 -4.841231e-04 3.422621e-01 -4.160128e-04 -2.233417e-02
9.999998e-01 -2.799758e-04 -5.321676e-05 -5.187274e-04 3.388946e-01 -3.591268e-03 -4.068489e-02
9.999999e-01 -5.458532e-05 2.217770e-04 -1.805078e-04 3.373101e-01 -1.192577e-04 -2.443063e-02
1.000000e+00 -1.959897e-04 -1.404506e-05 -1.662910e-04 3.371818e-01 -7.515470e-03 -4.097203e-02
1.000000e+00 8.043390e-05 -9.460365e-06 -2.968685e-05 3.295532e-01 -1.588084e-03 -3.387175e-02
9.999999e-01 2.175143e-04 -2.501244e-04 -2.059926e-04 3.295995e-01 7.274500e-03 -3.628390e-02
1.000000e+00 -9.341364e-06 4.101022e-05 -2.572448e-04 3.254342e-01 -1.300307e-02 -3.044671e-02
1.000000e+00 -1.189156e-04 -2.676717e-05 -1.138804e-04 3.227071e-01 -5.349436e-03 -2.868620e-02
9.999998e-01 -3.548444e-04 3.709817e-04 -2.595921e-04 3.114687e-01 -6.748583e-04 -3.790181e-02
1.000000e+00 2.721623e-04 -7.681290e-05 -2.264065e-05 3.014980e-01 -4.927339e-03 -2.546541e-02
9.999998e-01 -3.678505e-04 3.057420e-04 -2.878675e-04 3.106517e-01 1.508053e-03 -3.595752e-02
9.999998e-01 5.356560e-04 -4.214475e-04 -4.386950e-05 3.012787e-01 -5.217215e-03 -2.837226e-02
1.000000e+00 -3.658715e-05 -2.088543e-04 -7.987135e-05 3.050225e-01 -2.588603e-03 -3.618072e-02
9.999999e-01 -2.949128e-05 -1.350680e-05 3.968754e-04 2.907314e-01 1.826372e-03 -2.210950e-02
1.000000e+00 -1.758715e-04 6.851010e-05 2.139697e-04 2.884458e-01 -4.498080e-03 -3.763945e-02
9.999999e-01 -2.205864e-04 -2.953338e-04 3.291986e-04 2.894231e-01 1.155818e-03 -2.352240e-02
9.999997e-01 -2.567434e-04 1.120333e-04 6.468418e-04 2.868018e-01 -2.359917e-03 -3.015411e-02
9.999999e-01 5.032698e-04 -1.584924e-04 1.205003e-04 2.644445e-01 -6.542395e-03 -3.484489e-02
9.999997e-01 4.495856e-04 -4.683109e-04 2.811955e-04 2.871756e-01 7.537931e-03 -2.501768e-02
9.999996e-01 -1.476112e-04 -3.139288e-04 8.000344e-04 2.776811e-01 -8.012542e-03 -2.834436e-02
9.999996e-01 3.107008e-04 1.710990e-04 7.644923e-04 2.603738e-01 8.801539e-03 -2.531307e-02
1.000000e+00 -1.611417e-04 3.142058e-05 2.008202e-04 2.686619e-01 -5.769884e-03 -2.740008e-02
9.999998e-01 9.611159e-05 -1.990266e-04 6.229819e-04 2.646999e-01 2.991111e-03 -2.917525e-02
1.000000e+00 -6.038907e-05 3.914470e-05 1.571022e-04 2.593707e-01 -6.413347e-03 -2.831784e-02
9.999997e-01 5.124293e-04 -5.426931e-04 3.985401e-04 2.495894e-01 -8.268455e-04 -3.052061e-02
9.999998e-01 1.921928e-04 -7.511724e-05 5.103792e-04 2.517548e-01 -4.061872e-03 -2.324771e-02
9.999998e-01 -7.971462e-05 -3.424527e-04 4.472473e-04 2.499151e-01 1.340190e-03 -3.019479e-02
9.999999e-01 -2.372338e-05 -3.594487e-04 1.785942e-04 2.373239e-01 1.078025e-03 -2.293503e-02
9.999998e-01 -2.843960e-04 -5.009520e-04 2.981141e-04 2.492136e-01 1.557891e-03 -2.253837e-02
9.999999e-01 -5.575315e-05 -3.917576e-04 2.960344e-04 2.412350e-01 -3.529103e-03 -3.245688e-02
9.999999e-01 2.898886e-05 1.456545e-04 2.591594e-04 2.355244e-01 1.083574e-03 -2.150323e-02
9.999999e-01 1.545806e-04 -3.600317e-04 3.561602e-04 2.473157e-01 -4.421643e-03 -3.167130e-02
9.999999e-01 4.822072e-05 3.290696e-04 3.024313e-04 2.416458e-01 1.956619e-03 -2.087309e-02
9.999999e-01 -4.865433e-05 8.839600e-05 3.089301e-04 2.254090e-01 -2.272806e-03 -3.059919e-02
1.000000e+00 1.138915e-04 -1.432582e-04 -3.591525e-05 2.417793e-01 -3.223717e-03 -2.674003e-02
9.999999e-01 8.907633e-05 -2.798501e-04 6.743612e-05 2.404305e-01 -3.032008e-03 -2.099597e-02
9.999999e-01 -8.022177e-05 -1.900103e-05 3.874269e-04 2.336085e-01 2.901930e-03 -2.975353e-02
1.000000e+00 1.569264e-04 -2.120176e-04 -3.062326e-05 2.332203e-01 -4.384478e-03 -2.767960e-02
9.999999e-01 -3.706767e-05 -3.197778e-04 2.149824e-04 2.393095e-01 -2.463296e-03 -2.790708e-02
9.999999e-01 3.449470e-04 -9.860166e-05 9.960930e-05 2.372948e-01 -7.062938e-04 -2.411664e-02
9.999999e-01 4.026462e-04 -1.350592e-04 -2.817251e-04 2.348497e-01 -2.861235e-03 -2.982095e-02
1.000000e+00 1.788874e-05 1.192717e-04 -3.035640e-04 2.364830e-01 2.172243e-03 -1.986994e-02
9.999999e-01 -7.937973e-05 -1.321720e-04 -3.708851e-04 2.366656e-01 -3.910570e-03 -3.393540e-02
9.999998e-01 -3.213612e-05 -3.806514e-06 -5.690268e-04 2.358060e-01 -3.651603e-03 -2.106121e-02
9.999998e-01 -3.906210e-05 2.130818e-04 -6.107449e-04 2.333220e-01 -4.434495e-03 -2.829490e-02
9.999997e-01 3.919929e-04 -2.345514e-04 -6.040540e-04 2.342904e-01 -2.790180e-03 -2.731724e-02
9.999996e-01 -1.452278e-04 2.427180e-04 -8.165098e-04 2.427558e-01 -4.994051e-03 -2.683694e-02
9.999999e-01 1.268437e-04 1.328477e-04 -5.438347e-04 2.404628e-01 -8.613617e-03 -2.441327e-02
9.999995e-01 -1.460454e-04 1.355974e-04 -9.920200e-04 2.364259e-01 -6.003452e-03 -2.586399e-02
9.999994e-01 1.682173e-04 -1.907462e-04 -1.057441e-03 2.498545e-01 2.200319e-03 -3.463547e-02
9.999995e-01 2.630435e-04 4.677742e-05 -9.624017e-04 2.414277e-01 -5.274007e-03 -2.481816e-02
9.999993e-01 2.009166e-05 -4.892211e-04 -1.031220e-03 2.488387e-01 -5.546326e-04 -2.981843e-02
9.999993e-01 -5.276003e-05 -5.075968e-05 -1.215266e-03 2.572331e-01 -1.130599e-02 -2.409060e-02
9.999995e-01 -2.037754e-04 -6.145530e-05 -1.003397e-03 2.503965e-01 2.072098e-03 -2.798446e-02
9.999991e-01 -1.349441e-04 2.263723e-04 -1.279728e-03 2.575800e-01 -1.453550e-02 -2.590569e-02
9.999992e-01 -9.991941e-05 -2.092892e-04 -1.277903e-03 2.572512e-01 1.803856e-03 -4.224235e-02
9.999987e-01 3.434877e-04 1.483211e-04 -1.558479e-03 2.673332e-01 -5.867576e-03 -2.047340e-02
9.999987e-01 -1.522818e-04 -2.663738e-04 -1.562036e-03 2.687640e-01 -1.099060e-02 -3.378355e-02
9.999989e-01 1.674374e-04 -3.213798e-04 -1.470604e-03 2.726287e-01 -1.060376e-03 -2.330248e-02
9.999986e-01 -1.853430e-04 4.325426e-04 -1.635325e-03 2.703232e-01 -1.111941e-02 -3.957235e-02
9.999988e-01 -4.833713e-05 2.675345e-05 -1.528974e-03 2.778375e-01 -5.266415e-03 -2.261271e-02
9.999987e-01 4.096696e-06 1.981711e-04 -1.623221e-03 2.792503e-01 -5.818803e-03 -3.944751e-02
9.999987e-01 -2.386848e-05 -9.405305e-05 -1.615453e-03 2.887708e-01 -5.248653e-03 -2.970715e-02
9.999985e-01 -1.629517e-04 4.313502e-04 -1.639541e-03 2.925077e-01 -8.674535e-03 -3.470821e-02
9.999988e-01 -1.725332e-04 -1.521718e-04 -1.538595e-03 2.857774e-01 3.439913e-04 -3.446863e-02
9.999987e-01 -2.716909e-04 3.655474e-05 -1.573121e-03 2.886564e-01 -5.477018e-03 -2.726454e-02
9.999986e-01 2.196715e-04 -2.079920e-04 -1.639507e-03 2.935807e-01 -7.335600e-03 -3.617038e-02
9.999985e-01 2.913514e-04 -1.179991e-04 -1.717191e-03 3.101312e-01 -6.316460e-03 -3.142540e-02
9.999988e-01 -3.288800e-04 -3.666185e-05 -1.534745e-03 3.045927e-01 -2.442492e-03 -3.627735e-02
9.999986e-01 5.970848e-04 -1.631452e-04 -1.527774e-03 3.114593e-01 -6.166222e-03 -3.277142e-02
9.999986e-01 3.533926e-04 3.559196e-05 -1.660196e-03 3.170506e-01 -5.862980e-03 -4.149099e-02
9.999991e-01 -3.580129e-05 5.870541e-05 -1.361271e-03 3.150629e-01 -1.698081e-03 -2.597791e-02
9.999990e-01 -6.243788e-04 3.364180e-04 -1.213649e-03 3.146117e-01 -3.978340e-03 -4.084499e-02
9.999991e-01 6.346480e-05 3.121058e-04 -1.288874e-03 3.268867e-01 -1.395599e-02 -3.046658e-02
9.999997e-01 1.509018e-04 4.835500e-04 -6.097997e-04 3.254589e-01 -1.643941e-03 -3.970692e-02
9.999998e-01 -3.536749e-04 -3.712643e-04 -4.012113e-04 3.322796e-01 -3.789156e-03 -3.884003e-02
9.999997e-01 5.487906e-04 -4.166114e-04 -4.220147e-04 3.289928e-01 4.549927e-03 -4.167356e-02
9.999999e-01 2.008334e-04 2.598870e-05 -2.042687e-04 3.391381e-01 -5.503848e-05 -3.337849e-02
1.000000e+00 -9.099590e-05 -2.724275e-04 1.408296e-04 3.275047e-01 -6.045975e-03 -3.372423e-02
9.999999e-01 -1.209041e-04 1.197539e-04 2.769485e-04 3.330770e-01 2.314360e-03 -4.134604e-02
9.999999e-01 1.522799e-04 8.174730e-05 5.390209e-04 3.327203e-01 -1.445660e-04 -2.845459e-02
9.999994e-01 2.320289e-04 5.431341e-04 8.943851e-04 3.328101e-01 4.328070e-03 -5.007683e-02
9.999994e-01 9.044538e-05 6.834108e-05 1.103939e-03 3.300952e-01 -2.266242e-03 -2.851937e-02
9.999989e-01 4.701705e-04 7.844212e-05 1.416297e-03 3.169993e-01 6.866417e-03 -3.751016e-02
9.999989e-01 -1.560761e-04 2.130264e-05 1.489760e-03 3.161607e-01 -8.888384e-03 -3.253809e-02
9.999989e-01 3.811333e-04 -8.035491e-05 1.426849e-03 3.058137e-01 5.133362e-03 -3.821328e-02
9.999987e-01 -2.919914e-04 2.440406e-04 1.534560e-03 2.990967e-01 3.270855e-03 -2.786724e-02
9.999987e-01 -2.682965e-05 2.376290e-04 1.576714e-03 2.987317e-01 -7.313219e-04 -3.376008e-02
9.999974e-01 -2.446190e-04 7.134525e-04 2.127379e-03 2.990623e-01 6.776705e-03 -3.691687e-02
9.999956e-01 2.323982e-04 1.312127e-05 2.970061e-03 2.963360e-01 9.770572e-03 -2.541803e-02
9.999937e-01 7.343120e-04 1.319336e-04 3.473737e-03 2.926828e-01 8.410276e-03 -4.051593e-02
9.999930e-01 5.495889e-05 -4.499302e-04 3.698753e-03 2.796342e-01 1.479715e-02 -2.143239e-02
9.999917e-01 1.550112e-04 -1.725324e-04 4.058417e-03 2.841685e-01 5.490245e-03 -3.301567e-02
9.999884e-01 -1.597716e-04 6.701973e-04 4.773708e-03 2.753975e-01 1.153984e-02 -2.421754e-02
9.999860e-01 4.469502e-04 -4.525194e-05 5.266284e-03 2.696283e-01 9.132279e-03 -3.594868e-02
9.999862e-01 4.826689e-04 -2.015294e-04 5.221245e-03 2.602196e-01 1.477254e-02 -2.591726e-02
9.999859e-01 5.705392e-04 -3.020241e-04 5.269763e-03 2.707347e-01 1.300559e-02 -2.862092e-02
9.999860e-01 2.726442e-04 -2.261728e-04 5.280090e-03 2.470088e-01 1.077359e-02 -2.694841e-02
9.999887e-01 8.333560e-04 -6.145668e-04 4.642785e-03 2.425582e-01 8.803997e-03 -2.824313e-02
9.999915e-01 4.908402e-04 -2.906647e-04 4.088770e-03 2.495167e-01 7.199791e-03 -2.054587e-02
9.999927e-01 5.080796e-04 -6.040187e-04 3.738864e-03 2.419651e-01 5.589886e-03 -2.953673e-02
9.999954e-01 5.486103e-04 -3.023623e-04 2.965979e-03 2.380788e-01 3.214614e-03 -2.521975e-02
9.999962e-01 4.076891e-04 -1.346212e-04 2.715896e-03 2.304414e-01 5.379123e-03 -2.230826e-02
9.999969e-01 1.826777e-04 -1.752858e-04 2.480957e-03 2.252695e-01 1.094487e-03 -2.537416e-02
9.999980e-01 2.603480e-04 6.842470e-05 1.995091e-03 2.159897e-01 -3.626875e-03 -2.011953e-02
9.999984e-01 4.420418e-07 4.526946e-04 1.755885e-03 2.173394e-01 1.586762e-03 -2.487981e-02
9.999984e-01 -1.085753e-05 1.540024e-04 1.775193e-03 2.144130e-01 2.354051e-03 -2.109917e-02
9.999984e-01 4.074220e-05 3.224679e-04 1.758423e-03 2.018442e-01 -1.926199e-03 -2.336916e-02
9.999986e-01 3.745261e-04 1.947854e-04 1.648494e-03 2.015719e-01 2.726326e-03 -1.799113e-02
9.999990e-01 2.558704e-04 3.493633e-05 1.376296e-03 1.965571e-01 3.130773e-03 -2.287282e-02
9.999992e-01 1.800293e-04 -8.943307e-05 1.292926e-03 1.966585e-01 -1.356365e-03 -2.194113e-02
9.999993e-01 4.787906e-04 -5.375295e-05 1.090363e-03 1.821835e-01 9.711886e-05 -2.302335e-02
9.999973e-01 1.061229e-03 -1.965403e-03 6.937442e-04 1.853371e-01 9.083327e-03 -2.805284e-02
9.999972e-01 -1.541616e-03 -1.147546e-03 1.415586e-03 1.785015e-01 -1.786466e-03 -2.761107e-03
9.999967e-01 -1.850752e-03 1.200551e-03 1.338574e-03 1.611051e-01 5.211831e-04 -6.436235e-03
9.999963e-01 -3.105973e-04 2.699543e-03 1.409021e-04 1.777307e-01 -2.001348e-02 -3.567215e-02
9.999967e-01 2.366226e-03 8.194803e-04 6.006145e-04 1.784600e-01 4.480761e-03 -2.767367e-02
9.999964e-01 2.184925e-03 -5.360280e-04 1.450675e-03 1.702919e-01 1.412128e-02 -8.746642e-03
9.999983e-01 5.366680e-04 -1.709371e-03 4.124675e-04 1.601353e-01 -2.224573e-03 -1.344206e-02
9.999994e-01 -9.408128e-04 -4.697984e-04 -1.620912e-04 1.624485e-01 -4.071393e-03 -5.073607e-03
9.999993e-01 -9.615799e-04 6.980577e-04 -1.766240e-05 1.610941e-01 -9.066423e-03 -1.879628e-02
9.999995e-01 -4.020068e-04 7.654404e-04 -4.335031e-04 1.523891e-01 -9.016233e-03 -2.561718e-02
9.999992e-01 1.841344e-04 -3.327831e-04 -1.186037e-03 1.536897e-01 -4.213423e-03 -1.136950e-02
9.999994e-01 9.187841e-05 -3.446085e-04 -1.095147e-03 1.512443e-01 -5.528765e-03 -1.808048e-02
9.999992e-01 -2.912485e-04 -9.288552e-05 -1.179455e-03 1.424247e-01 -9.248411e-04 -1.215312e-02
9.999988e-01 -4.772940e-04 2.608656e-04 -1.423492e-03 1.527522e-01 -1.029598e-02 -1.559661e-02
9.999988e-01 -2.880018e-04 1.290797e-04 -1.509616e-03 1.455811e-01 -6.040328e-03 -1.385610e-02
9.999983e-01 -2.259535e-05 -1.814016e-05 -1.812127e-03 1.488560e-01 -2.314411e-04 -1.947241e-02
9.999964e-01 1.433483e-03 -3.552473e-04 -2.231597e-03 1.432608e-01 -5.157247e-03 -2.542396e-02
9.999953e-01 1.931347e-03 -2.461343e-04 -2.392164e-03 1.574356e-01 1.457825e-03 -1.144402e-02
9.999980e-01 2.559811e-04 1.600527e-03 -1.138985e-03 1.498358e-01 -3.021841e-03 -8.753645e-03
9.999953e-01 -1.854814e-03 1.785927e-03 -1.671830e-03 1.340976e-01 -1.201017e-02 -3.015782e-03
9.999925e-01 -3.115334e-03 6.288867e-04 -2.216527e-03 1.412550e-01 -1.222033e-02 -1.913813e-02
9.999937e-01 -1.749875e-03 -1.486796e-03 -2.707153e-03 1.381980e-01 -1.097713e-02 -2.746148e-02
9.999945e-01 1.317404e-03 -2.250300e-03 -2.033383e-03 1.549745e-01 2.132779e-03 -6.055703e-03
9.999962e-01 2.080156e-03 -1.669410e-04 -1.804587e-03 1.482710e-01 -3.724569e-04 -1.170529e-02
9.999971e-01 3.049613e-04 1.162134e-03 -2.079409e-03 1.455573e-01 -6.943725e-03 -1.031370e-02
9.999969e-01 -7.311812e-04 6.608535e-04 -2.297552e-03 1.455881e-01 -1.162172e-02 -1.828705e-02
9.999976e-01 -1.079190e-03 4.084657e-04 -1.867294e-03 1.447331e-01 -5.226179e-03 -1.424875e-02
9.999981e-01 -7.621890e-05 4.472406e-05 -1.927403e-03 1.416674e-01 -1.158930e-02 -1.654479e-02
9.999984e-01 4.199905e-04 1.690713e-04 -1.735413e-03 1.459308e-01 -5.187815e-03 -1.600253e-02
9.999987e-01 1.809964e-04 6.813926e-06 -1.612255e-03 1.437865e-01 -5.858461e-03 -8.063386e-03
9.999987e-01 -6.469708e-05 3.851699e-04 -1.592234e-03 1.316398e-01 -2.407883e-03 -1.836683e-02
9.999985e-01 -5.758092e-05 1.790619e-04 -1.694379e-03 1.406728e-01 -5.993250e-03 -9.947144e-03
9.999983e-01 2.414320e-04 -1.036149e-04 -1.856074e-03 1.389470e-01 -8.678867e-03 -1.588444e-02
9.999987e-01 -4.217961e-04 -4.997778e-05 -1.541973e-03 1.294975e-01 -5.052989e-03 -1.124275e-02
9.999987e-01 -1.587509e-04 -2.074149e-04 -1.602493e-03 1.393476e-01 -2.678081e-03 -1.336559e-02
9.999988e-01 -5.155223e-04 3.881661e-05 -1.493038e-03 1.463443e-01 -3.795149e-03 -1.664670e-02
9.999989e-01 4.705870e-05 -3.732263e-05 -1.507504e-03 1.436596e-01 -1.335704e-03 -1.012597e-02
9.999986e-01 -6.839263e-04 2.054333e-04 -1.506069e-03 1.460345e-01 -8.121631e-03 -1.725714e-02
9.999990e-01 1.107006e-04 -1.905440e-04 -1.387923e-03 1.548113e-01 -6.698355e-03 -1.422041e-02
9.999989e-01 1.967334e-04 8.132736e-05 -1.500185e-03 1.555867e-01 -7.287939e-04 -1.877718e-02
9.999989e-01 4.243729e-04 -3.518452e-04 -1.337801e-03 1.610677e-01 -1.907018e-03 -1.444856e-02
9.999987e-01 -4.567764e-04 2.459773e-04 -1.522055e-03 1.699548e-01 -7.968700e-03 -8.827735e-03
9.999986e-01 -4.841855e-04 -1.157089e-04 -1.583788e-03 1.700841e-01 -9.319540e-03 -1.937830e-02
9.999986e-01 -4.650050e-04 4.544800e-04 -1.532171e-03 1.811320e-01 -8.297996e-03 -1.700948e-02
9.999989e-01 7.412986e-05 8.318052e-05 -1.447761e-03 1.776504e-01 -3.188027e-04 -1.971513e-02
9.999986e-01 2.574960e-04 -4.285103e-05 -1.648288e-03 1.891796e-01 -7.239548e-03 -1.979346e-02
9.999984e-01 -1.701669e-04 -2.506739e-04 -1.764483e-03 1.957074e-01 -8.801747e-03 -1.554934e-02
9.999984e-01 3.408286e-04 2.058110e-05 -1.736375e-03 1.954872e-01 -1.494123e-02 -1.802797e-02
9.999983e-01 4.127613e-05 6.074198e-05 -1.836459e-03 1.960043e-01 -9.221028e-04 -2.457291e-02
9.999979e-01 4.726691e-04 -2.088270e-04 -1.962441e-03 2.051262e-01 1.107863e-02 -1.095182e-02
9.999983e-01 2.374164e-05 5.641782e-05 -1.815538e-03 2.079751e-01 -6.959337e-03 -2.807046e-02
9.999980e-01 -3.502958e-05 1.043653e-04 -2.006696e-03 2.065841e-01 -7.560191e-03 -9.449896e-03
9.999982e-01 2.311377e-04 -5.378515e-05 -1.880636e-03 2.110667e-01 4.884104e-03 -2.944614e-02
9.999980e-01 2.724469e-04 2.322532e-04 -1.952381e-03 2.134912e-01 -6.350415e-03 -1.490322e-02
9.999975e-01 1.097369e-04 1.039068e-04 -2.226352e-03 2.140504e-01 -1.748790e-02 -2.152620e-02
9.999980e-01 -4.340012e-04 3.505019e-04 -1.929565e-03 2.187301e-01 -7.827096e-03 -2.046010e-02
9.999987e-01 -8.443030e-05 5.962486e-04 -1.508056e-03 2.129957e-01 -1.503081e-03 -1.971378e-02
9.999991e-01 6.042948e-04 -2.983907e-06 -1.193415e-03 2.124464e-01 3.946076e-03 -2.522678e-02
9.999988e-01 7.846758e-04 -3.168135e-04 -1.252327e-03 1.998158e-01 6.927362e-03 -1.703229e-02
9.999987e-01 3.570314e-04 -1.628346e-04 -1.581093e-03 2.067348e-01 -1.463729e-02 -1.313642e-02
9.999994e-01 3.308781e-04 -1.880437e-04 -1.050734e-03 2.038305e-01 6.339390e-03 -1.535451e-02
9.999987e-01 -3.855114e-04 -1.069414e-04 -1.568943e-03 1.974418e-01 -9.031133e-03 -2.099920e-02
9.999990e-01 1.696178e-04 -2.469800e-04 -1.418594e-03 1.964167e-01 -8.303860e-03 -2.053916e-02
9.999993e-01 -2.280700e-04 6.611525e-05 -1.152349e-03 1.919244e-01 -5.181934e-04 -1.604158e-02
9.999988e-01 1.725111e-04 -3.583420e-04 -1.475352e-03 1.943138e-01 -9.522272e-03 -1.977161e-02
9.999987e-01 -4.554065e-04 -3.719840e-05 -1.576589e-03 1.857929e-01 -1.339800e-02 -1.892859e-02
9.999994e-01 8.063308e-06 -5.395640e-04 -9.376352e-04 1.827750e-01 -1.885982e-03 -1.588860e-02
9.999998e-01 -2.565290e-04 3.080696e-04 -5.083848e-04 1.751296e-01 -1.528461e-03 -1.860070e-02
9.999998e-01 1.836299e-04 -5.999755e-04 -2.184673e-04 1.770437e-01 1.986963e-03 -1.875584e-02
9.999999e-01 2.092023e-04 -2.210173e-04 -5.654166e-05 1.727819e-01 4.178470e-03 -1.677439e-02
9.999999e-01 -2.092127e-04 -2.348288e-04 4.626785e-04 1.758776e-01 1.696501e-03 -1.573618e-02
9.999998e-01 -1.460112e-05 -2.745708e-04 5.430559e-04 1.657755e-01 2.291092e-03 -1.617008e-02
9.999993e-01 -4.528313e-04 -1.676440e-04 1.096223e-03 1.594856e-01 1.399573e-02 -1.643738e-02
9.999993e-01 1.568810e-04 -7.633045e-05 1.180025e-03 1.647041e-01 2.710334e-03 -1.362016e-02
9.999987e-01 -2.476428e-06 -1.639475e-04 1.594441e-03 1.554210e-01 5.818691e-03 -2.563834e-02
9.999990e-01 3.593626e-04 -4.707530e-04 1.325750e-03 1.581920e-01 2.599183e-03 -8.266358e-03
9.999989e-01 1.288363e-04 -3.363415e-04 1.441289e-03 1.479312e-01 1.176700e-03 -1.921965e-02
9.999988e-01 -6.802189e-06 -2.659893e-04 1.531034e-03 1.467109e-01 8.938890e-03 -1.283448e-02
9.999992e-01 1.988478e-04 -1.392814e-04 1.227496e-03 1.521678e-01 3.639523e-03 -1.731087e-02
9.999991e-01 -3.010773e-04 -3.507131e-04 1.290121e-03 1.498990e-01 -7.867050e-04 -1.653159e-02
9.999990e-01 4.167467e-04 -6.382709e-04 1.164724e-03 1.536936e-01 -1.770460e-03 -1.562464e-02
9.999992e-01 -1.586429e-04 -2.126159e-06 1.262674e-03 1.530911e-01 1.214771e-03 -1.775202e-02
9.999991e-01 2.436076e-04 -4.089268e-04 1.280555e-03 1.495619e-01 5.910777e-03 -1.048478e-02
9.999991e-01 -1.590432e-04 3.309966e-05 1.353881e-03 1.576717e-01 2.706981e-03 -2.373648e-02
9.999994e-01 -4.109471e-07 -2.253162e-04 1.055668e-03 1.626409e-01 4.737259e-03 -1.438535e-02
9.999993e-01 1.066245e-04 -1.762465e-04 1.210093e-03 1.663158e-01 -1.213421e-03 -2.084289e-02
9.999993e-01 1.447689e-04 -3.060037e-04 1.114996e-03 1.659510e-01 -3.704682e-03 -1.887428e-02
9.999994e-01 4.521427e-04 -6.645910e-05 1.034249e-03 1.722574e-01 1.278128e-03 -1.720096e-02
9.999995e-01 -8.086066e-05 -1.023565e-05 9.565103e-04 1.770121e-01 3.045707e-03 -1.714507e-02
9.999995e-01 -2.595053e-04 4.524987e-05 1.025156e-03 1.810701e-01 -4.235615e-03 -2.366228e-02
9.999997e-01 4.552282e-05 2.946829e-05 7.955963e-04 1.834946e-01 -2.362034e-04 -1.630570e-02
9.999995e-01 2.369323e-04 -9.492018e-05 9.232342e-04 1.849961e-01 8.827498e-04 -2.523680e-02
9.999995e-01 3.831165e-04 -1.502387e-05 9.098675e-04 1.950087e-01 5.075855e-03 -2.095028e-02
9.999995e-01 1.864453e-04 -1.893852e-04 1.025998e-03 1.936361e-01 1.720219e-03 -1.993867e-02
9.999997e-01 -3.186482e-05 1.813028e-04 7.833713e-04 2.012071e-01 7.304704e-04 -2.443283e-02
9.999997e-01 -2.901354e-06 -2.049021e-05 7.666996e-04 2.029011e-01 -4.624377e-03 -1.931441e-02
9.999999e-01 2.609072e-05 2.894212e-05 5.492993e-04 1.992216e-01 2.950176e-03 -2.613023e-02
9.999998e-01 2.651928e-04 -2.796509e-04 5.425876e-04 2.045831e-01 -2.546520e-03 -1.981131e-02
9.999998e-01 4.796849e-04 -1.215523e-04 3.642841e-04 2.069375e-01 -5.311552e-04 -2.838310e-02
9.999999e-01 4.670565e-04 1.445053e-04 5.871431e-05 2.138595e-01 -3.841840e-03 -2.096002e-02
9.999999e-01 4.931809e-04 5.658036e-05 -1.531321e-04 2.200294e-01 -2.799456e-03 -2.134680e-02
9.999998e-01 3.586157e-04 3.539538e-04 -2.313063e-04 2.150732e-01 9.646834e-04 -2.540622e-02
9.999997e-01 4.582468e-04 3.813911e-04 -5.050060e-04 2.193479e-01 -8.841114e-03 -2.113945e-02
9.999980e-01 -1.959661e-03 3.186662e-04 -2.320523e-04 2.222088e-01 -4.891530e-03 -8.143098e-04
9.999908e-01 -4.061424e-03 1.093495e-03 -8.544843e-04 2.091478e-01 -1.527313e-02 -3.730121e-02
9.999966e-01 -2.104120e-03 2.793380e-04 -1.493001e-03 2.218855e-01 -1.142040e-02 -4.000819e-02
9.999978e-01 4.251298e-04 6.055881e-04 -1.968666e-03 2.252589e-01 -9.393699e-03 -3.056834e-02
9.999964e-01 2.094652e-03 -5.622609e-04 -1.608399e-03 2.313503e-01 1.841139e-04 -2.927481e-02
9.999958e-01 1.378127e-03 -2.632899e-05 -2.527306e-03 2.296545e-01 -2.817571e-05 -8.749697e-03
9.999959e-01 -4.205442e-05 2.996581e-04 -2.833049e-03 2.305220e-01 -1.723020e-02 -2.113254e-02
9.999954e-01 -5.876986e-04 5.404459e-04 -2.932932e-03 2.277729e-01 -1.138068e-02 -2.234359e-02
9.999945e-01 -5.875792e-04 1.336614e-05 -3.255612e-03 2.315229e-01 -1.121979e-02 -2.798635e-02
9.999934e-01 1.247093e-04 -1.884869e-04 -3.612567e-03 2.442018e-01 -1.193558e-02 -2.143097e-02
9.999934e-01 -7.423739e-04 -7.205834e-05 -3.551093e-03 2.346556e-01 -6.255580e-03 -2.340069e-02
9.999907e-01 8.951472e-04 -1.280882e-04 -4.219289e-03 2.506652e-01 -1.641883e-02 -2.960686e-02
9.999856e-01 -1.080400e-03 3.935564e-03 -3.473166e-03 2.486498e-01 -2.304463e-02 -1.961804e-02
9.999835e-01 -1.522923e-03 3.712101e-03 -4.106967e-03 2.440626e-01 -2.702147e-02 -2.635651e-02
9.999871e-01 -2.306201e-03 6.244230e-04 -4.483635e-03 2.451570e-01 -1.606369e-02 -2.962293e-02
9.999903e-01 -4.552435e-05 -1.559989e-03 -4.127002e-03 2.502149e-01 -5.620847e-03 -4.740469e-02
9.999813e-01 3.531904e-03 -2.459151e-03 -4.350072e-03 2.484043e-01 7.472582e-04 -8.602593e-03
9.999918e-01 1.619784e-03 -2.565422e-06 -3.725624e-03 2.623352e-01 -5.825593e-03 -1.088809e-02
9.999921e-01 2.400388e-04 7.203338e-04 -3.899302e-03 2.590714e-01 -9.932836e-03 -1.883042e-02
9.999914e-01 -1.893235e-03 1.086689e-03 -3.513842e-03 2.589842e-01 -1.767770e-02 -1.585643e-02
9.999932e-01 -1.403746e-03 4.505783e-04 -3.388155e-03 2.662211e-01 -1.692156e-02 -2.986428e-02
9.999937e-01 -1.531151e-03 3.584834e-04 -3.174474e-03 2.723993e-01 -1.115099e-02 -2.535392e-02
9.999958e-01 -2.604703e-04 -2.996635e-04 -2.871315e-03 2.852405e-01 -3.186358e-03 -2.667857e-02
9.999971e-01 2.952811e-04 1.396936e-04 -2.365949e-03 2.896171e-01 -4.181357e-03 -2.800056e-02
9.999969e-01 -1.782542e-03 1.233621e-03 -1.223577e-03 2.877174e-01 -1.395589e-02 -1.061545e-02
9.999977e-01 -1.726510e-03 1.084491e-03 -6.683156e-04 3.023011e-01 1.217552e-03 -4.681674e-02
9.999973e-01 1.717256e-03 -1.375792e-03 -6.740818e-04 3.092481e-01 2.997098e-03 -2.336161e-02
9.999938e-01 2.573901e-03 -1.480701e-03 1.892213e-03 3.190711e-01 2.913240e-02 -4.115066e-02
9.999963e-01 2.517988e-03 -3.734193e-04 9.608692e-04 3.203373e-01 6.048244e-04 3.852409e-03
9.999995e-01 7.570885e-04 3.485835e-04 5.851007e-04 3.287936e-01 -2.896311e-03 -3.477514e-02
9.999992e-01 -4.568751e-04 6.175860e-04 1.028491e-03 3.367100e-01 -3.917522e-04 -2.020282e-02
9.999990e-01 -7.977614e-04 1.063459e-03 5.202718e-04 3.459730e-01 -5.121825e-03 -3.432495e-02
9.999999e-01 1.791125e-04 -1.554224e-04 3.908791e-04 3.507392e-01 -1.189844e-03 -2.350802e-02
9.999975e-01 -9.615243e-04 1.781004e-03 9.068759e-04 3.632993e-01 -4.017358e-03 -3.470846e-02
9.999998e-01 2.233257e-04 -5.606309e-04 3.319712e-04 3.638626e-01 -3.771756e-03 -3.623817e-02
9.999985e-01 -6.138904e-04 -7.831915e-04 1.446077e-03 3.869131e-01 8.254117e-03 -1.832942e-02
9.999958e-01 4.627182e-04 -6.859813e-04 2.770280e-03 3.798512e-01 8.883050e-03 -3.752626e-02
9.999964e-01 2.644013e-04 4.058989e-04 2.634505e-03 3.898910e-01 1.517080e-03 -2.577323e-02
9.999931e-01 1.115915e-03 -1.876983e-04 3.551421e-03 3.995878e-01 9.907729e-03 -2.630150e-02
9.999907e-01 5.040796e-04 3.817454e-04 4.267238e-03 3.966603e-01 1.366018e-02 -3.581810e-02
9.999899e-01 2.365791e-04 5.623523e-05 4.495143e-03 4.081692e-01 4.157996e-03 -2.878873e-02
9.999918e-01 4.430326e-04 1.447763e-05 4.026097e-03 4.166941e-01 -6.390231e-03 -3.045314e-02
9.999901e-01 1.140100e-04 7.769195e-05 4.453692e-03 4.259181e-01 3.078995e-03 -2.417914e-02
9.999874e-01 3.087936e-04 5.863298e-04 4.968838e-03 4.209395e-01 1.876885e-02 -3.712586e-02
9.999915e-01 2.218827e-04 5.271288e-04 4.074443e-03 4.439311e-01 5.504473e-04 -2.960381e-02
9.999867e-01 3.291790e-05 2.508406e-04 5.157960e-03 4.443081e-01 4.690526e-03 -2.182852e-02
9.999879e-01 6.663007e-05 -3.850422e-04 4.910826e-03 4.564901e-01 8.214516e-03 -4.375181e-02
9.999876e-01 3.566450e-04 6.050878e-04 4.925386e-03 4.613299e-01 9.282944e-03 -2.564882e-02
9.999861e-01 5.119328e-04 9.222787e-04 5.178333e-03 4.655449e-01 1.069363e-02 -3.647349e-02
9.999862e-01 4.572999e-04 6.161412e-04 5.195347e-03 4.683625e-01 1.270793e-02 -3.641360e-02
9.999858e-01 8.657765e-04 5.488177e-04 5.235574e-03 4.698951e-01 6.842378e-03 -2.038777e-02
9.999867e-01 4.295266e-04 2.563958e-05 5.146905e-03 4.629124e-01 9.312138e-03 -3.392241e-02
9.999870e-01 8.653869e-04 1.876768e-04 5.019975e-03 4.793510e-01 8.016287e-03 -2.207099e-02
9.999865e-01 6.653483e-04 4.407032e-05 5.160223e-03 4.742477e-01 1.042339e-02 -2.983121e-02
9.999861e-01 7.835286e-04 5.250032e-04 5.190951e-03 4.771673e-01 8.776429e-03 -2.091645e-02
9.999869e-01 4.921522e-04 3.534058e-04 5.088107e-03 4.665229e-01 5.009386e-03 -3.121965e-02
9.999886e-01 2.538566e-04 4.927366e-05 4.766650e-03 4.697411e-01 8.764630e-03 -3.327644e-02
9.999902e-01 7.844012e-04 -6.045532e-04 4.314676e-03 4.765624e-01 2.097693e-03 -1.894169e-02
9.999871e-01 9.583670e-04 -8.117441e-05 4.976610e-03 4.711336e-01 1.796876e-02 -2.964342e-02
9.999923e-01 1.147394e-03 -3.405157e-04 3.746313e-03 4.664215e-01 6.798648e-03 -2.211610e-02
9.999954e-01 6.176129e-04 -8.988371e-04 2.843225e-03 4.681191e-01 4.864703e-03 -2.777831e-02
9.999967e-01 4.704243e-04 -4.326118e-04 2.509393e-03 4.677548e-01 -1.006964e-03 -2.094565e-02
9.999974e-01 -2.834938e-05 2.688773e-04 2.251944e-03 4.668267e-01 -3.124005e-03 -2.633397e-02
9.999974e-01 -7.771394e-05 4.251245e-04 2.231974e-03 4.641407e-01 1.970909e-03 -2.467828e-02
9.999991e-01 -3.910285e-04 2.412175e-04 1.278830e-03 4.635067e-01 -8.595899e-03 -3.143804e-02
9.999989e-01 9.975431e-04 -4.318867e-04 9.894742e-04 4.544665e-01 3.328692e-04 -2.566244e-02
9.999994e-01 1.019841e-03 -2.255134e-04 2.637412e-04 4.544989e-01 -8.906423e-03 -1.394632e-02
9.999999e-01 -2.395912e-04 2.036334e-05 1.849262e-04 4.559393e-01 -6.131828e-03 -2.661201e-02
9.999993e-01 -1.030681e-03 3.931163e-04 -3.576039e-04 4.461926e-01 -2.929538e-03 -2.967640e-02
9.999991e-01 -9.909778e-04 4.188567e-04 -8.354316e-04 4.512916e-01 -1.354212e-02 -1.502848e-02
9.999987e-01 -1.245440e-03 4.865912e-04 -9.337525e-04 4.461411e-01 -7.161244e-03 -4.198324e-02
9.999991e-01 -4.318239e-04 -6.381802e-04 -1.168722e-03 4.384391e-01 -7.167625e-03 -1.406874e-02
9.999989e-01 5.824703e-05 -6.877614e-04 -1.265492e-03 4.484894e-01 -1.270022e-02 -3.039558e-02
9.999993e-01 1.127715e-04 8.145959e-04 -8.834116e-04 4.482096e-01 -6.473256e-03 -1.346513e-02
9.999993e-01 -8.549916e-05 5.517392e-04 -1.095218e-03 4.452003e-01 -8.327785e-03 -2.605606e-02
9.999977e-01 -1.356081e-03 1.317906e-03 -1.014627e-03 4.308039e-01 -1.662258e-02 -2.448994e-02
9.999990e-01 -5.080443e-04 8.592947e-04 -9.831240e-04 4.425660e-01 -9.603689e-03 -2.516064e-02
9.999996e-01 -1.668837e-04 4.828684e-04 -7.994052e-04 4.456051e-01 -1.243912e-03 -3.256526e-02
9.999994e-01 3.289342e-04 -2.137651e-04 -1.026370e-03 4.408441e-01 -1.116907e-02 -1.190197e-02
9.999996e-01 -7.594476e-04 -3.799856e-04 -3.327659e-04 4.371486e-01 -2.928526e-05 -2.858989e-02
9.999995e-01 -7.737487e-04 5.669484e-04 -2.300360e-04 4.406070e-01 -3.706357e-03 -1.087360e-02
9.999997e-01 -4.809390e-04 5.375258e-04 3.847384e-04 4.409294e-01 -1.232916e-02 -2.308489e-02
9.999978e-01 -6.519825e-04 1.078301e-03 1.674973e-03 4.451525e-01 2.970155e-03 -2.133191e-02
9.999955e-01 -4.831305e-04 3.584918e-04 2.926850e-03 4.397726e-01 8.304433e-03 -2.360487e-02
9.999890e-01 -3.079142e-04 5.669241e-04 4.636594e-03 4.519449e-01 1.786919e-02 -1.633355e-02
9.999788e-01 -4.195325e-04 1.036517e-03 6.417396e-03 4.453452e-01 1.760211e-02 -2.343117e-02
9.999660e-01 -3.077334e-04 8.426257e-04 8.192215e-03 4.411434e-01 3.971836e-02 -1.764939e-02
9.999587e-01 2.952930e-04 -2.345196e-04 9.080706e-03 4.377886e-01 2.486694e-02 -2.501320e-02
9.999445e-01 3.734697e-04 -7.070454e-04 1.050121e-02 4.432319e-01 3.028544e-02 -1.903138e-02
9.999324e-01 3.149583e-04 -8.830410e-05 1.162830e-02 4.353646e-01 2.706025e-02 -7.535886e-03
9.999143e-01 -1.177986e-03 9.228333e-04 1.300387e-02 4.348006e-01 3.779839e-02 -1.939456e-02
9.999086e-01 -3.464543e-04 3.405076e-04 1.351048e-02 4.315173e-01 2.210570e-02 -2.288692e-02
9.998979e-01 1.155664e-03 -7.937595e-06 1.424492e-02 4.298015e-01 3.286442e-02 -9.670625e-03
9.998844e-01 1.059585e-03 6.080898e-04 1.515461e-02 4.321747e-01 3.665725e-02 -2.211384e-02
9.998699e-01 8.014126e-04 1.122539e-04 1.610985e-02 4.208070e-01 2.942329e-02 -6.263999e-03
9.998574e-01 6.064833e-04 -3.868460e-04 1.686772e-02 4.188727e-01 4.243527e-02 -3.463246e-02
9.998444e-01 2.664255e-04 3.404216e-04 1.763387e-02 4.130136e-01 2.817271e-02 1.368709e-02
9.998285e-01 2.020289e-04 8.238390e-04 1.850258e-02 4.095332e-01 2.730336e-02 -1.927295e-02
9.998064e-01 1.414648e-04 7.678298e-04 1.966161e-02 4.019494e-01 4.748018e-02 -2.141962e-02
9.998210e-01 1.379671e-03 -1.483005e-03 1.881118e-02 4.046481e-01 3.889714e-02 -1.093793e-02
9.998196e-01 9.412516e-04 -4.234068e-04 1.896842e-02 4.068348e-01 4.185886e-02 1.896599e-03
9.998340e-01 -6.087048e-05 7.172161e-04 1.820578e-02 3.935127e-01 4.180952e-02 -2.524535e-02
9.998490e-01 -5.848043e-04 -4.241784e-04 1.736192e-02 4.097272e-01 3.072818e-02 -1.372584e-03
9.998438e-01 -4.563731e-04 2.044633e-03 1.755112e-02 3.941432e-01 2.738754e-02 -6.714061e-03
9.998470e-01 3.441238e-04 -8.745779e-04 1.747110e-02 4.004372e-01 3.424350e-02 -3.141626e-02
9.998512e-01 -2.431381e-03 -1.368003e-03 1.702562e-02 3.823717e-01 5.169826e-02 -8.690006e-04
9.998276e-01 -5.043168e-03 -1.259540e-03 1.782245e-02 3.931746e-01 3.544828e-02 -1.760552e-02
9.998362e-01 -1.901788e-03 6.281855e-05 1.800085e-02 3.806316e-01 2.351681e-02 -1.978936e-02
9.998613e-01 2.515534e-03 -2.069778e-03 1.633188e-02 4.038202e-01 4.255580e-02 -2.001478e-02
9.998588e-01 1.551542e-03 -3.339228e-03 1.639284e-02 4.107646e-01 3.528340e-02 -7.493658e-03
9.998672e-01 3.412660e-05 2.713661e-04 1.629476e-02 3.999067e-01 3.405193e-02 -6.710459e-04
9.998861e-01 7.805795e-04 -6.778740e-04 1.505673e-02 4.026277e-01 4.595249e-02 -2.286855e-02
9.998964e-01 2.186977e-03 -3.425403e-03 1.381090e-02 4.178344e-01 2.951469e-02 -3.571345e-02
9.998806e-01 2.210827e-03 -6.509029e-04 1.528156e-02 4.412331e-01 2.605875e-02 -1.054428e-02
9.998931e-01 9.107452e-04 1.364464e-03 1.452918e-02 4.219976e-01 2.851629e-02 -1.164618e-02
9.999083e-01 -8.642195e-04 6.033715e-04 1.350272e-02 4.399125e-01 2.113283e-02 -3.790368e-02
9.999041e-01 -1.622568e-03 -1.151440e-03 1.370499e-02 4.525609e-01 3.172686e-02 -1.098575e-02
9.998933e-01 -2.904783e-04 -2.097110e-03 1.445534e-02 4.587840e-01 2.774745e-02 -1.795376e-02
9.999037e-01 1.712550e-03 -7.562411e-04 1.375207e-02 4.669670e-01 3.875774e-02 -1.489602e-02
9.999198e-01 1.419616e-03 -3.207499e-05 1.258416e-02 4.976236e-01 2.964884e-02 -2.111890e-02
9.999293e-01 3.443544e-04 4.861036e-04 1.187863e-02 4.902569e-01 1.111683e-02 -1.209769e-02
9.999335e-01 -3.532214e-04 1.103407e-03 1.147161e-02 5.002726e-01 2.159930e-02 -2.903403e-02
9.999469e-01 4.613714e-04 -1.204080e-03 1.022359e-02 5.033447e-01 1.115297e-02 -2.456960e-02
9.999513e-01 1.692020e-03 3.095080e-06 9.727181e-03 5.210246e-01 1.622311e-02 -1.843282e-02
9.999512e-01 2.223490e-03 3.667122e-04 9.614115e-03 5.201020e-01 1.900899e-02 -6.939370e-03
9.999632e-01 1.064070e-03 1.044894e-03 8.450808e-03 5.115858e-01 1.398108e-02 -3.193819e-02
9.999603e-01 8.585031e-04 2.897897e-04 8.867316e-03 5.131902e-01 8.238180e-03 -1.172314e-02
9.999625e-01 1.349224e-03 4.822824e-04 8.546639e-03 5.106897e-01 9.937569e-03 -1.607823e-02
9.999638e-01 5.283845e-04 4.180139e-04 8.484128e-03 4.991977e-01 1.709552e-02 -1.726672e-02
9.999656e-01 1.058481e-03 4.786346e-04 8.218632e-03 4.999130e-01 1.320977e-02 -1.027419e-02
9.999664e-01 3.783719e-04 2.557703e-04 8.188279e-03 4.941571e-01 1.634014e-02 -2.833960e-02
9.999687e-01 5.254992e-04 -2.064431e-04 7.889165e-03 4.999311e-01 1.671538e-02 1.674791e-03
9.999697e-01 2.508422e-04 -2.989936e-04 7.781526e-03 4.943164e-01 1.258902e-02 -2.042118e-02
9.999740e-01 1.168295e-03 -5.165366e-05 7.109315e-03 4.947338e-01 8.257703e-03 -4.657439e-03
9.998361e-01 5.791751e-03 1.291061e-02 1.129728e-02 -1.446460e-01 3.512599e-01 1.260513e-01
