1.0 0.0 0.0 0.0 0.0 0.0 0.0
9.999992e-01 -9.927867e-04 4.057879e-04 -5.961332e-04 3.618551e-01 1.241995e-02 -2.128815e-02
9.999999e-01 -1.199278e-04 2.385107e-04 -1.694685e-04 4.229825e-01 4.534411e-03 -1.223646e-02
9.999994e-01 2.099234e-04 1.073837e-04 -1.074613e-03 2.992686e-01 -5.606442e-02 4.015257e-03
9.999995e-01 -8.557293e-05 5.240023e-04 8.065605e-04 4.477547e-01 1.459730e-02 -3.914962e-03
9.999986e-01 -6.562722e-04 -1.425632e-03 -5.920656e-04 3.974369e-01 -7.080648e-02 -1.350191e-02
9.999996e-01 -7.601513e-04 -1.519415e-05 3.407227e-04 3.338681e-01 1.011071e-02 -9.692744e-03
9.999999e-01 -3.706264e-04 -8.807206e-05 1.052514e-05 3.991744e-01 2.383260e-03 -8.718815e-03
9.999998e-01 5.381886e-04 -3.618553e-05 -3.403425e-04 3.328924e-01 -5.840226e-02 -1.308281e-02
9.999995e-01 9.365015e-04 -2.303868e-04 3.818361e-04 3.576931e-01 1.936031e-03 -2.806069e-03
9.999993e-01 5.654746e-04 6.006425e-04 7.520709e-04 6.810782e-01 1.248697e-02 -3.521731e-02
9.999995e-01 -7.031553e-04 4.913514e-04 4.639909e-04 5.437948e-01 -2.242692e-02 5.710420e-03
9.999999e-01 7.400929e-05 -3.627443e-04 1.430032e-04 1.546082e-01 -5.304263e-02 4.785384e-03
9.999978e-01 8.281474e-05 2.042140e-03 4.722259e-04 6.429919e-01 -6.551171e-03 -1.780056e-02
9.999998e-01 4.131299e-04 -4.026813e-04 -4.461669e-06 5.493666e-01 -2.006816e-02 2.484335e-03
9.999983e-01 -1.164858e-03 -4.533995e-04 1.343898e-03 5.986276e-01 -3.901390e-02 -3.255627e-02
9.999984e-01 2.977464e-04 -1.775660e-03 -1.105980e-04 6.468563e-01 -3.344270e-03 2.226378e-02
9.999995e-01 3.110137e-04 -5.217261e-04 7.719482e-04 6.307494e-01 -1.569697e-02 -2.034785e-02
9.999982e-01 -3.112695e-04 -1.287092e-03 1.356005e-03 1.275413e+00 -2.639673e-02 -6.116945e-03
9.999987e-01 2.272864e-04 1.275366e-03 9.756954e-04 1.122016e+00 -6.811837e-03 -5.179046e-02
9.999976e-01 1.012306e-04 1.875155e-03 1.111987e-03 1.759145e+00 2.083717e-03 -4.627124e-02
9.999986e-01 -6.716871e-04 -1.734531e-05 1.476054e-03 1.423094e+00 -2.312365e-02 -9.029880e-03
9.999984e-01 8.082124e-05 8.430195e-04 1.603598e-03 1.918138e+00 -1.055880e-02 -4.627357e-02
9.999981e-01 1.818848e-04 9.020709e-06 1.959571e-03 2.304353e+00 -1.394088e-02 -3.059782e-02
9.999982e-01 4.750311e-04 1.254063e-03 1.316093e-03 2.357479e+00 -1.750887e-02 -4.527601e-02
9.999986e-01 -1.042614e-03 1.208286e-04 1.262873e-03 2.470019e+00 -1.680082e-02 -3.102519e-02
9.999994e-01 -3.823236e-04 -5.964512e-05 1.047767e-03 2.405626e+00 -2.532838e-02 -3.035069e-02
9.999991e-01 -1.173184e-04 -8.017869e-04 1.026029e-03 2.444500e+00 -2.555847e-02 -4.319976e-02
9.999992e-01 6.306544e-04 7.328571e-04 8.254352e-04 2.400571e+00 -2.631595e-02 -4.261485e-02
9.999988e-01 3.272209e-05 -2.312749e-04 1.552126e-03 2.374912e+00 -1.937628e-03 -1.966215e-02
9.999982e-01 -5.752103e-04 1.203136e-03 1.312711e-03 2.453443e+00 -2.544771e-02 -4.925804e-02
9.999983e-01 -1.205534e-03 -9.931712e-04 1.044258e-03 2.429737e+00 -1.685343e-02 -2.005379e-02
9.999994e-01 -4.591471e-04 8.580807e-05 9.557384e-04 2.444193e+00 -2.369803e-02 -5.430067e-02
9.999994e-01 8.051483e-05 -2.205279e-04 1.056232e-03 2.422726e+00 -1.643774e-02 -3.626303e-02
9.999994e-01 -1.123741e-04 -2.268385e-04 1.011367e-03 2.429510e+00 -2.015639e-02 -4.647548e-02
9.999989e-01 -5.028706e-05 -6.940045e-04 1.330901e-03 2.428458e+00 -6.298799e-03 -5.423527e-02
9.999994e-01 4.729511e-04 6.619880e-05 1.028043e-03 2.441103e+00 -2.536975e-02 -4.897163e-02
9.999992e-01 3.665723e-05 -4.410184e-06 1.245537e-03 2.454580e+00 -2.784310e-02 -3.745705e-02
9.999992e-01 -1.841542e-04 -1.280237e-04 1.308972e-03 2.473838e+00 -1.494573e-02 -5.431891e-02
9.999993e-01 -1.948829e-05 -3.147974e-04 1.123067e-03 2.462519e+00 -2.575967e-02 -2.957387e-02
9.999981e-01 -9.794918e-04 1.091715e-03 1.319999e-03 2.441676e+00 -7.652354e-03 -9.137318e-02
9.999981e-01 2.044905e-04 -1.594675e-03 1.101948e-03 2.425236e+00 -2.422698e-02 -2.330717e-02
9.999991e-01 6.521086e-04 -6.028952e-04 9.727422e-04 2.494725e+00 -2.634546e-02 -3.389947e-02
9.999978e-01 1.095642e-03 1.094403e-03 1.410672e-03 2.445985e+00 -1.367124e-02 -8.435499e-02
9.999958e-01 6.826248e-04 2.494123e-03 1.334795e-03 2.460369e+00 -2.126693e-02 -3.895596e-02
9.999987e-01 -8.643940e-04 2.792975e-04 1.298978e-03 2.470922e+00 -1.679121e-02 -3.369392e-02
9.999991e-01 -4.899505e-04 4.636411e-04 1.193728e-03 2.475586e+00 -2.611906e-02 -3.393201e-02
9.999990e-01 -4.112471e-04 -3.954341e-04 1.267905e-03 2.434149e+00 -1.793140e-02 -4.342344e-02
9.999983e-01 1.095688e-03 1.050213e-03 1.022222e-03 2.479788e+00 -3.582784e-02 -4.186155e-02
9.999984e-01 6.140090e-04 8.690018e-04 1.445427e-03 2.450894e+00 -1.185775e-02 -4.059316e-02
9.999989e-01 3.477217e-04 2.274521e-04 1.418850e-03 2.444297e+00 -1.681473e-02 -8.969385e-03
9.999990e-01 -4.138274e-04 6.569427e-04 1.184638e-03 2.423496e+00 -2.278107e-02 -4.321978e-02
9.999991e-01 2.315100e-04 7.824822e-04 1.054867e-03 2.460131e+00 -2.844870e-02 -2.126818e-02
9.999987e-01 -7.412950e-04 -3.410700e-04 1.378325e-03 2.425322e+00 -1.407777e-02 -7.069368e-03
9.999991e-01 -1.912632e-04 1.322188e-04 1.270230e-03 2.440181e+00 -2.861810e-02 -3.320171e-02
9.999989e-01 -7.131711e-04 -1.242972e-04 1.274781e-03 2.416821e+00 -1.955196e-02 -1.475706e-02
9.999981e-01 -2.355766e-04 1.089392e-03 1.610367e-03 2.460361e+00 -2.019908e-02 -4.716844e-02
9.999993e-01 -3.638835e-04 3.208988e-04 1.069564e-03 2.390914e+00 -2.378772e-02 -2.008290e-02
9.999982e-01 1.133622e-03 -4.809013e-04 1.396411e-03 2.414626e+00 -2.198882e-02 9.137256e-04
9.999987e-01 -4.868759e-05 9.923696e-04 1.331909e-03 2.419185e+00 -1.894774e-02 -4.572100e-02
9.999992e-01 5.378270e-04 -5.780910e-04 1.015427e-03 2.416359e+00 -2.589019e-02 -1.039088e-02
9.999985e-01 2.112150e-04 1.234137e-03 1.218688e-03 2.403989e+00 -1.947098e-02 -1.395782e-02
9.999969e-01 -2.150468e-03 -4.280829e-05 1.236348e-03 2.385117e+00 -2.520931e-02 -1.624002e-02
9.999993e-01 -5.119799e-04 -8.189375e-05 1.101439e-03 2.391251e+00 -2.595523e-02 -9.983250e-03
9.999985e-01 1.028302e-03 7.256837e-04 1.191586e-03 2.366906e+00 -1.765888e-02 -3.517630e-02
9.999986e-01 7.794701e-04 7.752200e-04 1.265048e-03 2.403533e+00 -2.042621e-02 -7.925930e-03
9.999986e-01 -1.343703e-03 -1.451560e-04 9.923165e-04 2.409709e+00 -2.465614e-02 -1.840856e-03
9.999987e-01 -5.359803e-04 -1.294271e-03 8.554746e-04 2.369994e+00 -1.908509e-02 -2.331284e-02
9.999995e-01 -1.658722e-04 4.772781e-04 8.367523e-04 2.376256e+00 -2.285521e-02 -3.353902e-02
9.999989e-01 1.028757e-03 -8.434494e-04 7.217826e-04 2.414609e+00 -1.714571e-02 -6.427789e-03
9.999985e-01 5.839124e-04 1.514738e-03 6.376760e-04 2.384492e+00 -3.398461e-02 -2.218792e-02
9.999997e-01 -4.419595e-05 1.902787e-04 7.036793e-04 2.369765e+00 -2.176404e-02 8.207575e-03
9.999984e-01 1.096006e-04 1.677586e-03 6.773022e-04 2.358885e+00 -2.581380e-02 -3.708108e-02
9.999988e-01 -1.152990e-03 8.720785e-04 5.417957e-04 2.358338e+00 -2.476582e-02 -6.712451e-03
9.999997e-01 -3.152378e-04 5.487274e-04 5.235510e-04 2.383681e+00 -2.063127e-02 4.626133e-04
9.999998e-01 1.171042e-04 -5.509228e-04 4.530714e-04 2.338096e+00 -2.930848e-02 5.538362e-03
9.999990e-01 1.048020e-03 6.339090e-04 7.256803e-04 2.364121e+00 -2.126698e-02 -1.139168e-02
9.999996e-01 -5.088957e-04 5.108841e-04 5.363727e-04 2.348462e+00 -2.588686e-02 -8.338398e-04
9.999994e-01 3.263473e-04 8.948452e-04 5.273230e-04 2.343386e+00 -2.996559e-02 7.666710e-04
9.999994e-01 -5.109330e-04 7.632213e-04 4.838912e-04 2.354256e+00 -2.689145e-02 1.720445e-02
9.999990e-01 -3.029255e-04 1.068913e-03 8.237454e-04 2.367672e+00 -3.105255e-02 2.851807e-03
9.999976e-01 -1.436140e-03 1.030766e-03 1.280431e-03 2.347982e+00 -2.607820e-02 7.404007e-03
9.999981e-01 -9.907699e-04 7.519389e-04 1.489715e-03 2.336556e+00 -2.213918e-02 -7.965609e-03
9.999978e-01 -3.940449e-04 3.095526e-04 2.013081e-03 2.326058e+00 -2.051122e-02 1.887625e-02
9.999951e-01 1.136459e-03 8.937388e-04 2.792850e-03 2.335662e+00 -2.092868e-02 2.233690e-02
9.999967e-01 -7.936335e-04 6.959878e-05 2.436587e-03 2.310192e+00 -2.353578e-02 -1.587857e-02
9.999967e-01 9.959364e-05 -1.269661e-04 2.537714e-03 2.355565e+00 -1.931769e-02 3.297402e-02
9.999963e-01 -4.831882e-04 -9.499355e-04 2.516771e-03 2.322392e+00 -1.832406e-02 1.332751e-02
9.999967e-01 2.546902e-04 5.364309e-04 2.495356e-03 2.330072e+00 -1.467329e-02 -1.401644e-03
9.999968e-01 -4.101461e-04 -8.000565e-04 2.339454e-03 2.339329e+00 -2.046546e-02 4.533887e-02
9.999972e-01 4.094840e-04 -3.285829e-04 2.334846e-03 2.322930e+00 -2.504214e-02 5.186262e-03
9.999982e-01 -3.826981e-04 6.066489e-05 1.877807e-03 2.362542e+00 -2.643134e-02 -8.290479e-03
9.999979e-01 -6.055941e-04 9.465805e-04 1.707414e-03 2.340447e+00 -2.208719e-02 3.204066e-02
9.999983e-01 -7.015655e-04 -5.146345e-04 1.648286e-03 2.379739e+00 -2.259321e-02 -4.807376e-03
9.999988e-01 6.130808e-04 2.364187e-04 1.377812e-03 2.338590e+00 -2.323062e-02 1.247069e-02
9.999992e-01 -4.097175e-04 -3.617631e-04 1.135930e-03 2.366470e+00 -2.464968e-02 3.812401e-02
9.999997e-01 1.544410e-04 1.110673e-04 7.298871e-04 2.380191e+00 -2.680282e-02 -1.461461e-02
9.999996e-01 -7.890425e-04 -2.435943e-04 3.686198e-04 2.317372e+00 -2.115581e-02 1.259878e-03
9.999992e-01 3.570472e-04 -1.033064e-03 6.288029e-04 2.361766e+00 -1.624550e-02 2.793117e-02
9.999991e-01 -1.065979e-03 -8.325544e-04 1.102716e-04 2.380550e+00 -2.939496e-02 1.773144e-03
9.999998e-01 2.610076e-05 -2.610430e-04 4.420484e-04 2.386329e+00 -2.918030e-02 -2.415207e-03
9.999993e-01 -1.708144e-04 1.035234e-03 4.869799e-04 2.393830e+00 -1.721044e-02 -8.054550e-03
9.999997e-01 6.696442e-06 -6.178503e-04 3.487893e-04 2.412583e+00 -2.835115e-02 6.465004e-03
9.999993e-01 1.886393e-04 1.141904e-03 2.764267e-04 2.363041e+00 -2.251082e-02 -9.251232e-03
9.999993e-01 -3.398116e-04 -1.105657e-03 2.624006e-04 2.416886e+00 -2.170260e-02 1.398820e-02
9.999999e-01 1.663820e-04 3.148701e-04 1.825265e-04 2.390067e+00 -2.514570e-02 -3.181851e-02
1.000000e+00 1.351459e-04 -1.855559e-04 7.280170e-05 2.450495e+00 -2.305982e-02 1.700094e-02
9.999994e-01 9.466165e-04 3.288258e-04 3.156095e-04 2.408756e+00 -2.912682e-02 9.456471e-03
9.999991e-01 -9.938849e-04 8.431795e-04 6.439772e-05 2.447117e+00 -2.447445e-02 5.346053e-03
9.999997e-01 -1.787690e-04 -7.334108e-04 1.359599e-04 2.434292e+00 -2.510207e-02 -6.035585e-03
9.999999e-01 4.730676e-04 7.365250e-06 1.425127e-04 2.446214e+00 -1.843433e-02 -1.580596e-02
9.999990e-01 -3.000102e-04 -1.351719e-03 -6.685908e-05 2.443109e+00 -2.552345e-02 3.881205e-02
9.999992e-01 -9.582735e-04 -8.240724e-04 -2.071630e-04 2.426317e+00 -2.440540e-02 -2.247549e-02
9.999987e-01 -1.418880e-03 7.938676e-04 -9.432424e-05 2.465378e+00 -2.053664e-02 -3.645461e-02
9.999995e-01 -6.470218e-04 -7.461323e-04 -2.540879e-04 2.474319e+00 -2.751165e-02 4.354209e-03
9.999987e-01 4.919737e-04 -1.518723e-03 1.230788e-04 2.472657e+00 -1.988835e-02 -2.767984e-02
9.999991e-01 1.221926e-03 -4.752712e-04 -3.633221e-04 2.490212e+00 -2.461578e-02 -1.652688e-02
9.999995e-01 -7.257364e-04 -5.486394e-04 -4.045242e-04 2.507534e+00 -2.164369e-02 -4.124707e-02
9.999994e-01 -9.676440e-04 1.701857e-04 -3.480643e-04 2.499317e+00 -2.842194e-02 -1.337672e-02
9.999991e-01 -1.274477e-03 2.737931e-04 -4.389340e-04 2.497700e+00 -2.663507e-02 -2.875415e-02
9.999992e-01 1.261979e-03 1.679004e-04 -1.061002e-04 2.533443e+00 -3.445282e-02 -3.203803e-02
9.999980e-01 1.125621e-03 1.660740e-03 2.310979e-04 2.482070e+00 -6.696947e-03 -4.204999e-02
9.999996e-01 8.512425e-04 8.185246e-05 -2.887472e-04 2.545093e+00 -3.599461e-02 -7.361983e-03
9.999989e-01 -5.869136e-04 1.331624e-03 -2.770811e-04 2.547826e+00 -3.024415e-02 -2.255643e-02
9.999996e-01 -8.537848e-04 1.271157e-04 -3.330030e-04 2.554727e+00 -3.124757e-02 -5.928145e-03
9.999999e-01 1.599022e-04 3.599978e-04 -5.653542e-05 2.548041e+00 -3.063435e-02 -2.012087e-02
9.999999e-01 5.295772e-05 -3.917990e-04 1.396541e-04 2.523782e+00 -1.447104e-02 -3.007992e-02
9.999993e-01 -1.415253e-04 -1.205270e-03 -3.082556e-05 2.547617e+00 -2.661759e-02 9.092457e-03
9.999999e-01 -3.433710e-04 -1.471211e-04 -3.764897e-06 2.559561e+00 -2.693298e-02 -2.663920e-02
9.999990e-01 -4.264314e-04 1.305027e-03 4.665253e-04 2.556498e+00 -1.420680e-02 -3.053801e-02
9.999997e-01 -4.191407e-04 6.958492e-04 -1.250353e-04 2.580552e+00 -3.311297e-02 -1.091715e-02
9.999998e-01 1.881257e-04 5.639936e-04 2.245294e-04 2.584801e+00 -3.030951e-02 -1.628501e-02
9.999993e-01 7.437757e-04 -8.409083e-04 2.984835e-04 2.582599e+00 -2.819766e-02 -1.523720e-02
9.999996e-01 1.577678e-04 7.278479e-04 4.840803e-04 2.575676e+00 -1.796813e-02 -2.016354e-02
9.999998e-01 -4.848203e-04 -2.291854e-04 2.324910e-04 2.569892e+00 -3.191811e-02 1.524347e-02
9.999982e-01 1.288943e-03 1.255714e-03 5.452605e-04 2.589982e+00 -3.143906e-02 -3.409175e-02
9.999993e-01 -9.027443e-05 1.189898e-03 7.440778e-05 2.633266e+00 -2.846096e-02 5.774208e-03
9.999999e-01 -1.115808e-04 -2.687687e-04 -1.067333e-04 2.620413e+00 -3.009847e-02 8.564046e-03
9.999996e-01 -5.205565e-04 -7.497147e-04 1.355539e-04 2.598171e+00 -1.194536e-02 -2.088525e-02
9.999999e-01 -3.100610e-04 2.167063e-04 -2.108543e-04 2.585713e+00 -2.950756e-02 -5.927572e-04
9.999993e-01 -2.272057e-04 -1.164375e-03 -9.680286e-05 2.603877e+00 -2.568231e-02 9.981639e-03
9.999997e-01 4.699669e-04 5.498206e-04 -2.703993e-05 2.645691e+00 -2.431265e-02 -2.706374e-02
1.000000e+00 1.088909e-04 1.148536e-04 -6.607520e-05 2.660080e+00 -3.688711e-02 -1.364097e-03
9.999999e-01 6.187854e-05 2.189195e-04 1.173936e-04 2.582180e+00 -2.214291e-02 -2.452203e-03
9.999998e-01 -5.258851e-04 3.033773e-04 -6.755325e-05 2.599832e+00 -2.400774e-02 -1.284426e-02
9.999997e-01 1.688508e-04 -7.832237e-04 4.614487e-05 2.618261e+00 -2.699895e-02 -2.617050e-04
9.999999e-01 2.709694e-04 4.011222e-04 -9.553107e-05 2.578982e+00 -2.153144e-02 -1.666813e-02
9.999997e-01 -6.878987e-06 -6.361106e-04 -3.826449e-04 2.459839e+00 -2.064293e-02 2.472450e-02
9.999996e-01 2.209669e-04 -5.936547e-04 6.508827e-04 1.820731e+00 -1.782467e-02 -1.949421e-02
9.999994e-01 -2.671876e-04 1.054780e-03 -3.244194e-04 2.224804e+00 -1.108989e-02 -3.634859e-03
9.999998e-01 -2.581893e-04 6.397414e-04 -1.518761e-04 2.431505e+00 -2.371900e-02 -1.871636e-03
1.000000e+00 -1.250635e-04 1.039338e-04 1.103201e-04 2.390360e+00 -1.548512e-02 -4.755998e-03
1.000000e+00 -4.204393e-05 1.258172e-04 6.790729e-05 2.226352e+00 -1.258771e-02 -1.916889e-02
9.999985e-01 -3.723136e-04 -1.673241e-03 -4.563069e-05 2.319265e+00 -1.939182e-02 2.059534e-03
9.999994e-01 -5.043112e-04 -7.636121e-04 -6.228276e-04 2.149134e+00 -6.037302e-03 -2.941409e-03
9.999927e-01 -7.382336e-04 -3.547199e-03 -1.185716e-03 2.066649e+00 -9.304232e-03 -5.729430e-02
9.999990e-01 5.655483e-04 1.184001e-04 -1.292478e-03 1.955120e+00 -2.373047e-02 1.540168e-02
9.999990e-01 1.121860e-03 5.452526e-04 -6.763199e-04 1.985135e+00 -2.323563e-03 -3.577527e-02
9.999995e-01 3.938047e-04 4.663773e-04 -7.744036e-04 1.934022e+00 -1.514135e-02 -5.830408e-02
9.999984e-01 -1.580306e-03 6.093502e-04 -6.122524e-04 1.868009e+00 -2.130976e-02 1.156545e-02
9.999997e-01 -7.153698e-04 3.372844e-04 -2.063906e-04 1.868320e+00 -1.416064e-02 -6.494713e-02
9.999997e-01 5.002754e-04 3.982145e-04 -4.494125e-04 1.899768e+00 -2.024471e-02 8.521574e-03
9.999977e-01 1.655318e-03 -1.371483e-03 1.083059e-04 1.770791e+00 -3.954153e-03 -4.240867e-02
9.999982e-01 -5.644768e-05 1.869029e-03 -3.253891e-04 1.842861e+00 -2.699381e-02 -3.272717e-02
9.999989e-01 -1.116476e-03 9.457860e-04 -2.126951e-04 1.822727e+00 -3.312262e-02 3.188743e-02
9.999997e-01 -7.645398e-04 -2.863515e-05 1.464303e-04 1.742668e+00 -5.776963e-03 -6.450089e-02
9.999990e-01 -2.869678e-04 1.344632e-03 -2.276902e-04 1.881405e+00 -3.002790e-02 -5.886512e-04
9.999998e-01 -6.926915e-04 -5.514775e-05 -1.176245e-05 1.857258e+00 -1.366508e-02 -3.502759e-02
9.999998e-01 1.179475e-04 5.294490e-04 1.653101e-05 1.784419e+00 -2.618003e-02 -1.022969e-02
9.999995e-01 -4.085006e-04 1.079742e-05 -8.408944e-04 1.820450e+00 -2.781301e-02 -1.394982e-02
9.999987e-01 6.362426e-04 -1.468746e-03 -3.914330e-05 1.755339e+00 -1.343145e-02 -1.771760e-02
1.000000e+00 -7.862148e-05 1.544384e-04 -3.028021e-04 1.781187e+00 -2.979034e-02 -5.412842e-02
9.999992e-01 7.221001e-04 -1.023113e-03 -1.971445e-04 1.757557e+00 -2.330589e-02 4.831212e-02
9.999986e-01 -1.103699e-03 -1.126155e-03 -4.362412e-04 1.729158e+00 -2.232312e-02 -6.166368e-02
9.999982e-01 -1.845540e-03 1.530506e-04 -5.138450e-04 1.740914e+00 -4.189504e-02 -8.549713e-03
9.999994e-01 -6.449665e-04 -3.807070e-04 -7.575284e-04 1.768628e+00 -2.361404e-02 -3.492893e-02
9.999993e-01 1.071486e-03 -4.502531e-04 -3.520198e-04 1.668300e+00 -2.649816e-02 -4.906897e-02
9.999997e-01 -3.977540e-06 -4.393197e-04 -6.913519e-04 1.741306e+00 -2.998761e-02 -2.160512e-02
9.999994e-01 -6.654217e-04 -3.655578e-04 -7.922901e-04 1.707711e+00 -3.165004e-02 -6.508933e-02
9.999988e-01 -8.099840e-04 -8.463804e-04 -9.918476e-04 1.717098e+00 -4.033213e-02 -8.983848e-03
9.999994e-01 1.145245e-04 -8.044711e-04 -7.644513e-04 1.623899e+00 -3.309510e-02 -6.415160e-02
9.999994e-01 -3.696489e-04 -4.395369e-04 -9.259004e-04 1.692405e+00 -3.525830e-02 -6.771464e-02
9.999992e-01 -6.967209e-04 -3.702429e-04 -1.027645e-03 1.680697e+00 -4.405435e-02 -1.424899e-02
9.999992e-01 -1.769423e-04 -3.920795e-04 -1.195470e-03 1.674818e+00 -4.123992e-02 -9.654898e-02
9.999983e-01 1.348961e-03 -7.779919e-04 -9.863137e-04 1.710420e+00 -4.769370e-02 -3.732712e-02
9.999992e-01 -4.213292e-04 8.590247e-04 -8.206182e-04 1.720679e+00 -4.974542e-02 -5.167560e-02
9.999985e-01 -5.709792e-04 1.543928e-03 -4.350655e-04 1.677227e+00 -5.724313e-02 -7.412334e-02
9.999983e-01 7.111258e-04 1.605851e-03 -6.343112e-04 1.706250e+00 -5.368930e-02 -2.106689e-02
9.999984e-01 -6.066291e-04 1.507401e-03 -8.002941e-04 1.749768e+00 -5.603193e-02 -8.289663e-02
9.999996e-01 -4.916390e-04 3.702088e-04 -6.714958e-04 1.697192e+00 -6.598369e-02 -5.638408e-02
9.999999e-01 -3.593943e-04 1.901409e-06 2.316410e-04 1.654905e+00 -6.377620e-02 -7.666836e-03
9.999962e-01 2.719323e-03 3.340967e-04 1.917461e-04 1.583953e+00 -6.156460e-02 -7.244904e-02
9.999996e-01 8.329451e-04 1.801827e-04 3.255195e-04 1.739330e+00 -6.172992e-02 -6.616820e-02
9.999897e-01 -4.473293e-03 2.298220e-04 7.529585e-04 1.675616e+00 -6.292490e-02 8.240685e-02
9.999963e-01 -2.075054e-03 1.062794e-03 1.357962e-03 1.661658e+00 -6.819928e-02 -1.251663e-01
9.999928e-01 2.747602e-03 1.614385e-03 2.070288e-03 1.657908e+00 -5.672542e-02 -9.979026e-02
9.999992e-01 4.513376e-04 -8.011770e-04 9.109780e-04 1.676498e+00 -6.274293e-02 6.372210e-02
9.999982e-01 5.193931e-04 -9.045708e-04 1.565750e-03 1.700767e+00 -3.841133e-02 -9.934524e-02
9.999956e-01 -4.754105e-04 2.241213e-03 1.890768e-03 1.543982e+00 -5.783185e-02 -6.148084e-02
9.999948e-01 -2.556676e-03 -1.832567e-03 7.052788e-04 1.654860e+00 -4.964555e-02 2.937376e-02
9.999987e-01 2.973273e-04 2.199995e-04 1.584624e-03 1.691921e+00 -3.950041e-02 -1.012606e-01
9.999984e-01 4.588073e-04 -2.517401e-04 1.737932e-03 1.621959e+00 -5.268658e-02 -1.933579e-02
9.999993e-01 3.219830e-04 -9.444908e-04 5.550506e-04 1.575789e+00 -6.089867e-02 -1.874464e-02
9.999994e-01 -5.814853e-05 3.320064e-04 1.063788e-03 1.637594e+00 -3.794651e-02 -6.393311e-02
9.999942e-01 -2.343216e-03 -2.174661e-03 1.120796e-03 1.736993e+00 -3.235794e-02 -3.948078e-02
9.999954e-01 -1.723159e-03 -2.466532e-03 2.938934e-04 1.747029e+00 -4.525973e-02 -6.459960e-02
9.999983e-01 -2.979551e-04 -2.001885e-04 1.783254e-03 1.696385e+00 -3.436431e-02 -5.894252e-02
9.999976e-01 -1.742330e-04 -1.969243e-03 9.479163e-04 1.641952e+00 -3.964399e-02 -6.722258e-02
9.999984e-01 7.065252e-04 2.221362e-04 1.594030e-03 1.839664e+00 -1.916461e-02 -1.313514e-01
9.999993e-01 -9.479871e-04 -2.777111e-04 6.986195e-04 1.787468e+00 -4.301584e-02 -3.068554e-02
9.999984e-01 9.857077e-06 -1.271553e-03 1.303886e-03 1.762146e+00 -3.906891e-02 -8.850644e-02
9.999976e-01 -2.045831e-04 1.071593e-03 1.890758e-03 1.784528e+00 -1.450788e-02 -9.420052e-02
9.999937e-01 -2.246155e-03 -2.384176e-03 1.314533e-03 1.851110e+00 -1.550053e-02 -1.026034e-01
9.999980e-01 -1.132191e-03 -8.907368e-04 1.378615e-03 1.674342e+00 -4.467907e-02 -6.452561e-02
9.999986e-01 1.065433e-03 -5.174692e-04 1.202624e-03 1.738576e+00 -3.019204e-02 -6.643991e-02
9.999985e-01 -8.008030e-04 6.754563e-04 1.349063e-03 1.667432e+00 -2.975720e-02 -1.393994e-01
9.999989e-01 -3.424913e-04 -1.296635e-03 5.092175e-04 1.842255e+00 -3.187632e-02 -8.126038e-02
9.999986e-01 3.655512e-04 1.535019e-03 6.261803e-04 1.867164e+00 -2.428082e-02 -8.959977e-02
9.999989e-01 1.177386e-04 -1.055616e-03 1.077243e-03 1.888375e+00 -2.705083e-02 -9.537063e-02
9.999964e-01 -2.235535e-03 1.237567e-03 8.160466e-04 2.041575e+00 -1.204974e-02 -1.609195e-01
9.999984e-01 -1.208575e-03 -1.260469e-03 5.094083e-04 2.022387e+00 -2.699596e-02 -8.640746e-02
9.999994e-01 3.375597e-04 -2.310016e-04 1.005133e-03 2.069765e+00 -1.393186e-02 -1.066243e-01
9.999992e-01 -2.051652e-04 -1.072989e-03 7.144294e-04 2.178208e+00 -1.090693e-02 -1.515369e-01
9.999975e-01 1.931231e-03 5.934859e-04 9.449579e-04 2.209880e+00 -1.008560e-02 -1.366905e-01
9.999978e-01 -1.175706e-03 -1.150710e-03 1.294848e-03 2.252499e+00 -1.299380e-02 -1.328922e-01
9.999975e-01 -2.069785e-03 -2.752199e-04 7.883260e-04 2.228978e+00 -2.640256e-02 -9.934760e-02
9.999940e-01 -3.113419e-03 -4.097835e-04 1.502439e-03 2.314975e+00 2.285351e-03 -1.765198e-01
