1.0 0.0 0.0 0.0 0.0 0.0 0.0
9.999933e-01 1.113834e-03 1.278158e-03 3.246275e-03 6.734431e-01 8.561043e-03 -2.410669e-03
9.999982e-01 1.552005e-04 4.937941e-04 1.853343e-03 3.873467e-01 3.164969e-03 -1.123754e-02
9.999982e-01 -3.349911e-04 -8.525529e-04 1.650428e-03 3.853579e-01 -1.624946e-03 -9.277200e-03
9.999989e-01 -1.302894e-04 -6.705347e-05 1.528250e-03 3.769212e-01 -1.597816e-03 -8.576169e-03
9.999985e-01 -6.285791e-04 -3.499276e-04 1.551507e-03 3.874905e-01 -1.320825e-03 5.466670e-03
9.999991e-01 1.673763e-04 4.463441e-04 1.262086e-03 4.046523e-01 4.688656e-03 -8.906149e-03
9.999997e-01 -2.761929e-04 3.834300e-04 5.189500e-04 3.861445e-01 -1.720643e-02 -5.027505e-03
9.999996e-01 -8.064425e-05 -7.482800e-04 5.234992e-04 3.966718e-01 -9.002587e-03 -1.728857e-02
9.999999e-01 2.142431e-04 3.938374e-04 3.087436e-04 4.003275e-01 1.276742e-03 6.761049e-03
9.999999e-01 -3.091662e-04 -3.860004e-04 -4.765100e-05 3.991771e-01 -9.470178e-03 -7.937451e-03
9.999998e-01 3.384075e-04 3.740018e-04 -2.594056e-04 4.154516e-01 -4.859705e-03 -8.820600e-03
9.999998e-01 -3.170895e-04 4.453930e-04 -4.274996e-04 4.047443e-01 -8.113387e-03 1.946113e-03
9.999998e-01 8.824219e-05 4.160647e-04 -2.656274e-04 4.229156e-01 -7.426632e-03 -1.395662e-02
9.999999e-01 -2.513011e-04 -4.374435e-05 -3.122059e-04 4.171489e-01 -5.881181e-03 3.460356e-03
1.000000e+00 1.791030e-04 -9.206183e-05 -2.426865e-04 4.165944e-01 -2.655662e-03 -1.638182e-02
9.999997e-01 -4.492106e-04 4.120764e-04 -4.409608e-04 4.297179e-01 -5.333621e-03 5.761826e-03
9.999999e-01 1.617571e-04 1.016327e-04 -2.373038e-04 4.256396e-01 -3.514351e-03 -1.239257e-02
9.999999e-01 1.410385e-04 1.230832e-04 -3.936249e-04 4.370067e-01 -5.662849e-03 -1.148174e-02
9.999999e-01 -3.211182e-05 -9.543003e-05 -3.683429e-04 4.374071e-01 1.857747e-03 1.545922e-02
9.999999e-01 6.755608e-05 7.397846e-05 -4.796096e-04 4.463792e-01 -4.050906e-03 -1.914160e-02
9.999997e-01 -2.435785e-04 5.818551e-04 -5.372992e-04 4.358799e-01 -7.909923e-03 4.571754e-03
9.999999e-01 -1.913438e-04 2.097511e-04 -4.734499e-04 4.429914e-01 -6.119589e-03 -1.141411e-02
9.999998e-01 -2.888636e-04 -3.375164e-04 -2.264820e-04 4.533241e-01 -2.939461e-03 -1.872373e-02
9.999999e-01 3.498108e-04 1.596363e-04 -2.844547e-04 4.503165e-01 -2.549639e-03 2.028287e-02
9.999997e-01 -2.217622e-04 -5.317989e-04 -5.583688e-04 4.619255e-01 -8.515697e-03 -1.095005e-02
9.999999e-01 3.446523e-04 2.528109e-04 -3.105638e-04 4.546280e-01 -4.476140e-03 -4.534997e-03
9.999999e-01 -7.337667e-05 3.414238e-04 -2.364371e-04 4.522280e-01 -5.719671e-03 -3.426757e-03
9.999996e-01 8.508786e-04 -1.297953e-04 -3.082211e-04 4.597223e-01 -7.912521e-03 -1.482368e-02
9.999997e-01 -9.484677e-05 4.384378e-04 -5.563199e-04 4.622013e-01 -8.727359e-03 7.836256e-03
9.999998e-01 -6.877740e-05 -5.541785e-04 -4.143547e-04 4.492652e-01 -1.478023e-03 -1.600505e-02
9.999999e-01 6.825840e-05 -8.625477e-05 -5.349607e-04 4.587343e-01 -8.757202e-03 -4.876008e-04
9.999996e-01 -5.609366e-05 -3.628226e-04 -7.530028e-04 4.521217e-01 -7.400513e-03 -6.446202e-03
9.999996e-01 3.711742e-04 1.936214e-04 -8.409450e-04 4.647118e-01 -6.281899e-03 -9.071066e-03
9.999997e-01 2.204562e-04 1.602823e-04 -7.434912e-04 4.604081e-01 -5.249338e-03 7.019331e-03
9.999996e-01 -1.466687e-04 3.595869e-04 -8.495149e-04 4.686049e-01 -5.028000e-03 -8.743459e-03
9.999995e-01 1.219243e-04 -4.688128e-04 -8.601437e-04 4.559527e-01 -1.293014e-02 -4.605576e-03
9.999997e-01 4.082618e-04 -5.110180e-06 -6.465147e-04 4.722713e-01 -1.771227e-03 -7.304940e-03
9.999994e-01 1.555143e-04 3.347793e-05 -1.059941e-03 4.547288e-01 -7.803750e-03 -4.047105e-03
9.999996e-01 7.097826e-06 -3.544923e-04 -7.981472e-04 4.749550e-01 9.424603e-04 1.576816e-02
9.999993e-01 -1.069178e-04 -7.480313e-04 -8.269076e-04 4.672274e-01 -1.063601e-02 -1.731097e-02
9.999994e-01 4.837365e-04 4.810967e-04 -9.023488e-04 4.609686e-01 -1.252321e-02 -1.301290e-02
9.999997e-01 -3.764666e-05 -2.674449e-04 -7.790452e-04 4.661720e-01 -5.061097e-03 8.510682e-03
9.999996e-01 1.001699e-05 2.632177e-04 -8.135720e-04 4.716868e-01 -7.960189e-03 -2.189849e-02
9.999997e-01 -2.728914e-04 1.182557e-04 -8.102962e-04 4.708528e-01 -1.012011e-02 1.198858e-02
9.999997e-01 -1.601195e-04 -4.189437e-04 -6.885284e-04 4.719733e-01 -4.629264e-03 -1.629129e-02
9.999997e-01 -2.978417e-04 -1.217882e-04 -6.902169e-04 4.793924e-01 -2.349680e-03 1.149861e-02
9.999997e-01 -2.032836e-04 -4.610688e-04 -6.163174e-04 4.825312e-01 -7.408483e-03 -1.742106e-02
9.999999e-01 1.306759e-04 1.468505e-04 -4.873275e-04 4.671126e-01 -7.451669e-03 -3.776305e-03
9.999999e-01 3.269580e-04 2.878294e-04 -2.335390e-04 4.848463e-01 -1.710501e-04 1.928315e-04
9.999999e-01 1.693751e-04 -1.772761e-04 -3.323861e-04 4.928819e-01 -6.699745e-03 -1.801985e-02
9.999997e-01 -9.481790e-05 -6.158051e-04 -3.385615e-04 4.896744e-01 -1.291206e-02 3.138008e-03
9.999979e-01 -2.072024e-04 -2.054692e-03 -5.569674e-06 4.885614e-01 8.704232e-03 -4.276956e-02
9.999997e-01 1.447491e-04 7.655518e-04 -2.322615e-04 5.061941e-01 1.346988e-03 5.679473e-03
1.000000e+00 2.500084e-04 1.076116e-05 8.934479e-06 4.937034e-01 1.851076e-03 3.668790e-02
9.999997e-01 -5.997655e-04 3.638637e-04 -2.174344e-04 5.032234e-01 -1.576299e-02 -3.433298e-02
9.999998e-01 -2.606677e-05 -6.801899e-04 2.423546e-05 4.981896e-01 -1.001879e-02 -6.242360e-04
1.000000e+00 -4.860411e-05 1.446077e-04 9.624471e-05 5.108138e-01 7.647323e-03 -8.873761e-03
9.999963e-01 3.760795e-04 -2.673628e-03 -1.725172e-04 5.060130e-01 -4.202606e-03 -2.581626e-02
9.999979e-01 -1.319257e-03 1.545053e-03 3.941368e-05 5.148111e-01 9.955211e-04 6.545328e-03
9.999983e-01 4.056794e-04 -1.762850e-03 4.306859e-04 5.157629e-01 -4.680083e-03 5.917978e-03
9.999987e-01 1.200197e-04 1.572620e-03 -2.652906e-04 5.343252e-01 -4.360437e-03 -3.167418e-02
9.999987e-01 2.835109e-04 -1.563403e-03 2.152804e-04 5.128084e-01 -8.991407e-03 9.077349e-03
9.999999e-01 -2.820373e-04 4.005133e-04 -3.695356e-05 5.356765e-01 9.949532e-04 -2.306551e-02
9.999984e-01 -5.814547e-05 -1.738215e-03 2.361102e-04 5.205316e-01 -1.035598e-03 -7.201055e-03
9.999999e-01 4.361955e-04 -1.220135e-04 1.390614e-04 5.379269e-01 -3.594405e-03 -2.043606e-02
9.999999e-01 3.089401e-04 -2.379192e-04 1.263355e-04 5.358766e-01 -4.280473e-03 1.643458e-03
9.999997e-01 6.189277e-04 4.024837e-04 1.593918e-04 5.399878e-01 -3.550862e-03 -2.139449e-02
9.999999e-01 -3.281937e-04 -3.653054e-04 2.589924e-05 5.306753e-01 -1.273016e-02 -5.604931e-03
9.999997e-01 6.588687e-04 -3.392247e-04 2.624077e-05 5.327856e-01 3.836606e-05 -2.537019e-02
9.999997e-01 -2.530767e-04 -7.349352e-04 1.490904e-04 5.441842e-01 -1.814837e-03 -3.541897e-03
1.000000e+00 -1.511129e-05 -4.567965e-05 2.137438e-04 5.386853e-01 -9.390655e-03 -1.776292e-02
9.999998e-01 3.015258e-04 5.712801e-04 2.740263e-04 5.327540e-01 -4.141424e-03 -7.463159e-04
9.999998e-01 1.276108e-04 6.205678e-04 -1.600373e-04 5.341095e-01 -7.014629e-03 -2.702562e-02
1.000000e+00 -5.431634e-05 -5.957408e-05 2.485554e-04 5.519640e-01 -7.826628e-03 -2.647786e-03
1.000000e+00 -2.192200e-04 -1.106110e-04 -6.999967e-06 5.367002e-01 -2.890980e-03 -2.540006e-02
1.000000e+00 9.059422e-05 -1.707238e-04 1.321064e-04 5.469471e-01 -1.883645e-03 -1.841136e-03
9.999991e-01 -5.926864e-04 1.199174e-03 -3.539914e-05 5.350726e-01 -5.176130e-03 -2.455335e-02
1.000000e+00 -6.931351e-06 1.819759e-05 1.301369e-04 5.514181e-01 -7.823826e-03 1.105090e-02
9.999992e-01 -5.344574e-04 1.142492e-03 -3.402112e-04 5.328243e-01 -9.020914e-03 -3.189781e-02
1.000000e+00 2.165506e-04 -3.054637e-05 8.211778e-05 5.364596e-01 -1.276753e-02 1.321783e-04
9.999996e-01 -9.622893e-04 3.356549e-05 -2.514372e-05 5.466215e-01 1.231523e-03 -1.450388e-02
9.999999e-01 -1.563387e-04 1.734315e-04 3.062975e-04 5.436218e-01 -2.739942e-03 -1.710415e-02
9.999998e-01 -1.383333e-04 6.980908e-04 -1.205565e-04 5.417977e-01 -1.449384e-02 -8.726029e-03
9.999999e-01 4.101921e-04 2.781552e-05 1.262717e-04 5.528796e-01 -2.392247e-04 -7.072589e-03
9.999996e-01 3.396955e-04 -8.158321e-04 4.210100e-05 5.516055e-01 -2.110744e-03 -1.395662e-02
9.999999e-01 4.062180e-04 2.093107e-04 -2.012967e-04 5.382462e-01 -8.446286e-03 -1.537745e-02
9.999999e-01 2.929724e-04 2.137603e-04 2.937882e-04 5.581906e-01 -1.400623e-03 -2.660934e-03
9.999999e-01 -1.346366e-04 4.092045e-04 4.162950e-05 5.395070e-01 -1.080191e-02 -1.596062e-02
9.999996e-01 4.993431e-04 -7.077564e-04 1.292161e-04 5.523971e-01 1.497988e-03 -1.794755e-02
9.999999e-01 -3.151090e-04 7.819114e-05 2.338589e-04 5.542375e-01 -7.471801e-03 4.595456e-03
9.999958e-01 2.668633e-03 -1.173120e-03 9.938561e-05 5.583089e-01 -3.045813e-03 -5.417043e-02
9.999995e-01 6.007604e-04 6.794255e-04 -3.269733e-04 5.298525e-01 7.760489e-03 -8.189673e-02
9.999941e-01 -3.037263e-03 1.595216e-03 -1.819675e-04 5.501707e-01 -1.796038e-02 6.029592e-02
9.999986e-01 -5.306793e-04 -1.409693e-03 6.525000e-04 5.475642e-01 -1.524260e-02 9.402359e-02
9.999978e-01 -1.840195e-03 8.398795e-04 -6.264236e-04 5.322980e-01 -2.833152e-03 -1.281592e-01
9.999989e-01 -1.443418e-03 2.212638e-04 -2.119537e-04 5.319444e-01 7.626065e-03 -1.424701e-02
9.999946e-01 9.807277e-04 -3.039349e-03 6.993541e-04 5.602351e-01 -1.465254e-02 1.088644e-01
9.999925e-01 2.627590e-03 2.828568e-03 -2.210333e-04 5.508776e-01 5.906061e-03 -8.641592e-02
9.999994e-01 7.116693e-04 -7.787852e-04 2.461680e-04 5.353802e-01 -1.225579e-02 -3.588386e-02
9.999972e-01 -5.089008e-04 2.315688e-03 2.315877e-05 5.393291e-01 -5.070582e-03 3.575665e-02
9.999965e-01 -1.457360e-03 -2.212990e-03 -9.870453e-05 5.298535e-01 -4.039669e-03 -5.966802e-02
9.999989e-01 4.780929e-05 1.459087e-03 3.660353e-04 5.335672e-01 8.474409e-04 2.986322e-02
9.999953e-01 -5.408546e-04 -3.007036e-03 1.792700e-04 5.189608e-01 -6.573630e-03 -3.615180e-02
9.999943e-01 6.956852e-04 3.290081e-03 3.686933e-04 5.291930e-01 -1.256607e-04 -1.311560e-02
9.999994e-01 2.686913e-05 -1.008199e-03 4.255532e-04 5.206435e-01 -1.093883e-02 1.423187e-02
9.999994e-01 2.985255e-04 8.618726e-04 5.130627e-04 5.220342e-01 -8.672023e-03 -4.404749e-02
9.999991e-01 1.508874e-04 -1.298551e-03 4.008855e-04 5.256329e-01 -1.381911e-03 1.150947e-02
9.999998e-01 1.758335e-04 3.557465e-04 3.338935e-04 5.211201e-01 4.195351e-03 -2.941389e-02
9.999999e-01 4.082096e-05 1.926528e-04 3.668200e-04 5.240782e-01 -8.728319e-03 7.258545e-03
9.999997e-01 1.643946e-04 -2.797349e-04 6.760106e-04 5.287148e-01 -4.697199e-03 -9.587150e-03
9.999999e-01 -1.095825e-04 4.678073e-04 -2.788030e-04 5.181197e-01 -4.733747e-03 -2.540777e-02
9.999999e-01 2.983606e-04 -7.120605e-05 1.743745e-04 5.141766e-01 -4.553788e-03 9.727235e-03
1.000000e+00 -6.625256e-05 1.109328e-04 5.470596e-05 5.175231e-01 -9.381799e-03 -2.594151e-02
9.999999e-01 2.014916e-04 -2.344186e-04 -3.413648e-05 5.287085e-01 -1.584585e-03 -6.960971e-04
1.000000e+00 -2.303558e-04 -1.075864e-04 -5.982308e-05 5.213172e-01 -3.150119e-03 -1.061927e-02
9.999999e-01 1.923357e-04 5.181927e-04 -1.298588e-04 5.084619e-01 -1.143810e-02 -5.922503e-03
9.999996e-01 -3.565620e-04 6.346942e-04 -5.301972e-04 5.216221e-01 -5.093398e-03 -1.625109e-02
9.999996e-01 -3.230138e-04 -6.448115e-04 -5.639262e-04 5.038686e-01 -7.534755e-03 -1.361872e-02
9.999999e-01 3.244540e-05 3.169797e-04 -4.328384e-04 5.090798e-01 -3.468050e-03 -4.267177e-03
9.999997e-01 4.505059e-05 -4.636427e-04 -5.773958e-04 5.060195e-01 -9.929339e-03 -7.909256e-03
9.999992e-01 1.020964e-03 6.621926e-04 -2.914166e-04 5.198961e-01 -7.939165e-04 1.365032e-02
9.999999e-01 5.133060e-05 -4.009926e-04 -3.483756e-04 4.960666e-01 -9.948600e-03 -4.694612e-02
9.999988e-01 5.487365e-04 1.284850e-03 -5.608155e-04 5.060739e-01 -8.711466e-03 1.089494e-02
9.999996e-01 -1.616425e-04 -8.358673e-04 -3.121592e-04 4.856898e-01 -3.913177e-03 -1.081733e-02
9.999996e-01 4.528310e-04 5.785376e-04 -4.332303e-04 4.918295e-01 -6.935053e-03 -1.374804e-02
9.999995e-01 -4.860554e-04 -8.022928e-04 -3.004528e-04 4.842007e-01 -3.854595e-03 3.805929e-03
1.000000e+00 2.097525e-06 1.257371e-04 -2.041519e-04 4.747376e-01 -7.228452e-03 -7.199694e-03
9.999999e-01 -9.931413e-05 4.029417e-04 -3.879023e-04 4.775191e-01 -8.881038e-04 -1.386130e-02
9.999999e-01 2.603182e-04 3.259022e-04 -1.275232e-04 4.694191e-01 -4.714001e-03 4.577688e-03
9.999999e-01 -2.178452e-04 -2.829707e-04 -2.049856e-04 4.598990e-01 -6.046331e-03 -2.097368e-02
9.999999e-01 2.101187e-04 -2.019360e-04 -1.127257e-04 4.545521e-01 1.164883e-03 2.545189e-03
9.999998e-01 -2.241396e-04 -5.909307e-04 -1.906590e-04 4.452730e-01 -1.092963e-02 -1.864464e-02
9.999998e-01 -2.701697e-04 4.179796e-04 -2.839828e-04 4.359512e-01 -6.410104e-03 -1.240429e-03
9.999995e-01 8.860912e-05 -9.878637e-04 -7.738235e-05 4.375801e-01 -1.870565e-03 -9.110470e-03
9.999998e-01 4.542962e-04 4.161480e-04 1.850572e-06 4.296566e-01 -2.659261e-04 -1.275447e-02
9.999999e-01 -2.505083e-05 1.077809e-04 -2.460867e-04 4.194680e-01 -7.250012e-03 -5.169318e-04
9.999998e-01 -5.468323e-04 -2.258250e-05 -1.820996e-04 4.169216e-01 -5.391087e-03 -1.342508e-02
9.999998e-01 -5.144566e-04 1.672312e-04 2.631592e-04 4.178602e-01 1.778481e-03 -4.339483e-03
1.000000e+00 -4.276939e-05 1.181337e-04 1.144222e-04 4.157394e-01 -7.653161e-03 -3.898260e-03
1.000000e+00 9.096678e-06 -1.472843e-04 2.119963e-04 4.106742e-01 -1.490313e-03 -2.010686e-02
9.999997e-01 -2.026530e-04 -7.885137e-04 1.203374e-04 4.005361e-01 -3.213446e-03 -1.696168e-03
9.999999e-01 -1.706108e-04 -2.463804e-04 2.336947e-04 4.002760e-01 -2.401643e-03 -8.275890e-03
9.999999e-01 3.387868e-05 -4.402945e-04 2.518431e-04 3.938212e-01 -7.893852e-04 -5.513054e-03
9.999999e-01 2.267839e-04 2.943493e-04 3.314706e-04 3.918833e-01 -7.353885e-03 -8.924476e-03
1.000000e+00 9.766506e-05 1.613287e-04 1.676191e-04 4.011555e-01 -4.165262e-03 -1.020980e-02
9.999997e-01 3.348714e-04 -5.379291e-04 2.696989e-04 3.813127e-01 2.236016e-03 -7.798416e-03
9.999999e-01 -9.658828e-05 -3.021803e-04 3.311691e-04 3.861148e-01 -4.302563e-03 -9.394814e-03
9.999998e-01 -1.413427e-07 -5.145164e-04 3.807726e-04 3.890448e-01 1.815339e-03 -9.476953e-03
9.999999e-01 -9.267521e-05 -1.680955e-04 3.206347e-04 3.770572e-01 -1.830543e-03 -4.709010e-03
9.999999e-01 -2.797871e-04 -8.188559e-06 2.134005e-04 3.838410e-01 -4.443048e-03 -1.314431e-02
1.000000e+00 -5.235078e-05 2.778153e-04 8.124701e-05 3.796049e-01 -3.959128e-03 -5.272015e-03
9.999998e-01 -2.087017e-04 -4.849977e-04 2.536959e-04 3.729649e-01 -1.695278e-03 -1.127694e-02
9.999999e-01 -2.253675e-05 -2.937309e-04 2.554478e-04 3.725822e-01 -2.768909e-03 -9.667692e-03
9.999999e-01 -9.987682e-05 -2.753136e-04 3.235271e-04 3.729390e-01 1.804950e-04 -1.040407e-02
9.999999e-01 6.790210e-05 -1.760981e-05 4.910388e-04 3.697826e-01 -3.136125e-03 -2.386673e-03
1.000000e+00 4.966790e-05 4.114756e-06 2.533577e-04 3.653098e-01 -6.842340e-04 -1.413978e-02
9.999999e-01 -1.287250e-04 2.291781e-04 2.710451e-04 3.652148e-01 -5.622182e-03 -4.767713e-03
9.999999e-01 3.175170e-05 -1.426685e-04 4.098188e-04 3.602817e-01 2.183727e-03 -1.600139e-02
1.000000e+00 -1.906246e-05 9.836028e-05 9.078375e-05 3.553655e-01 -1.143530e-02 -8.038660e-03
9.999997e-01 2.807257e-04 -3.478297e-04 6.122354e-04 3.644187e-01 1.537809e-03 -7.295012e-03
9.999999e-01 3.228076e-04 7.275017e-05 -2.635461e-05 3.551113e-01 -2.076722e-03 -1.039624e-02
9.999999e-01 3.318336e-04 -7.474223e-05 3.785799e-04 3.516612e-01 -2.751441e-03 -7.094506e-03
9.999999e-01 -1.817443e-04 1.740486e-04 2.959022e-04 3.529053e-01 -6.414985e-04 -1.053473e-02
1.000000e+00 -7.099865e-05 9.156499e-05 2.833714e-04 3.536563e-01 -5.820802e-03 -9.081414e-03
9.999999e-01 3.023560e-04 4.528392e-05 2.244199e-04 3.389042e-01 -8.997190e-03 -4.738098e-03
9.999998e-01 9.081957e-05 3.839507e-04 3.379343e-04 3.465650e-01 -8.590886e-04 -9.577100e-03
1.000000e+00 2.034445e-04 1.156338e-04 1.853542e-04 3.468366e-01 -3.272979e-03 -1.115669e-02
9.999998e-01 -4.437636e-05 -4.109083e-04 5.152145e-04 3.426034e-01 -6.088118e-04 -7.681256e-03
1.000000e+00 -8.547401e-05 -1.668356e-04 -1.097729e-04 3.431361e-01 4.327949e-03 -5.835770e-03
9.999998e-01 -5.884555e-05 -4.687028e-04 -3.599891e-04 3.456670e-01 -4.859253e-03 -5.323981e-03
9.999998e-01 2.307865e-04 4.102558e-04 -5.134421e-04 3.278667e-01 -8.939689e-03 -9.191977e-03
9.999997e-01 3.109706e-04 6.549308e-04 -3.001329e-04 3.373928e-01 -3.061433e-03 -2.742555e-03
9.999998e-01 9.859370e-05 -1.018398e-04 -6.051936e-04 3.310003e-01 -1.067648e-02 -1.126549e-02
9.999999e-01 6.127084e-05 1.115069e-04 -4.138686e-04 3.360114e-01 -3.267141e-03 -6.376074e-03
9.999998e-01 -8.599053e-05 -5.215680e-04 -4.093021e-04 3.286152e-01 -3.872096e-03 -1.178140e-02
9.999997e-01 1.845106e-04 -4.334266e-04 -5.322067e-04 3.387988e-01 -4.105806e-03 -4.087720e-03
1.000000e+00 -4.912211e-05 1.855249e-04 -2.960895e-04 3.268211e-01 -4.128511e-04 -9.388231e-03
9.999987e-01 1.950919e-04 1.566015e-03 -3.323389e-04 3.323527e-01 -5.081962e-03 1.287723e-02
9.999998e-01 -2.531568e-04 -9.464637e-05 -5.511833e-04 3.287990e-01 -8.458342e-03 -2.553849e-02
9.999999e-01 -1.021821e-04 -7.152763e-05 -1.956651e-04 3.111794e-01 8.754021e-04 -5.922856e-03
9.999990e-01 -2.611404e-04 -1.358296e-03 -2.269925e-04 3.271204e-01 2.302769e-03 -2.213067e-03
9.999999e-01 -2.971796e-04 1.612325e-04 -2.312345e-04 3.262852e-01 -8.233657e-03 -1.020753e-02
9.999999e-01 -3.352786e-05 4.066893e-04 -3.554291e-04 3.224813e-01 -5.057578e-03 1.417293e-03
9.999996e-01 -2.088617e-04 7.812530e-04 -4.073570e-04 3.193669e-01 -1.004105e-02 -1.550036e-02
9.999998e-01 -1.782890e-04 4.926436e-04 -2.744079e-04 3.115945e-01 -6.466039e-03 -5.705832e-03
9.999998e-01 -4.392160e-04 -4.086982e-04 -2.941647e-04 3.217092e-01 -5.415787e-03 -4.087077e-03
9.999998e-01 -2.915737e-04 4.442791e-04 -6.114962e-05 3.237404e-01 2.886304e-03 -4.859825e-03
9.999997e-01 -2.227355e-04 -6.055659e-04 -3.301266e-04 3.212770e-01 -3.447463e-03 -1.481673e-02
9.999999e-01 3.095140e-04 2.980445e-04 -1.660292e-04 3.152082e-01 -3.628717e-03 1.092452e-03
9.999999e-01 -1.372904e-06 -2.231189e-04 -3.461477e-04 3.113130e-01 -4.569005e-03 -1.236057e-02
9.999999e-01 1.508488e-04 4.717546e-04 7.360329e-05 3.275919e-01 -8.584895e-05 -4.698272e-03
9.999999e-01 1.090671e-04 1.212502e-04 -4.448070e-04 3.161675e-01 -7.984842e-03 -7.593470e-03
9.999998e-01 1.003878e-04 5.196372e-04 1.334478e-07 3.172295e-01 1.562923e-03 -8.979586e-03
9.999998e-01 -7.297104e-05 -6.462198e-04 -1.623021e-04 3.164170e-01 -3.058698e-03 -8.698632e-03
1.000000e+00 8.513998e-05 -6.547367e-05 -1.253580e-04 3.138336e-01 -1.735818e-03 -2.602132e-03
1.000000e+00 2.466436e-04 -1.013819e-04 5.813946e-05 3.220501e-01 -2.755639e-04 -5.405326e-03
9.999999e-01 -6.128543e-05 4.803765e-04 2.042046e-05 3.168719e-01 -9.469556e-04 -8.200249e-03
9.999998e-01 -4.169253e-05 6.496316e-04 -2.057935e-04 3.210531e-01 -7.576459e-03 -9.166227e-03
1.000000e+00 -2.787725e-05 8.196625e-06 1.021322e-04 3.197035e-01 -3.169566e-03 -6.139656e-03
9.999999e-01 -1.083812e-04 3.697476e-04 -7.789503e-05 3.173140e-01 -2.319460e-03 -3.952364e-03
1.000000e+00 -2.006755e-04 3.023257e-04 3.932198e-05 3.276961e-01 -4.810536e-03 -4.802327e-03
1.000000e+00 1.270611e-04 5.531655e-05 -1.616012e-04 3.164853e-01 -7.650611e-03 -3.654539e-03
9.999999e-01 -2.766329e-04 8.943644e-05 1.313598e-04 3.256355e-01 8.539623e-05 -1.035799e-02
9.999999e-01 5.122963e-05 2.801084e-04 2.905747e-04 3.228522e-01 -1.847142e-04 -6.146693e-03
9.999999e-01 -2.802242e-04 3.137597e-04 1.508312e-04 3.332338e-01 -6.514389e-03 -2.705206e-03
9.999999e-01 -2.559362e-04 2.990388e-04 7.292504e-05 3.356835e-01 -5.748225e-03 -4.943628e-03
9.999999e-01 -1.951589e-04 4.090415e-04 2.068517e-04 3.363520e-01 -4.629886e-03 -6.417201e-03
9.999999e-01 -5.829100e-05 3.416944e-04 -1.262257e-04 3.393091e-01 -4.949728e-03 -5.580301e-03
9.999999e-01 -1.818539e-04 3.325387e-04 9.660682e-05 3.458652e-01 1.981232e-03 -2.501391e-03
9.999999e-01 -2.686947e-04 2.606937e-04 1.963460e-04 3.610728e-01 -1.185507e-02 -8.079939e-03
1.000000e+00 8.426397e-05 1.260809e-05 1.253622e-04 3.509021e-01 -4.255728e-03 -3.467434e-03
1.000000e+00 1.527495e-05 2.445540e-05 2.455436e-04 3.630738e-01 -8.604035e-03 -5.906348e-03
9.999998e-01 3.770473e-04 3.545356e-04 3.179206e-04 3.687779e-01 4.965357e-03 1.221837e-03
9.999995e-01 6.368369e-04 7.245943e-04 5.392933e-05 3.673025e-01 -3.310876e-03 2.549407e-03
9.999998e-01 3.305332e-04 -3.927872e-04 3.795595e-04 3.764585e-01 -8.904924e-04 3.043487e-03
9.999988e-01 -1.114252e-03 8.958653e-04 6.610885e-04 3.650338e-01 -2.263581e-03 -3.825762e-02
9.999993e-01 3.753867e-04 9.269311e-05 1.090258e-03 3.740495e-01 1.556495e-03 2.271947e-02
9.999996e-01 2.287949e-04 1.457647e-05 8.342900e-04 3.693129e-01 -2.297264e-03 -3.725516e-02
9.999996e-01 1.347202e-04 1.608382e-04 8.188539e-04 3.709658e-01 -3.996463e-03 2.600342e-02
9.999994e-01 -2.283521e-04 -1.586455e-04 1.038043e-03 3.620629e-01 3.772961e-03 -1.405312e-02
9.999993e-01 -5.078771e-04 3.265505e-04 1.005921e-03 3.635488e-01 -4.128222e-03 2.784249e-03
9.999994e-01 -7.185428e-04 1.818950e-04 8.368612e-04 3.634686e-01 -1.498836e-03 1.690868e-03
9.999988e-01 9.794288e-04 -2.802895e-05 1.182121e-03 3.659769e-01 -1.649582e-03 -2.463084e-02
9.999988e-01 6.221049e-04 9.985893e-04 1.026576e-03 3.735131e-01 -1.017427e-03 2.535812e-02
9.999988e-01 -8.606374e-04 -2.360208e-04 1.247746e-03 3.512315e-01 -4.172266e-04 -2.836184e-02
9.999988e-01 2.939635e-04 6.039243e-04 1.393348e-03 3.631523e-01 -4.288015e-03 8.560379e-03
9.999983e-01 3.935041e-04 -6.928946e-04 1.655708e-03 3.606208e-01 2.797663e-03 3.184051e-03
9.999965e-01 5.553880e-04 1.365533e-03 2.207501e-03 3.524481e-01 1.149446e-03 -9.496156e-03
9.999972e-01 1.969907e-04 5.866678e-05 2.363500e-03 3.452757e-01 7.081977e-03 3.474733e-03
9.999968e-01 2.288028e-04 3.921498e-04 2.472336e-03 3.525641e-01 -2.700130e-04 -1.628116e-02
9.999952e-01 -1.152422e-04 -3.316345e-04 3.084351e-03 3.390731e-01 3.598374e-03 6.130092e-03
9.999936e-01 -1.958096e-04 -3.186968e-04 3.567074e-03 3.397609e-01 6.566795e-03 4.891055e-04
9.999906e-01 -2.309070e-04 1.497611e-03 4.052395e-03 3.384532e-01 5.148179e-03 -1.526643e-03
9.999880e-01 -9.330897e-06 4.681348e-04 4.887638e-03 3.245369e-01 9.512677e-03 -1.184326e-02
9.999702e-01 -5.378354e-03 3.352127e-04 5.531815e-03 3.122673e-01 1.435443e-02 8.703132e-03
9.999557e-01 -6.028046e-03 2.623812e-03 6.739735e-03 2.997951e-01 1.159797e-02 -2.521458e-02
9.999727e-01 -1.682344e-03 1.381492e-03 7.064402e-03 3.035729e-01 1.009698e-02 2.561121e-03
9.999657e-01 2.849517e-03 1.970245e-04 7.766976e-03 3.180224e-01 6.661621e-03 -1.593387e-02
9.999449e-01 5.616507e-03 -1.166068e-03 8.791778e-03 3.212169e-01 2.267789e-02 1.634390e-02
9.999371e-01 5.166825e-03 -4.337103e-03 8.958714e-03 3.134953e-01 4.013787e-02 1.733991e-02
9.999547e-01 -6.006072e-04 -5.292315e-04 9.485325e-03 3.020551e-01 1.978929e-02 1.993215e-02
9.999359e-01 -3.576136e-03 3.053848e-03 1.030407e-02 2.864884e-01 2.129808e-02 1.251176e-03
9.999500e-01 -4.482638e-04 -2.019893e-03 9.790883e-03 2.808496e-01 1.131000e-02 -7.049054e-02
9.999242e-01 4.277288e-03 -2.589452e-03 1.125069e-02 3.147612e-01 2.178048e-02 2.205201e-02
9.998951e-01 4.488625e-03 6.110396e-04 1.375551e-02 2.882911e-01 3.622672e-02 -1.652603e-03
9.999271e-01 1.257193e-03 4.246160e-03 1.122835e-02 2.709829e-01 8.505267e-03 2.848922e-03
9.999066e-01 -1.679892e-03 6.254028e-03 1.203095e-02 2.778524e-01 8.096876e-03 6.148930e-03
9.999000e-01 -3.518957e-03 4.976109e-03 1.275980e-02 2.597836e-01 2.304071e-02 -9.679881e-03
9.999240e-01 -4.820641e-03 -1.379995e-03 1.126025e-02 2.561857e-01 2.649622e-02 -3.010943e-02
9.998993e-01 -3.794624e-03 -7.513988e-03 1.142764e-02 2.787573e-01 4.553983e-02 7.578334e-03
9.999008e-01 -1.221829e-03 -4.123503e-03 1.341142e-02 2.916625e-01 3.800457e-02 1.834438e-02
9.999019e-01 5.027106e-04 -1.061942e-03 1.395780e-02 2.635894e-01 3.812532e-02 2.150263e-02
9.999086e-01 1.080406e-03 2.459462e-03 1.324831e-02 2.817258e-01 8.845778e-03 -1.664073e-03
9.998930e-01 3.830910e-04 2.705480e-03 1.437068e-02 2.664766e-01 2.171715e-02 -5.086718e-03
9.998934e-01 -4.031041e-04 1.163599e-03 1.454495e-02 2.632201e-01 2.933650e-02 -1.781141e-02
9.998864e-01 -7.070099e-04 -2.224007e-03 1.489379e-02 2.695856e-01 3.953251e-02 -1.414764e-02
9.998913e-01 5.182774e-04 -1.700041e-03 1.463886e-02 2.615072e-01 3.596688e-02 1.604845e-02
9.998969e-01 6.362771e-04 -8.508121e-04 1.431576e-02 2.655526e-01 3.078746e-02 -3.200610e-03
9.998978e-01 6.268918e-04 -1.825420e-04 1.428240e-02 2.599672e-01 3.093200e-02 -1.022713e-02
9.998971e-01 -4.350970e-04 -1.632996e-03 1.424499e-02 2.504501e-01 2.963073e-02 -1.518646e-02
9.998976e-01 -5.479144e-04 -1.523333e-03 1.421941e-02 2.639907e-01 3.779232e-02 9.830743e-03
9.998919e-01 -3.669687e-04 3.055545e-04 1.469814e-02 2.576348e-01 3.190588e-02 -8.464504e-04
9.998915e-01 -2.199930e-04 -2.420364e-04 1.472229e-02 2.561316e-01 3.639892e-02 -6.035902e-03
9.999032e-01 -4.894953e-04 1.419151e-05 1.390570e-02 2.567954e-01 2.754633e-02 7.103554e-04
9.998874e-01 -5.121791e-04 -1.385338e-04 1.499777e-02 2.569779e-01 2.751766e-02 -1.764586e-02
9.998797e-01 -6.075172e-04 -9.484870e-04 1.546899e-02 2.577619e-01 3.950371e-02 1.924211e-03
9.998774e-01 2.412687e-04 -5.791064e-04 1.564442e-02 2.515322e-01 3.119817e-02 6.650106e-03
9.998826e-01 1.535678e-03 1.124660e-03 1.520495e-02 2.509410e-01 2.682751e-02 1.451269e-02
9.998763e-01 1.656776e-03 9.818395e-04 1.561009e-02 2.513748e-01 2.518539e-02 -2.634443e-02
9.998849e-01 9.377240e-04 8.477023e-04 1.511403e-02 2.399815e-01 3.455318e-02 -2.255720e-03
9.998876e-01 -1.984706e-03 1.646304e-04 1.485712e-02 2.515968e-01 3.607330e-02 -1.857882e-02
9.998882e-01 -2.292161e-03 -3.583711e-04 1.477339e-02 2.417827e-01 3.293560e-02 -2.908592e-03
9.998981e-01 -1.505205e-03 -1.472491e-03 1.412103e-02 2.492248e-01 3.877468e-02 8.493548e-03
9.999149e-01 7.965232e-04 -1.472312e-04 1.302016e-02 2.480374e-01 2.137482e-02 -3.781450e-03
9.999253e-01 -1.099789e-03 -2.372680e-04 1.217375e-02 2.377529e-01 2.575828e-02 -9.112471e-03
9.999259e-01 -5.327900e-05 1.053864e-03 1.212437e-02 2.422864e-01 2.429405e-02 -5.203656e-03
9.999297e-01 -1.439641e-03 1.067106e-03 1.172397e-02 2.405760e-01 3.222972e-02 -4.416756e-03
9.999402e-01 -9.184501e-04 3.308074e-04 1.089111e-02 2.441199e-01 9.841556e-03 2.190960e-03
9.999377e-01 3.180795e-04 5.797588e-05 1.115875e-02 2.455279e-01 2.204435e-02 6.971195e-03
9.999430e-01 1.008743e-03 -4.794215e-04 1.061705e-02 2.430852e-01 2.063199e-02 -1.354614e-02
9.999488e-01 2.728764e-04 -2.786119e-04 1.010669e-02 2.444305e-01 2.126440e-02 -7.184115e-03
9.999554e-01 -6.610816e-04 -5.156554e-04 9.410782e-03 2.422100e-01 2.101141e-02 -2.460970e-03
9.999564e-01 -4.462172e-04 -3.817762e-04 9.313652e-03 2.431654e-01 2.025117e-02 -4.805954e-03
9.999624e-01 -9.137706e-04 -7.484860e-04 8.591126e-03 2.422132e-01 2.191576e-02 -2.260156e-03
9.999635e-01 -1.547685e-04 -4.460972e-04 8.524823e-03 2.451119e-01 1.581722e-02 -4.416374e-03
9.999654e-01 -5.736258e-04 3.141715e-05 8.296617e-03 2.567152e-01 1.274368e-02 -4.198063e-03
9.999661e-01 6.683261e-04 6.238377e-05 8.203960e-03 2.473202e-01 2.063418e-02 -1.038430e-03
9.999690e-01 -2.838546e-04 -1.167844e-04 7.871306e-03 2.645554e-01 1.704046e-02 -5.979292e-03
9.999693e-01 7.949956e-04 -1.414735e-04 7.788698e-03 2.660016e-01 1.127702e-02 -1.392572e-03
9.999739e-01 -9.042066e-05 -1.536677e-04 7.226185e-03 2.640391e-01 1.356142e-02 -7.247813e-03
9.999744e-01 -2.505100e-05 -2.825426e-04 7.145577e-03 2.650879e-01 1.583046e-02 -7.304106e-03
9.999768e-01 -8.464720e-05 1.245331e-04 6.812845e-03 2.737926e-01 1.429214e-02 -5.733725e-03
9.999771e-01 -3.453602e-04 -7.359057e-05 6.762936e-03 2.779637e-01 1.154327e-02 -6.724735e-03
9.999813e-01 1.130978e-04 2.210459e-04 6.109314e-03 2.739591e-01 9.522126e-03 2.347549e-03
9.999832e-01 -5.215097e-04 -1.017360e-04 5.778309e-03 2.765787e-01 1.185498e-02 -9.554118e-03
9.999835e-01 -2.008277e-06 9.083173e-05 5.745225e-03 2.840172e-01 1.640802e-02 1.674349e-04
9.999853e-01 -6.312067e-04 -3.715966e-04 5.360147e-03 2.893778e-01 7.377384e-03 -9.182494e-03
9.999892e-01 3.178198e-04 -1.396211e-04 4.641800e-03 2.871507e-01 1.100387e-02 7.148270e-05
9.999914e-01 -2.047777e-04 2.075851e-04 4.133136e-03 2.928324e-01 2.925907e-03 -9.102395e-03
9.999929e-01 2.806288e-04 1.100072e-04 3.744045e-03 2.888484e-01 3.162340e-03 3.559894e-03
9.999937e-01 3.537484e-05 -2.030295e-05 3.556152e-03 3.008107e-01 4.697177e-05 -6.063874e-03
9.999954e-01 2.401544e-04 -1.109596e-04 3.042347e-03 2.919612e-01 9.911690e-03 -1.032717e-02
9.999958e-01 7.628444e-05 2.767695e-04 2.888049e-03 3.086820e-01 -3.532124e-03 9.904364e-04
9.999966e-01 5.241321e-04 1.567349e-04 2.564370e-03 3.106443e-01 -1.928486e-03 -7.011093e-03
9.999968e-01 2.942561e-04 1.180918e-04 2.509143e-03 3.023131e-01 2.823956e-04 -4.303950e-03
9.999972e-01 2.023253e-04 9.857828e-05 2.348890e-03 3.108794e-01 -4.282085e-03 -5.739845e-03
9.999966e-01 7.898767e-05 5.165515e-05 2.617947e-03 3.171206e-01 4.061528e-03 -4.360040e-03
9.999972e-01 -2.941863e-04 -4.237839e-05 2.348294e-03 3.189191e-01 -2.089289e-03 -1.293843e-02
9.999972e-01 -3.550611e-05 1.170128e-04 2.339258e-03 3.223327e-01 2.356623e-03 6.707190e-03
9.999976e-01 -6.946948e-05 -3.835428e-04 2.157580e-03 3.292355e-01 1.057594e-03 -8.663060e-03
9.999981e-01 9.568129e-05 1.762814e-04 1.947285e-03 3.303315e-01 2.744681e-03 -3.802700e-03
9.999979e-01 6.377797e-04 -1.310139e-04 1.927948e-03 3.416091e-01 -1.287159e-03 1.870495e-03
9.999973e-01 1.074021e-03 -5.722391e-04 1.990415e-03 3.494994e-01 -8.515241e-03 -3.298995e-03
9.999980e-01 6.976241e-04 -4.214554e-05 1.851266e-03 3.421904e-01 3.075075e-03 -1.183518e-02
9.999978e-01 6.116130e-04 -9.898763e-05 2.000116e-03 3.612762e-01 -2.449159e-03 -5.539790e-03
9.999979e-01 -6.421079e-05 -5.812572e-04 1.972957e-03 3.675848e-01 -3.746098e-03 -1.217734e-02
9.999982e-01 2.557014e-04 3.063254e-04 1.836359e-03 3.706833e-01 1.236431e-03 3.553999e-03
9.999975e-01 -8.306366e-04 6.845157e-04 1.953013e-03 3.600623e-01 -1.749826e-04 -1.858428e-02
9.999973e-01 3.951716e-04 2.177255e-04 2.286487e-03 3.761655e-01 8.912725e-03 2.958239e-03
9.999972e-01 8.830695e-04 1.329462e-05 2.186502e-03 3.794824e-01 -5.267852e-04 1.993421e-03
9.999970e-01 1.051387e-03 -3.987643e-04 2.171045e-03 3.762732e-01 -6.580218e-03 -1.224565e-02
9.999984e-01 4.024536e-04 1.686318e-04 1.750815e-03 3.775692e-01 -1.033517e-02 -6.695017e-03
9.999979e-01 6.683970e-05 2.453851e-04 2.011155e-03 3.779675e-01 8.949263e-03 -3.430092e-03
9.999984e-01 -3.750496e-05 9.379551e-05 1.772963e-03 3.797330e-01 -3.427851e-03 -5.944187e-03
9.999982e-01 -5.486132e-04 -6.940347e-04 1.645557e-03 3.787326e-01 -7.456074e-04 -5.681554e-03
9.999985e-01 4.255450e-04 -6.047082e-04 1.573116e-03 3.905781e-01 7.705273e-04 -5.180176e-03
9.999989e-01 1.129821e-04 -1.950256e-04 1.427816e-03 3.675540e-01 -1.614664e-03 -5.973901e-03
9.999995e-01 2.364900e-04 5.984658e-05 1.024001e-03 3.881187e-01 -5.932824e-03 -1.290812e-02
9.999997e-01 -2.413993e-04 -1.580521e-04 7.045027e-04 3.731790e-01 -1.603724e-03 -1.226670e-03
9.999997e-01 2.810538e-04 -7.554127e-05 7.354090e-04 3.778656e-01 -3.512212e-03 -1.302400e-03
9.999997e-01 -1.226320e-04 -2.047316e-05 7.231497e-04 3.703333e-01 1.177357e-03 -1.205378e-02
9.999998e-01 -9.980239e-05 -1.225152e-04 5.504716e-04 3.777778e-01 -5.853434e-03 -8.664392e-03
9.999998e-01 -1.331323e-04 -1.986610e-04 6.383504e-04 3.753597e-01 2.752386e-04 -2.567915e-03
9.999997e-01 -2.298575e-04 -1.777381e-04 7.398583e-04 3.751659e-01 -3.936804e-03 -1.018623e-02
1.000000e+00 -1.818495e-04 7.610245e-05 5.605303e-05 3.787988e-01 -4.631942e-03 -5.677230e-03
9.999999e-01 -2.635973e-04 -5.174380e-05 1.604885e-04 3.724162e-01 -1.229014e-02 -6.077832e-03
1.000000e+00 -2.797710e-04 -8.819667e-05 1.294135e-05 3.757136e-01 3.364157e-03 -4.552647e-03
9.999997e-01 -7.915824e-04 -1.347769e-05 -1.614293e-04 3.721173e-01 -4.118937e-03 -1.502098e-02
9.999998e-01 -4.322926e-05 -4.243849e-04 -3.700685e-04 3.810575e-01 -9.755368e-03 6.071746e-03
9.999995e-01 4.508653e-04 -6.310088e-04 -6.667586e-04 3.664100e-01 -1.763842e-02 -4.703492e-03
9.999999e-01 -2.921256e-05 -1.793188e-04 -5.145338e-04 3.759287e-01 2.434960e-03 -1.062753e-02
9.999997e-01 -3.339561e-04 -2.656433e-04 -6.835380e-04 3.743211e-01 -4.404929e-03 -6.468010e-03
9.999993e-01 -3.189055e-04 -1.254389e-04 -1.118860e-03 3.722474e-01 -4.107885e-03 -9.139221e-03
9.999996e-01 -1.064684e-04 -4.762085e-04 -7.263936e-04 3.661059e-01 4.809913e-04 -3.836230e-03
9.999992e-01 -4.467818e-04 -3.781266e-04 -1.095644e-03 3.784282e-01 -1.396428e-02 -7.246148e-03
9.999996e-01 -1.448229e-05 -1.509088e-04 -8.641407e-04 3.761921e-01 -2.941502e-03 -5.991611e-03
9.999995e-01 6.936339e-04 2.732393e-04 -7.321345e-04 3.715480e-01 -1.193919e-02 -2.326853e-03
9.999996e-01 1.423232e-04 -1.701382e-04 -8.444586e-04 3.634433e-01 -5.547977e-03 -1.162862e-02
9.999995e-01 -2.016967e-04 -3.397071e-04 -9.734453e-04 3.702732e-01 -6.531685e-03 -3.573639e-03
9.999994e-01 -4.070960e-04 -3.823697e-04 -9.111133e-04 3.668465e-01 1.390356e-03 -4.958472e-03
9.999996e-01 2.289079e-04 -3.343985e-04 -8.009876e-04 3.688933e-01 -9.198369e-03 -8.480521e-03
9.999994e-01 -5.282878e-04 -6.266369e-05 -9.199021e-04 3.662458e-01 -4.739345e-03 -5.449528e-03
9.999998e-01 7.937303e-05 -3.778716e-04 -5.971683e-04 3.694222e-01 -3.532872e-03 1.206459e-03
9.999996e-01 -9.470966e-05 -4.958950e-05 -8.632084e-04 3.613391e-01 9.845502e-04 -1.396003e-02
9.999997e-01 1.269858e-04 -2.234993e-04 -7.875290e-04 3.645504e-01 -9.355506e-03 1.134517e-03
9.999993e-01 1.641984e-04 -5.850826e-04 -1.046184e-03 3.549962e-01 -1.230711e-02 -1.565326e-02
9.999990e-01 2.290203e-04 -5.063262e-04 -1.316517e-03 3.625689e-01 -1.658548e-02 4.231274e-04
9.999992e-01 3.935792e-04 1.254432e-05 -1.217749e-03 3.619025e-01 -8.133102e-03 -1.114400e-02
9.999994e-01 -4.152734e-04 -2.170972e-04 -1.051884e-03 3.628629e-01 -1.115230e-02 -1.270734e-03
9.999992e-01 -4.828106e-05 -1.226423e-04 -1.258731e-03 3.631890e-01 -8.598588e-03 -8.383214e-03
9.999994e-01 -4.618726e-04 -2.158636e-04 -1.034426e-03 3.574521e-01 -1.041179e-03 -7.261462e-03
9.999995e-01 -3.691338e-04 -1.209688e-05 -8.650504e-04 3.699881e-01 3.641790e-03 -1.066647e-02
9.999993e-01 -6.858759e-05 3.077652e-04 -1.151916e-03 3.520326e-01 -6.855483e-03 -3.648917e-03
9.999991e-01 4.584806e-04 2.300883e-04 -1.249004e-03 3.637074e-01 -7.654163e-03 -5.152018e-03
9.999992e-01 -2.576455e-04 1.749623e-04 -1.205419e-03 3.559281e-01 -6.862614e-03 -8.330377e-03
9.999993e-01 4.736999e-04 -4.253455e-04 -1.027658e-03 3.568535e-01 -5.799051e-03 -1.346967e-03
9.999995e-01 -5.480842e-04 -2.023996e-04 -8.333007e-04 3.539790e-01 -6.886908e-04 -9.203999e-03
9.999988e-01 -6.691394e-04 -5.272532e-04 -1.295715e-03 3.641934e-01 -7.110931e-03 -8.872962e-03
9.999991e-01 -9.677673e-04 -6.626588e-04 -6.542594e-04 3.557017e-01 2.660448e-03 -1.031887e-02
9.999992e-01 -1.099199e-03 -2.413769e-04 -5.279316e-04 3.614352e-01 -7.735974e-03 1.807164e-03
9.999991e-01 9.952880e-04 -3.037392e-04 -8.452971e-04 3.498931e-01 -6.851383e-03 -7.073155e-03
9.999987e-01 6.439203e-04 -1.014048e-03 -1.039585e-03 3.618954e-01 -1.213100e-02 -4.179174e-04
9.999992e-01 8.376409e-04 -3.246523e-04 -8.856794e-04 3.592275e-01 -7.394783e-03 -1.133730e-02
9.999999e-01 -2.925705e-04 1.420085e-04 -4.027152e-04 3.556231e-01 -8.445337e-04 -9.322649e-03
9.999995e-01 -4.267946e-04 1.676797e-04 -9.324201e-04 3.568713e-01 -8.030885e-03 -8.982552e-03
9.999996e-01 -5.254380e-04 9.083735e-05 -6.460526e-04 3.582645e-01 -1.545636e-03 -1.820657e-03
9.999992e-01 -1.720950e-04 -4.609910e-04 -1.136012e-03 3.583751e-01 -7.131043e-03 -1.545334e-02
9.999999e-01 1.558242e-04 -1.925890e-04 -3.145594e-04 3.703721e-01 -6.725940e-03 1.127604e-02
9.999987e-01 1.316257e-03 8.647511e-04 -3.864922e-04 3.609767e-01 -3.647681e-03 -9.715569e-03
9.999991e-01 8.590240e-04 -2.458533e-04 -1.007407e-03 3.666305e-01 -1.585906e-02 -2.136820e-03
9.999996e-01 5.306927e-04 -4.674231e-04 -5.466238e-04 3.701090e-01 -2.885635e-05 -1.079667e-02
9.999997e-01 1.748423e-04 -6.673383e-04 -4.263047e-04 3.752991e-01 -7.289299e-03 -1.135678e-02
9.999998e-01 2.609149e-04 -2.553542e-04 -4.985588e-04 3.651459e-01 -4.496660e-04 -1.174451e-03
9.999997e-01 4.697012e-04 -3.481840e-04 -5.071701e-04 3.663343e-01 -7.569021e-03 -7.424455e-03
9.999996e-01 6.934551e-04 -2.417583e-04 -5.431848e-04 3.671932e-01 -8.991740e-03 -1.150039e-02
9.999994e-01 -3.110807e-04 -7.954952e-04 -6.052506e-04 3.735865e-01 -4.068661e-03 -5.931829e-03
9.999990e-01 1.384936e-03 1.131673e-04 -3.163595e-05 3.789669e-01 -4.520121e-03 -4.245468e-03
9.999998e-01 3.492594e-04 -1.223026e-04 -6.047029e-04 3.674004e-01 -1.051508e-02 -5.459066e-03
9.999994e-01 8.037054e-04 -4.506667e-04 -6.285014e-04 3.763360e-01 -5.346202e-03 -4.219314e-03
9.999999e-01 -5.936959e-05 -3.631450e-04 -1.977865e-04 3.853379e-01 -7.197668e-03 -9.421250e-03
9.999999e-01 3.224092e-04 -2.589739e-04 -1.638163e-04 3.798675e-01 -3.249013e-03 -1.030247e-02
9.999999e-01 -4.736478e-04 -1.366041e-04 6.034311e-06 3.842244e-01 -4.146030e-04 -5.164022e-03
1.000000e+00 1.327652e-05 -1.575706e-04 -1.476159e-05 3.869269e-01 -2.814118e-03 -5.146018e-03
1.000000e+00 4.331136e-05 2.321626e-05 4.510985e-05 3.914437e-01 -7.618571e-03 -3.090844e-03
9.999999e-01 8.323006e-05 -1.923527e-04 3.683008e-04 3.827596e-01 -2.828235e-03 -9.179644e-03
9.999999e-01 -1.236997e-04 1.684803e-04 3.038011e-04 3.963145e-01 -5.221471e-03 -9.701259e-03
9.999997e-01 -4.862327e-04 -3.404906e-04 3.538823e-04 3.868812e-01 1.262998e-03 -3.091125e-03
9.999999e-01 -3.034061e-04 1.554759e-04 3.468237e-04 3.936645e-01 -4.753334e-03 -1.371081e-02
1.000000e+00 -6.958852e-05 8.729309e-05 2.614210e-04 4.031200e-01 -6.079499e-04 -2.309884e-03
9.999996e-01 -4.001851e-04 5.137076e-04 5.106790e-04 3.951259e-01 -6.069202e-03 -1.299488e-02
9.999997e-01 -4.718487e-04 5.157924e-04 4.143897e-04 4.019871e-01 -6.483260e-03 -4.116891e-03
9.999993e-01 3.181408e-05 9.302687e-04 6.744704e-04 4.002326e-01 4.491581e-04 -1.959734e-02
9.999997e-01 -4.871746e-04 1.862778e-04 5.783791e-04 4.091965e-01 -4.614451e-03 2.115811e-04
9.999997e-01 -8.961242e-05 3.268389e-04 6.987403e-04 3.983255e-01 1.957516e-03 -7.543715e-03
9.999992e-01 -5.603299e-04 7.478903e-04 9.219102e-04 4.075900e-01 9.670770e-03 -6.338137e-03
9.999995e-01 -6.134544e-04 1.364679e-04 7.052417e-04 4.082955e-01 -1.639380e-04 -7.110370e-03
9.999997e-01 -4.873659e-04 1.389354e-05 6.996015e-04 4.154650e-01 -1.845665e-03 -3.636056e-03
9.999996e-01 8.305768e-05 -3.027590e-04 8.590657e-04 4.095328e-01 -2.654075e-04 -6.206875e-03
9.999997e-01 -3.876058e-04 9.304993e-06 6.677156e-04 4.215072e-01 -5.063025e-04 -4.730478e-03
9.999999e-01 -1.275358e-04 1.312440e-04 4.517582e-04 4.178423e-01 -6.044503e-03 -1.051839e-02
9.999993e-01 -7.576469e-04 -3.113041e-05 8.855669e-04 4.278329e-01 -5.222162e-03 -5.257748e-03
9.999995e-01 2.793290e-04 -2.859414e-04 8.180365e-04 4.221970e-01 -2.566852e-03 -9.008757e-03
9.999996e-01 -1.544016e-04 -4.107042e-05 9.174970e-04 4.330267e-01 7.088302e-04 -3.147329e-03
9.999996e-01 -2.962748e-04 9.965670e-05 8.118464e-04 4.276508e-01 1.848396e-03 -1.297239e-02
9.999994e-01 -5.929832e-04 -1.402030e-04 9.384524e-04 4.363186e-01 -4.157292e-03 4.859403e-03
9.999998e-01 2.684096e-04 -7.077635e-05 6.188589e-04 4.328045e-01 -2.257177e-03 -1.755171e-02
9.999994e-01 -2.067295e-04 -3.921508e-04 9.852408e-04 4.390910e-01 1.013871e-03 1.923733e-03
9.999997e-01 -5.272311e-04 -1.223851e-04 5.472732e-04 4.426679e-01 -1.027027e-02 -1.877027e-02
9.999999e-01 -1.989194e-04 -9.296013e-05 5.242231e-04 4.499146e-01 -9.681616e-03 6.232316e-03
9.999996e-01 2.769735e-05 -2.360613e-04 8.190644e-04 4.477223e-01 1.090480e-02 -1.122032e-02
9.999997e-01 -9.688313e-05 -3.628506e-04 6.623551e-04 4.545904e-01 2.895384e-03 -1.103870e-02
9.999997e-01 -1.067772e-04 -4.843048e-04 5.932147e-04 4.583151e-01 -4.729282e-03 1.982635e-02
9.999983e-01 2.356595e-04 1.838035e-03 2.639301e-04 4.618853e-01 -9.007100e-03 -6.166549e-02
9.999993e-01 1.105094e-03 -2.640049e-04 3.156283e-04 4.571755e-01 -2.274760e-03 -1.256635e-02
9.999980e-01 -1.338792e-03 -1.486282e-03 1.139433e-04 4.688246e-01 -1.574875e-02 7.466095e-02
9.999992e-01 -6.090038e-04 -2.683661e-04 1.043722e-03 4.676423e-01 1.621724e-02 -7.573136e-02
9.999978e-01 1.950258e-03 -6.569095e-04 2.693981e-04 4.741597e-01 -9.736802e-03 2.123682e-02
9.999988e-01 -1.491484e-03 3.845004e-04 2.126151e-04 4.739275e-01 -4.922400e-03 -2.754135e-02
9.999963e-01 1.426207e-03 -2.321441e-03 2.188892e-04 4.707239e-01 -7.535258e-03 1.509356e-02
9.999985e-01 -1.176903e-03 1.237970e-03 2.997289e-04 4.745104e-01 1.760550e-03 -2.596167e-02
9.999997e-01 6.635989e-04 2.495324e-04 1.949328e-04 4.672992e-01 -5.336030e-03 -1.057505e-03
9.999999e-01 1.225569e-04 3.717040e-04 -2.011459e-04 4.927804e-01 -1.854449e-02 2.260138e-03
9.999993e-01 4.188106e-04 -1.018692e-03 3.517808e-04 4.750990e-01 -2.615267e-03 -1.827685e-02
9.999996e-01 3.517927e-04 -6.532211e-04 4.672885e-04 4.981583e-01 1.945909e-04 -4.187263e-03
9.999997e-01 -7.887229e-04 1.387695e-04 2.245494e-04 4.797051e-01 -3.560866e-04 -1.456741e-02
9.999999e-01 -9.959905e-05 3.396511e-04 8.423365e-05 5.041098e-01 5.587702e-04 3.201244e-04
9.999998e-01 -4.453091e-04 2.260709e-04 -5.240078e-04 4.812447e-01 -1.353769e-02 -1.378298e-02
9.999994e-01 6.366576e-04 -6.758470e-04 -5.397890e-04 5.012721e-01 -6.979574e-03 -1.682320e-04
9.999999e-01 1.319598e-04 2.155496e-05 -5.242149e-04 5.032103e-01 -7.623070e-03 -1.027193e-02
9.999996e-01 5.797262e-04 -2.634356e-05 -5.994374e-04 4.964543e-01 -6.366263e-03 -1.465963e-02
9.999998e-01 -3.425384e-04 -5.499642e-05 -5.919632e-04 5.188095e-01 -9.247750e-03 -2.074715e-03
9.999998e-01 1.393632e-04 -6.033749e-04 -2.052725e-04 5.111738e-01 -5.916741e-03 -7.005956e-03
9.999999e-01 2.761267e-04 -2.242768e-04 -3.843443e-04 5.063770e-01 -5.300718e-03 -1.157179e-02
9.999999e-01 -9.149867e-05 -2.428608e-04 -2.573684e-04 5.160222e-01 -2.029283e-03 2.884528e-03
9.999998e-01 4.033423e-04 4.538061e-05 -3.844690e-04 5.134366e-01 -1.073572e-02 -2.333739e-02
9.999999e-01 -3.874037e-04 -1.609101e-04 -5.368886e-05 5.104191e-01 -2.973313e-03 8.942533e-05
9.999997e-01 -6.168348e-04 2.395601e-04 -3.111027e-04 5.088597e-01 -7.495056e-03 -2.285212e-02
9.999998e-01 -5.344862e-04 3.236817e-04 -1.567207e-04 5.179184e-01 -6.787571e-03 1.903900e-03
9.999998e-01 -5.212842e-04 3.018915e-04 8.133897e-05 5.137717e-01 -1.683084e-03 -1.381434e-02
9.999999e-01 3.322280e-04 -1.454762e-04 3.457793e-04 5.185439e-01 -2.314131e-03 2.886996e-03
9.999999e-01 -4.248547e-04 -2.021629e-04 -6.268187e-05 5.109361e-01 -4.387675e-03 -2.260618e-02
9.999999e-01 1.731694e-04 -3.325931e-04 4.374610e-06 5.186135e-01 -1.240050e-02 8.972964e-04
9.999999e-01 -1.165225e-04 -2.062326e-04 1.060409e-04 5.153294e-01 1.062168e-03 -1.631563e-02
9.999998e-01 -6.253615e-04 -1.841110e-04 2.546575e-04 5.217345e-01 1.438090e-03 -1.004184e-02
9.999999e-01 -1.527182e-04 1.894358e-04 4.205639e-04 5.184330e-01 4.368630e-03 -8.087288e-03
9.999997e-01 -7.876365e-04 -4.348453e-05 1.883932e-04 5.149122e-01 -5.638256e-03 -1.250220e-02
9.999999e-01 3.878989e-04 1.479698e-04 1.919411e-04 5.245594e-01 -5.217063e-03 1.010622e-03
9.999999e-01 -8.724735e-05 -2.781913e-04 1.986782e-04 5.190757e-01 -6.509261e-03 -1.416848e-02
9.999998e-01 5.374798e-04 -2.306973e-04 1.112080e-04 5.209230e-01 -7.912762e-03 -6.161130e-04
9.999999e-01 -4.093316e-04 8.482807e-05 1.541764e-04 5.164261e-01 -1.942686e-03 -1.446778e-02
9.999999e-01 -4.483704e-04 5.889616e-05 1.076652e-04 5.218757e-01 -5.774621e-03 -1.772780e-02
9.999998e-01 -5.851573e-04 -6.519572e-05 1.217002e-04 5.209419e-01 -3.668664e-03 -4.866460e-03
9.999999e-01 -4.571087e-04 1.761899e-04 3.838048e-05 5.190045e-01 -1.036893e-02 -1.813690e-02
9.999997e-01 -2.419868e-04 -6.767333e-04 -4.047194e-05 5.277594e-01 -7.190102e-03 1.071250e-02
9.999993e-01 7.704578e-04 -8.775325e-04 3.172828e-04 5.141664e-01 -4.496684e-04 -1.697749e-02
9.999996e-01 -7.039317e-04 -6.452614e-04 7.051124e-05 5.142836e-01 -2.228438e-04 -1.562609e-02
9.999999e-01 -4.566808e-04 -1.261103e-04 -1.998326e-04 5.120088e-01 -4.628636e-03 -1.024982e-02
9.999995e-01 -8.462039e-04 -2.903205e-05 3.840669e-04 5.143603e-01 -1.707643e-03 -1.146786e-02
1.000000e+00 -3.077760e-05 -6.022874e-05 7.527988e-05 5.006103e-01 -7.638051e-03 -4.042860e-03
9.999997e-01 -3.466439e-04 6.037869e-04 7.914614e-05 4.994025e-01 9.035217e-04 -2.064401e-02
9.999995e-01 -8.104769e-04 -8.249151e-05 -6.370391e-04 5.038421e-01 -1.446722e-02 1.392938e-03
9.999999e-01 -1.482556e-04 2.411844e-05 -4.361909e-04 4.908302e-01 3.555652e-03 -1.555161e-02
9.999996e-01 3.961365e-06 -2.549329e-04 -8.798752e-04 4.867824e-01 -1.080263e-02 3.500865e-03
9.999989e-01 -2.066497e-04 8.137378e-04 -1.214855e-03 4.824564e-01 -7.871514e-03 -2.764671e-02
9.999990e-01 -4.484489e-04 5.325999e-05 -1.325197e-03 4.894841e-01 -8.294123e-03 1.115138e-04
9.999991e-01 -6.369189e-04 1.865282e-04 -1.182329e-03 4.738933e-01 -8.804124e-04 -1.209250e-02
9.999987e-01 -6.042614e-04 2.456327e-05 -1.472434e-03 4.790908e-01 -1.144904e-02 1.647973e-03
9.999985e-01 3.735606e-04 5.237283e-04 -1.602603e-03 4.740727e-01 -1.069658e-02 -1.912662e-02
9.999987e-01 2.669327e-04 -1.878382e-04 -1.582883e-03 4.704038e-01 -1.192663e-02 -3.365975e-03
9.999986e-01 1.214193e-04 -4.864742e-05 -1.635001e-03 4.573074e-01 -8.144189e-03 -1.040719e-02
9.999990e-01 -2.375286e-04 8.632767e-05 -1.405192e-03 4.632751e-01 -7.002193e-05 -7.944998e-03
9.999985e-01 2.997023e-04 4.593689e-04 -1.627134e-03 4.521872e-01 -9.049116e-03 -1.779927e-02
9.999991e-01 -5.008616e-06 2.102595e-04 -1.324926e-03 4.557707e-01 -9.259452e-03 3.450709e-03
9.999990e-01 7.979925e-04 -1.050735e-04 -1.174075e-03 4.410563e-01 -1.312072e-02 -1.162640e-02
9.999997e-01 2.403908e-04 8.451154e-05 -7.700211e-04 4.482337e-01 -2.213166e-03 -8.998804e-03
9.999993e-01 4.879161e-04 5.290464e-06 -1.073809e-03 4.375487e-01 -1.667596e-02 -1.006380e-02
9.999999e-01 -1.889067e-04 2.577406e-04 -4.747310e-04 4.414261e-01 -4.939910e-03 -1.431464e-02
9.999999e-01 1.488786e-04 -4.382364e-04 -2.364775e-04 4.295474e-01 -4.737942e-03 -1.343836e-03
9.999998e-01 4.134249e-04 4.473593e-04 7.032443e-05 4.233439e-01 -3.027340e-03 -1.101581e-02
9.999999e-01 4.049417e-04 6.416509e-06 1.425053e-04 4.163417e-01 1.949215e-03 -3.265941e-03
9.999998e-01 4.145010e-04 5.649580e-04 1.360135e-04 4.143773e-01 -1.550448e-03 -1.842656e-02
9.999998e-01 -3.140386e-04 2.597772e-04 3.523538e-04 4.090590e-01 -8.997390e-03 3.509707e-04
9.999996e-01 -1.856373e-04 8.041671e-04 3.983560e-04 4.079680e-01 1.160652e-03 -2.138959e-02
9.999995e-01 -4.940208e-04 6.341114e-04 5.549885e-04 3.974410e-01 -7.793656e-04 -1.085986e-03
9.999991e-01 9.976593e-04 7.347491e-04 6.160272e-04 3.991720e-01 2.283988e-03 3.508314e-03
9.999996e-01 3.046867e-04 5.909815e-04 5.304037e-04 4.003961e-01 -1.225604e-02 -1.384087e-02
9.999995e-01 2.535400e-04 4.111524e-04 8.637325e-04 3.918462e-01 -4.090827e-03 -1.054615e-03
9.999992e-01 2.253262e-04 1.072588e-04 1.271882e-03 3.803572e-01 7.900298e-03 -1.970457e-02
9.999992e-01 2.276426e-05 -4.498068e-05 1.228516e-03 3.753943e-01 -7.260477e-03 4.127159e-03
9.999981e-01 5.971638e-04 2.723122e-04 1.820408e-03 3.797736e-01 1.527291e-03 -1.533090e-02
9.999968e-01 8.492035e-04 5.648304e-04 2.294746e-03 3.651455e-01 7.075949e-03 9.349711e-04
9.999952e-01 4.966728e-04 9.265306e-04 2.911668e-03 3.784702e-01 2.509979e-03 -1.100097e-02
9.999933e-01 -3.294677e-04 3.110544e-04 3.618466e-03 3.765199e-01 5.081661e-03 -1.141978e-02
9.999898e-01 -8.483283e-04 5.442417e-04 4.395677e-03 3.748667e-01 7.652821e-03 -1.036094e-02
9.999847e-01 -8.535033e-04 6.958330e-04 5.424844e-03 3.724599e-01 2.501497e-02 -1.393745e-03
9.999831e-01 -5.427432e-04 7.636074e-04 5.742501e-03 3.671740e-01 1.337243e-02 -1.147170e-02
9.999822e-01 -1.064377e-04 4.597395e-04 5.948187e-03 3.692934e-01 1.489688e-02 -6.026039e-04
9.999819e-01 1.619469e-04 2.259851e-04 6.017828e-03 3.531966e-01 8.303018e-03 3.191636e-03
9.999817e-01 -3.545682e-04 -1.082911e-04 6.031681e-03 3.615304e-01 1.020470e-02 -2.032674e-02
9.999816e-01 -8.330632e-04 4.431883e-05 6.005119e-03 3.536116e-01 1.714492e-02 -8.346727e-03
9.999785e-01 -2.163415e-03 3.110962e-05 6.191620e-03 3.601499e-01 2.645096e-02 -1.416997e-02
9.999794e-01 -1.560088e-03 3.245148e-04 6.217220e-03 3.584445e-01 1.272446e-02 1.168273e-02
9.999784e-01 1.074679e-04 -2.557837e-04 6.575451e-03 3.576781e-01 1.524952e-02 1.224378e-02
9.999788e-01 -1.400446e-04 -1.992858e-04 6.503731e-03 3.516452e-01 7.999231e-03 -2.922716e-02
9.999784e-01 -6.429972e-04 -6.156609e-04 6.513581e-03 3.579273e-01 1.314525e-02 7.552292e-03
9.999751e-01 -1.641942e-03 1.055463e-04 6.858982e-03 3.442198e-01 1.614883e-02 -2.295981e-02
9.999772e-01 -1.290431e-03 -2.529698e-04 6.626505e-03 3.624160e-01 1.634059e-02 1.109351e-02
9.999771e-01 -1.000562e-03 -2.408041e-04 6.685659e-03 3.502630e-01 1.415696e-02 -9.167537e-03
9.999761e-01 -4.757299e-04 -5.728620e-04 6.870248e-03 3.566427e-01 9.401187e-03 -1.804926e-04
9.999741e-01 1.500734e-04 -6.233382e-05 7.197559e-03 3.462265e-01 1.180266e-02 1.123566e-02
9.999727e-01 -1.679295e-04 -5.003986e-04 7.367225e-03 3.442808e-01 1.433047e-02 -2.882167e-02
9.999736e-01 -5.327173e-05 1.358370e-03 7.143425e-03 3.341456e-01 1.762911e-02 1.094056e-02
9.999659e-01 1.302127e-03 2.277458e-03 7.829191e-03 3.337233e-01 1.324744e-02 -2.283375e-03
9.999713e-01 2.902542e-04 2.514983e-04 7.568743e-03 3.324765e-01 1.714259e-02 -2.019513e-02
9.999684e-01 -2.757796e-03 3.958283e-05 7.457262e-03 3.326988e-01 1.590372e-02 4.938173e-03
9.999672e-01 -1.223897e-03 -4.103633e-05 8.004074e-03 3.408799e-01 2.820929e-02 -1.477080e-03
9.999699e-01 -2.470071e-04 1.030960e-03 7.688116e-03 3.194328e-01 -1.672692e-03 1.904282e-02
9.999707e-01 1.117224e-03 3.772894e-04 7.566687e-03 3.230514e-01 1.104982e-02 -7.015635e-03
9.999717e-01 1.005698e-04 3.330266e-04 7.515013e-03 3.211662e-01 2.354899e-02 -1.248185e-02
9.999675e-01 -2.953747e-03 3.629077e-04 7.489221e-03 3.228730e-01 1.816427e-02 3.026854e-03
9.999638e-01 6.617738e-04 -9.549130e-04 8.435701e-03 3.203858e-01 1.301922e-02 2.538685e-02
9.999590e-01 2.653252e-03 -2.095191e-03 8.395339e-03 3.091674e-01 1.741052e-02 -1.453909e-02
9.999741e-01 1.270611e-03 -3.874212e-04 7.075559e-03 2.919280e-01 7.224403e-03 2.113084e-03
9.999649e-01 -1.562535e-03 2.040037e-03 7.970185e-03 3.067752e-01 2.501809e-02 -2.934720e-02
9.999618e-01 -2.084147e-03 1.624980e-03 8.333366e-03 3.044752e-01 2.320772e-02 1.742640e-02
9.999667e-01 -1.348814e-03 1.230012e-04 8.053019e-03 2.929747e-01 1.513212e-02 1.496020e-02
9.999714e-01 -5.997753e-05 -1.167842e-03 7.470248e-03 2.945283e-01 1.558094e-02 4.215514e-03
9.999688e-01 -1.443996e-05 -7.976779e-04 7.863641e-03 2.785504e-01 9.775527e-03 -6.277114e-03
9.999703e-01 -7.626231e-04 -7.640984e-04 7.631319e-03 2.846743e-01 9.317733e-03 1.087895e-03
9.999712e-01 1.826352e-04 7.316333e-05 7.590344e-03 2.745598e-01 1.101869e-02 1.060978e-02
9.999698e-01 8.046428e-04 -1.693974e-04 7.721435e-03 2.869455e-01 2.149285e-02 4.290006e-03
9.999721e-01 1.782206e-04 1.455689e-04 7.468286e-03 2.726342e-01 9.139990e-03 -9.844849e-03
9.999700e-01 -1.470015e-03 -7.659104e-04 7.571424e-03 2.868531e-01 2.254110e-02 3.931595e-03
9.999705e-01 -1.060109e-03 -3.020448e-04 7.600254e-03 2.826309e-01 1.085149e-02 1.500096e-03
9.999712e-01 -5.504857e-04 -7.238618e-04 7.533073e-03 2.830998e-01 1.814306e-02 1.099058e-02
9.999720e-01 1.196729e-05 -4.314955e-04 7.473662e-03 2.777331e-01 1.828446e-02 3.199385e-03
9.999715e-01 -4.788692e-04 -3.093340e-04 7.528843e-03 2.759715e-01 1.428407e-02 1.097640e-03
9.999701e-01 -5.702774e-04 -1.787280e-04 7.715979e-03 2.893041e-01 1.845524e-02 7.306736e-03
9.999715e-01 -6.871088e-04 -2.193623e-04 7.518930e-03 2.813242e-01 2.214844e-02 8.412578e-03
9.999738e-01 -4.268720e-04 -8.157396e-04 7.186126e-03 2.816414e-01 3.961449e-03 2.701442e-03
9.999769e-01 -1.072101e-03 -4.802121e-04 6.693909e-03 2.781003e-01 1.684307e-02 3.046746e-03
9.999775e-01 -5.936960e-04 -1.490948e-04 6.680570e-03 2.842024e-01 1.490995e-02 4.832924e-03
9.999797e-01 -2.006221e-04 -8.991760e-05 6.372634e-03 2.775823e-01 1.149978e-02 5.749469e-03
9.999811e-01 -2.733809e-04 1.348590e-04 6.144607e-03 2.851283e-01 1.177314e-02 1.182598e-02
9.999828e-01 -5.027781e-04 -1.855673e-04 5.843200e-03 2.826684e-01 1.170353e-02 7.996965e-03
9.999840e-01 -6.674170e-04 -6.398794e-04 5.570998e-03 2.869621e-01 9.282310e-03 4.793952e-03
9.999891e-01 -6.372449e-04 -6.157598e-06 4.615804e-03 2.946891e-01 2.319790e-03 6.601564e-03
9.999895e-01 -3.410847e-04 -1.031456e-04 4.572791e-03 2.889963e-01 1.002661e-02 1.036763e-02
9.999916e-01 -3.088899e-04 -2.167655e-04 4.079022e-03 2.942472e-01 2.622384e-03 7.720335e-03
9.999937e-01 -5.820439e-04 -1.046618e-04 3.516760e-03 2.875268e-01 6.393701e-03 6.637395e-03
9.999950e-01 -3.485134e-04 -2.310262e-05 3.159656e-03 2.987768e-01 4.820748e-03 9.073756e-03
9.999964e-01 -2.736358e-04 2.454724e-04 2.654444e-03 2.980056e-01 -2.405292e-03 5.765389e-03
9.999967e-01 3.377751e-04 2.020852e-04 2.521060e-03 3.149012e-01 3.230847e-04 1.726898e-02
9.999971e-01 5.745454e-04 3.663954e-04 2.330615e-03 3.213132e-01 2.473067e-03 4.000444e-03
9.999968e-01 3.691578e-04 1.373878e-03 2.069669e-03 3.309839e-01 4.654530e-03 -1.186611e-03
9.999913e-01 2.577367e-03 2.545684e-03 2.074083e-03 3.431141e-01 -6.055354e-03 1.101354e-02
9.999933e-01 2.667379e-03 1.414611e-03 2.050075e-03 3.450064e-01 4.031116e-03 1.388291e-02
9.999980e-01 1.128692e-03 3.279853e-04 1.593640e-03 3.649400e-01 -2.389356e-03 1.810894e-02
9.999988e-01 3.984902e-04 -3.156253e-04 1.455614e-03 3.878968e-01 -1.980349e-03 1.796999e-02
9.999981e-01 -1.042880e-03 9.569213e-04 1.349610e-03 3.911625e-01 2.437950e-03 4.089395e-03
9.999994e-01 -6.699527e-04 -5.104767e-04 7.236630e-04 4.109115e-01 -1.283897e-03 3.627849e-02
9.999991e-01 -1.207378e-03 -9.962445e-05 6.086813e-04 4.187371e-01 -3.757036e-03 -1.749621e-02
9.999916e-01 -2.172037e-03 -3.480293e-03 1.892252e-04 4.279222e-01 -1.221349e-02 5.073829e-02
9.999967e-01 -3.955569e-04 -2.423468e-03 7.385242e-04 4.263379e-01 -4.036812e-03 2.243452e-03
9.999980e-01 1.414708e-03 -1.395584e-03 -8.764801e-05 4.552614e-01 -6.707627e-03 -4.300863e-03
9.999982e-01 1.352209e-03 1.350475e-03 1.083435e-04 4.552821e-01 -7.754342e-05 8.586050e-03
9.999997e-01 1.280725e-04 7.346507e-04 -2.512180e-04 4.732920e-01 -8.608682e-03 2.400924e-02
9.999998e-01 -2.323765e-04 3.668031e-04 -4.591100e-04 4.836489e-01 -7.063980e-05 8.116339e-03
9.999998e-01 3.555387e-05 -4.087129e-04 -4.751849e-04 4.903175e-01 -9.558129e-03 2.959715e-02
9.999998e-01 6.663285e-05 -5.901312e-04 -4.300477e-04 5.077233e-01 -7.907987e-03 1.392877e-04
9.999997e-01 3.992705e-04 1.454295e-04 -7.068759e-04 5.217709e-01 -8.423934e-03 2.628251e-02
9.999993e-01 5.230740e-04 3.171893e-04 -1.039914e-03 5.220799e-01 -1.679388e-03 -4.351998e-03
9.999991e-01 8.907816e-04 4.858239e-04 -8.700524e-04 5.390872e-01 -1.224504e-02 2.707480e-02
9.999977e-01 -6.254681e-04 -1.174662e-03 -1.660303e-03 5.710898e-01 -8.789047e-03 -2.482711e-02
9.999989e-01 4.699917e-04 4.558664e-04 -1.369763e-03 5.536888e-01 -7.510985e-03 2.428171e-02
9.999981e-01 1.693022e-04 1.479732e-03 -1.281344e-03 5.888774e-01 -8.072094e-03 5.245686e-02
9.999980e-01 -1.185907e-03 6.183910e-04 -1.515797e-03 5.940328e-01 -3.342404e-04 -2.484896e-02
9.999989e-01 -1.100215e-03 -1.579274e-04 -9.495986e-04 5.957541e-01 -8.798970e-03 7.469678e-02
9.999962e-01 -2.626612e-03 -1.274711e-04 -8.756480e-04 6.347510e-01 -1.387110e-03 1.363980e-02
9.999922e-01 -1.198426e-03 -3.329639e-03 -1.759714e-03 6.308071e-01 -1.082695e-02 -3.654879e-02
9.999993e-01 -9.329106e-04 -3.100356e-04 -6.432055e-04 6.323094e-01 -1.570782e-02 8.043777e-02
9.999628e-01 2.962972e-03 7.825493e-03 -2.066147e-03 3.504677e-01 -5.356339e-02 1.231176e-02
