1.0 0.0 0.0 0.0 0.0 0.0 0.0
9.999999e-01 -2.348096e-05 -3.862378e-04 2.993467e-04 6.933780e-01 -1.189584e-03 2.701929e-03
9.999995e-01 -6.800571e-04 6.635217e-04 1.815570e-04 4.495766e-01 -4.290073e-03 -1.689795e-02
9.999999e-01 -2.008208e-04 2.727053e-04 3.279409e-04 4.433457e-01 4.802320e-03 -3.322157e-03
9.999999e-01 -2.950441e-04 2.143091e-04 3.296727e-04 4.584167e-01 -9.165050e-03 -2.407581e-03
9.999999e-01 -4.103877e-04 2.056922e-04 1.913358e-04 4.747658e-01 -3.461991e-03 -4.487954e-03
9.999998e-01 -3.460741e-04 -5.026054e-04 2.083375e-04 4.754760e-01 -8.815650e-03 -2.507719e-03
9.999999e-01 -2.669958e-04 2.073664e-04 3.069986e-04 4.930723e-01 1.328465e-03 -8.244580e-03
9.999999e-01 -3.730761e-05 -1.884469e-04 -2.829875e-04 4.976644e-01 -1.098424e-02 6.013698e-04
9.999997e-01 -5.841540e-04 -2.594917e-04 -5.055740e-04 5.149429e-01 -8.210429e-03 -7.061037e-03
9.999998e-01 -4.972961e-05 -2.839353e-04 -6.295303e-04 5.231233e-01 -4.874620e-03 -7.838365e-03
9.999996e-01 4.032672e-04 5.273322e-04 -5.824920e-04 5.237575e-01 -1.166113e-02 -5.798347e-03
9.999993e-01 -5.131673e-04 8.400027e-04 -5.170380e-04 5.394094e-01 -6.174924e-03 -1.967051e-02
9.999997e-01 -1.144024e-04 -3.007782e-04 -8.051011e-04 5.479652e-01 -2.903601e-03 2.696073e-03
9.999996e-01 -2.154138e-04 -1.093726e-05 -8.267737e-04 5.543138e-01 -1.082133e-02 -1.211485e-02
9.999997e-01 1.338731e-04 -3.623563e-04 -6.959831e-04 5.522905e-01 -1.401112e-02 -1.513410e-02
9.999989e-01 -3.142005e-04 1.345302e-03 -6.101703e-04 5.594464e-01 -8.552781e-03 -1.320706e-02
9.999998e-01 1.268450e-04 -9.304153e-05 -6.192969e-04 5.630772e-01 -7.425311e-03 3.631721e-04
9.999993e-01 -1.568029e-04 7.816656e-04 -8.536247e-04 5.625598e-01 -1.207068e-02 -7.344384e-03
9.999998e-01 2.570456e-04 1.013636e-04 -5.378384e-04 5.698567e-01 -7.707550e-03 -9.169002e-03
9.999996e-01 -1.584970e-04 -7.993767e-04 -3.084383e-04 5.779185e-01 -2.193183e-03 2.062792e-03
9.999996e-01 1.131925e-04 -7.465592e-04 -3.595081e-04 5.848169e-01 -9.039202e-03 -2.137590e-02
9.999998e-01 3.522943e-06 4.699512e-04 -3.398399e-04 5.807356e-01 -7.867400e-03 3.561963e-04
9.999998e-01 -3.659991e-04 2.298258e-04 -3.982510e-04 5.876435e-01 -8.977609e-03 -8.766629e-03
9.999999e-01 8.995845e-05 -3.818346e-04 -3.275506e-04 5.980235e-01 -4.515522e-03 -1.212036e-02
9.999999e-01 -3.095501e-04 -6.017393e-05 -3.575838e-04 5.965287e-01 -6.691984e-03 -1.396996e-02
9.999997e-01 -5.310514e-05 -5.715270e-04 -5.053648e-04 6.027900e-01 -1.449858e-02 -4.113955e-03
9.999999e-01 1.439072e-04 1.382059e-04 -2.867212e-04 6.048660e-01 -1.026083e-02 -8.128323e-03
9.999998e-01 -1.337897e-04 4.495628e-04 -4.230191e-04 6.061152e-01 -1.690722e-03 -8.352787e-03
1.000000e+00 -1.030761e-04 -6.148592e-05 -1.509179e-04 6.110515e-01 -1.014659e-02 -1.011381e-02
9.999998e-01 -4.315052e-04 -4.760663e-04 -8.762848e-05 6.174918e-01 -5.994538e-03 -2.034585e-02
9.999999e-01 -1.779164e-05 3.444399e-04 -3.387875e-04 6.190673e-01 -8.013868e-03 -7.903080e-03
9.999998e-01 -2.551444e-04 -5.597056e-04 8.288432e-05 6.288573e-01 -6.759747e-03 -8.808531e-03
9.999990e-01 -1.243242e-04 1.421813e-03 1.036747e-05 6.246992e-01 -4.850243e-03 -1.726546e-02
9.999999e-01 3.085573e-04 -3.973508e-04 -9.304277e-05 6.271542e-01 -1.245862e-02 -5.247015e-03
9.999998e-01 -9.857775e-06 5.827823e-04 6.884912e-05 6.320177e-01 -9.988675e-03 -1.675924e-02
9.999999e-01 -2.981963e-04 -3.857354e-04 -2.090737e-05 6.232942e-01 -5.030599e-03 -1.086972e-02
9.999997e-01 -4.185576e-04 7.107939e-04 2.115332e-05 6.296394e-01 -1.455648e-02 -1.181505e-02
9.999998e-01 -2.749265e-04 5.547199e-04 1.633262e-05 6.283755e-01 -4.318066e-03 -7.990409e-03
9.999996e-01 -1.218414e-04 -8.730149e-04 -2.868299e-04 6.356433e-01 -1.173153e-02 -1.935729e-02
9.999999e-01 1.852556e-04 4.120910e-04 -2.782862e-04 6.238788e-01 4.720331e-05 -1.362049e-02
9.999995e-01 6.085818e-04 -7.616118e-04 -2.795201e-04 6.397228e-01 -8.775764e-03 -8.103113e-05
9.999993e-01 2.304786e-04 1.132331e-03 -5.879152e-05 6.330653e-01 -9.925830e-03 -2.788614e-02
9.999999e-01 2.258318e-04 -4.728882e-04 -2.268883e-05 6.139198e-01 -8.030734e-03 -3.361953e-03
1.000000e+00 -2.724520e-04 1.108561e-04 -8.556882e-05 6.219447e-01 -2.814318e-03 -1.204406e-02
9.999988e-01 1.576734e-04 -1.560691e-03 -4.820169e-05 6.224568e-01 -2.243609e-03 -1.520376e-02
9.999998e-01 -3.680373e-04 -3.915568e-04 1.054653e-04 6.178445e-01 -1.596598e-03 -1.364840e-02
1.000000e+00 2.039536e-04 -8.460629e-05 -1.759277e-04 6.174107e-01 -1.198079e-02 -1.098102e-02
9.999986e-01 -2.767921e-04 -1.668349e-03 -6.050042e-05 6.206008e-01 -4.840211e-03 -1.975892e-02
9.999998e-01 -2.796501e-04 -6.082908e-04 1.307110e-05 6.147754e-01 -1.358549e-03 -1.811559e-02
9.999998e-01 9.758683e-05 -6.396618e-04 2.689296e-04 6.091024e-01 -1.349085e-03 -2.181293e-02
9.999997e-01 -7.306808e-04 -8.873114e-05 -1.798257e-04 6.108199e-01 -9.910808e-03 -2.808007e-02
9.999997e-01 -3.459481e-04 -6.217817e-04 3.813144e-04 6.175594e-01 2.789202e-03 -1.225321e-02
9.999999e-01 -3.027215e-04 2.351554e-05 -2.276110e-05 6.043563e-01 -1.669192e-02 -2.210573e-02
9.999993e-01 -1.029163e-03 -1.054106e-04 6.121703e-04 6.116871e-01 -9.258602e-04 -2.271509e-02
9.999999e-01 9.702801e-05 -8.481066e-05 4.007839e-04 6.161872e-01 -8.555852e-03 -2.573273e-02
9.999995e-01 6.684124e-04 -5.832061e-04 5.101039e-04 6.161528e-01 4.335066e-04 -3.891634e-03
9.999995e-01 7.322931e-04 2.252258e-04 6.298188e-04 6.246485e-01 -4.619632e-03 -2.522247e-02
9.999965e-01 2.103623e-03 1.411609e-03 7.103001e-04 6.091856e-01 -2.823398e-03 -2.400614e-02
9.999988e-01 9.439738e-04 1.176738e-03 3.925119e-04 6.115634e-01 -1.679591e-02 -1.269882e-02
9.999987e-01 5.322463e-04 1.527453e-03 2.006609e-04 6.106883e-01 -7.194848e-03 -2.403746e-02
1.000000e+00 -1.191714e-04 -3.805212e-05 -9.037830e-05 6.043237e-01 -1.017966e-02 -1.656471e-02
9.999996e-01 -8.137855e-04 2.605610e-04 -7.356276e-05 6.045211e-01 -6.959651e-04 -1.181969e-02
9.999999e-01 -1.484056e-04 -4.202806e-04 -1.729221e-04 6.058888e-01 -1.294339e-02 -7.511667e-03
9.999984e-01 3.740525e-04 1.723552e-03 -2.933535e-04 6.144690e-01 -7.319372e-03 -1.499895e-02
9.999995e-01 -2.796932e-04 8.797135e-04 -2.499782e-04 6.064577e-01 -1.430524e-02 -1.069118e-02
9.999999e-01 -1.203584e-04 1.429618e-04 -3.835404e-04 6.081578e-01 -1.119557e-02 -1.719502e-02
9.999997e-01 -2.125124e-04 -5.722633e-04 -4.030396e-04 6.065632e-01 -9.111584e-03 -1.364074e-02
9.999998e-01 -5.668342e-04 -9.706179e-05 -2.612901e-04 6.149750e-01 -5.515343e-03 -8.997678e-03
9.999999e-01 -4.571468e-04 -2.954102e-05 -3.013424e-04 6.146615e-01 -9.284421e-03 -1.199974e-02
9.999999e-01 1.368698e-04 1.448458e-04 -3.596760e-04 6.046077e-01 -8.462687e-03 -1.221104e-02
1.000000e+00 -2.552813e-04 -1.716267e-04 -2.274219e-04 6.082705e-01 -7.252447e-03 -1.515861e-02
9.999994e-01 -5.076750e-04 9.260507e-04 -2.333277e-04 6.020100e-01 -5.072998e-03 -1.902137e-02
9.999994e-01 -1.101237e-03 -4.277810e-05 -1.069719e-04 6.065442e-01 -7.616924e-03 -1.385208e-02
9.999995e-01 -9.506965e-04 -3.268785e-04 4.023323e-06 5.980332e-01 -8.075694e-03 -9.357576e-03
9.999997e-01 -8.350402e-04 -1.474279e-04 5.884144e-05 6.101628e-01 -8.048183e-03 -1.977188e-02
9.999999e-01 -2.099321e-04 -2.203902e-04 2.976651e-05 6.096058e-01 -5.066706e-03 -1.155317e-02
9.999995e-01 2.294524e-05 9.534993e-04 1.771491e-04 6.164977e-01 -6.845736e-03 -2.103139e-02
9.999994e-01 3.058430e-04 -9.767123e-04 2.344791e-04 6.234859e-01 -7.548455e-03 -1.440041e-04
1.000000e+00 -2.735320e-04 -1.056207e-04 1.436168e-04 6.290772e-01 -6.350804e-03 -2.869900e-02
9.999998e-01 5.516967e-04 1.060563e-04 3.606420e-04 6.290656e-01 -9.578938e-03 -4.792235e-03
9.999999e-01 -1.537996e-05 -2.547443e-04 4.898050e-04 6.387840e-01 -1.138926e-03 -2.600529e-02
9.999998e-01 3.647770e-05 -1.661527e-04 5.777569e-04 6.388687e-01 -3.272804e-03 3.761527e-04
9.999996e-01 -7.641261e-05 -6.979918e-04 5.184320e-04 6.429644e-01 -8.497021e-03 -3.143277e-02
9.999996e-01 -3.296000e-04 -4.427812e-04 7.297297e-04 6.438654e-01 -2.279834e-03 -1.253664e-02
9.999998e-01 -3.432166e-04 -1.260093e-04 5.855464e-04 6.481477e-01 -7.916674e-03 -2.379373e-02
9.999998e-01 -3.581739e-05 2.274540e-04 6.496988e-04 6.535335e-01 7.467037e-04 -2.031142e-02
9.999996e-01 2.583175e-04 -5.225440e-04 7.120313e-04 6.516416e-01 -2.047665e-03 -1.191982e-02
1.000000e+00 -1.073895e-04 1.461006e-04 6.841998e-05 6.550933e-01 -1.166996e-02 -3.048537e-02
9.999999e-01 -2.674901e-04 -4.855844e-04 -1.758212e-05 6.671777e-01 1.673397e-03 -2.322282e-02
9.999996e-01 -4.755346e-04 -6.920744e-04 -2.378358e-04 6.623985e-01 -1.417138e-02 -1.533737e-02
9.999997e-01 -2.937167e-04 6.715680e-04 2.879473e-05 6.650391e-01 -9.470524e-03 -2.381637e-02
9.999998e-01 -1.414444e-04 -5.637025e-04 -6.735534e-05 6.643817e-01 -3.800193e-03 -2.840797e-02
9.999998e-01 -1.674463e-04 4.259158e-04 -3.637744e-04 6.705765e-01 -9.377330e-03 -1.584428e-02
9.999998e-01 -2.372495e-04 -5.547015e-04 -2.271463e-04 6.723450e-01 -8.924260e-03 -2.739552e-02
1.000000e+00 -2.254201e-04 -1.911958e-04 -1.578053e-04 6.702290e-01 -4.476836e-03 -1.636728e-02
9.999997e-01 -2.116743e-04 -7.017669e-04 -1.451583e-04 6.714426e-01 -7.596949e-03 -2.683185e-02
9.999999e-01 -4.715761e-05 2.080796e-04 -3.632055e-04 6.765364e-01 -1.454230e-02 -2.377658e-02
9.999997e-01 -3.617002e-04 4.561538e-04 -4.123681e-04 6.785248e-01 -5.532624e-03 -3.444855e-02
9.999999e-01 -2.271161e-04 -2.758095e-04 -3.003248e-04 6.890269e-01 -8.825313e-03 -2.697459e-02
9.999998e-01 -5.065709e-04 1.309578e-04 -2.290833e-04 6.862143e-01 -1.244756e-02 -4.635110e-02
9.999999e-01 4.377317e-04 -2.017387e-05 -2.884733e-04 6.916340e-01 -3.726505e-03 -4.477728e-03
9.999997e-01 6.034478e-04 1.943728e-04 -4.052649e-04 6.913252e-01 -8.016867e-03 -2.831375e-02
9.999995e-01 -1.432004e-04 9.648085e-04 2.013128e-05 7.041762e-01 -1.107727e-02 -3.112439e-02
1.000000e+00 2.469314e-05 4.720442e-05 2.422170e-04 7.102685e-01 -7.678333e-03 -1.656434e-02
9.999996e-01 -9.832918e-05 -9.181074e-04 1.165752e-05 7.058578e-01 -6.321451e-03 -4.741908e-02
9.999999e-01 1.062809e-04 -4.764302e-04 1.716114e-05 7.148112e-01 -9.136146e-04 -1.593218e-02
9.999991e-01 6.440755e-04 -1.106476e-03 2.428828e-04 7.180108e-01 -5.998463e-03 -2.266363e-02
9.999998e-01 3.296040e-04 3.696084e-04 2.008828e-04 7.240287e-01 -7.068654e-03 -2.625006e-02
9.999999e-01 2.894535e-04 -1.530531e-04 8.278952e-05 7.303525e-01 -9.083213e-03 -2.466286e-02
1.000000e+00 2.470087e-04 1.597527e-04 -1.801525e-05 7.259185e-01 -1.010221e-02 -3.560295e-02
9.999995e-01 -1.095358e-04 -1.001591e-03 -2.665387e-04 7.284911e-01 -4.863275e-03 -2.817534e-02
9.999998e-01 5.447745e-04 -1.330661e-04 -3.503035e-04 7.348036e-01 -7.300120e-03 -2.434536e-02
9.999996e-01 -4.573888e-04 6.796316e-04 -2.327652e-04 7.288330e-01 -1.429462e-02 -2.452014e-02
9.999998e-01 5.539771e-04 4.587148e-04 -1.511643e-04 7.274384e-01 -2.112324e-03 -2.399248e-02
9.999996e-01 -3.979161e-04 7.400703e-04 -1.652197e-04 7.254188e-01 -1.042543e-02 -4.108302e-02
9.999994e-01 5.153278e-04 -6.259938e-04 -6.524746e-04 7.287876e-01 -8.337709e-03 -1.882258e-02
9.999989e-01 -5.683652e-05 1.043339e-03 -1.064462e-03 7.131546e-01 -1.438391e-02 -3.629237e-02
9.999992e-01 1.087686e-04 4.733031e-04 -1.148562e-03 7.184029e-01 -1.719562e-02 -9.520551e-03
9.999988e-01 1.139659e-04 1.084688e-03 -1.105644e-03 7.130719e-01 -1.101882e-02 -2.522581e-02
9.999989e-01 1.362037e-04 6.074947e-04 -1.339907e-03 6.971043e-01 -7.134200e-03 -3.948093e-02
9.999975e-01 2.908098e-04 9.648826e-04 -1.987710e-03 6.997869e-01 -2.589652e-02 -9.842657e-03
9.999991e-01 -5.351539e-05 3.288248e-04 -1.318822e-03 6.832829e-01 -1.382441e-02 -2.934497e-02
9.999985e-01 -2.928762e-04 1.063595e-03 -1.354432e-03 6.861359e-01 -1.359636e-02 -1.834667e-02
9.999991e-01 -1.419664e-04 1.463132e-04 -1.340247e-03 6.735441e-01 -1.019798e-02 -1.689424e-02
9.999992e-01 -5.190035e-05 7.634718e-04 -1.079851e-03 6.621239e-01 -8.882189e-03 -1.668960e-02
9.999989e-01 -5.269602e-04 7.195586e-04 -1.152782e-03 6.461621e-01 -1.204526e-02 -2.685654e-02
9.999994e-01 2.976679e-05 3.941941e-04 -1.040008e-03 6.310439e-01 -1.664570e-02 -8.579101e-03
9.999996e-01 1.500750e-04 4.633350e-04 -6.633901e-04 6.295980e-01 -1.997531e-03 -1.682789e-02
9.999998e-01 -3.651176e-04 -1.221402e-04 -5.744980e-04 6.200693e-01 -4.386384e-03 -2.117922e-02
9.999992e-01 -9.640037e-05 1.089850e-03 -5.559926e-04 6.071309e-01 -1.112399e-02 -1.692392e-02
9.999996e-01 -2.527172e-04 5.946984e-04 -6.286152e-04 5.869571e-01 -1.894517e-02 -1.435512e-02
9.999996e-01 -2.060962e-04 5.718146e-04 -6.265434e-04 5.888204e-01 -4.487063e-03 -1.099009e-02
9.999998e-01 -2.495936e-04 1.584848e-04 -5.424031e-04 5.614696e-01 -9.657916e-03 -1.822799e-02
9.999999e-01 1.938265e-04 -5.900164e-05 -5.562861e-04 5.562951e-01 -6.167215e-03 -2.015200e-02
9.999987e-01 -1.026953e-03 1.141343e-03 -5.377811e-04 5.467672e-01 -1.208618e-02 -2.491691e-04
9.999998e-01 -3.673027e-04 1.687960e-04 -4.316084e-04 5.312712e-01 -1.147452e-02 -1.930528e-02
9.999997e-01 -5.663375e-04 2.244237e-04 -4.437779e-04 5.299616e-01 -1.321939e-03 5.567346e-03
9.999992e-01 3.197065e-04 -1.029001e-03 -6.668568e-04 5.049602e-01 -5.016027e-03 -3.125860e-02
9.999997e-01 -2.004135e-04 -7.197130e-04 -3.840738e-04 4.971677e-01 -9.619354e-03 -1.064490e-02
9.999995e-01 5.784847e-04 3.624686e-04 -6.625553e-04 4.888473e-01 -7.461141e-03 -3.793385e-03
9.999996e-01 5.349966e-04 -7.463055e-05 -6.784837e-04 4.742584e-01 -9.803117e-03 -2.304340e-03
9.999998e-01 2.763779e-04 -3.108083e-04 -4.475229e-04 4.672953e-01 -4.315539e-03 -1.867415e-02
9.999995e-01 6.445059e-04 1.486248e-04 -7.321629e-04 4.571701e-01 -4.759170e-03 -1.751075e-03
9.999983e-01 4.280467e-04 -1.263416e-03 -1.263006e-03 4.370152e-01 -1.034511e-02 -1.670928e-02
9.999982e-01 4.032468e-04 1.076067e-04 -1.884608e-03 4.287763e-01 -8.729135e-03 -7.185027e-04
9.999977e-01 1.014115e-04 -9.255276e-04 -1.916469e-03 4.255654e-01 -1.275189e-02 -2.266474e-02
9.999969e-01 6.793141e-04 2.385901e-04 -2.369333e-03 4.103744e-01 -9.959718e-03 2.825796e-04
9.999958e-01 6.471042e-04 -3.201613e-04 -2.821057e-03 4.086217e-01 -1.359465e-02 -8.570351e-03
9.999959e-01 -4.778136e-04 4.387816e-04 -2.785181e-03 4.045834e-01 -1.207635e-02 -1.320582e-02
9.999952e-01 -2.914718e-04 9.862610e-04 -2.929796e-03 3.985870e-01 -1.836476e-02 -7.145735e-04
9.999946e-01 -4.967121e-04 1.419030e-03 -2.905832e-03 3.886993e-01 -1.184148e-02 -1.541326e-02
9.999936e-01 -5.962935e-04 3.682905e-04 -3.504371e-03 3.829753e-01 -1.466427e-02 1.362253e-04
9.999921e-01 -6.976254e-05 -1.913262e-04 -3.972317e-03 3.776296e-01 -9.328580e-03 -1.585671e-02
9.999910e-01 2.098906e-04 -1.036123e-03 -4.107509e-03 3.819482e-01 -1.256043e-02 -2.077877e-03
9.999900e-01 4.150204e-05 -5.268522e-04 -4.442891e-03 3.675358e-01 -1.757979e-02 -6.639362e-03
9.999880e-01 5.171912e-05 1.174075e-03 -4.755018e-03 3.701377e-01 -1.676961e-02 2.926397e-03
9.999871e-01 7.892207e-06 5.879157e-04 -5.046570e-03 3.549796e-01 -2.126847e-02 -1.863032e-02
9.999840e-01 1.854885e-04 7.328866e-04 -5.611793e-03 3.519400e-01 -3.105581e-02 -1.620614e-04
9.999823e-01 1.300604e-04 3.410509e-04 -5.945425e-03 3.510404e-01 -2.368870e-02 -1.003212e-02
9.999781e-01 -2.357844e-04 5.003946e-04 -6.595141e-03 3.525477e-01 -2.587355e-02 -2.923561e-03
9.999746e-01 -3.047688e-04 2.532565e-04 -7.121339e-03 3.499196e-01 -2.380157e-02 -6.383716e-03
9.999723e-01 -1.482770e-04 -9.399224e-05 -7.435472e-03 3.444679e-01 -2.274996e-02 -3.929605e-03
9.999669e-01 -2.035594e-04 2.967759e-04 -8.119585e-03 3.421809e-01 -1.924020e-02 9.222322e-04
9.999627e-01 -2.578609e-05 1.296379e-04 -8.640330e-03 3.456262e-01 -3.205949e-02 -1.110265e-02
9.999556e-01 3.061977e-04 4.564767e-04 -9.406430e-03 3.404596e-01 -3.414345e-02 2.611591e-03
9.999552e-01 -4.314545e-04 8.656960e-04 -9.411669e-03 3.451276e-01 -2.374726e-02 -1.687861e-02
9.999486e-01 -7.471066e-04 6.161591e-04 -1.009179e-02 3.464578e-01 -3.129546e-02 6.657293e-03
9.999429e-01 -2.651939e-05 3.910311e-04 -1.067746e-02 3.388717e-01 -3.183357e-02 -2.567931e-02
9.999317e-01 4.229884e-04 -8.396024e-04 -1.164716e-02 3.385499e-01 -2.414710e-02 3.713815e-03
9.999271e-01 1.024451e-03 -7.623133e-04 -1.200161e-02 3.479088e-01 -3.244928e-02 -5.694199e-03
9.999139e-01 -2.004282e-04 -2.850932e-04 -1.311985e-02 3.463949e-01 -3.550410e-02 7.690197e-03
9.999051e-01 9.504276e-04 6.510674e-04 -1.373094e-02 3.419670e-01 -4.156726e-02 -2.024576e-03
9.998936e-01 4.827851e-04 3.008432e-03 -1.426700e-02 3.491565e-01 -5.319430e-02 9.482487e-03
9.998915e-01 -2.719953e-04 3.101749e-03 -1.439676e-02 3.551558e-01 -3.258025e-02 -4.960744e-04
9.998932e-01 8.109421e-04 4.810440e-04 -1.458548e-02 3.543157e-01 -4.084474e-02 -1.723367e-02
9.998878e-01 -5.662104e-04 1.716407e-04 -1.496942e-02 3.566359e-01 -4.774974e-02 4.131450e-04
9.998827e-01 1.963245e-03 -8.536621e-04 -1.516518e-02 3.610079e-01 -3.717474e-02 -1.149399e-02
9.998944e-01 2.231957e-03 5.664021e-04 -1.434887e-02 3.686259e-01 -3.351599e-02 1.430511e-02
9.998900e-01 1.904479e-03 8.519589e-05 -1.470981e-02 3.637695e-01 -3.546642e-02 2.212956e-02
9.998836e-01 1.471049e-04 3.912584e-04 -1.524996e-02 3.576242e-01 -4.343799e-02 -7.620926e-03
9.998855e-01 -4.498802e-04 7.648826e-04 -1.510667e-02 3.833804e-01 -3.270769e-02 9.995791e-03
9.998748e-01 1.158268e-03 -5.989302e-04 -1.577128e-02 3.779224e-01 -4.458487e-02 -3.068550e-03
9.998764e-01 1.148731e-03 2.162421e-04 -1.567923e-02 3.941730e-01 -3.977130e-02 1.159221e-02
9.998759e-01 3.963862e-04 9.397009e-04 -1.572176e-02 3.952794e-01 -3.396275e-02 1.433380e-03
9.998641e-01 1.174179e-04 -9.374429e-04 -1.645878e-02 4.043167e-01 -4.362663e-02 1.285779e-02
9.998587e-01 -7.615275e-04 -1.482743e-03 -1.672783e-02 4.103855e-01 -4.382990e-02 7.465602e-03
9.998672e-01 -5.673694e-04 -5.553821e-04 -1.628065e-02 4.233246e-01 -4.555433e-02 9.103060e-03
9.998674e-01 1.870006e-04 2.454076e-05 -1.628136e-02 4.282632e-01 -3.818948e-02 4.754317e-03
9.998598e-01 2.207712e-03 -5.513576e-04 -1.659092e-02 4.460456e-01 -4.511702e-02 -3.948911e-03
9.998623e-01 2.492717e-03 -1.428423e-03 -1.634158e-02 4.569410e-01 -2.781997e-02 6.092945e-04
9.998669e-01 2.041646e-03 -1.082856e-03 -1.615150e-02 4.628578e-01 -3.404440e-02 3.373268e-04
9.998735e-01 7.683736e-04 -1.404574e-04 -1.588387e-02 4.719934e-01 -4.692701e-02 2.812185e-02
9.998806e-01 -6.897700e-04 1.344825e-03 -1.538264e-02 4.972104e-01 -4.571156e-02 9.123160e-03
9.998915e-01 -1.586844e-03 1.410319e-03 -1.457591e-02 5.007294e-01 -4.175126e-02 -1.100747e-02
9.999053e-01 5.465911e-04 -2.842823e-04 -1.374845e-02 5.191815e-01 -2.659386e-02 -4.312031e-04
9.999150e-01 6.597239e-04 5.599523e-04 -1.301175e-02 5.293470e-01 -3.787891e-02 7.895493e-03
9.999224e-01 1.962898e-03 8.481632e-04 -1.227477e-02 5.305226e-01 -2.544553e-02 1.551535e-02
9.999199e-01 8.846486e-04 1.848867e-04 -1.262192e-02 5.429844e-01 -3.128205e-02 3.601141e-03
9.999221e-01 1.801537e-03 4.283010e-04 -1.234304e-02 5.439533e-01 -3.669917e-02 6.942690e-03
9.999280e-01 -1.819970e-04 1.288055e-03 -1.193030e-02 5.592387e-01 -3.524071e-02 1.606879e-02
9.999339e-01 -1.492070e-03 1.758494e-03 -1.126698e-02 5.561659e-01 -4.056812e-02 2.045874e-02
9.999518e-01 -1.795021e-03 -2.961618e-04 -9.645817e-03 5.812392e-01 -2.955702e-02 1.095820e-04
9.999654e-01 -1.303474e-03 4.204421e-04 -8.210084e-03 5.695897e-01 -2.665464e-02 1.709384e-02
9.999746e-01 2.914296e-04 7.478336e-04 -7.086792e-03 5.715033e-01 -1.330773e-02 -3.689589e-03
9.999745e-01 1.580534e-03 -9.307771e-04 -6.904897e-03 5.682065e-01 -1.652796e-02 1.364910e-02
9.999745e-01 3.037400e-03 -1.343926e-03 -6.329303e-03 5.713784e-01 -9.469895e-03 1.043582e-02
9.999772e-01 9.279421e-04 -4.547356e-04 -6.674443e-03 5.707915e-01 -1.805820e-02 1.901043e-02
9.999816e-01 -6.096683e-04 -2.403735e-05 -6.036294e-03 5.782533e-01 -2.607615e-02 3.324413e-02
9.999837e-01 -1.152797e-03 -1.518063e-04 -5.596491e-03 5.672707e-01 -1.972944e-02 -5.156153e-03
9.999863e-01 4.416138e-04 1.722618e-04 -5.202849e-03 5.680660e-01 -2.108452e-02 5.179100e-03
9.999821e-01 1.826005e-03 7.883922e-04 -5.644727e-03 5.764466e-01 -1.489974e-02 9.673547e-03
9.999813e-01 1.939054e-03 1.606982e-04 -5.803539e-03 5.669998e-01 -1.216419e-02 6.222663e-03
9.999853e-01 7.567421e-04 -1.645711e-04 -5.367498e-03 5.750789e-01 -1.797141e-02 1.557976e-02
9.999866e-01 6.914573e-04 3.882819e-06 -5.131036e-03 5.681583e-01 -1.218934e-02 9.229929e-03
9.999883e-01 2.506448e-04 -4.208497e-05 -4.820417e-03 5.755643e-01 -1.906084e-02 1.669757e-02
9.999890e-01 -2.028890e-04 -1.190464e-04 -4.684342e-03 5.632538e-01 -1.631282e-02 1.277633e-02
9.999862e-01 1.082490e-03 2.221743e-04 -5.131882e-03 5.696825e-01 -2.953921e-02 4.074196e-03
9.999869e-01 -2.701563e-06 6.464325e-04 -5.084017e-03 5.679219e-01 -1.604619e-02 1.450498e-02
9.999861e-01 1.417600e-03 2.678717e-04 -5.071091e-03 5.657005e-01 -1.351491e-02 1.175283e-02
9.999836e-01 1.140456e-03 -7.931493e-05 -5.607130e-03 5.619556e-01 -1.840898e-02 1.303256e-02
9.999850e-01 8.035349e-04 -6.519478e-05 -5.427884e-03 5.613654e-01 -1.943806e-02 2.607270e-02
9.999865e-01 -3.442960e-04 5.887155e-05 -5.172352e-03 5.588871e-01 -2.346709e-02 1.879515e-02
9.999892e-01 -1.587872e-03 1.459805e-04 -4.357068e-03 5.694503e-01 -2.163887e-02 1.912974e-02
9.999932e-01 -1.405122e-03 4.546732e-04 -3.391308e-03 5.583332e-01 -2.142219e-02 9.519498e-03
9.999963e-01 8.061294e-04 7.440322e-04 -2.451391e-03 5.697009e-01 -3.187336e-03 3.573781e-04
9.999958e-01 2.230894e-03 5.003170e-04 -1.802602e-03 5.629601e-01 8.399644e-04 1.123022e-02
9.999969e-01 4.003161e-04 -7.213034e-04 -2.327003e-03 5.648764e-01 -3.644423e-03 3.927596e-02
9.999960e-01 6.169755e-04 -5.690163e-04 -2.727595e-03 5.604309e-01 -1.398103e-02 1.689236e-02
9.999964e-01 -1.391094e-03 -4.221534e-04 -2.253774e-03 5.597789e-01 -1.898054e-02 2.728776e-02
9.999970e-01 -1.143330e-03 2.599732e-04 -2.162877e-03 5.593330e-01 -1.667694e-02 1.001548e-02
9.999988e-01 -2.386704e-05 -5.027169e-04 -1.452946e-03 5.664593e-01 -7.460493e-03 2.058777e-03
9.999996e-01 2.773463e-04 6.074212e-04 -5.651343e-04 5.670697e-01 -4.969523e-03 2.395414e-02
9.999999e-01 -1.835155e-04 3.128695e-04 3.035858e-04 5.637037e-01 1.496898e-04 1.132156e-02
9.999998e-01 -2.350660e-04 -5.092614e-04 4.168923e-05 5.618731e-01 -1.454750e-02 2.356801e-02
9.999993e-01 1.149201e-03 -1.988679e-04 2.348540e-04 5.627005e-01 2.106248e-03 5.709149e-03
9.999999e-01 3.007733e-04 1.500852e-04 -1.550283e-04 5.693053e-01 -1.060948e-03 1.777942e-02
9.999995e-01 8.780157e-04 4.826104e-04 2.892274e-04 5.825211e-01 -8.502898e-03 1.774802e-02
9.999998e-01 4.678290e-04 3.924150e-04 -9.425310e-05 5.743233e-01 -2.674092e-03 1.221045e-02
9.999993e-01 -2.095038e-04 9.056334e-04 -6.521694e-04 5.932407e-01 -3.521798e-03 2.942004e-02
9.999990e-01 1.216249e-03 3.221491e-04 -6.885363e-04 5.829494e-01 -8.584545e-03 1.424402e-02
9.999996e-01 4.418908e-04 -3.519678e-04 -7.127592e-04 6.033985e-01 -1.737358e-03 2.159304e-02
9.999985e-01 1.121820e-03 -7.103785e-05 -1.310368e-03 6.058052e-01 -9.538225e-03 2.687642e-02
9.999982e-01 -1.056300e-03 1.131775e-04 -1.581989e-03 6.112992e-01 -1.923656e-02 2.989789e-02
9.999991e-01 -2.753185e-04 2.203149e-04 -1.296635e-03 6.162488e-01 -8.708964e-03 2.606065e-02
9.999993e-01 6.892301e-04 2.696735e-04 -9.573297e-04 6.258421e-01 -9.630966e-03 8.721183e-03
9.999991e-01 -3.566754e-04 -3.555484e-04 -1.266436e-03 6.377693e-01 -1.169917e-02 3.513334e-02
9.999992e-01 1.013765e-04 -3.174562e-04 -1.231760e-03 6.483182e-01 -1.539582e-03 3.149000e-02
9.999990e-01 -7.150439e-04 -8.025901e-05 -1.188107e-03 6.585016e-01 -1.338667e-02 1.971885e-02
9.999994e-01 4.152321e-04 -1.831638e-04 -9.750243e-04 6.788380e-01 -7.142968e-03 2.737799e-02
9.999996e-01 -2.445552e-04 5.605031e-04 -6.573114e-04 6.893292e-01 -1.208499e-02 2.255994e-02
9.999999e-01 4.902925e-05 -3.541338e-04 7.903839e-05 7.139300e-01 -4.710836e-03 2.665269e-02
9.999999e-01 -3.214977e-04 2.591881e-05 -8.914400e-05 7.041510e-01 -4.966874e-03 2.776846e-02
9.999995e-01 -7.965514e-04 -6.539506e-04 1.411385e-04 7.310985e-01 -4.651699e-03 1.946726e-02
9.999996e-01 8.577206e-04 2.931190e-04 -3.314090e-05 7.335854e-01 -3.677319e-03 2.870962e-02
9.999999e-01 4.024188e-04 -1.712694e-05 -1.141192e-04 7.689733e-01 -1.074342e-02 3.006986e-02
9.999994e-01 -4.416659e-04 9.642317e-04 2.040019e-04 7.620065e-01 -7.326313e-03 3.560444e-02
9.999998e-01 -6.036361e-04 2.643126e-04 -3.686954e-05 7.806225e-01 -1.126107e-02 2.299077e-02
9.999998e-01 -1.997340e-04 5.349229e-04 -1.464907e-04 7.872556e-01 -1.025825e-02 4.194035e-02
9.999998e-01 -5.931849e-04 2.345559e-04 -2.407797e-04 8.061378e-01 -8.491853e-03 3.752037e-02
9.999991e-01 8.779161e-04 1.063774e-03 1.270633e-04 8.179689e-01 -5.580746e-03 2.022079e-02
9.999991e-01 -1.235698e-03 4.915555e-04 -4.420895e-06 8.222153e-01 -1.010095e-02 6.165429e-02
9.999989e-01 -1.129962e-03 -8.865467e-04 9.132000e-05 8.270294e-01 -1.315139e-02 3.361842e-02
9.999995e-01 1.802487e-04 -9.231448e-04 3.738025e-04 8.425881e-01 -1.027800e-02 3.368436e-02
9.999991e-01 8.307378e-04 -9.195705e-04 3.919304e-04 8.374502e-01 -3.174871e-03 3.308915e-02
9.999997e-01 -4.155327e-04 -3.441811e-04 6.534654e-04 8.568522e-01 -7.247627e-03 3.492333e-02
9.999995e-01 6.407417e-04 2.598674e-04 7.692893e-04 8.736161e-01 -4.867468e-03 2.759395e-02
9.999999e-01 5.968373e-05 3.609999e-04 3.359241e-04 8.807435e-01 -6.567552e-03 3.509030e-02
9.999994e-01 4.473369e-05 1.042160e-03 3.931090e-04 8.837071e-01 -3.360808e-03 3.514560e-02
9.999978e-01 -4.225414e-05 2.072997e-03 3.435494e-04 8.947653e-01 -8.691690e-03 5.730140e-02
9.999996e-01 5.022236e-04 -3.855475e-05 6.773375e-04 9.040858e-01 -4.776734e-03 3.518684e-02
9.999991e-01 -1.121138e-03 -2.353976e-04 7.455934e-04 9.001455e-01 -1.118511e-02 6.175694e-02
9.999968e-01 1.537786e-03 -1.765289e-03 9.437059e-04 9.141413e-01 1.091311e-03 3.418771e-02
9.999997e-01 4.211789e-04 -2.145148e-04 7.057467e-04 9.273447e-01 -1.249831e-02 3.880883e-02
9.999993e-01 -3.521383e-04 -6.984534e-05 1.130001e-03 9.259774e-01 2.236645e-03 4.924624e-02
9.999992e-01 2.558118e-04 7.304570e-04 1.037169e-03 9.306682e-01 -1.597492e-02 1.737822e-02
9.999994e-01 -6.902571e-04 4.689359e-05 7.875644e-04 9.386223e-01 -7.930446e-03 6.577570e-02
9.999994e-01 7.633212e-04 4.491306e-05 8.328361e-04 9.375013e-01 -1.143784e-02 2.902664e-02
9.999990e-01 -8.305663e-04 -6.176903e-04 9.771529e-04 9.539914e-01 -6.782746e-03 5.111905e-02
9.999988e-01 5.121607e-04 -5.138084e-04 1.375509e-03 9.628407e-01 -6.470514e-03 4.307196e-02
9.999988e-01 -9.407898e-04 -7.943804e-04 8.919566e-04 9.566860e-01 -1.320529e-02 2.977196e-02
9.999991e-01 1.033549e-03 3.601376e-04 7.649253e-04 9.759866e-01 -4.654159e-03 4.757320e-02
9.999999e-01 1.920282e-04 -4.691157e-04 8.984277e-05 9.641962e-01 -8.629063e-03 1.028334e-02
9.999996e-01 2.648839e-04 -4.204969e-04 -7.140610e-04 9.781440e-01 -1.172535e-02 7.570704e-02
9.999985e-01 -1.053196e-03 -4.625409e-04 -1.285013e-03 9.929352e-01 -2.393522e-02 2.179862e-02
9.999995e-01 8.438024e-05 3.093145e-04 -9.801538e-04 9.899968e-01 -1.284768e-02 3.157190e-02
9.999997e-01 1.741670e-04 2.372502e-04 -7.732170e-04 9.949251e-01 -1.264945e-02 1.245865e-02
9.999982e-01 -1.042286e-03 1.143082e-03 -1.102601e-03 9.975721e-01 -1.220407e-02 5.225346e-02
9.999987e-01 1.087599e-03 -1.089060e-04 -1.156985e-03 9.895179e-01 -1.102289e-02 3.829622e-02
9.999981e-01 -6.310037e-04 2.079840e-04 -1.849711e-03 9.893473e-01 -2.014966e-02 3.030723e-02
9.999991e-01 1.959105e-04 -5.255334e-04 -1.254335e-03 9.942090e-01 -1.173869e-02 5.607908e-02
9.999990e-01 -5.547458e-04 -2.355370e-04 -1.294400e-03 9.988953e-01 -2.047297e-02 3.923318e-02
9.999995e-01 6.371853e-04 -4.953876e-04 -5.721470e-04 9.856821e-01 -5.683717e-03 2.243345e-02
9.999997e-01 -2.332234e-04 -1.000361e-04 -7.072814e-04 9.944120e-01 -1.467293e-02 3.854324e-02
9.999975e-01 2.119881e-03 -4.353637e-04 -4.377089e-04 9.934698e-01 -1.354936e-02 1.621428e-02
9.999997e-01 -7.590802e-04 -4.145359e-05 -1.771216e-04 9.938446e-01 -1.326778e-03 4.025303e-02
9.999984e-01 -5.094792e-04 1.715611e-03 3.877501e-05 9.863608e-01 -1.881361e-02 3.170532e-02
9.999992e-01 -1.248076e-03 1.594797e-04 -1.369400e-04 9.826523e-01 -7.242440e-03 3.471437e-02
9.999998e-01 -5.216349e-04 9.360921e-05 1.756956e-04 9.814199e-01 -7.643935e-03 5.111103e-02
9.999998e-01 1.503627e-04 -3.329950e-04 5.273962e-04 9.738320e-01 -7.528305e-03 3.644056e-02
9.999995e-01 3.242735e-04 -1.796149e-04 8.900058e-04 9.804967e-01 1.305342e-03 2.774322e-02
9.999999e-01 9.720562e-05 -5.143977e-04 1.966453e-04 9.582400e-01 -1.735685e-02 4.411204e-02
9.999986e-01 7.162737e-04 -1.361317e-03 5.281685e-04 9.710736e-01 8.139904e-05 3.369346e-02
9.999997e-01 3.997308e-04 -5.689047e-04 4.461081e-04 9.680009e-01 -1.233507e-02 2.766807e-02
9.999992e-01 -2.874243e-04 -8.967837e-04 8.297093e-04 9.643561e-01 -4.571316e-03 3.544007e-02
9.999977e-01 -1.267741e-03 -1.628866e-03 5.887416e-04 9.641406e-01 -1.973242e-02 1.369203e-02
9.999953e-01 -8.734437e-04 -2.727574e-03 1.133349e-03 9.560222e-01 -2.452859e-03 -6.765501e-03
9.999844e-01 -5.957986e-04 -5.463932e-03 1.049478e-03 9.593018e-01 -9.665732e-03 1.134529e-02
9.999934e-01 -3.449719e-04 -3.366359e-03 1.339846e-03 9.609823e-01 -1.179621e-02 1.097466e-02
9.999991e-01 2.576727e-04 6.354757e-04 1.155232e-03 9.683395e-01 -1.235748e-02 -6.493829e-02
9.999721e-01 -1.347735e-03 7.335993e-03 3.432919e-04 9.886121e-01 -1.339378e-02 3.297642e-02
9.999665e-01 9.233227e-04 8.130669e-03 -1.365508e-05 9.804254e-01 -1.063822e-02 -4.074227e-02
9.999820e-01 -5.172885e-04 5.983557e-03 -2.356552e-04 9.667799e-01 -1.923671e-03 5.272397e-02
9.999978e-01 1.867008e-03 8.876567e-04 4.366882e-04 9.696045e-01 -6.577072e-03 3.773798e-02
9.999995e-01 -8.695304e-04 4.748640e-04 -2.263559e-05 9.638535e-01 -7.849429e-03 8.064840e-02
9.999983e-01 -2.213671e-04 1.800802e-03 -2.632583e-04 9.715066e-01 -2.192968e-02 9.823326e-02
9.999943e-01 -2.822450e-03 1.776067e-03 -6.040143e-04 9.750145e-01 -2.037995e-02 3.409434e-02
9.999858e-01 -8.961866e-04 -5.228708e-03 -4.360088e-04 9.579398e-01 -1.809351e-02 8.488839e-02
9.999121e-01 -4.016270e-03 -1.263107e-02 -2.047938e-04 9.624696e-01 -1.867166e-02 4.238771e-02
9.999770e-01 9.175463e-04 -6.722436e-03 1.390440e-04 9.783649e-01 -1.567675e-02 -1.714183e-02
9.999775e-01 7.861202e-04 6.652450e-03 -1.882536e-05 1.027236e+00 -1.529745e-02 1.297096e-02
9.999628e-01 -6.001112e-04 8.607849e-03 3.240037e-05 1.018705e+00 -1.046509e-02 2.518930e-02
9.999996e-01 8.335363e-04 4.242850e-04 1.887357e-04 1.003105e+00 -7.551760e-03 3.131757e-02
9.999808e-01 9.092833e-04 -6.134876e-03 1.380238e-04 9.948514e-01 -5.297103e-03 2.813317e-02
9.999846e-01 1.774673e-03 -5.206120e-03 7.320449e-04 1.018656e+00 -8.804329e-03 3.314131e-02
9.999990e-01 -2.757540e-04 1.288821e-03 5.692535e-04 1.035988e+00 -1.062034e-02 1.718938e-02
9.999967e-01 1.093262e-03 2.278628e-03 5.321253e-04 1.040592e+00 -1.108152e-02 -1.363918e-02
1.000000e+00 -1.761192e-04 -9.741920e-05 1.604314e-04 1.035827e+00 -3.572835e-03 2.897412e-03
9.999931e-01 2.384553e-03 -2.856135e-03 -3.565900e-05 1.046274e+00 -1.366658e-02 1.462691e-02
9.999990e-01 1.049001e-03 -9.408440e-04 1.527795e-04 1.062604e+00 -7.687670e-03 1.497642e-02
9.999978e-01 2.046975e-03 1.929039e-04 5.931139e-04 1.064285e+00 -6.441372e-03 1.586919e-02
9.999963e-01 -3.459450e-04 2.682980e-03 2.458861e-04 1.078481e+00 -1.624564e-02 -8.829196e-03
9.999971e-01 -2.399380e-04 2.414430e-03 -1.602379e-04 1.083547e+00 -1.471144e-02 6.892856e-03
9.999972e-01 -8.167532e-04 2.153978e-03 -4.141107e-04 1.080890e+00 -1.043749e-02 4.851350e-02
9.999925e-01 -3.633362e-03 -1.355280e-03 -1.870075e-04 1.085308e+00 -1.809672e-02 2.584691e-02
9.999976e-01 -1.396119e-03 -1.630145e-03 2.517846e-04 1.091962e+00 -1.517843e-02 2.701734e-02
9.999973e-01 -1.284488e-03 -1.930314e-03 1.046686e-04 1.094631e+00 -1.643652e-02 6.487807e-03
9.999999e-01 2.436368e-04 2.475784e-04 8.523238e-05 1.093338e+00 -1.217715e-02 2.149069e-02
9.999991e-01 -1.253761e-03 -3.395633e-04 1.379245e-04 1.098850e+00 -8.709650e-03 2.314342e-03
9.999996e-01 -9.977915e-05 -8.493548e-04 1.418029e-05 1.094301e+00 -2.010907e-02 7.391328e-03
9.999999e-01 -3.208468e-04 4.282690e-04 4.359224e-05 1.099598e+00 -1.138720e-02 6.721482e-03
9.999997e-01 -8.082555e-04 -5.706680e-05 -3.280958e-05 1.084216e+00 -2.653289e-02 3.081175e-03
9.999989e-01 -1.023631e-03 1.030603e-03 -1.166671e-04 1.091705e+00 -1.988207e-02 1.447400e-02
9.999998e-01 -6.809178e-04 6.975436e-05 3.546843e-05 1.095361e+00 -1.064561e-02 1.038682e-02
9.999995e-01 2.279044e-04 9.563529e-04 5.827442e-05 1.089303e+00 -5.907667e-03 1.048017e-02
9.999995e-01 -9.218681e-04 -2.654861e-04 -3.519084e-04 1.085271e+00 -1.884519e-02 9.794253e-03
9.999988e-01 -2.181456e-04 -1.479307e-03 -1.904648e-04 1.087741e+00 -1.039056e-02 2.554994e-02
9.999987e-01 7.330503e-04 -1.416760e-03 -3.159106e-04 1.080370e+00 -1.566367e-02 -2.336324e-04
9.999998e-01 6.305713e-04 -1.397149e-04 -1.472591e-04 1.090218e+00 -7.326569e-03 2.647068e-03
9.999998e-01 5.589181e-04 1.342954e-04 -3.318647e-04 1.085374e+00 -1.714836e-02 4.757269e-04
9.999999e-01 7.090680e-05 -7.236033e-05 -3.500384e-04 1.080021e+00 -1.281034e-02 -8.208485e-03
9.999999e-01 -8.116704e-05 -2.717615e-04 -3.278918e-04 1.082995e+00 -1.195208e-02 5.493374e-03
9.999992e-01 9.482056e-04 -7.660040e-04 -3.130996e-04 1.085305e+00 -1.455187e-02 -4.659299e-04
9.999998e-01 -3.628007e-04 -3.833169e-04 -3.126484e-04 1.075875e+00 -9.079628e-03 -7.691111e-03
9.999997e-01 2.018769e-04 -7.232015e-04 -2.909746e-04 1.074145e+00 -1.488269e-02 -2.942709e-03
9.999994e-01 6.890043e-04 8.005252e-04 -2.043351e-04 1.082734e+00 -3.145833e-03 -1.540883e-04
9.999996e-01 8.725575e-04 1.699890e-04 -1.578594e-04 1.075149e+00 -2.338013e-02 -2.013074e-02
9.999994e-01 -2.401025e-04 1.061428e-03 -3.322428e-04 1.062324e+00 -1.059392e-02 -4.302116e-03
9.999992e-01 -3.662031e-05 -1.257227e-03 -1.378260e-04 1.073269e+00 -9.557241e-03 -5.849738e-03
9.999998e-01 -1.009965e-04 -1.959629e-05 -5.468134e-04 1.063932e+00 -2.383115e-02 5.765652e-03
9.999999e-01 -4.080320e-04 3.464711e-04 -1.001516e-04 1.081127e+00 -1.603064e-02 -2.378285e-02
9.999980e-01 3.786822e-04 1.951430e-03 -2.026277e-04 1.071390e+00 -9.611815e-03 2.103719e-02
9.999993e-01 -1.134956e-03 2.853735e-04 -1.111965e-04 1.063293e+00 -1.799838e-02 -1.076687e-02
9.999998e-01 -4.558230e-04 -2.649348e-04 4.420705e-04 1.066428e+00 -1.221427e-02 -5.199983e-03
9.999996e-01 -4.954662e-04 5.671179e-04 3.785994e-04 1.070917e+00 -1.068479e-02 7.167718e-03
9.999997e-01 3.161179e-04 -6.364174e-05 7.512262e-04 1.060456e+00 -2.680131e-03 6.105929e-03
9.999995e-01 -3.134102e-04 5.334579e-04 7.153726e-04 1.071016e+00 -8.369805e-03 1.490041e-02
9.999992e-01 -8.214343e-05 -9.340292e-04 8.457277e-04 1.050197e+00 -1.294848e-02 -3.585993e-03
9.999995e-01 4.172013e-04 2.725514e-04 8.516068e-04 1.063738e+00 -9.048247e-03 1.548970e-02
9.999993e-01 -2.621772e-04 -3.372961e-04 1.083185e-03 1.066154e+00 -1.124301e-02 -1.142505e-02
9.999994e-01 4.167077e-05 2.463062e-04 1.024659e-03 1.067297e+00 -7.950008e-03 2.787554e-02
9.999995e-01 7.264776e-05 -6.696723e-04 7.693133e-04 1.069855e+00 -5.355157e-03 -1.577770e-02
9.999997e-01 -4.526193e-05 -5.270478e-04 5.142237e-04 1.057280e+00 -2.143578e-02 -3.545600e-03
9.999991e-01 1.277537e-03 -1.619567e-04 4.973223e-04 1.075632e+00 -1.076658e-02 1.087911e-02
9.999994e-01 -8.217823e-04 7.004827e-04 5.608191e-05 1.064515e+00 -1.080432e-02 -1.054100e-02
9.999997e-01 7.560768e-04 -3.153262e-04 9.485579e-05 1.066864e+00 -1.442917e-02 2.649881e-02
9.999998e-01 -6.928037e-05 6.770926e-04 -6.145205e-05 1.061669e+00 -1.603964e-02 -2.224070e-02
9.999998e-01 -1.020254e-04 -6.798490e-04 -4.458168e-05 1.064939e+00 -1.310286e-02 1.836706e-02
9.999994e-01 1.007269e-03 3.065340e-04 -3.340966e-04 1.061096e+00 -1.794417e-02 6.249968e-03
9.999998e-01 1.899068e-04 -4.768915e-04 -4.173175e-04 1.073967e+00 -1.504521e-02 -9.399987e-03
9.999986e-01 9.941580e-04 1.079018e-03 -7.693940e-04 1.079767e+00 -1.674554e-02 1.220149e-02
9.999988e-01 -1.041377e-03 -5.698366e-04 -9.971716e-04 1.075182e+00 -1.325170e-02 3.193321e-03
9.999997e-01 -2.241077e-04 -2.968449e-04 -6.909936e-04 1.066095e+00 -1.589559e-02 1.702566e-02
9.999992e-01 -4.937242e-04 -1.013530e-03 -5.536222e-04 1.083044e+00 -1.090950e-02 -1.871843e-02
9.999992e-01 1.242856e-03 -7.161104e-05 -1.783015e-04 1.079748e+00 -2.895071e-03 1.246931e-03
9.999997e-01 3.060125e-05 -1.780385e-04 -7.882010e-04 1.076628e+00 -1.739673e-02 -9.646452e-03
9.999997e-01 5.660272e-04 -9.662031e-05 -5.234953e-04 1.079045e+00 -1.395274e-02 -1.253425e-02
9.999995e-01 4.081112e-04 6.089074e-04 -6.063687e-04 1.077356e+00 -1.477968e-02 1.844658e-02
9.999997e-01 -4.182759e-05 -5.561210e-04 -5.120265e-04 1.091383e+00 -1.964601e-02 -6.508753e-03
1.000000e+00 -1.733858e-05 2.560626e-05 -1.357116e-04 1.083168e+00 -1.036535e-02 -1.056006e-02
9.999999e-01 -1.904423e-04 -1.519003e-04 -4.071403e-04 1.080560e+00 -2.086329e-02 3.755077e-03
9.999999e-01 1.440438e-04 2.884456e-04 -7.644557e-05 1.090120e+00 -1.215994e-02 -8.950335e-03
9.999998e-01 -3.866179e-04 -5.670350e-04 -4.223211e-05 1.086164e+00 -1.135175e-02 -1.475981e-02
9.999997e-01 2.585930e-04 -7.196594e-04 2.063428e-04 1.088378e+00 -4.629151e-03 -9.490801e-03
9.999996e-01 7.970633e-04 -2.113889e-04 -6.087496e-05 1.085857e+00 -1.857017e-02 -1.727043e-04
1.000000e+00 9.795303e-05 -2.530370e-04 1.523252e-04 1.093653e+00 -1.194610e-02 -2.476821e-02
9.999999e-01 -2.624892e-04 2.709851e-04 1.088126e-04 1.102763e+00 -1.157569e-02 1.262005e-02
9.999998e-01 4.972566e-04 -3.415764e-04 1.593186e-04 1.086497e+00 -8.271400e-03 -1.000467e-02
9.999996e-01 -9.003205e-04 1.501420e-04 1.045283e-04 1.094920e+00 -1.346390e-02 -2.138795e-02
9.999980e-01 2.013099e-03 -1.189263e-04 -5.413079e-05 1.106509e+00 -1.008196e-02 -9.156529e-03
9.999996e-01 -1.119925e-04 7.707169e-04 -2.656508e-04 1.112842e+00 -3.855544e-04 -1.102444e-02
1.000000e+00 -1.317492e-04 8.574419e-05 -1.209276e-04 1.114192e+00 -1.625926e-02 3.287354e-03
1.000000e+00 1.573552e-04 -2.236715e-04 1.522209e-04 1.108710e+00 -1.219165e-02 5.694052e-03
9.999996e-01 8.699519e-05 -9.022242e-04 4.444518e-06 1.111576e+00 -1.919997e-02 -2.139440e-02
9.999998e-01 -2.746895e-04 -5.945995e-04 6.613303e-05 1.126519e+00 -6.808548e-03 1.779464e-03
9.999989e-01 1.223869e-03 -7.661486e-04 -1.603000e-04 1.119423e+00 -2.040222e-02 -2.369243e-02
9.999996e-01 -8.942989e-04 -2.950527e-04 1.069875e-04 1.112715e+00 -1.091341e-02 -2.100271e-02
9.999999e-01 9.021829e-06 -2.547293e-04 7.684847e-05 1.125640e+00 -1.876403e-02 -1.073249e-02
9.999988e-01 -1.557442e-03 4.217351e-05 -4.560839e-06 1.145789e+00 -1.658341e-02 -2.476212e-02
1.000000e+00 -2.956918e-04 1.674413e-04 -3.900174e-05 1.136910e+00 -1.200889e-02 9.719718e-04
9.999998e-01 -4.859090e-04 -3.100488e-04 -3.074148e-04 1.132946e+00 -1.880374e-02 -3.393420e-02
9.999996e-01 4.308368e-04 -7.999106e-04 -1.199630e-04 1.142712e+00 -6.020735e-03 -2.490555e-02
9.999998e-01 2.842082e-04 -6.416979e-04 -2.127636e-04 1.147243e+00 -1.516811e-02 -3.213108e-02
1.000000e+00 -9.960501e-05 -1.495614e-04 -1.616255e-04 1.144417e+00 -1.169921e-02 -1.240024e-02
9.999993e-01 1.054631e-03 4.620728e-04 -8.333950e-05 1.159140e+00 -1.519526e-02 -2.877170e-02
9.999998e-01 -4.044728e-04 1.151815e-04 -4.785356e-04 1.150208e+00 -1.494640e-02 -1.121768e-02
9.999994e-01 7.578712e-04 -7.505388e-04 1.521611e-04 1.159527e+00 -9.590093e-03 -5.698474e-02
9.999994e-01 -1.085795e-03 -1.481040e-04 -5.940322e-05 1.178206e+00 -1.151645e-02 7.291538e-04
9.999999e-01 -1.758134e-04 3.988902e-04 -2.613008e-04 1.147258e+00 -2.146194e-02 -3.628631e-02
9.999998e-01 -3.900547e-04 -2.795317e-04 -4.751159e-04 1.170805e+00 -1.496219e-02 -2.708000e-02
9.999999e-01 3.451049e-04 -9.408481e-05 -2.852222e-05 1.169263e+00 -1.196413e-02 -2.711541e-02
9.999998e-01 3.287483e-04 -5.005492e-04 -6.674488e-05 1.172977e+00 -1.461006e-02 -3.797853e-02
9.999999e-01 1.097863e-04 -3.736381e-04 -5.788801e-05 1.183433e+00 -8.846025e-03 -3.568928e-02
9.999998e-01 3.479149e-04 5.445306e-04 -9.503481e-05 1.179016e+00 -1.411506e-02 -3.861739e-02
1.000000e+00 -3.147965e-04 -3.555775e-05 -3.639741e-05 1.184418e+00 -1.420171e-02 -2.696954e-02
9.999991e-01 -1.294825e-03 4.425706e-05 -2.119765e-04 1.181592e+00 -1.597235e-02 -2.036692e-02
1.000000e+00 -2.263867e-04 1.327799e-04 -1.421342e-04 1.192433e+00 -1.405193e-02 -4.961360e-02
9.999983e-01 -1.639974e-03 8.210895e-04 -2.991512e-04 1.191606e+00 -2.206600e-02 -1.383493e-02
9.999991e-01 1.074616e-03 -7.745417e-04 -1.694108e-04 1.197289e+00 -2.160761e-02 -3.395561e-02
9.999985e-01 1.595192e-04 -1.719798e-03 -1.871871e-04 1.200057e+00 -6.209503e-03 -1.617490e-02
9.999985e-01 3.830099e-04 -1.726364e-03 -7.203240e-05 1.206724e+00 -1.352097e-02 -5.480922e-02
9.999997e-01 -7.476308e-04 -1.454746e-04 -6.089768e-05 1.205066e+00 -1.936430e-02 -5.125124e-02
9.999994e-01 1.143255e-03 -7.391991e-05 6.344103e-06 1.216064e+00 -1.037483e-02 -4.921243e-02
9.999989e-01 4.050331e-04 -1.359106e-03 2.512202e-04 1.209346e+00 -1.010439e-02 -4.069711e-02
9.999965e-01 -2.349983e-04 -2.620761e-03 2.907069e-04 1.212539e+00 -1.707401e-02 -7.475198e-02
9.999986e-01 1.398921e-03 -8.905238e-04 2.886653e-05 1.211386e+00 -1.981847e-02 -6.503642e-02
9.999991e-01 4.796173e-04 -1.244969e-03 7.081945e-05 1.218105e+00 -5.120366e-03 -4.883209e-02
9.999967e-01 1.641904e-03 -1.892995e-03 5.278798e-04 1.220293e+00 -1.359065e-02 -1.011586e-01
9.999987e-01 6.325199e-05 1.477999e-03 6.783404e-04 1.214331e+00 -5.198803e-03 -9.223259e-02
9.999980e-01 -1.064459e-04 2.008023e-03 8.125045e-05 1.236011e+00 -1.815062e-02 -7.390501e-02
9.999997e-01 4.100060e-04 -5.897544e-04 4.297347e-04 1.209914e+00 -5.192817e-03 -6.849559e-02
9.999969e-01 2.204080e-03 -1.158566e-03 2.687217e-04 1.207229e+00 -1.823398e-02 -6.720163e-02
9.999998e-01 -4.027944e-04 -5.497649e-04 1.640142e-05 1.225653e+00 -1.324771e-02 -7.393656e-02
9.999999e-01 3.508693e-04 3.081839e-04 9.688540e-05 1.224516e+00 -7.410507e-03 -5.735691e-02
9.999993e-01 3.820530e-04 1.141111e-03 1.824208e-04 1.228929e+00 -2.180456e-02 -1.044775e-01
9.999982e-01 -1.393647e-03 1.011681e-03 8.242617e-04 1.228455e+00 -1.353450e-02 -6.793213e-02
9.999985e-01 -1.315972e-03 -4.970226e-04 1.010069e-03 1.237545e+00 -1.427884e-02 -7.541695e-02
9.999995e-01 -4.673430e-04 3.140776e-04 8.351910e-04 1.229158e+00 -1.453284e-02 -8.338721e-02
9.999992e-01 3.050153e-04 -7.799504e-04 1.007038e-03 1.225107e+00 -7.500676e-03 -7.075476e-02
9.999967e-01 5.246484e-04 -2.354437e-03 8.504538e-04 1.215319e+00 -1.562133e-02 -9.137320e-02
9.999992e-01 2.455763e-04 -4.149301e-04 1.167527e-03 1.228982e+00 -4.061871e-03 -8.360938e-02
9.999986e-01 1.274870e-03 4.375334e-04 9.359245e-04 1.231040e+00 -1.889789e-02 -9.717057e-02
9.999993e-01 -6.189805e-04 5.801016e-04 8.657883e-04 1.221915e+00 -1.423110e-02 -8.230401e-02
9.999991e-01 9.576373e-04 3.605236e-04 8.983889e-04 1.223174e+00 -8.627776e-03 -7.240841e-02
9.999928e-01 -3.703333e-03 2.707042e-04 7.407532e-04 1.221448e+00 -2.312274e-02 -8.679968e-02
9.999995e-01 7.651915e-04 -4.374360e-04 4.436791e-04 1.221316e+00 -1.413138e-02 -9.976533e-02
9.999956e-01 -2.353036e-03 -1.644674e-03 7.632579e-04 1.219251e+00 -1.304596e-02 -6.431295e-02
9.999961e-01 3.526219e-04 -2.709765e-03 5.206963e-04 1.211332e+00 -1.629372e-02 -1.054776e-01
9.999978e-01 -1.600393e-03 -1.260471e-03 4.823760e-04 1.205037e+00 -1.813344e-02 -1.202671e-01
9.999908e-01 2.711183e-04 4.293238e-03 7.544588e-05 1.221054e+00 -1.817547e-02 -9.008498e-02
9.999961e-01 5.347183e-04 2.736482e-03 -6.419857e-05 1.215348e+00 -1.663640e-02 -8.788664e-02
9.999994e-01 1.076823e-03 -3.242522e-04 6.931376e-05 1.192954e+00 -9.772768e-03 -9.327579e-02
9.999978e-01 9.680497e-04 -1.872989e-03 -7.732824e-05 1.188025e+00 -1.725617e-02 -6.597493e-02
9.999994e-01 -6.662010e-04 -8.584228e-04 -9.103926e-05 1.182887e+00 -1.629150e-02 -8.826660e-02
9.999992e-01 -5.845425e-04 1.071895e-03 2.488932e-04 1.187260e+00 -1.089190e-02 -1.073846e-01
9.999919e-01 1.483194e-03 3.745486e-03 -1.086179e-04 1.179370e+00 -1.682429e-02 -5.597305e-02
9.999942e-01 -2.583751e-03 2.188121e-03 -4.300287e-05 1.170930e+00 -2.072192e-02 -7.368403e-02
9.999917e-01 5.830296e-04 -3.994113e-03 -5.069789e-04 1.139150e+00 -1.128638e-02 -4.323702e-02
9.998792e-01 6.902311e-04 -1.552827e-02 -3.261258e-04 1.103252e+00 -1.149528e-02 -1.226906e-01
9.999634e-01 1.005891e-03 -8.485688e-03 3.208097e-04 1.105210e+00 -1.103806e-02 -2.109056e-01
9.998922e-01 2.161922e-03 1.451940e-02 -1.376709e-05 1.127953e+00 -1.806243e-02 -5.421480e-02
9.998469e-01 -2.998626e-03 1.723670e-02 -4.333453e-04 1.110293e+00 -2.077696e-02 -1.081130e-01
9.999877e-01 -3.198179e-03 3.775404e-03 -3.916587e-04 1.078700e+00 -1.386166e-02 -1.218615e-01
9.999961e-01 5.105122e-04 -2.409910e-03 -1.289674e-03 1.012483e+00 -1.924249e-02 8.267970e-03
9.999964e-01 1.929532e-03 1.516033e-03 -1.111796e-03 1.040457e+00 -2.128478e-02 2.276314e-02
9.999872e-01 -3.028460e-03 3.859572e-03 -1.231572e-03 1.024700e+00 -1.227185e-02 -3.319250e-02
9.999518e-01 -3.289467e-03 -9.187755e-03 -1.037633e-03 9.695954e-01 -1.876513e-02 -1.223315e-01
9.999066e-01 2.116263e-04 -1.363819e-02 -8.988333e-04 9.742366e-01 -1.336363e-02 -6.877028e-03
9.999859e-01 4.804773e-03 -2.170571e-03 -6.237031e-04 9.811774e-01 -1.658590e-02 -3.568470e-02
9.999830e-01 -1.915870e-03 5.502600e-03 -3.538425e-04 1.008708e+00 -1.061872e-02 -1.420111e-01
9.999927e-01 -1.098294e-04 3.794419e-03 -3.567156e-04 9.864340e-01 -1.807014e-02 -6.334668e-02
9.999997e-01 -5.725265e-04 -3.899127e-05 -5.381533e-04 9.798952e-01 -1.231886e-02 -7.704609e-02
9.999949e-01 -1.793836e-03 -2.624497e-03 -1.694175e-04 9.806408e-01 -1.111900e-02 -8.344267e-02
9.999973e-01 2.439966e-04 -2.289852e-03 -1.303478e-04 9.829304e-01 -7.945788e-03 -4.057252e-02
9.999986e-01 1.641759e-03 -2.994514e-04 -1.041788e-04 9.819969e-01 -1.895930e-02 -1.161086e-01
9.999995e-01 8.487726e-05 1.003119e-03 1.339244e-05 1.008357e+00 -6.872385e-03 -9.756490e-02
9.999983e-01 1.518094e-03 1.080161e-03 1.963658e-04 1.011203e+00 -4.569773e-03 -6.643628e-02
9.999999e-01 3.844683e-04 -1.133798e-04 -9.589899e-05 1.013142e+00 -8.294214e-03 -1.034634e-01
9.999991e-01 1.342937e-03 -2.668485e-04 -8.586483e-05 1.023666e+00 -7.518435e-03 -5.839480e-02
9.999993e-01 1.088436e-03 3.795291e-04 -3.163603e-05 1.024510e+00 -8.136845e-03 -8.765806e-02
9.999994e-01 7.517422e-04 8.115173e-04 -7.604373e-05 1.044708e+00 -7.148347e-03 -7.947339e-02
9.999990e-01 1.308564e-03 5.718677e-04 -5.908466e-05 1.048382e+00 -1.485823e-02 -7.340590e-02
9.999996e-01 8.963839e-04 1.353836e-05 -2.201344e-04 1.051232e+00 -1.081944e-02 -7.824172e-02
9.999998e-01 -2.315299e-05 5.429955e-04 4.253459e-05 1.071058e+00 -8.099230e-03 -8.012593e-02
9.999983e-01 1.476404e-03 1.134379e-03 -4.225276e-05 1.066798e+00 -1.375051e-02 -7.629560e-02
9.999984e-01 -1.313085e-03 1.221355e-03 -1.920415e-04 1.069734e+00 -1.098459e-02 -6.197112e-02
9.999992e-01 7.148558e-04 1.057388e-03 -1.644764e-04 1.093049e+00 -1.414156e-02 -7.238850e-02
9.999978e-01 -5.209103e-04 2.021606e-03 -1.084339e-04 1.091886e+00 -1.955278e-02 -4.674374e-02
9.999979e-01 -8.865997e-04 1.839471e-03 -1.071090e-05 1.095750e+00 -1.291692e-02 -5.526608e-02
9.999995e-01 -3.612134e-04 8.863594e-04 -3.237797e-04 1.094470e+00 -1.338407e-02 -5.761500e-02
9.999997e-01 -7.024101e-04 3.159596e-04 -3.251765e-05 1.099688e+00 -9.041073e-03 -4.138498e-02
9.999999e-01 2.523684e-04 -1.058237e-04 -1.334149e-04 1.095302e+00 -1.404487e-02 -4.036238e-02
9.999999e-01 -4.179861e-04 1.871830e-05 -1.405316e-04 1.084561e+00 -1.832142e-02 -5.031526e-02
9.999999e-01 -2.873284e-04 2.500308e-04 -2.174263e-04 1.099740e+00 -1.108612e-02 -5.150360e-02
9.999997e-01 7.220419e-04 4.031102e-04 5.033069e-05 1.094478e+00 -1.171760e-02 -4.264321e-02
9.999996e-01 -5.952221e-04 6.377409e-04 -1.092132e-04 1.090029e+00 -1.798610e-02 -3.037543e-02
9.999999e-01 -2.675693e-04 -3.384929e-04 -1.776942e-04 1.080527e+00 -1.417659e-02 -3.828272e-02
9.999998e-01 -2.351375e-04 -5.829263e-04 -1.615121e-04 1.063147e+00 -1.255377e-02 -4.256034e-02
9.999999e-01 -3.639938e-04 -2.464707e-05 -1.763889e-04 1.081275e+00 -1.595182e-02 -3.405425e-02
9.999999e-01 -3.647365e-04 -1.173987e-04 -1.601653e-04 1.067291e+00 -2.138765e-02 -4.304986e-02
9.999996e-01 -8.955596e-04 3.105233e-04 1.599592e-04 1.065701e+00 -1.503431e-02 -3.152272e-02
9.999983e-01 -1.728859e-03 3.196984e-04 6.132013e-04 1.065020e+00 -1.151663e-02 -6.311402e-02
9.999992e-01 -8.927798e-04 7.519620e-04 4.304952e-04 1.056187e+00 -9.818287e-03 -3.125278e-02
9.999998e-01 -2.605891e-04 -4.232210e-04 2.922521e-04 1.062768e+00 -1.389143e-02 -4.382138e-02
9.999992e-01 -1.092663e-04 -1.109585e-03 6.271513e-04 1.055968e+00 -9.957069e-03 -4.252827e-02
9.999999e-01 -1.600908e-05 -7.427477e-05 4.102935e-04 1.051817e+00 -1.356467e-02 -4.246772e-02
9.999996e-01 7.878015e-05 1.790534e-04 8.685362e-04 1.056690e+00 -4.841143e-03 -4.950912e-02
9.999999e-01 -1.867618e-04 8.190524e-05 3.916118e-04 1.058847e+00 -1.474315e-02 -3.495545e-02
9.999995e-01 -4.977308e-04 -4.472785e-04 7.316829e-04 1.052925e+00 2.671802e-03 -3.542656e-02
9.999994e-01 9.654660e-04 6.207791e-06 3.854122e-04 1.067038e+00 -1.741767e-02 -4.912601e-02
9.999998e-01 -3.083409e-04 2.544596e-04 5.597273e-04 1.053049e+00 -9.925329e-03 -5.766539e-02
9.999996e-01 5.719787e-04 5.413411e-05 6.882463e-04 1.060850e+00 -1.283686e-02 -1.392113e-02
9.999997e-01 2.283184e-05 5.863849e-04 5.103496e-04 1.055339e+00 -1.500251e-02 -6.012937e-02
9.999995e-01 4.466648e-04 4.235624e-04 7.654086e-04 1.061641e+00 -1.324211e-03 -2.421875e-02
9.999996e-01 6.989915e-04 3.342229e-04 4.712500e-04 1.058550e+00 -1.626603e-02 -4.196129e-02
9.999994e-01 4.485779e-04 -9.426072e-04 3.539259e-04 1.063342e+00 -7.580359e-03 -5.227832e-02
9.999999e-01 6.950068e-06 -2.277974e-04 3.257160e-04 1.067979e+00 -6.567342e-03 -1.936760e-02
9.999994e-01 9.467625e-04 4.166809e-04 -2.536679e-04 1.060326e+00 -1.209903e-02 -7.248648e-02
9.999986e-01 -1.435869e-04 1.684879e-03 -2.575789e-04 1.066039e+00 -8.039459e-03 -1.372890e-02
9.999997e-01 3.140649e-04 6.648631e-04 -2.364864e-04 1.070457e+00 -2.633482e-02 -3.890884e-02
9.999996e-01 -9.234104e-04 -2.482299e-05 1.527244e-04 1.070894e+00 -1.333796e-02 -1.393711e-02
9.999999e-01 5.471596e-05 7.114131e-05 2.937975e-04 1.069507e+00 -1.019925e-02 -4.902108e-02
9.999995e-01 4.630742e-04 7.090947e-04 6.190665e-04 1.070983e+00 -7.987981e-03 -3.173247e-02
9.999998e-01 8.517229e-05 4.615326e-04 4.869705e-04 1.075417e+00 -1.336155e-02 -1.724730e-03
9.999998e-01 3.291613e-04 -1.566517e-04 4.834053e-04 1.081867e+00 -1.222400e-02 -5.647944e-02
9.999996e-01 -1.124028e-06 4.835864e-04 7.535827e-04 1.082513e+00 -9.543984e-03 5.669254e-03
9.999993e-01 5.816059e-04 7.758771e-04 6.726801e-04 1.079122e+00 -1.937846e-02 -2.140012e-02
9.999995e-01 -7.158273e-04 2.886223e-04 6.987229e-04 1.081444e+00 -1.575305e-02 -2.538024e-02
9.999989e-01 1.153967e-03 -2.925847e-04 8.470806e-04 1.087387e+00 -6.540603e-03 -1.752541e-02
9.999995e-01 -1.017794e-04 7.180710e-04 6.845774e-04 1.088585e+00 -4.578795e-03 -3.494470e-02
9.999994e-01 8.382070e-05 6.555050e-04 7.784760e-04 1.098003e+00 -1.732663e-02 -5.427275e-03
9.999993e-01 3.631723e-04 9.152176e-04 6.271477e-04 1.093953e+00 -7.397433e-03 -2.784939e-02
1.000000e+00 -1.409903e-04 1.898397e-05 -2.695264e-04 1.091797e+00 -2.541968e-02 1.691375e-04
9.999999e-01 1.231018e-04 1.816296e-04 -4.592833e-04 1.087955e+00 -1.947196e-02 2.677647e-03
9.999993e-01 -8.322989e-04 4.511612e-04 -6.702477e-04 1.092629e+00 -1.191206e-02 -1.697873e-02
9.999988e-01 -9.605851e-04 8.965303e-04 -7.654487e-04 1.076434e+00 -1.958510e-02 -7.159379e-03
9.999992e-01 -8.847736e-04 6.449256e-04 -6.313401e-04 1.072040e+00 -1.672734e-02 3.274465e-04
9.999991e-01 -9.864276e-04 1.117650e-04 -8.471285e-04 1.023093e+00 -1.850789e-02 -1.601329e-02
9.999994e-01 7.973496e-04 8.320084e-05 -7.429786e-04 1.016695e+00 -8.830911e-03 -9.013976e-03
9.999994e-01 -6.157620e-04 3.332314e-04 -8.994799e-04 9.813077e-01 -1.889845e-02 -6.546022e-04
9.999993e-01 -5.451468e-04 -4.261366e-04 -9.691138e-04 9.440821e-01 -1.952488e-02 -1.485297e-02
9.999983e-01 3.046667e-04 -1.716189e-03 -5.685901e-04 9.288850e-01 -5.516297e-03 -4.350437e-03
9.999953e-01 3.891867e-04 -2.853954e-03 -1.021519e-03 9.032932e-01 -1.174743e-02 -4.489920e-02
9.999837e-01 1.524035e-03 -5.440189e-03 -7.748122e-04 8.540729e-01 -1.347076e-02 -2.315074e-03
9.999896e-01 9.459579e-04 -4.451581e-03 -3.790813e-04 8.500130e-01 -5.211782e-03 -3.490559e-02
9.999990e-01 1.136367e-03 4.768223e-04 -6.386134e-04 8.342212e-01 -1.814064e-02 -8.940015e-02
9.999764e-01 8.044712e-04 6.774466e-03 -8.177281e-04 8.405611e-01 -1.541502e-02 1.839140e-02
9.999775e-01 2.793925e-04 6.664338e-03 -6.311405e-04 8.119218e-01 -9.298949e-03 -5.747275e-02
9.999935e-01 -1.747712e-03 3.128311e-03 -3.715405e-04 8.033552e-01 -6.167420e-03 -1.692853e-03
9.999994e-01 9.086310e-04 5.127046e-04 -3.638193e-04 7.900364e-01 -1.172616e-02 9.620073e-03
9.999989e-01 -1.256378e-03 7.349460e-04 -1.552711e-04 7.826635e-01 -8.580322e-03 -1.368375e-02
9.999980e-01 7.642273e-04 1.829533e-03 -1.637649e-04 7.896341e-01 -1.321632e-02 4.287257e-02
9.999970e-01 -1.477564e-03 1.969516e-03 -8.623306e-05 7.925627e-01 -6.443127e-03 7.558999e-03
9.999960e-01 -2.832561e-03 -2.686181e-04 -7.766932e-05 7.886724e-01 -1.480272e-02 3.828389e-02
9.999953e-01 4.416890e-04 -3.032025e-03 2.596773e-04 7.814498e-01 -5.179736e-03 -3.902553e-03
9.999856e-01 8.892125e-04 -5.239096e-03 7.765688e-04 7.795779e-01 1.266887e-03 1.083016e-02
9.999929e-01 1.277016e-03 -3.333347e-03 1.205398e-03 7.924357e-01 -9.355979e-03 5.673662e-03
9.999975e-01 -1.192704e-03 -1.722762e-03 8.430026e-04 7.924782e-01 -4.563229e-03 -1.512545e-02
9.999989e-01 1.087086e-03 -7.451378e-04 6.860606e-04 8.052755e-01 -6.511537e-03 1.349992e-03
9.999996e-01 4.937233e-04 -2.982728e-04 6.928951e-04 8.058621e-01 -6.640464e-04 -3.624405e-02
9.999995e-01 6.190591e-04 2.379260e-04 7.058007e-04 8.213103e-01 -1.275095e-02 -3.224806e-02
9.999996e-01 -3.615826e-04 4.811916e-04 6.571357e-04 8.349407e-01 -6.590805e-03 1.731528e-03
9.999997e-01 -1.463419e-05 -1.920120e-05 7.410142e-04 8.371307e-01 -6.265321e-03 -5.074351e-02
9.999993e-01 -8.280045e-04 -4.702856e-04 6.887247e-04 8.383725e-01 -1.155859e-02 -9.652428e-03
9.999991e-01 1.108325e-03 -6.244881e-04 5.393515e-04 8.455089e-01 -6.086772e-03 -2.014845e-02
9.999998e-01 -1.905256e-04 -4.515463e-04 3.967576e-04 8.633916e-01 -7.780578e-03 -3.524624e-02
9.999998e-01 2.750118e-04 -6.269805e-05 6.278383e-04 8.685413e-01 -1.214968e-02 -6.752481e-03
9.999992e-01 -2.203963e-04 -1.000439e-03 6.296535e-04 8.807506e-01 -9.160927e-03 -4.892370e-02
9.999992e-01 1.068783e-03 -3.254559e-04 5.887084e-04 8.925855e-01 -7.127626e-03 -1.391989e-02
9.999996e-01 -5.033315e-04 6.595922e-04 4.048909e-04 9.033530e-01 -1.053486e-02 -3.529954e-02
9.999996e-01 5.351201e-05 3.613631e-04 7.682636e-04 9.151803e-01 -1.019938e-02 -1.210543e-02
9.999980e-01 -1.798012e-03 6.555664e-04 5.215711e-04 9.236144e-01 -7.463589e-03 -3.742374e-02
9.999992e-01 3.609249e-04 -1.169098e-03 4.035835e-04 9.252283e-01 -1.935105e-02 -3.856197e-02
9.999998e-01 -5.070559e-04 -1.283378e-05 4.402607e-04 9.395299e-01 -1.107996e-02 -2.791303e-02
9.999993e-01 -8.141404e-04 -6.985796e-04 5.971458e-04 9.444012e-01 -1.110184e-02 -3.113013e-02
9.999992e-01 1.022226e-04 1.030558e-03 6.636758e-04 9.634589e-01 -8.446837e-03 -2.599079e-02
9.999998e-01 -5.759311e-04 9.246163e-05 3.023012e-04 9.666520e-01 -7.671830e-03 -4.607037e-02
9.999996e-01 8.279918e-04 -1.845283e-04 -3.085171e-04 9.756371e-01 -2.014518e-02 -2.571056e-02
9.999994e-01 4.140110e-04 -1.381531e-04 -9.837558e-04 9.905768e-01 -1.304943e-02 -3.318464e-02
9.999990e-01 -6.862592e-05 -8.207078e-05 -1.437270e-03 9.845840e-01 -1.755505e-02 -2.484977e-02
9.999991e-01 5.391550e-04 1.335327e-04 -1.245234e-03 9.977142e-01 -1.539493e-02 -3.743640e-02
9.999988e-01 -1.000236e-03 -3.113902e-04 -1.131839e-03 9.985044e-01 -1.223941e-02 -2.032839e-02
9.999990e-01 4.374442e-04 8.092344e-05 -1.343706e-03 9.993957e-01 -2.470948e-02 -4.909505e-02
9.999994e-01 -8.526512e-05 3.487813e-04 -1.028791e-03 1.027451e+00 -1.495813e-02 -2.971640e-02
9.999998e-01 3.811948e-04 3.598386e-04 -4.915703e-04 1.015973e+00 -1.155994e-02 -4.456199e-02
9.999988e-01 -4.845910e-04 1.281364e-03 -6.723848e-04 1.033614e+00 -1.003306e-02 -1.701773e-02
1.000000e+00 -1.612181e-04 8.967263e-05 -2.116458e-04 -3.147098e-02 1.020721e-03 6.638208e-03
