1.0 0.0 0.0 0.0 0.0 0.0 0.0
9.999981e-01 4.285803e-04 -1.595044e-04 -1.888190e-03 2.155101e+00 -4.202851e-02 -2.394636e-02
9.999987e-01 -1.428154e-03 9.661422e-05 -7.362398e-04 1.889994e+00 -1.607768e-02 -2.727671e-02
9.999996e-01 -8.009836e-04 -3.232035e-04 -1.929926e-04 1.874186e+00 -7.911948e-03 -3.301205e-02
9.999989e-01 -1.374243e-03 5.104930e-04 2.359095e-04 1.919177e+00 -2.688409e-03 -5.442710e-02
9.999990e-01 -1.205093e-03 -8.190712e-04 1.797051e-04 1.931636e+00 8.505232e-03 -3.678283e-02
9.999999e-01 -4.448131e-04 1.021540e-04 4.524825e-05 1.926408e+00 2.475519e-03 -5.020829e-02
9.999997e-01 5.302274e-05 -7.934792e-04 7.310959e-05 1.872503e+00 -1.601247e-02 -4.820683e-02
9.999996e-01 -3.331026e-04 8.562406e-04 1.113071e-04 1.870035e+00 -1.145474e-02 -4.928909e-02
1.000000e+00 -2.210513e-04 -1.756169e-04 -1.068342e-04 1.842448e+00 -2.139330e-02 -5.344785e-02
9.999996e-01 8.867224e-04 6.507182e-05 -1.023389e-04 1.869023e+00 -1.937127e-02 -4.139235e-02
9.999992e-01 6.318523e-04 -8.814667e-04 -6.899747e-04 1.846674e+00 -2.729301e-02 -7.997244e-02
9.999992e-01 9.307888e-04 -8.102846e-04 -3.425268e-04 1.899308e+00 -8.940054e-03 -3.668622e-04
9.999994e-01 2.678672e-04 -7.715908e-04 -6.734185e-04 1.863703e+00 -1.317795e-02 -7.333665e-02
9.999997e-01 2.915889e-04 -3.271106e-04 -5.417551e-04 1.869976e+00 -2.258854e-02 -3.505165e-02
9.999994e-01 -1.041065e-03 3.580510e-05 -4.477453e-04 1.873289e+00 -1.392458e-02 -5.021111e-02
9.999999e-01 -2.936491e-04 -2.393779e-04 -3.553043e-04 1.894543e+00 -2.068888e-02 -5.004139e-02
9.999999e-01 -1.770347e-04 1.306856e-04 -4.619347e-04 1.895197e+00 -2.375731e-02 -5.846102e-02
9.999995e-01 9.622673e-04 -2.290546e-04 -2.585679e-04 1.894155e+00 -1.109651e-02 -6.517399e-02
9.999987e-01 3.469340e-04 1.547360e-03 -3.128945e-04 1.909573e+00 -2.066851e-02 -4.278103e-02
9.999991e-01 -1.270449e-03 1.284173e-04 -3.015569e-04 1.904348e+00 -2.017201e-02 -4.814830e-02
9.999984e-01 -1.135515e-03 1.393957e-03 -6.847967e-05 1.904289e+00 -1.719812e-02 -5.260664e-02
9.999996e-01 2.040830e-04 -7.756891e-04 2.781064e-04 1.906595e+00 -1.795698e-02 -4.861202e-02
9.999984e-01 9.007634e-04 1.519390e-03 2.962543e-04 1.940053e+00 -1.521121e-02 -4.310609e-02
9.999998e-01 1.297254e-04 -6.033614e-04 1.716667e-04 1.903534e+00 -1.870745e-02 -4.911801e-02
9.999989e-01 -1.375577e-03 3.761664e-04 2.855144e-04 1.941251e+00 -8.566945e-03 -5.890918e-02
9.999994e-01 8.401892e-04 -6.504103e-04 -5.356102e-05 1.928513e+00 -3.086906e-02 -2.899713e-02
9.999990e-01 9.735309e-04 1.023117e-03 3.686402e-05 1.927794e+00 -2.509020e-02 -6.218176e-02
9.999995e-01 9.027759e-04 -3.771402e-04 -9.763332e-05 1.955122e+00 -9.991034e-03 -2.539755e-02
9.999999e-01 1.309246e-04 9.333838e-06 -4.077112e-04 1.951173e+00 -1.941003e-02 -4.895582e-02
9.999999e-01 -1.565835e-04 -1.433076e-04 -1.890414e-04 1.961534e+00 -1.550639e-02 -3.357850e-02
9.999996e-01 -9.124923e-04 1.250777e-04 -1.983017e-04 1.952408e+00 -1.100863e-02 -3.861030e-02
9.999995e-01 -1.350296e-04 -8.801266e-04 -5.090127e-04 1.978011e+00 -2.809973e-02 -5.490697e-02
9.999998e-01 7.080134e-04 -1.377634e-05 -1.397257e-04 1.979684e+00 -1.351349e-02 -3.562780e-02
9.999999e-01 -4.906376e-04 7.284740e-05 5.394206e-05 1.981229e+00 -1.535123e-02 -4.122158e-02
9.999991e-01 -1.285204e-03 2.819220e-04 -8.736895e-05 1.957999e+00 -2.937040e-02 -3.819235e-02
9.999984e-01 -1.657379e-03 -2.898779e-04 5.136437e-04 2.007252e+00 -1.063451e-03 -7.223115e-02
9.999998e-01 5.882743e-04 2.809354e-05 2.087625e-05 1.981662e+00 -2.948879e-02 -4.612161e-02
9.999995e-01 9.235794e-04 2.781853e-05 3.853643e-04 2.020017e+00 -6.514688e-03 -7.521970e-02
9.999996e-01 8.864043e-04 1.275605e-04 -6.011700e-05 1.998313e+00 -2.271822e-02 -3.508359e-02
9.999998e-01 -3.730780e-05 -6.099128e-04 -1.054848e-04 2.012980e+00 -1.916773e-02 -5.474723e-02
9.999995e-01 -6.974138e-04 -2.520879e-04 -6.939289e-04 1.998296e+00 -2.721453e-02 -3.952942e-02
9.999992e-01 -7.386687e-04 -5.722121e-04 -7.982739e-04 2.022796e+00 -1.664293e-02 -6.974098e-02
9.999981e-01 1.513455e-03 -6.829493e-04 -1.039972e-03 2.018290e+00 -3.024413e-02 -5.018936e-02
9.999993e-01 4.190113e-04 8.879580e-04 -6.575856e-04 2.047345e+00 -1.177874e-02 -6.729356e-02
9.999995e-01 2.129669e-05 -4.418483e-04 -8.870673e-04 2.015046e+00 -2.383668e-02 -4.678500e-02
9.999928e-01 -2.402408e-03 2.697974e-03 -1.152960e-03 2.002368e+00 -2.761141e-02 -1.255577e-01
9.999933e-01 1.280031e-03 -3.390050e-03 -4.068177e-04 2.032079e+00 -2.527440e-02 7.453629e-03
9.999958e-01 4.697757e-05 2.891686e-03 -9.632475e-05 2.044337e+00 3.693209e-03 -9.572758e-02
9.999862e-01 3.790507e-03 -3.600128e-03 5.657739e-04 2.036939e+00 -1.362616e-02 1.813575e-02
9.999880e-01 -2.204098e-03 4.384584e-03 5.361664e-05 2.027069e+00 -1.910000e-02 -1.079660e-01
9.999952e-01 -6.514389e-04 -2.998982e-03 4.954415e-04 2.026032e+00 -2.480146e-02 7.825228e-04
9.999966e-01 -8.704691e-04 2.465707e-03 -3.275100e-05 2.022562e+00 -1.546104e-02 -1.136829e-01
9.999923e-01 1.026363e-03 -3.759199e-03 4.603172e-04 2.031892e+00 -1.657503e-02 -1.070742e-02
9.999970e-01 4.885832e-04 2.390786e-03 -1.079703e-04 2.041153e+00 -1.042664e-02 -8.074284e-02
9.999989e-01 -4.913364e-04 -1.375076e-03 1.480306e-04 2.040338e+00 -1.832674e-02 -2.073168e-02
9.999977e-01 -1.633648e-03 1.386572e-03 -1.337054e-04 2.027354e+00 -2.230111e-02 -7.783286e-02
9.999983e-01 -3.934288e-04 -1.784103e-03 3.361483e-05 2.044018e+00 -2.390437e-02 -7.455568e-02
9.999987e-01 1.039137e-03 1.179981e-03 -3.480213e-04 2.040497e+00 -1.660066e-02 -6.236275e-02
9.999984e-01 1.554526e-03 -8.424376e-04 -1.697652e-05 2.056771e+00 -9.236903e-03 -4.382132e-02
9.999985e-01 -1.107203e-03 1.280849e-03 -4.342398e-04 2.061290e+00 -2.399149e-02 -5.369435e-02
9.999979e-01 -1.585005e-03 -1.155423e-03 -5.878473e-04 2.025549e+00 -2.561921e-02 -6.937927e-02
9.999995e-01 3.753493e-04 5.789856e-04 -7.042367e-04 2.052934e+00 -1.702052e-02 -4.384343e-02
9.999996e-01 3.004566e-04 5.473550e-04 -6.271981e-04 2.072709e+00 -1.925412e-02 -7.400458e-02
9.999998e-01 2.412107e-04 5.848402e-04 -3.375730e-04 2.073234e+00 -1.626527e-02 -6.064754e-02
9.999999e-01 -6.321344e-05 3.784022e-04 -2.996546e-04 2.054141e+00 -1.309733e-02 -6.589609e-02
9.999998e-01 5.662106e-04 -4.010684e-04 -7.797957e-05 2.068601e+00 -2.455022e-02 -3.323260e-02
9.999993e-01 -7.124874e-05 1.143033e-03 1.170125e-04 2.069162e+00 -1.801000e-02 -5.323125e-02
9.999996e-01 1.556451e-04 8.011374e-04 2.726890e-04 2.063349e+00 -2.844452e-02 -2.827456e-02
9.999978e-01 -1.133299e-03 1.714421e-03 4.686001e-04 2.078157e+00 -1.781344e-02 -7.930422e-02
9.999999e-01 2.300616e-04 1.425832e-05 4.266842e-04 2.075761e+00 -2.238074e-02 -1.438409e-02
9.999997e-01 -1.621724e-04 6.092528e-04 4.192613e-04 2.080349e+00 -2.698880e-02 -7.562970e-02
9.999998e-01 2.827272e-04 -5.614053e-04 3.206929e-04 2.069257e+00 -2.949214e-02 -3.168687e-02
9.999998e-01 3.352960e-04 -8.188916e-05 4.376302e-04 2.082023e+00 -1.896559e-02 -5.390052e-02
9.999997e-01 1.354875e-04 -7.350921e-04 2.050479e-04 2.089263e+00 -2.657756e-02 -2.193344e-02
9.999995e-01 -8.979353e-04 5.028796e-04 2.423653e-04 2.089709e+00 -1.970769e-02 -4.352487e-02
9.999992e-01 -2.513144e-05 -1.230009e-03 -1.024993e-04 2.084522e+00 -2.692250e-02 -4.941819e-02
1.000000e+00 -2.194417e-04 -1.560596e-04 6.690415e-05 2.093196e+00 -1.774044e-02 -5.263258e-02
9.999990e-01 5.619067e-04 -1.273661e-03 2.492125e-04 2.114931e+00 -1.347100e-02 -3.057077e-02
9.999994e-01 -7.583089e-04 8.407238e-04 -4.534742e-05 2.085195e+00 -2.705149e-02 -7.362101e-02
9.999997e-01 7.732320e-04 -3.648423e-05 -7.361828e-05 2.102605e+00 -2.536930e-02 -1.520619e-03
9.999974e-01 -1.666672e-03 1.546348e-03 2.922448e-04 2.105044e+00 -2.080152e-02 -1.151928e-01
9.999967e-01 2.011845e-03 -1.567702e-03 8.091259e-05 2.104131e+00 -2.017097e-02 -1.307842e-02
9.999978e-01 -6.969775e-04 1.925255e-03 -2.662956e-04 2.102275e+00 -2.322352e-02 -5.650972e-02
9.999944e-01 1.216555e-03 -3.102332e-03 -2.548392e-04 2.116563e+00 -2.146881e-02 -4.510714e-02
9.999939e-01 -1.700737e-03 3.033293e-03 -1.010247e-04 2.112563e+00 -2.709330e-04 -7.803814e-02
9.999909e-01 -1.902863e-04 -4.248342e-03 -2.947425e-04 2.094092e+00 -3.621965e-02 -1.464977e-02
9.999948e-01 -4.005144e-04 3.187335e-03 -1.911921e-04 2.128906e+00 -1.616210e-02 -8.000699e-02
9.999956e-01 6.068606e-04 -2.891987e-03 1.178661e-04 2.135727e+00 -2.121547e-02 -6.783378e-02
9.999955e-01 -3.054043e-04 3.004773e-03 5.135753e-05 2.118271e+00 -7.502880e-03 -7.252017e-02
9.999948e-01 7.350184e-04 -3.139453e-03 -5.599568e-05 2.113615e+00 -3.372979e-02 -3.631368e-02
9.999983e-01 -2.238150e-05 1.810530e-03 -1.652785e-04 2.125678e+00 -7.267636e-03 -6.369439e-02
9.999946e-01 -2.367384e-04 -3.286510e-03 -1.803370e-04 2.095714e+00 -3.217008e-02 -7.728596e-02
9.999974e-01 1.112392e-03 1.979957e-03 -6.587260e-05 2.143472e+00 -9.684134e-03 -5.646746e-02
9.999956e-01 -2.128414e-03 -1.994477e-03 4.930151e-04 2.140720e+00 -2.462092e-02 -6.135925e-02
9.999962e-01 1.849173e-03 2.028191e-03 9.901026e-05 2.159731e+00 -1.718265e-02 -3.604370e-02
9.999992e-01 -7.357100e-04 3.811814e-04 9.752139e-04 2.119788e+00 -8.949754e-03 -9.338221e-02
9.999983e-01 1.559346e-03 -4.909370e-04 8.723408e-04 2.146479e+00 -1.483196e-02 -2.765888e-02
9.999997e-01 -2.466450e-04 -7.354726e-05 7.976578e-04 2.127278e+00 -2.348252e-02 -8.335819e-02
9.999991e-01 1.235139e-03 1.563780e-04 5.188776e-04 2.140422e+00 -8.133814e-03 -3.301656e-02
9.999996e-01 -5.608800e-04 5.279438e-04 5.099401e-04 2.124716e+00 -3.306838e-02 -7.111113e-02
9.999996e-01 8.070421e-04 -9.809510e-05 4.380034e-04 2.138328e+00 -2.480575e-02 -3.999605e-02
9.999997e-01 6.438773e-04 1.932829e-04 3.100336e-04 2.140481e+00 -9.540603e-03 -7.511938e-02
9.999985e-01 7.394471e-04 -1.405763e-03 -6.733157e-04 2.114352e+00 -3.924726e-02 -4.293603e-02
9.999973e-01 -2.210162e-03 3.581785e-05 -7.868445e-04 2.137243e+00 -2.131767e-02 -4.675384e-02
9.999960e-01 -2.417806e-03 -3.347835e-04 -1.402224e-03 2.132490e+00 -2.675546e-02 -5.828246e-02
9.999987e-01 1.036419e-03 -5.857307e-04 -1.091123e-03 2.144755e+00 -7.613888e-03 -6.026122e-02
9.999993e-01 5.020900e-04 -1.519847e-04 -1.014366e-03 2.127874e+00 -2.935008e-02 -8.211457e-02
9.999998e-01 -7.538466e-05 4.924489e-04 -3.526088e-04 2.141432e+00 -2.113042e-02 -4.564678e-02
9.999992e-01 -1.759296e-05 1.255021e-03 -2.327771e-04 2.146382e+00 -8.223746e-03 -6.798139e-02
9.999980e-01 3.809494e-04 -1.922902e-03 -2.784609e-04 2.136875e+00 -2.912360e-02 -7.696571e-02
9.999982e-01 1.760159e-03 6.040736e-04 -2.301806e-04 2.187894e+00 -1.123934e-02 -3.204705e-02
9.999987e-01 -6.791359e-04 -1.356065e-03 -4.499324e-04 2.131837e+00 -3.250462e-02 -8.107038e-02
9.999961e-01 -9.868737e-04 2.626289e-03 -1.255791e-04 2.166509e+00 -1.167244e-02 -2.659817e-02
9.999960e-01 -2.798797e-03 -4.238456e-05 -4.137460e-04 2.116592e+00 -3.669751e-02 -1.017096e-01
9.999985e-01 1.146531e-03 1.258295e-03 -2.526610e-04 2.149090e+00 -1.753888e-02 -4.358861e-02
9.999994e-01 -1.169376e-04 -8.005533e-04 -7.592557e-04 2.138089e+00 -3.354755e-02 -1.058162e-01
9.999994e-01 8.049283e-04 9.041027e-05 -7.637812e-04 2.162464e+00 -5.772599e-03 -2.470754e-02
9.999970e-01 -1.267390e-03 -1.527384e-03 -1.404211e-03 2.131591e+00 -2.667928e-02 -1.205999e-01
9.999991e-01 1.387287e-04 1.351906e-04 -1.348126e-03 2.157849e+00 -1.518721e-02 -3.055560e-02
9.999991e-01 -6.793075e-04 -5.766644e-04 -1.046057e-03 2.136402e+00 -2.511604e-02 -9.290224e-02
9.999987e-01 1.267025e-03 6.676648e-04 -8.032506e-04 2.179785e+00 4.702220e-04 -4.939583e-02
9.999989e-01 -1.219743e-03 5.936900e-04 -6.682892e-04 2.135129e+00 -4.479216e-02 -7.006105e-02
9.999995e-01 4.347247e-05 -7.177224e-04 -6.202872e-04 2.174260e+00 7.059935e-03 -5.060024e-02
9.999990e-01 7.799654e-04 7.500489e-04 -9.603696e-04 2.138964e+00 -3.576307e-02 -1.200565e-01
9.999995e-01 7.118481e-04 -1.846081e-04 -6.807519e-04 2.170169e+00 9.907653e-03 -2.870694e-02
9.999961e-01 -2.719595e-03 -1.570635e-04 -5.517795e-04 2.146214e+00 -2.953230e-02 -6.239193e-02
9.999990e-01 1.039468e-03 4.920784e-04 -7.936677e-04 2.173974e+00 -2.761033e-02 -6.978125e-02
9.999992e-01 2.360650e-04 1.573323e-04 -1.271298e-03 2.165527e+00 -2.717745e-02 -1.041102e-01
9.999979e-01 1.127431e-03 9.050602e-04 -1.429055e-03 2.177516e+00 -2.924184e-02 -1.911717e-02
9.999974e-01 9.053794e-04 1.292765e-03 -1.641958e-03 2.166702e+00 -2.734313e-02 -1.011424e-01
9.999972e-01 6.332317e-04 1.990434e-03 -1.144921e-03 2.182914e+00 -9.083964e-03 -4.434897e-03
9.999983e-01 5.001870e-04 -1.121423e-03 -1.385278e-03 2.159912e+00 -3.929263e-02 -1.104069e-01
9.999976e-01 -1.630197e-05 9.226233e-04 -1.988487e-03 2.168668e+00 -2.418981e-02 1.616478e-03
9.999969e-01 -1.721403e-03 2.511139e-04 -1.801342e-03 2.144509e+00 -2.131583e-02 -5.585394e-02
9.999965e-01 -8.630129e-04 1.810903e-03 -1.733017e-03 2.176918e+00 -2.066307e-02 -5.777196e-02
9.999965e-01 1.805878e-03 -9.664588e-04 -1.677132e-03 2.160340e+00 -2.547430e-02 -1.821623e-02
9.999980e-01 1.623991e-04 1.105562e-03 -1.667011e-03 2.168752e+00 -1.421674e-02 -5.738159e-02
9.999980e-01 -2.993124e-04 -4.857186e-04 -1.949600e-03 2.149762e+00 -3.140448e-02 -1.525473e-02
9.999974e-01 -1.077138e-03 5.822795e-04 -1.907333e-03 2.149759e+00 -2.629690e-02 -6.482500e-02
9.999970e-01 -7.501128e-04 1.735501e-03 -1.564520e-03 2.156421e+00 -1.300434e-02 2.294411e-02
9.999967e-01 1.641380e-03 -1.375405e-03 -1.415055e-03 2.161933e+00 -1.700776e-02 -6.026954e-02
9.999855e-01 -2.702639e-03 4.166037e-03 -2.057178e-03 2.161141e+00 -2.211738e-02 -8.433306e-02
9.999924e-01 -6.136387e-04 -3.568042e-03 -1.463928e-03 2.127997e+00 -1.883554e-02 5.889791e-02
9.999869e-01 -4.213280e-03 1.839845e-03 -2.244376e-03 2.139339e+00 -4.232880e-02 -1.959355e-01
9.999936e-01 1.997850e-03 -2.620731e-03 -1.427906e-03 2.142147e+00 -2.253525e-03 1.018854e-01
9.999883e-01 -2.549477e-03 3.646527e-03 -1.907971e-03 2.164806e+00 -1.720932e-02 -1.056480e-01
9.999978e-01 3.961831e-04 -1.086901e-04 -2.056706e-03 2.111522e+00 -6.612595e-02 -1.514690e-01
9.999907e-01 2.016467e-03 3.309087e-03 -1.906425e-03 2.129485e+00 8.952804e-03 1.252608e-01
9.999940e-01 -2.781327e-03 -6.221820e-04 -1.963613e-03 2.138915e+00 -2.797795e-02 -9.733302e-02
9.999685e-01 6.639769e-03 -4.143874e-03 -1.323025e-03 2.121469e+00 -2.087750e-02 -3.097624e-02
9.999881e-01 -2.297596e-03 3.582197e-03 -2.367166e-03 2.117890e+00 -3.863787e-02 -1.441441e-01
9.999957e-01 1.380885e-03 -2.139702e-03 -1.493026e-03 2.098542e+00 -3.596451e-03 1.414532e-01
9.999838e-01 -3.907001e-03 3.643995e-03 -1.939321e-03 2.103430e+00 -3.608252e-02 -1.796360e-01
9.999961e-01 2.038826e-03 -1.420998e-03 -1.270280e-03 2.094929e+00 -2.486864e-02 8.568281e-02
9.999968e-01 -7.585696e-04 1.501605e-03 -1.905623e-03 2.104472e+00 -2.162349e-02 -1.098019e-01
9.999915e-01 3.583045e-03 7.006570e-04 -1.923951e-03 2.103384e+00 -3.620678e-02 6.087576e-02
9.999967e-01 -1.007336e-03 4.667579e-04 -2.309441e-03 2.084076e+00 -4.212741e-02 -8.522416e-02
9.999908e-01 -2.675533e-03 2.233008e-03 -2.517803e-03 2.082112e+00 -3.159727e-02 6.631391e-03
9.999920e-01 -3.303199e-03 -1.380275e-03 -1.800741e-03 2.070579e+00 -7.965181e-03 -9.586825e-03
9.999933e-01 3.369336e-03 7.585155e-04 -1.181861e-03 2.089715e+00 -1.138149e-02 6.545892e-03
9.999977e-01 1.788004e-03 -9.940721e-04 -6.206952e-04 2.106255e+00 -1.016889e-02 -4.346013e-02
9.999953e-01 -2.583689e-03 6.572899e-04 -1.532753e-03 2.077854e+00 -2.523506e-02 -8.869616e-03
9.999959e-01 -2.315460e-03 -9.702812e-04 -1.356060e-03 2.080298e+00 -3.381053e-02 2.573978e-02
9.999958e-01 5.755461e-04 2.592010e-03 -1.144220e-03 2.099778e+00 -1.653573e-02 -2.399921e-02
9.999983e-01 7.894296e-04 -1.027072e-03 -1.343632e-03 2.091358e+00 -4.043607e-02 -6.507583e-02
9.999979e-01 2.720783e-04 -2.806261e-04 -2.017454e-03 2.093610e+00 -2.964480e-02 -7.317183e-03
9.999964e-01 6.250174e-04 -1.199976e-03 -2.320190e-03 2.096613e+00 -4.096407e-02 7.286626e-03
9.999968e-01 -1.239196e-03 -2.450769e-04 -2.185589e-03 2.104437e+00 -5.291913e-03 -4.544745e-02
9.999974e-01 3.487049e-04 -2.478469e-04 -2.260090e-03 2.098251e+00 -2.681213e-02 -1.996603e-02
9.999961e-01 1.018988e-03 -1.438177e-03 -2.158287e-03 2.090744e+00 -3.496411e-02 -3.290768e-02
9.999952e-01 5.467160e-04 2.162702e-03 -2.136071e-03 2.120472e+00 -1.902056e-02 -3.439894e-02
9.999955e-01 9.814986e-04 -1.804210e-03 -2.178360e-03 2.090492e+00 -3.481549e-02 1.708957e-02
9.999961e-01 -1.122221e-03 1.515167e-03 -2.079658e-03 2.098566e+00 -1.577565e-02 -4.764743e-02
9.999962e-01 9.586782e-04 -1.850515e-03 -1.815740e-03 2.105279e+00 -3.239342e-02 3.340599e-02
9.999968e-01 -1.767649e-03 2.904754e-04 -1.769623e-03 2.100998e+00 -2.880502e-02 -9.578039e-02
9.999963e-01 1.642241e-03 -1.539722e-03 -1.547718e-03 2.102160e+00 -1.712369e-02 -1.179067e-03
9.999985e-01 -7.090898e-04 7.732315e-04 -1.403329e-03 2.098019e+00 -2.867557e-02 -1.907264e-02
9.999981e-01 -1.048361e-03 -1.064267e-03 -1.228186e-03 2.087509e+00 -2.259359e-02 -3.630210e-02
9.999989e-01 -5.278062e-04 1.176178e-03 -7.657918e-04 2.126630e+00 -1.727988e-02 -5.221335e-02
9.999997e-01 6.892477e-04 -1.152291e-04 -3.350155e-04 2.079262e+00 -1.739323e-02 -3.412195e-02
9.999993e-01 9.989888e-04 6.923017e-04 2.232329e-04 2.102873e+00 -4.233308e-03 -5.752008e-02
9.999999e-01 1.902390e-04 -2.284677e-04 3.743315e-05 2.092604e+00 -2.526978e-02 -7.550939e-03
9.999970e-01 -7.389050e-04 -2.321109e-03 3.919080e-04 2.072301e+00 -1.807556e-02 -7.639024e-02
1.000000e+00 7.069211e-05 -1.326937e-05 -8.718034e-05 2.072239e+00 -1.647111e-02 -1.091719e-02
9.999993e-01 -6.627229e-04 -9.571424e-04 -1.557835e-04 2.070551e+00 -1.970932e-02 -7.022605e-02
9.999983e-01 1.554596e-03 5.020601e-04 -8.091932e-04 2.066261e+00 -3.363149e-02 -2.913123e-02
9.999967e-01 -1.400974e-03 -1.581257e-03 -1.479637e-03 2.059384e+00 -2.639611e-02 -7.468108e-02
9.999988e-01 9.453953e-05 -4.532244e-04 -1.490199e-03 2.072918e+00 -2.501626e-02 -4.041387e-02
9.999987e-01 -5.444030e-04 7.147847e-05 -1.538771e-03 2.045541e+00 -1.774116e-02 -9.265574e-02
9.999968e-01 2.058413e-03 -4.662074e-04 -1.438226e-03 2.062699e+00 -3.333105e-02 -3.829718e-02
9.999980e-01 -1.584770e-03 -6.582903e-06 -1.229223e-03 2.062434e+00 -8.460797e-03 -9.931232e-02
9.999978e-01 1.171445e-03 -1.016672e-03 -1.387080e-03 2.060199e+00 -2.202465e-02 1.806250e-03
9.999933e-01 -3.111485e-03 -1.407550e-03 -1.342778e-03 2.036740e+00 -2.119335e-02 -1.264138e-01
9.999980e-01 2.457711e-04 -1.249901e-03 -1.575149e-03 2.070404e+00 -1.550913e-02 -1.971501e-02
9.999981e-01 1.400369e-04 -1.107425e-03 -1.600540e-03 2.054847e+00 -1.571478e-02 -1.303712e-01
9.999921e-01 3.593439e-03 5.845919e-04 -1.583450e-03 2.080513e+00 -2.102346e-02 -4.468669e-02
9.999982e-01 -3.444104e-04 -1.052809e-03 -1.585536e-03 2.044836e+00 -2.508072e-02 -1.154325e-01
9.999981e-01 4.509405e-04 -5.610739e-04 -1.803631e-03 2.063528e+00 -1.547260e-02 -3.298942e-02
9.999980e-01 -7.374689e-04 -1.873525e-04 -1.881058e-03 2.062961e+00 -3.701725e-02 -1.071839e-01
9.999985e-01 5.208093e-04 5.203927e-04 -1.539207e-03 2.084496e+00 -6.109797e-03 -7.902244e-02
9.999972e-01 1.195331e-03 5.757665e-04 -1.923871e-03 2.072062e+00 -3.969086e-02 -6.877239e-02
9.999976e-01 -1.883215e-04 6.469984e-04 -2.082901e-03 2.074816e+00 -3.130798e-02 -8.869586e-02
9.999975e-01 4.454762e-04 6.772130e-04 -2.071942e-03 2.077241e+00 -2.496886e-02 -4.476695e-02
9.999937e-01 -3.134016e-03 2.608091e-05 -1.664979e-03 2.080173e+00 -3.314561e-02 -8.044910e-02
9.999989e-01 -8.356789e-04 4.512385e-04 -1.155028e-03 2.084029e+00 -2.246432e-02 -7.155685e-02
9.999992e-01 8.484223e-05 5.137888e-04 -1.123172e-03 2.085114e+00 -3.068514e-02 -9.593815e-02
9.999980e-01 1.418239e-03 -1.076095e-03 -9.659524e-04 2.092496e+00 -2.776369e-02 -7.609431e-02
9.999987e-01 9.233162e-04 5.692752e-04 -1.184440e-03 2.093159e+00 -2.977375e-02 -4.937923e-02
9.999941e-01 -1.360323e-03 -2.820737e-03 -1.392167e-03 2.083347e+00 -2.435706e-02 -1.132630e-01
9.999979e-01 4.410162e-05 1.006106e-03 -1.786384e-03 2.097097e+00 -3.128570e-02 -6.358374e-02
9.999977e-01 -6.136566e-04 -1.429684e-03 -1.472018e-03 2.096124e+00 -7.788937e-03 -8.524588e-02
9.999980e-01 9.373365e-04 1.071984e-03 -1.382478e-03 2.109498e+00 -2.674449e-02 -7.815057e-02
9.999977e-01 8.323809e-04 -1.558961e-03 -1.201228e-03 2.103351e+00 -1.783651e-02 -1.156756e-01
9.999970e-01 1.586111e-03 1.420397e-03 -1.180656e-03 2.115191e+00 -1.937600e-02 -6.964751e-02
9.999993e-01 -6.080284e-04 -3.728018e-04 -9.282137e-04 2.097489e+00 -1.420020e-02 -8.494443e-02
9.999989e-01 -7.958846e-04 4.341891e-04 -1.184089e-03 2.109615e+00 -2.493039e-02 -8.094029e-02
9.999986e-01 -1.199164e-03 -2.347539e-04 -1.146362e-03 2.104992e+00 -1.069145e-02 -9.073221e-02
9.999994e-01 5.137395e-04 -2.165553e-04 -9.602992e-04 2.122167e+00 -2.338124e-02 -7.541472e-02
9.999986e-01 8.680990e-04 -6.763729e-04 -1.227320e-03 2.119110e+00 -2.757265e-02 -1.016813e-01
9.999986e-01 9.295237e-04 -8.361220e-04 -1.097832e-03 2.111591e+00 -1.729547e-02 -6.748036e-02
9.999985e-01 -4.176056e-04 -1.339475e-03 -1.020579e-03 2.108844e+00 -1.247873e-02 -1.590974e-01
9.999986e-01 -2.140520e-06 -1.356401e-03 -9.538659e-04 2.118016e+00 -3.753900e-03 -6.364678e-02
9.999958e-01 -2.738503e-03 -8.295268e-04 -3.551383e-04 2.112928e+00 -1.820256e-02 -1.008439e-01
9.999970e-01 9.885096e-04 2.240970e-03 -1.138368e-04 2.108974e+00 -1.455934e-02 -1.193273e-01
9.999985e-01 1.751855e-04 1.732644e-03 -1.604502e-04 2.132334e+00 -2.828495e-02 -1.636384e-01
9.999967e-01 2.553319e-03 2.762257e-04 -2.399825e-04 2.147816e+00 -2.505575e-02 -2.290023e-02
9.999983e-01 1.847439e-03 1.585858e-04 -9.144239e-05 2.121300e+00 -7.118970e-03 -1.398960e-01
9.999998e-01 3.099328e-04 1.099682e-04 -5.105822e-04 2.132475e+00 -2.099229e-02 -3.745325e-02
9.999997e-01 -7.598981e-04 -6.859582e-05 -2.493724e-04 2.124941e+00 -1.203393e-02 -9.398047e-02
9.999985e-01 -1.268205e-03 1.115259e-03 1.428767e-04 2.146683e+00 -2.194200e-02 -3.552509e-02
9.999989e-01 -1.305964e-03 6.087333e-04 2.631837e-04 2.138377e+00 -3.096403e-02 -9.543794e-02
9.999982e-01 -9.537643e-04 1.595779e-03 2.448362e-04 2.133836e+00 -1.679584e-02 -8.332667e-02
9.999946e-01 -2.185789e-03 -2.419489e-03 3.588889e-04 2.134009e+00 -2.137115e-02 -1.135486e-01
9.999991e-01 1.337220e-03 1.584506e-05 -1.659464e-04 2.153612e+00 -1.430569e-02 -7.498293e-02
9.999988e-01 1.024116e-03 -1.147237e-03 2.248928e-04 2.150360e+00 -2.327566e-02 -1.205838e-01
1.000000e+00 -8.068966e-05 1.104949e-04 -9.278107e-05 2.157960e+00 -1.703092e-02 -7.283709e-02
9.999996e-01 4.075773e-04 -8.458105e-04 -1.119756e-05 2.143747e+00 -2.381553e-02 -7.148549e-02
9.999985e-01 -6.790510e-04 1.569825e-03 1.107947e-04 2.166262e+00 -1.428467e-02 -1.155279e-01
9.999995e-01 -6.194105e-04 -7.478330e-04 -1.501160e-04 2.144411e+00 -2.718732e-02 -8.486710e-02
9.999999e-01 -2.327266e-04 3.611390e-04 1.183722e-06 2.185610e+00 -4.974384e-03 -1.119956e-01
9.999993e-01 6.523554e-04 -9.154675e-04 -3.594551e-04 2.149731e+00 -2.955951e-02 -1.005851e-01
9.999994e-01 9.168709e-04 -4.920416e-05 -6.134928e-04 2.163839e+00 -1.506417e-02 -8.587223e-02
9.999997e-01 -5.563543e-04 -3.111159e-04 -5.085406e-04 2.167008e+00 -2.220101e-02 -1.106066e-01
9.999992e-01 -9.872407e-04 7.810410e-04 -1.566708e-04 2.169346e+00 -1.918660e-02 -6.951902e-02
9.999993e-01 -1.173088e-03 -2.766017e-04 -2.364483e-04 2.166041e+00 -2.181643e-02 -1.185664e-01
9.999998e-01 5.008922e-04 -2.787727e-05 -3.335757e-04 2.171907e+00 -2.740134e-02 -1.244429e-01
9.999994e-01 -1.007327e-04 1.095878e-03 -2.848411e-04 2.170692e+00 -2.295032e-02 -7.600436e-02
9.999998e-01 -3.248886e-04 -3.770773e-04 -3.298729e-04 2.162780e+00 -7.936640e-03 -1.218154e-01
9.999994e-01 7.575809e-04 7.173860e-04 -1.977972e-04 2.178723e+00 -2.391540e-02 -1.020162e-01
9.999987e-01 -1.277455e-03 -9.302717e-04 -3.170888e-04 2.169421e+00 -2.495301e-02 -1.193418e-01
9.999992e-01 1.099709e-03 -4.167392e-04 -4.531984e-04 2.165918e+00 -7.315808e-03 -7.696217e-02
9.999992e-01 2.503391e-04 -1.196391e-03 2.470927e-05 2.159240e+00 -1.043394e-02 -1.259507e-01
9.999991e-01 1.306583e-03 -2.203199e-04 -1.095970e-04 2.179365e+00 -1.439334e-02 -9.736626e-02
9.999993e-01 -1.154699e-03 -2.301369e-04 -1.616336e-04 2.144812e+00 -1.961268e-02 -1.405013e-01
9.999996e-01 6.106250e-04 -6.407548e-04 -8.256103e-05 2.154184e+00 -2.083404e-02 -9.301898e-02
9.999998e-01 1.859797e-05 6.907393e-04 -1.302713e-04 2.154300e+00 -1.821098e-02 -1.298331e-01
9.999994e-01 8.007583e-04 -4.692506e-04 -5.178667e-04 2.124535e+00 -3.429219e-02 -1.180546e-01
9.999990e-01 3.809874e-04 1.318504e-03 -3.905690e-04 2.131171e+00 -7.293966e-03 -7.421107e-02
9.999996e-01 9.243700e-04 -1.687158e-05 5.003992e-05 2.115551e+00 -1.440480e-02 -1.506129e-01
9.999992e-01 4.233119e-04 1.140784e-03 1.252425e-04 2.105899e+00 -2.606759e-02 -9.226917e-02
9.999968e-01 2.435569e-03 -7.066826e-04 7.012473e-06 2.097348e+00 -1.922232e-02 -4.837563e-02
9.999986e-01 -1.069501e-03 1.299137e-03 -1.431193e-04 2.071993e+00 -1.705667e-02 -1.438419e-01
9.999985e-01 7.107163e-04 -1.598556e-03 4.853858e-05 2.066502e+00 -2.413909e-02 -4.160669e-02
9.999925e-01 -3.461718e-03 1.636308e-03 4.708358e-04 2.072008e+00 -6.871231e-03 -1.224811e-01
9.999983e-01 1.582768e-03 -6.805941e-04 7.338261e-04 2.049565e+00 -2.885796e-02 -4.835045e-02
9.999911e-01 -1.102999e-03 3.917801e-03 1.162063e-03 2.039681e+00 -7.868999e-03 -1.448064e-01
9.999946e-01 2.575321e-03 -1.811066e-03 9.557592e-04 2.038125e+00 -3.118087e-02 -3.529998e-02
9.999958e-01 -9.567753e-04 2.516847e-03 1.089179e-03 2.036831e+00 -6.490867e-03 -1.180420e-01
9.999969e-01 6.109772e-04 -2.186441e-03 1.054492e-03 2.019715e+00 -3.304665e-02 -1.767547e-02
9.999976e-01 -2.017711e-03 4.815748e-04 7.736232e-04 2.016145e+00 -3.782184e-03 -9.927367e-02
9.999977e-01 1.740175e-04 -2.029952e-03 6.497188e-04 2.017352e+00 -3.525016e-02 -5.686507e-02
9.999990e-01 -3.563454e-05 1.334266e-03 4.010389e-04 1.998155e+00 -5.460097e-03 -1.023730e-01
9.999985e-01 1.517005e-03 -7.535230e-04 -1.068541e-04 1.998785e+00 -3.381850e-02 -6.201030e-02
9.999997e-01 -7.097153e-04 -3.608643e-04 -1.197955e-04 2.012639e+00 -1.571942e-02 -8.673217e-02
9.999992e-01 9.887247e-04 -6.790669e-04 -4.715757e-04 1.999508e+00 -2.926721e-02 -7.207882e-02
9.999976e-01 -1.996454e-03 7.942824e-04 -4.181317e-04 2.000609e+00 -1.241682e-02 -8.307349e-02
9.999996e-01 -2.602470e-04 -8.630402e-04 -1.465533e-04 1.993908e+00 -2.284431e-02 -7.846069e-02
9.999992e-01 -6.120734e-04 1.093039e-03 -3.427340e-04 1.982997e+00 -2.544591e-02 -1.092242e-01
9.999990e-01 3.033785e-04 -1.339842e-03 -2.921623e-04 1.987930e+00 -1.148665e-02 -5.847800e-02
9.999973e-01 -1.870115e-03 -1.327867e-03 -2.493990e-04 1.948902e+00 -1.174636e-02 -1.202512e-01
9.999967e-01 -8.228212e-04 -2.391664e-03 -3.878266e-04 1.990950e+00 -1.879645e-02 -7.683542e-02
9.999967e-01 6.015764e-04 -2.511206e-03 -2.123733e-05 1.993201e+00 -9.184895e-03 -1.504223e-01
9.999972e-01 1.986301e-03 -1.246073e-03 2.743931e-04 1.979983e+00 -5.083307e-03 -1.224407e-01
9.999942e-01 3.195838e-03 -1.027505e-03 5.903848e-04 1.989612e+00 -8.311345e-03 -1.307461e-01
9.999991e-01 8.713123e-04 6.244992e-04 8.802028e-04 1.971850e+00 -3.727524e-03 -9.088905e-02
9.999896e-01 -3.589479e-03 -2.654191e-03 9.079151e-04 1.923608e+00 -1.936980e-02 -1.026951e-01
9.999853e-01 -5.364799e-03 -6.691201e-04 4.501599e-04 1.939070e+00 -1.663745e-02 -1.747984e-01
9.999981e-01 1.169207e-03 -1.470088e-03 3.639765e-04 1.962741e+00 -1.183778e-02 -1.562466e-01
9.999968e-01 1.215656e-03 2.209536e-03 5.335318e-06 1.950686e+00 -1.422014e-02 -1.797375e-01
9.999978e-01 1.095008e-03 -1.731848e-03 4.324142e-04 1.944076e+00 -7.776065e-04 -1.486362e-01
9.999990e-01 -1.384100e-03 2.058087e-04 1.148279e-04 1.925479e+00 -1.290642e-02 -1.727558e-01
9.999944e-01 -1.791035e-03 -2.809379e-03 2.116087e-04 1.913588e+00 -1.601630e-02 -1.421831e-01
9.999991e-01 -1.335587e-03 -3.688641e-04 1.943557e-04 1.901387e+00 -7.539916e-03 -1.947094e-01
9.999990e-01 9.942231e-04 -9.644540e-04 -1.036342e-04 1.905546e+00 -3.444907e-03 -1.763106e-01
9.999952e-01 2.919362e-03 9.791081e-04 -1.850153e-04 1.902703e+00 -1.065547e-02 -1.911814e-01
9.999976e-01 2.019276e-03 -8.290706e-04 -3.950436e-05 1.890653e+00 -1.186803e-02 -1.727704e-01
9.999974e-01 2.087069e-03 -9.112558e-04 2.244068e-04 1.897839e+00 -5.343175e-04 -1.624929e-01
9.999986e-01 1.709196e-03 3.374692e-05 -8.506273e-05 1.887404e+00 -1.310486e-02 -1.506735e-01
9.999986e-01 4.988943e-04 1.509153e-03 4.553421e-04 1.890164e+00 -1.478299e-02 -1.311006e-01
9.999963e-01 -2.203367e-03 8.784409e-04 1.334463e-03 1.886940e+00 -2.558942e-02 -1.407316e-01
9.999922e-01 -2.830475e-03 1.791748e-03 2.092080e-03 1.881478e+00 -1.257053e-02 -1.797965e-01
9.999958e-01 -9.450503e-04 -1.144499e-03 2.462319e-03 1.882681e+00 9.170858e-03 -1.530544e-01
9.999971e-01 7.263045e-04 -1.376573e-03 1.866015e-03 1.871916e+00 -9.117154e-03 -1.826168e-01
9.999964e-01 1.200561e-03 -1.855976e-03 1.508063e-03 1.870102e+00 -1.232121e-02 -1.370183e-01
9.999972e-01 1.454590e-03 -1.267878e-03 1.371337e-03 1.878825e+00 -4.544549e-03 -1.637623e-01
9.999989e-01 1.142827e-04 -9.232026e-04 1.205303e-03 1.866008e+00 -6.794562e-03 -1.654511e-01
9.999988e-01 2.093576e-04 -1.135773e-03 9.953095e-04 1.874049e+00 2.118837e-03 -1.781411e-01
9.999982e-01 -4.078542e-04 -1.730123e-03 6.975129e-04 1.864861e+00 -1.052344e-02 -1.766409e-01
9.999980e-01 5.297369e-04 -1.706206e-03 8.749097e-04 1.890627e+00 1.020708e-02 -1.852974e-01
9.999964e-01 -3.317571e-04 -2.633369e-03 3.349038e-04 1.855751e+00 -2.094026e-02 -2.067967e-01
9.999956e-01 1.279498e-03 -2.653818e-03 3.323437e-04 1.867403e+00 4.462139e-03 -1.921437e-01
9.999974e-01 1.306032e-03 -1.813975e-03 -5.636991e-04 1.867233e+00 -1.730476e-03 -2.138810e-01
9.999986e-01 1.375135e-03 2.793184e-04 -8.301576e-04 1.884527e+00 -1.679637e-02 -1.761635e-01
9.999965e-01 -2.346539e-03 1.169870e-03 -1.839165e-04 1.877926e+00 -1.595935e-02 -2.277418e-01
9.999985e-01 -1.505547e-03 6.652067e-04 6.132309e-04 1.882049e+00 -1.297832e-02 -1.969308e-01
9.999982e-01 -1.541003e-03 9.563358e-04 5.725771e-04 1.874162e+00 -1.068198e-02 -2.369712e-01
9.999987e-01 1.486561e-03 1.357652e-04 5.153214e-04 1.887487e+00 -1.230460e-02 -2.011231e-01
9.999991e-01 -1.304246e-03 1.534544e-04 3.391659e-04 1.877494e+00 -8.550235e-03 -2.269279e-01
9.999992e-01 -8.708760e-04 -8.766027e-04 2.368669e-04 1.890024e+00 -8.452995e-03 -2.038742e-01
9.999987e-01 -1.498601e-03 -3.443093e-04 3.600982e-04 1.889583e+00 -5.310383e-03 -2.439727e-01
9.999986e-01 1.522075e-03 -5.478858e-04 3.223838e-04 1.896483e+00 -6.563307e-03 -2.069980e-01
9.999987e-01 1.221625e-03 8.540632e-04 5.906503e-04 1.911536e+00 -8.502616e-03 -2.482535e-01
9.999963e-01 2.341860e-03 1.138692e-03 7.984227e-04 1.908015e+00 5.577471e-05 -2.031846e-01
9.999977e-01 7.617727e-04 1.446644e-03 1.402639e-03 1.910444e+00 -7.928359e-03 -2.054811e-01
9.999971e-01 -4.893690e-04 1.644531e-03 1.723445e-03 1.904351e+00 -1.971038e-02 -1.897056e-01
9.999957e-01 -1.758314e-03 9.392276e-04 2.128483e-03 1.902109e+00 -8.571175e-03 -2.070608e-01
9.999961e-01 -2.070866e-03 2.367323e-04 1.866279e-03 1.890616e+00 -2.077297e-02 -2.031945e-01
9.999969e-01 1.330786e-05 -2.064175e-03 1.380429e-03 1.892239e+00 -7.061749e-03 -2.035606e-01
9.999989e-01 -2.002336e-04 -5.822393e-04 1.337746e-03 1.897269e+00 2.181037e-03 -2.076306e-01
9.999947e-01 6.676490e-04 -3.064066e-03 9.127206e-04 1.900295e+00 -1.204190e-02 -2.056468e-01
9.999989e-01 7.999220e-04 4.603530e-04 1.186724e-03 1.891539e+00 8.821312e-03 -2.298537e-01
9.999963e-01 2.409478e-04 -1.618815e-03 2.175357e-03 1.901960e+00 -8.397546e-03 -1.959079e-01
9.999965e-01 -1.486427e-04 -2.527311e-04 2.616912e-03 1.900491e+00 4.700811e-03 -2.382521e-01
9.999935e-01 4.074355e-04 -1.117150e-03 3.410724e-03 1.888409e+00 -5.559381e-04 -2.194725e-01
9.999935e-01 1.001616e-04 -4.953753e-04 3.564931e-03 1.881870e+00 1.106098e-02 -2.500097e-01
9.999949e-01 2.316344e-04 -8.485470e-04 3.076183e-03 1.878091e+00 -1.005736e-02 -2.145928e-01
9.999954e-01 5.852231e-04 -1.004039e-03 2.805925e-03 1.898375e+00 8.605373e-03 -2.390919e-01
9.999948e-01 4.324423e-04 -4.462756e-04 3.177437e-03 1.866623e+00 4.561784e-04 -2.471639e-01
9.999957e-01 9.510976e-04 -7.720895e-04 2.682435e-03 1.870264e+00 -8.143364e-03 -2.246937e-01
9.999938e-01 1.346074e-03 1.134438e-03 3.042843e-03 1.874860e+00 -3.039016e-03 -2.254149e-01
9.999953e-01 1.614163e-04 1.076753e-03 2.857044e-03 1.865957e+00 -7.548669e-03 -2.204527e-01
9.999937e-01 -9.361991e-04 4.450978e-04 3.399282e-03 1.873305e+00 7.437525e-03 -2.286340e-01
9.999940e-01 -1.866016e-03 -6.584156e-04 2.813711e-03 1.856567e+00 -4.983370e-03 -2.302826e-01
9.999939e-01 3.403666e-04 -2.428252e-03 2.489721e-03 1.865413e+00 -4.973407e-03 -2.205931e-01
9.999954e-01 1.004774e-04 -6.476139e-04 2.979894e-03 1.864103e+00 -1.570555e-03 -2.529225e-01
9.999945e-01 8.008632e-04 2.658154e-04 3.205827e-03 1.854609e+00 3.114261e-03 -2.170273e-01
9.999930e-01 -1.190187e-03 6.431419e-07 3.551481e-03 1.864938e+00 1.289118e-03 -2.531127e-01
9.999899e-01 -1.318103e-03 -8.607471e-04 4.199911e-03 1.872114e+00 -4.036547e-03 -2.291937e-01
9.999912e-01 7.831816e-04 9.678515e-04 4.013925e-03 1.859308e+00 2.469553e-03 -2.493411e-01
9.999953e-01 3.475464e-04 -4.418879e-04 3.003138e-03 1.865079e+00 -7.948042e-03 -2.442007e-01
9.999961e-01 1.856780e-04 5.679721e-04 2.713026e-03 1.847834e+00 -2.724188e-03 -2.283387e-01
9.999976e-01 3.459962e-04 -1.181604e-03 1.829590e-03 1.870535e+00 -8.934575e-03 -2.357725e-01
9.999988e-01 3.864626e-04 -3.158342e-04 1.471404e-03 1.884845e+00 -7.283567e-03 -2.584534e-01
9.999976e-01 1.163106e-03 -4.804601e-04 1.765977e-03 1.869927e+00 2.533014e-03 -2.109590e-01
9.999983e-01 3.442887e-04 -1.232037e-03 1.361961e-03 1.873573e+00 -6.215523e-03 -2.504823e-01
9.999987e-01 2.392048e-04 -7.320258e-05 1.579745e-03 1.873176e+00 1.376958e-03 -2.229111e-01
9.999965e-01 -1.285806e-03 1.771754e-03 1.482247e-03 1.878470e+00 -2.759517e-04 -2.471170e-01
9.999968e-01 -9.588417e-04 1.361528e-03 1.888796e-03 1.866201e+00 -6.045956e-03 -2.446456e-01
9.999959e-01 -1.699473e-03 3.678944e-04 2.287949e-03 1.874787e+00 -3.953706e-03 -2.394034e-01
9.999981e-01 -5.680652e-05 -1.217309e-04 1.961103e-03 1.874831e+00 5.000701e-03 -2.409562e-01
9.999983e-01 -4.762579e-05 -7.630988e-04 1.707513e-03 1.887163e+00 -1.442960e-02 -2.525853e-01
9.999959e-01 1.198627e-03 -7.874755e-04 2.456809e-03 1.862405e+00 4.840073e-03 -2.493513e-01
9.999956e-01 -3.424696e-04 3.051969e-04 2.920081e-03 1.891345e+00 4.982249e-03 -2.164031e-01
9.999951e-01 1.056671e-03 -1.357854e-03 2.607675e-03 1.876518e+00 -1.067328e-03 -2.467558e-01
9.999928e-01 -1.129126e-03 1.249209e-03 3.398554e-03 1.886252e+00 3.456598e-03 -2.641172e-01
9.999942e-01 8.739542e-04 -4.071213e-04 3.249412e-03 1.875811e+00 -7.911127e-04 -2.040066e-01
9.999904e-01 6.740899e-04 1.092633e-03 4.198410e-03 1.874147e+00 6.596968e-03 -2.722068e-01
9.999917e-01 7.499780e-04 1.242584e-03 3.807107e-03 1.868527e+00 -9.312201e-03 -2.149052e-01
9.999923e-01 6.924552e-05 -1.815922e-04 3.911834e-03 1.877739e+00 9.561560e-03 -2.463351e-01
9.999926e-01 1.116673e-03 -5.701620e-04 3.630230e-03 1.854429e+00 -7.773560e-03 -2.198365e-01
9.999924e-01 -7.952961e-04 -1.969647e-03 3.264185e-03 1.876589e+00 8.487698e-03 -2.436607e-01
9.999933e-01 -2.793548e-04 -2.676624e-04 3.635199e-03 1.839818e+00 2.304621e-03 -2.268794e-01
9.999931e-01 -8.531623e-04 -1.526031e-03 3.270237e-03 1.856275e+00 4.238474e-03 -2.299865e-01
9.999942e-01 -1.910856e-06 4.579175e-05 3.405049e-03 1.852774e+00 2.166150e-03 -2.279577e-01
9.999927e-01 -6.160495e-04 -5.947256e-04 3.703397e-03 1.856173e+00 -1.008497e-03 -2.467662e-01
9.999944e-01 9.507613e-04 7.387817e-04 3.132447e-03 1.859850e+00 4.437968e-03 -2.419220e-01
9.999945e-01 1.192811e-03 -3.189767e-04 3.072916e-03 1.876165e+00 3.684960e-03 -2.393715e-01
9.999928e-01 5.065241e-04 -9.257424e-04 3.656359e-03 1.862175e+00 1.135891e-02 -2.472237e-01
9.999909e-01 -1.617869e-03 -1.753216e-03 3.530935e-03 1.823100e+00 9.777421e-03 -2.368466e-01
9.999908e-01 1.837813e-04 -3.166321e-03 2.896837e-03 1.862347e+00 -3.463729e-03 -2.253392e-01
9.999921e-01 1.004713e-05 9.914341e-04 3.862612e-03 1.865031e+00 1.605601e-02 -2.767967e-01
9.999924e-01 1.159799e-03 4.353645e-04 3.708473e-03 1.868368e+00 1.222747e-03 -2.199179e-01
9.999879e-01 -8.035552e-04 3.141696e-03 3.693916e-03 1.853910e+00 -3.091428e-04 -2.944436e-01
9.999925e-01 8.378248e-04 -1.335740e-03 3.526116e-03 1.840311e+00 -8.242263e-03 -2.177532e-01
9.999942e-01 7.537862e-04 6.493464e-04 3.258015e-03 1.847104e+00 8.095646e-04 -2.646370e-01
9.999894e-01 2.563872e-03 -1.263120e-03 3.614201e-03 1.859161e+00 1.030171e-02 -1.998162e-01
9.999951e-01 -6.338270e-04 8.037777e-04 2.965863e-03 1.837498e+00 -1.036267e-02 -2.753135e-01
9.999934e-01 1.502694e-03 -2.135820e-03 2.515102e-03 1.844183e+00 9.060617e-03 -1.848849e-01
9.999982e-01 -7.846893e-04 -4.632490e-04 1.667021e-03 1.810706e+00 -1.241405e-02 -2.714670e-01
9.999973e-01 1.237506e-03 -1.250880e-03 1.491785e-03 1.847628e+00 5.122261e-03 -1.890175e-01
9.999969e-01 -2.266151e-03 -1.939237e-04 1.017156e-03 1.821643e+00 -6.091671e-03 -2.578609e-01
9.999982e-01 -6.301642e-04 -1.026611e-03 1.465364e-03 1.820156e+00 8.824405e-03 -2.236376e-01
9.999966e-01 -2.392946e-03 -1.130395e-04 1.021931e-03 1.809317e+00 -1.983207e-03 -2.752486e-01
9.999981e-01 1.009835e-03 -9.700084e-04 1.340516e-03 1.814103e+00 -6.541761e-04 -2.063632e-01
9.999991e-01 -5.678912e-05 1.062824e-03 8.145348e-04 1.822589e+00 5.879604e-04 -2.830936e-01
9.999983e-01 1.109047e-03 7.161747e-04 1.295528e-03 1.817529e+00 -3.681359e-04 -2.282358e-01
9.999979e-01 -4.226473e-04 1.041106e-03 1.717131e-03 1.796728e+00 -9.183793e-03 -2.548606e-01
9.999962e-01 -1.928227e-03 4.837109e-04 1.905067e-03 1.794577e+00 6.689897e-03 -2.323332e-01
9.999925e-01 -3.316108e-03 9.462101e-04 1.726243e-03 1.807105e+00 -2.666459e-03 -2.604162e-01
9.999979e-01 6.409149e-04 -7.600743e-04 1.783558e-03 1.803406e+00 6.675368e-03 -2.204468e-01
9.999966e-01 7.105410e-04 1.506492e-03 2.034775e-03 1.802427e+00 -2.768213e-04 -2.639640e-01
9.999948e-01 1.241057e-03 1.911536e-03 2.265442e-03 1.811432e+00 3.438372e-03 -2.373419e-01
9.999960e-01 -4.588118e-05 1.509065e-03 2.398252e-03 1.789459e+00 -7.162077e-03 -2.344407e-01
9.999962e-01 1.091211e-03 1.206617e-03 2.220890e-03 1.812914e+00 5.024162e-03 -2.298879e-01
9.999970e-01 8.928434e-04 2.184327e-04 2.265661e-03 1.824211e+00 4.387828e-03 -2.265467e-01
9.999966e-01 1.217892e-03 -6.526989e-05 2.319187e-03 1.812034e+00 -2.284029e-03 -2.024177e-01
9.999967e-01 -3.506950e-04 -2.727630e-04 2.539074e-03 1.791779e+00 9.728786e-04 -2.069137e-01
9.999971e-01 5.685624e-04 -1.578306e-04 2.323247e-03 1.804057e+00 1.288307e-03 -2.127724e-01
9.999968e-01 -5.923925e-04 -6.517969e-04 2.381164e-03 1.805635e+00 1.415799e-03 -2.165984e-01
9.999969e-01 -1.604145e-04 -1.908761e-04 2.505288e-03 1.823241e+00 6.600338e-03 -2.027569e-01
9.999972e-01 8.274446e-04 -3.398424e-04 2.147925e-03 1.788371e+00 -9.194586e-03 -2.118771e-01
9.999964e-01 1.392334e-03 1.187336e-03 1.965114e-03 1.798511e+00 6.034905e-04 -2.153170e-01
9.999974e-01 -2.180606e-05 9.830721e-04 2.054725e-03 1.798930e+00 4.569785e-03 -2.203294e-01
9.999990e-01 -5.941983e-04 5.360032e-05 1.313060e-03 1.781152e+00 -3.901807e-03 -1.960136e-01
9.999996e-01 -1.507138e-04 -2.148193e-04 8.582784e-04 1.799248e+00 3.967345e-03 -2.045069e-01
9.999985e-01 7.302594e-04 -1.409050e-03 7.186134e-04 1.789707e+00 6.144403e-03 -1.939133e-01
9.999994e-01 7.844561e-04 -5.039644e-04 4.366995e-04 1.777840e+00 -5.711104e-03 -2.159078e-01
9.999995e-01 3.438792e-04 -4.641920e-04 7.792599e-04 1.792885e+00 2.109070e-02 -1.911750e-01
9.999996e-01 3.902207e-04 -1.103695e-04 7.490461e-04 1.761586e+00 2.170540e-03 -2.015539e-01
9.999991e-01 7.094171e-04 8.238541e-04 7.146337e-04 1.797513e+00 -5.641775e-03 -2.034601e-01
9.999987e-01 6.605564e-04 1.033825e-03 1.106890e-03 1.791353e+00 -2.427953e-03 -1.957144e-01
9.999984e-01 6.108912e-04 6.137177e-04 1.542581e-03 1.748942e+00 -2.093288e-03 -1.934985e-01
9.999991e-01 -5.872975e-04 -8.609052e-05 1.224480e-03 1.753340e+00 -4.974718e-03 -2.000797e-01
9.999992e-01 2.615815e-05 2.724551e-04 1.239916e-03 1.746657e+00 -9.260136e-03 -1.784856e-01
9.999991e-01 1.615378e-04 -7.959893e-06 1.334713e-03 1.737620e+00 1.201100e-03 -1.906679e-01
9.999999e-01 -2.864781e-04 9.701000e-05 2.553791e-04 1.751879e+00 -5.885020e-03 -1.918105e-01
9.999999e-01 -3.923390e-04 -6.854845e-05 1.127727e-04 1.741824e+00 -1.203445e-02 -1.677702e-01
9.999998e-01 5.173616e-04 3.185511e-04 1.574060e-04 1.746436e+00 -2.610532e-03 -1.812056e-01
9.999989e-01 1.230052e-03 7.175995e-04 3.597289e-04 1.742861e+00 -3.027534e-03 -2.027635e-01
9.999992e-01 7.619863e-04 7.642465e-04 5.673888e-04 1.731893e+00 -7.637775e-03 -1.492578e-01
9.999999e-01 2.612031e-04 -6.532446e-05 4.706579e-04 1.726217e+00 -3.746758e-03 -1.900417e-01
9.999994e-01 -6.658948e-04 6.152021e-04 5.944016e-04 1.747362e+00 -1.068636e-02 -1.607442e-01
9.999990e-01 -7.262295e-04 -3.572629e-06 1.209020e-03 1.718816e+00 1.404017e-03 -1.826067e-01
9.999987e-01 -7.260488e-04 1.215221e-03 7.310532e-04 1.738084e+00 -2.107701e-02 -1.619119e-01
9.999994e-01 -4.618355e-05 7.089946e-04 7.975672e-04 1.715419e+00 -4.036389e-03 -1.702356e-01
9.999999e-01 -2.880959e-04 -1.252822e-04 3.730390e-04 1.721392e+00 -1.106202e-02 -1.745891e-01
9.999998e-01 -6.905997e-04 1.509381e-05 2.394116e-05 1.734395e+00 -5.779649e-03 -1.581263e-01
9.999989e-01 -9.462621e-04 1.162008e-03 -4.982401e-05 1.734727e+00 -5.540337e-03 -1.966832e-01
9.999999e-01 2.148697e-04 8.773088e-05 2.879855e-04 1.722001e+00 -7.394001e-03 -1.511392e-01
9.999996e-01 -8.898472e-04 -8.332449e-06 -6.865167e-05 1.749185e+00 -1.753978e-03 -1.627465e-01
9.999992e-01 -1.028892e-03 6.183341e-04 1.185942e-04 1.721091e+00 -6.249569e-03 -1.914897e-01
9.999994e-01 -1.116075e-03 7.931658e-05 -1.257670e-04 1.751200e+00 -1.288547e-02 -1.685331e-01
9.999998e-01 4.172271e-04 -3.156920e-04 -1.607135e-05 1.736187e+00 6.806535e-03 -1.737702e-01
9.999979e-01 -9.675732e-04 1.826515e-03 1.814913e-05 1.752601e+00 -1.792094e-02 -1.774487e-01
9.999996e-01 4.574926e-04 6.698869e-04 -2.128601e-04 1.749447e+00 -1.582498e-02 -1.741277e-01
9.999990e-01 -3.623849e-04 1.324511e-03 2.688306e-04 1.748272e+00 3.747797e-04 -1.742657e-01
9.999984e-01 7.345697e-04 1.619253e-03 -6.129081e-05 1.736610e+00 -1.726822e-02 -1.740883e-01
9.999978e-01 2.021955e-03 4.933065e-04 8.813198e-05 1.759469e+00 -1.160233e-02 -1.552803e-01
9.999957e-01 7.625765e-04 2.817939e-03 2.483454e-04 1.753239e+00 -1.720888e-02 -1.574704e-01
9.999968e-01 -1.137669e-04 2.517239e-03 1.779392e-04 1.745569e+00 -1.372603e-02 -1.325936e-01
9.999972e-01 -2.295529e-03 2.338700e-04 5.033212e-04 1.745384e+00 -1.159264e-02 -1.737466e-01
9.999997e-01 4.659866e-04 6.325820e-04 2.314342e-04 1.742644e+00 -1.090809e-02 -1.355194e-01
9.999975e-01 2.169742e-03 -5.738767e-04 8.580771e-05 1.742032e+00 -5.990682e-03 -1.377284e-01
9.999997e-01 5.745780e-04 6.436308e-05 4.720571e-04 1.742171e+00 -1.287642e-02 -1.527230e-01
9.999994e-01 -1.019126e-03 -2.851800e-04 4.489834e-04 1.739164e+00 -4.606099e-03 -1.340192e-01
9.999998e-01 4.894068e-05 8.472681e-05 6.137722e-04 1.752759e+00 -1.645420e-02 -1.173109e-01
9.999969e-01 -7.914319e-04 2.203908e-03 8.437659e-04 1.735999e+00 -1.043414e-02 -1.382131e-01
9.999961e-01 2.050923e-03 1.648886e-03 9.668305e-04 1.748775e+00 -1.355329e-02 -1.272763e-01
9.999996e-01 -1.791059e-04 -2.323814e-04 8.658513e-04 1.712146e+00 -8.331255e-03 -1.347213e-01
9.999966e-01 2.075239e-03 1.515767e-03 4.774602e-04 1.771101e+00 -1.746571e-02 -1.262638e-01
9.999990e-01 -1.311758e-03 5.260976e-04 8.163513e-05 1.732784e+00 -1.757259e-02 -1.211542e-01
9.999996e-01 -1.964333e-04 8.286071e-04 -3.751656e-05 1.751948e+00 -1.586620e-02 -1.142344e-01
9.999992e-01 -1.235117e-03 2.799381e-04 -3.268771e-04 1.719533e+00 -1.732516e-02 -1.231951e-01
9.999988e-01 1.470272e-03 3.100419e-04 -2.913029e-04 1.769962e+00 -1.919623e-02 -7.266927e-02
9.999991e-01 1.159388e-03 2.434986e-04 -6.573851e-04 1.744924e+00 -8.571805e-03 -1.475350e-01
9.999999e-01 1.821637e-04 -2.018348e-04 -3.762611e-04 1.757930e+00 -1.430128e-02 -9.725002e-02
9.999978e-01 -1.961836e-03 -6.330855e-04 -1.424007e-04 1.749043e+00 -7.229428e-03 -1.384372e-01
9.999988e-01 -1.480503e-03 -3.360749e-04 5.007047e-05 1.762105e+00 -1.454065e-02 -1.112484e-01
9.999982e-01 5.803231e-04 -1.787484e-03 3.056340e-04 1.754387e+00 -9.195390e-03 -9.109906e-02
9.999996e-01 1.569698e-04 9.776864e-05 8.006534e-04 1.752823e+00 -2.688686e-03 -1.828591e-01
9.999922e-01 -3.803403e-03 6.130899e-04 9.041449e-04 1.777432e+00 -3.303851e-03 -9.981133e-02
9.999787e-01 -5.847301e-03 -2.792606e-03 8.433685e-04 1.724968e+00 -3.498480e-03 -1.331645e-01
9.999803e-01 6.097057e-03 -1.420906e-03 4.575046e-04 1.792015e+00 6.027730e-03 -1.475351e-01
9.999985e-01 1.618008e-03 -2.217619e-04 6.469819e-04 1.767478e+00 -9.208875e-03 -1.460264e-01
9.999981e-01 1.736958e-03 6.300687e-04 7.308170e-04 1.751728e+00 -1.099364e-02 -1.438567e-01
9.999966e-01 -1.962449e-03 1.577990e-03 6.291907e-04 1.786400e+00 -5.753893e-03 -1.646597e-01
9.999979e-01 -1.525319e-03 -1.373870e-03 1.883446e-04 1.739642e+00 -8.680823e-03 -9.578192e-02
9.999995e-01 -3.590295e-05 -1.024248e-03 -3.412461e-04 1.777327e+00 -6.748859e-03 -1.829420e-01
9.999956e-01 2.382188e-03 -1.487598e-03 -9.318685e-04 1.761545e+00 -1.568124e-02 -9.765928e-02
9.999993e-01 1.455714e-04 6.038449e-04 -9.442067e-04 1.769236e+00 -4.929225e-03 -1.812165e-01
9.999994e-01 2.728599e-04 -9.907706e-04 -2.889090e-04 1.771846e+00 -1.662159e-02 -1.163204e-01
9.999987e-01 -9.712441e-04 1.194425e-03 -3.347264e-04 1.760962e+00 -1.449148e-02 -1.511463e-01
9.999987e-01 5.742185e-04 -1.502162e-03 9.832640e-06 1.770544e+00 -3.831360e-03 -1.548618e-01
9.999999e-01 -4.436336e-04 2.564546e-05 -1.205220e-04 1.758556e+00 -7.846841e-03 -1.505333e-01
9.999986e-01 6.179800e-04 -1.514960e-03 -4.001514e-04 1.777854e+00 -9.004578e-03 -1.483460e-01
9.999988e-01 -1.157474e-03 1.056189e-03 -3.023673e-05 1.760340e+00 -6.506669e-03 -1.357271e-01
9.999998e-01 1.792764e-04 -4.770017e-04 -1.518104e-04 1.782252e+00 -1.398472e-02 -1.462566e-01
9.999994e-01 -7.405873e-04 8.382502e-04 4.601497e-05 1.770445e+00 -1.389559e-02 -1.503105e-01
9.999991e-01 2.162022e-04 1.311187e-03 -2.430571e-04 1.781848e+00 -9.779993e-03 -1.495228e-01
9.999997e-01 4.459644e-05 -6.244454e-04 -2.347638e-04 1.764532e+00 -1.568203e-02 -1.484385e-01
9.999990e-01 2.672404e-04 1.368427e-03 -2.856391e-04 1.797238e+00 5.886081e-04 -1.461163e-01
9.999997e-01 -1.722672e-04 -4.708010e-04 -6.028230e-04 1.770985e+00 -8.779028e-03 -1.654672e-01
9.999984e-01 1.958517e-04 1.315296e-03 -1.175037e-03 1.767955e+00 -1.343854e-02 -1.346531e-01
9.999990e-01 -3.418998e-04 -4.583070e-04 -1.284090e-03 1.783282e+00 -1.118678e-02 -1.581693e-01
9.999989e-01 2.694706e-04 7.192737e-04 -1.288785e-03 1.784397e+00 -1.222951e-02 -1.515623e-01
9.999993e-01 -4.856003e-04 1.886349e-04 -1.027661e-03 1.748713e+00 2.682280e-04 -1.341036e-01
9.999979e-01 1.123025e-04 -7.782879e-04 -1.913518e-03 1.761537e+00 -7.716070e-03 -1.482124e-01
9.999971e-01 -8.159961e-06 3.924717e-04 -2.350855e-03 1.770594e+00 -1.446710e-02 -1.628552e-01
9.999975e-01 -1.908486e-04 -6.605654e-04 -2.138139e-03 1.748873e+00 -7.645270e-03 -1.297412e-01
9.999972e-01 4.666654e-04 -6.051295e-04 -2.262059e-03 1.750087e+00 -1.729050e-02 -1.477316e-01
9.999979e-01 -4.222681e-04 -1.398527e-04 -1.989185e-03 1.743886e+00 3.778148e-03 -1.747110e-01
9.999976e-01 1.001064e-03 -4.137976e-04 -1.900549e-03 1.752810e+00 -1.084687e-02 -1.283128e-01
9.999978e-01 -1.086427e-03 9.279237e-04 -1.542477e-03 1.748888e+00 -1.177968e-02 -1.648734e-01
9.999990e-01 1.195136e-04 2.907759e-04 -1.376476e-03 1.728354e+00 -1.495526e-02 -1.391967e-01
9.999985e-01 -4.328844e-04 1.117727e-03 -1.243764e-03 1.717639e+00 -1.392155e-02 -1.387434e-01
9.999993e-01 3.462138e-04 1.837917e-04 -1.091555e-03 1.711803e+00 -1.316509e-02 -1.480580e-01
9.999991e-01 -6.581272e-04 9.651488e-04 -7.007056e-04 1.757652e+00 -1.245243e-02 -1.363304e-01
9.999989e-01 1.173877e-03 7.461527e-04 -4.167872e-04 1.699811e+00 -8.022305e-03 -1.442379e-01
9.999983e-01 -5.865322e-04 -1.769342e-03 1.616778e-04 1.739344e+00 -1.223973e-02 -1.342567e-01
9.999986e-01 6.249052e-04 1.499610e-03 4.289498e-04 1.718053e+00 9.305212e-03 -1.970013e-01
9.999988e-01 4.371544e-04 9.691685e-04 1.151958e-03 1.728581e+00 -1.808049e-02 -7.411511e-02
9.999989e-01 -7.665248e-04 5.466751e-04 1.163593e-03 1.692243e+00 -1.789165e-03 -1.506382e-01
9.999975e-01 1.446959e-03 1.324652e-03 1.032940e-03 1.700476e+00 -1.849348e-02 -1.316390e-01
9.999993e-01 -6.785836e-04 2.047526e-04 9.832875e-04 1.700520e+00 -9.589236e-03 -1.341198e-01
9.999968e-01 2.317991e-03 5.857680e-04 8.174584e-04 1.684256e+00 -1.372547e-02 -1.281160e-01
9.999995e-01 8.925882e-05 8.222575e-04 6.444909e-04 1.693567e+00 -7.737865e-03 -1.225352e-01
9.999981e-01 5.186412e-04 1.829346e-03 3.591635e-04 1.668281e+00 -1.771345e-02 -9.503086e-02
9.999964e-01 -2.566853e-03 -7.021160e-04 1.246904e-04 1.681393e+00 2.037911e-04 -1.436075e-01
9.999992e-01 6.845698e-04 -1.082430e-03 1.007106e-04 1.657945e+00 -1.665436e-02 -9.477097e-02
9.999993e-01 8.223941e-05 -1.180760e-03 -1.413656e-04 1.664734e+00 -4.012940e-03 -1.199211e-01
9.999994e-01 1.091806e-03 4.309163e-05 -3.073185e-04 1.628003e+00 -1.259427e-02 -1.245632e-01
9.999971e-01 -1.117182e-03 2.101764e-03 -2.642790e-04 1.644158e+00 -5.905552e-03 -1.074161e-01
9.999986e-01 -4.268357e-04 -1.624806e-03 -1.748418e-04 1.637131e+00 -1.819764e-02 -1.131874e-01
9.999998e-01 3.546683e-04 -4.621835e-04 -7.402998e-05 1.624746e+00 7.464029e-03 -1.301622e-01
9.999992e-01 1.175752e-04 -1.235667e-03 -3.126752e-04 1.624390e+00 -1.943378e-02 -1.074171e-01
9.999991e-01 -1.059596e-03 7.568641e-04 -2.062430e-04 1.619224e+00 -5.008725e-03 -1.194260e-01
1.000000e+00 -3.230942e-05 -7.157525e-05 -1.450996e-04 1.634326e+00 -1.007797e-02 -1.271750e-01
9.999999e-01 8.821969e-05 -2.506211e-04 -2.673296e-04 1.600950e+00 -3.679450e-03 -1.223506e-01
9.999999e-01 -5.445431e-05 -4.541818e-04 1.104181e-04 1.588091e+00 -1.147750e-02 -1.259715e-01
9.999997e-01 -5.633910e-04 4.404996e-04 -1.603980e-04 1.612184e+00 -7.311573e-03 -1.263761e-01
9.999996e-01 -7.427299e-04 1.878387e-04 4.656617e-04 1.607362e+00 -1.534508e-02 -9.930611e-02
9.999998e-01 -2.036424e-05 3.371229e-04 4.908755e-04 1.606735e+00 -3.462446e-03 -1.361610e-01
9.999997e-01 1.879134e-05 7.304974e-04 3.648411e-04 1.607763e+00 -2.132487e-02 -1.028176e-01
9.999995e-01 7.192558e-04 4.190775e-04 6.238464e-04 1.572773e+00 -5.325956e-04 -1.200818e-01
9.999994e-01 9.406949e-04 4.599582e-04 3.715987e-04 1.590293e+00 -9.667987e-03 -1.451555e-01
9.999995e-01 4.286222e-04 -2.102096e-04 9.124074e-04 1.577399e+00 -8.079611e-03 -6.791943e-02
9.999984e-01 7.340840e-04 1.395191e-03 7.933078e-04 1.564137e+00 -7.893819e-03 -1.394451e-01
9.999984e-01 -1.142847e-03 5.699911e-04 1.248856e-03 1.595269e+00 -1.544200e-02 -7.572018e-02
9.999975e-01 4.279044e-04 1.018468e-03 1.950472e-03 1.565091e+00 4.022338e-03 -1.299313e-01
9.999978e-01 -1.112583e-04 1.634042e-04 2.067545e-03 1.596092e+00 -9.742123e-03 -8.918128e-02
9.999970e-01 8.373807e-04 -1.271230e-03 1.907805e-03 1.566411e+00 2.062496e-03 -1.302509e-01
9.999975e-01 9.007449e-04 -9.331042e-04 1.856764e-03 1.547927e+00 -1.115180e-02 -1.004574e-01
9.999975e-01 -5.910472e-04 -1.111297e-03 1.846957e-03 1.576328e+00 3.479410e-03 -1.085447e-01
9.999969e-01 -1.685456e-03 -1.490909e-03 1.127947e-03 1.541677e+00 -2.521048e-03 -9.389454e-02
9.999994e-01 -4.559685e-04 -9.103369e-04 4.485302e-04 1.562445e+00 -1.091478e-02 -1.107982e-01
9.999986e-01 1.544304e-03 -6.616913e-04 1.878992e-04 1.545670e+00 -5.764323e-03 -9.673766e-02
9.999989e-01 1.481332e-03 -1.024238e-04 2.522180e-04 1.541187e+00 -3.836451e-03 -1.286345e-01
9.999993e-01 -2.536225e-04 1.129239e-03 1.754315e-04 1.513688e+00 -6.953958e-03 -1.087518e-01
9.999994e-01 -6.588246e-04 -8.531534e-04 -1.214369e-05 1.506475e+00 -6.819877e-03 -1.214004e-01
9.999996e-01 3.701809e-04 -7.011622e-04 3.330300e-04 1.503396e+00 -8.452503e-03 -1.030017e-01
9.999995e-01 -4.657175e-04 -8.944919e-04 3.049883e-04 1.488514e+00 3.961279e-03 -7.845418e-02
9.999999e-01 -7.917834e-05 4.190159e-04 1.048490e-04 1.462146e+00 -8.433448e-03 -1.522014e-01
9.999997e-01 6.180285e-05 8.478877e-04 1.173191e-04 1.454312e+00 -9.686248e-03 -1.032894e-01
9.999993e-01 9.758944e-04 5.984188e-04 3.947766e-04 1.455232e+00 -1.328917e-02 -8.599671e-02
9.999993e-01 -5.363297e-04 1.060547e-03 -7.984753e-05 1.401401e+00 -1.181423e-02 -1.316763e-01
9.999979e-01 1.842297e-03 8.314660e-04 2.685553e-04 1.425581e+00 -1.533160e-02 -8.148542e-02
9.999990e-01 -1.021528e-03 1.043624e-03 8.568901e-05 1.391100e+00 -1.117929e-02 -1.198269e-01
9.999993e-01 1.051477e-03 4.579065e-04 3.522579e-04 1.388736e+00 1.147890e-03 -7.710540e-02
9.999987e-01 -1.498974e-03 6.368239e-04 1.154558e-04 1.368913e+00 -1.307737e-02 -1.085496e-01
9.999998e-01 6.025044e-04 -7.358627e-05 3.391728e-04 1.334446e+00 -9.908251e-05 -8.392369e-02
9.999997e-01 -8.224956e-04 -2.829458e-05 7.455549e-05 1.316913e+00 -1.856466e-02 -1.037143e-01
9.999997e-01 -1.138692e-05 -7.714362e-04 1.346323e-04 1.335744e+00 -5.941482e-03 -6.809553e-02
9.999995e-01 -4.005598e-04 8.433375e-04 2.106815e-04 1.282021e+00 -6.130624e-03 -8.893286e-02
9.999996e-01 -9.643083e-05 -7.912280e-04 5.668241e-04 1.290897e+00 -8.040418e-03 -9.545572e-02
9.999986e-01 3.288830e-04 1.663340e-03 -3.040221e-05 1.275023e+00 -1.169664e-02 -9.064511e-02
9.999981e-01 1.374442e-03 -1.385164e-03 9.080754e-05 1.228226e+00 -1.204732e-02 -8.016222e-02
9.999981e-01 1.288192e-03 1.463952e-03 1.200055e-05 1.227957e+00 1.613042e-03 -8.827816e-02
9.999990e-01 -2.151797e-04 -1.421459e-03 2.713142e-04 1.206813e+00 -1.220880e-02 -8.156440e-02
9.999984e-01 -2.615148e-04 1.751997e-03 8.577962e-05 1.187304e+00 -9.141122e-03 -6.409268e-02
9.999983e-01 -8.437132e-04 -1.631938e-03 1.630048e-04 1.159548e+00 -7.825243e-03 -9.969607e-02
9.999986e-01 -3.976069e-04 1.644557e-03 -1.145227e-04 1.130137e+00 -1.321015e-03 -4.288270e-02
9.999988e-01 -1.344754e-03 -4.727183e-04 -5.113855e-04 1.136052e+00 -1.579286e-02 -1.103843e-01
9.999983e-01 -9.548027e-04 5.584072e-04 -1.438560e-03 1.094176e+00 -1.384402e-02 -4.921681e-02
9.999990e-01 -8.891735e-04 -8.033487e-04 -7.927466e-04 1.083888e+00 -5.370411e-03 -1.216906e-01
9.999934e-01 3.360526e-03 -5.711233e-04 -1.233389e-03 1.084381e+00 -2.807005e-03 -4.246639e-02
9.999985e-01 5.746476e-04 -1.497245e-03 -6.825589e-04 1.041248e+00 -1.810500e-02 -6.626525e-02
9.999988e-01 1.013928e-03 3.911773e-04 -1.094416e-03 1.022254e+00 9.515973e-04 -2.648187e-02
9.999922e-01 -3.795497e-03 -9.654184e-04 -5.987811e-04 9.751536e-01 -4.843031e-03 -1.969040e-01
9.999991e-01 -1.185534e-03 -1.212859e-04 -6.361044e-04 1.030569e+00 -2.912717e-03 4.461795e-02
9.999986e-01 -5.511089e-04 -1.597150e-03 -8.909674e-05 9.500525e-01 -9.524674e-03 -1.296102e-01
9.999946e-01 3.040121e-03 1.253586e-03 -3.081884e-05 9.934503e-01 -9.140051e-03 -2.899798e-02
9.999995e-01 -3.182778e-04 -1.000581e-03 -6.060333e-05 9.805895e-01 -8.773785e-03 -5.785085e-02
9.999986e-01 1.524253e-03 4.238293e-04 -3.375668e-04 9.473335e-01 9.437004e-03 -1.405009e-01
9.999953e-01 -2.828741e-03 -1.161350e-03 3.771265e-04 9.806770e-01 -1.386878e-02 -4.653098e-02
9.999949e-01 -2.576971e-03 1.861810e-03 4.057814e-04 9.418572e-01 5.032793e-05 -4.172013e-02
9.999992e-01 7.663154e-04 -9.514556e-04 -3.038152e-04 9.509939e-01 -4.344248e-03 -9.405998e-02
9.999996e-01 5.895980e-04 -3.004242e-04 -4.942236e-04 9.613125e-01 -7.139024e-03 -6.143957e-02
9.999999e-01 1.946082e-04 -4.284589e-04 -9.179793e-05 9.517545e-01 -5.101187e-03 -8.253952e-02
9.999985e-01 1.341549e-03 1.051810e-03 -2.220101e-04 9.411823e-01 -5.996957e-03 -5.032035e-02
9.999997e-01 -2.667378e-04 -6.096218e-04 -4.670434e-04 9.196826e-01 -5.687193e-03 -9.375756e-02
9.999993e-01 7.477664e-04 8.321099e-04 -3.181588e-04 9.325409e-01 -9.065700e-03 -7.398068e-02
9.999970e-01 -1.108475e-03 -2.166407e-03 -1.684055e-04 9.074071e-01 2.692746e-03 -7.239094e-02
9.999996e-01 6.027987e-04 -3.868550e-04 -4.362720e-04 9.086536e-01 -2.535614e-03 -5.344568e-02
9.999999e-01 -3.396613e-04 -4.035073e-04 3.478234e-05 8.809845e-01 -7.862319e-03 -8.267406e-02
9.999998e-01 2.592786e-04 -4.778524e-04 -2.265701e-04 8.644737e-01 -3.055418e-03 -8.545386e-02
9.999989e-01 -1.462504e-03 -3.628406e-04 -7.191292e-05 8.469509e-01 -4.178924e-03 -4.838807e-02
1.000000e+00 -1.017892e-04 5.231006e-05 2.503060e-05 -1.373559e-02 -2.376220e-03 5.070690e-04
