1.0 0.0 0.0 0.0 0.0 0.0 0.0
9.999992e-01 6.140067e-04 -5.973172e-05 1.093412e-03 2.233794e+00 7.828530e-02 -5.917750e-02
9.999989e-01 -4.584727e-05 -7.871653e-04 -1.281743e-03 1.899312e+00 -1.334234e-02 -4.376160e-02
9.999982e-01 -4.460007e-04 -8.310678e-04 -1.656568e-03 1.894299e+00 -2.808819e-02 -4.626127e-02
9.999975e-01 1.550641e-03 3.494472e-04 -1.593061e-03 1.870170e+00 -1.565673e-02 -5.224288e-02
9.999979e-01 -4.421071e-04 5.769107e-04 -1.937051e-03 1.837519e+00 -1.685775e-02 -2.328088e-02
9.999979e-01 1.255848e-03 -6.188146e-04 -1.518149e-03 1.841846e+00 -7.865483e-03 -6.515641e-02
9.999963e-01 -5.377845e-04 1.070165e-03 -2.427816e-03 1.804387e+00 -2.651288e-02 -4.549878e-02
9.999986e-01 7.322006e-04 5.155218e-04 -1.387046e-03 1.757373e+00 -2.784335e-02 -2.598698e-03
9.999994e-01 7.160362e-04 6.545227e-04 -4.224298e-04 1.726526e+00 -1.680721e-02 -5.345930e-02
9.999999e-01 1.447597e-04 3.212455e-04 -1.009051e-05 1.717035e+00 -1.483073e-02 -1.653349e-02
9.999993e-01 -6.744390e-04 -8.407394e-04 -5.514269e-04 1.682876e+00 -2.148416e-02 -5.051817e-02
9.999985e-01 -7.036885e-04 -1.101120e-03 -1.102362e-03 1.694611e+00 -1.980868e-02 -7.508485e-03
9.999968e-01 -5.975552e-04 -1.588576e-03 -1.894435e-03 1.659786e+00 -8.341410e-03 -4.114065e-02
9.999952e-01 5.925168e-04 -7.916624e-04 -2.915489e-03 1.655413e+00 -3.096888e-02 -4.050818e-02
9.999946e-01 -1.626370e-04 -1.083011e-03 -3.102979e-03 1.670023e+00 -1.496138e-02 -1.759076e-02
9.999957e-01 2.200346e-05 -3.476995e-04 -2.915511e-03 1.638431e+00 -1.575216e-02 -5.378534e-02
9.999940e-01 -5.970022e-04 4.804591e-04 -3.383099e-03 1.635300e+00 -2.887753e-02 -2.252715e-02
9.999945e-01 8.262064e-04 1.298644e-03 -2.924478e-03 1.650494e+00 -2.048041e-02 -5.698227e-02
9.999943e-01 -1.176201e-03 2.620506e-04 -3.158309e-03 1.620898e+00 -3.092939e-02 -2.849996e-02
9.999948e-01 -4.061515e-04 1.594721e-04 -3.206937e-03 1.617124e+00 -2.298720e-02 -3.144606e-02
9.999940e-01 -4.990540e-04 1.176166e-03 -3.223782e-03 1.623092e+00 -2.114650e-02 -3.578639e-02
9.999935e-01 -4.425805e-04 2.423288e-05 -3.583200e-03 1.608799e+00 -2.501317e-02 -3.425868e-02
9.999951e-01 -2.601929e-04 6.667650e-04 -3.063899e-03 1.608536e+00 -2.913315e-02 -4.473628e-02
9.999950e-01 -2.596193e-04 1.214413e-03 -2.911143e-03 1.603631e+00 -1.786841e-02 -1.482024e-02
9.999964e-01 -5.441392e-04 6.101302e-04 -2.583720e-03 1.593165e+00 -2.221382e-02 -4.159782e-02
9.999958e-01 -3.913769e-04 1.323263e-04 -2.857608e-03 1.607886e+00 -2.627615e-02 -2.596012e-02
9.999961e-01 -4.084446e-04 2.510315e-04 -2.732472e-03 1.587883e+00 -1.642941e-02 -3.001889e-02
9.999956e-01 5.205096e-04 -5.137280e-04 -2.868577e-03 1.583624e+00 -3.014067e-02 -4.587416e-02
9.999962e-01 6.656584e-04 9.316534e-05 -2.692613e-03 1.581494e+00 -1.977206e-02 -2.562068e-02
9.999955e-01 5.501143e-04 -7.174438e-04 -2.844815e-03 1.558040e+00 -1.275803e-02 -3.860534e-02
9.999959e-01 1.301800e-03 2.172951e-04 -2.533513e-03 1.546981e+00 -2.371048e-02 -1.679802e-02
9.999975e-01 9.267118e-04 1.065992e-03 -1.748868e-03 1.534263e+00 -2.122271e-02 3.043250e-03
9.999980e-01 4.447174e-04 1.761374e-03 -8.666668e-04 1.532860e+00 -1.045676e-02 -5.034999e-02
9.999994e-01 -5.982083e-04 7.379921e-04 -5.712098e-04 1.479449e+00 -1.583305e-02 -9.802881e-03
9.999993e-01 2.518894e-04 5.495953e-04 -1.047035e-03 1.473890e+00 -1.816421e-02 -1.419885e-02
9.999994e-01 -5.977782e-04 3.876280e-04 -8.419456e-04 1.452442e+00 -2.454174e-02 -2.255107e-02
9.999999e-01 3.911743e-05 -1.413995e-04 -4.862952e-04 1.438328e+00 -2.828572e-03 1.538015e-02
9.999988e-01 -1.250889e-03 5.295615e-04 -6.914854e-04 1.420753e+00 -2.139339e-02 -2.967684e-02
9.999995e-01 -7.350707e-04 1.559747e-04 -6.759394e-04 1.409499e+00 -1.355284e-02 1.267418e-03
9.999995e-01 -5.881215e-04 6.235701e-04 -5.528556e-04 1.410809e+00 -2.245908e-02 -2.107425e-02
9.999994e-01 7.335002e-04 -4.529923e-04 -6.465697e-04 1.386128e+00 -1.129511e-02 -9.480882e-03
9.999996e-01 7.563268e-04 2.781906e-04 -4.613380e-04 1.393772e+00 -1.168885e-02 -1.977434e-02
9.999990e-01 1.128242e-03 1.672256e-04 -8.298237e-04 1.373275e+00 -2.060044e-02 4.190138e-03
9.999998e-01 1.270964e-04 -2.521738e-04 -6.245599e-04 1.335792e+00 -1.197096e-02 -1.375764e-02
9.999997e-01 -1.951906e-04 -2.960557e-04 -7.026414e-04 1.329598e+00 -1.088820e-02 -1.558415e-02
9.999989e-01 -6.732669e-04 -1.057970e-03 -7.566950e-04 1.311057e+00 -1.453620e-02 1.232804e-03
9.999994e-01 7.848765e-04 -1.512672e-04 -7.208991e-04 1.278548e+00 -1.876663e-02 -1.917501e-02
9.999993e-01 2.338736e-04 -2.553869e-04 -1.093903e-03 1.264719e+00 -2.025895e-02 -8.580943e-03
9.999990e-01 9.577306e-04 -2.681900e-04 -9.918314e-04 1.255498e+00 -1.773862e-02 -1.104092e-02
9.999991e-01 -8.773137e-05 -8.651042e-05 -1.314092e-03 1.198371e+00 -1.057095e-02 -1.789768e-02
9.999989e-01 4.956405e-04 -4.129529e-05 -1.367360e-03 1.187904e+00 -1.214446e-02 5.327964e-04
9.999992e-01 -8.449220e-05 4.145128e-04 -1.178612e-03 1.157078e+00 -1.007138e-02 -1.393502e-02
9.999989e-01 -9.310690e-05 4.084909e-04 -1.433680e-03 1.134589e+00 -2.009309e-02 -9.619834e-03
9.999990e-01 -1.105039e-04 5.146955e-04 -1.277861e-03 1.109768e+00 -7.403294e-03 -1.329514e-02
9.999991e-01 -9.739533e-04 1.390946e-04 -9.676499e-04 1.101201e+00 -1.276893e-02 -3.756444e-03
9.999993e-01 -6.853105e-05 8.938474e-04 -7.936698e-04 1.089659e+00 -1.021202e-02 -1.272864e-02
9.999996e-01 -6.363785e-04 1.441272e-04 -5.650911e-04 1.085509e+00 -1.098952e-02 5.911998e-04
9.999995e-01 7.640044e-04 -1.480062e-04 -5.813259e-04 1.066781e+00 -1.635686e-02 -8.133174e-03
9.999997e-01 -2.871312e-04 4.469746e-04 -5.808673e-04 1.067329e+00 -1.299078e-02 1.832563e-03
9.999998e-01 3.579248e-04 -9.453946e-05 -4.404835e-04 1.055006e+00 -7.849452e-03 -4.422118e-03
9.999997e-01 -3.117307e-04 4.925526e-04 -5.412059e-04 1.047872e+00 -1.323443e-02 -2.023351e-03
9.999998e-01 -1.665695e-04 -1.269822e-04 -5.673720e-04 1.043899e+00 -1.298228e-02 1.338299e-02
9.999996e-01 4.082161e-04 6.178961e-04 -4.739856e-04 1.025356e+00 -6.799363e-03 -1.894641e-02
9.999990e-01 -1.279774e-03 -4.954673e-04 -4.287371e-04 1.022660e+00 -9.879968e-03 5.366583e-03
9.999998e-01 3.695938e-04 3.143035e-05 -4.750725e-04 1.023442e+00 -5.215058e-03 3.443066e-03
9.999997e-01 -1.301722e-04 6.929874e-04 -3.771784e-04 1.004376e+00 -2.067678e-02 -1.448994e-02
9.999992e-01 1.137777e-03 -3.106256e-04 -4.093878e-04 1.011084e+00 -3.099573e-03 2.020316e-02
9.999977e-01 -1.096569e-03 -1.700207e-03 -6.495488e-04 9.889114e-01 -4.205755e-03 -2.157867e-02
9.999997e-01 5.354401e-04 -5.663105e-04 -1.899908e-04 9.864759e-01 -1.261374e-02 8.350775e-03
9.999982e-01 -1.780102e-03 -5.876238e-04 -3.502153e-04 9.694091e-01 -5.842690e-03 -2.273364e-02
9.999992e-01 1.090714e-03 -9.706224e-05 -6.255480e-04 9.723598e-01 -7.144060e-03 1.217686e-02
9.999984e-01 -1.274498e-03 -9.907002e-04 -8.250704e-04 9.579134e-01 -1.829472e-02 -3.528797e-02
9.999976e-01 1.913560e-03 -3.830534e-04 -1.032873e-03 9.688816e-01 -8.333933e-03 2.236032e-02
9.999987e-01 -2.929817e-04 1.130769e-04 -1.591201e-03 9.404991e-01 -1.672142e-02 -2.046898e-02
9.999981e-01 1.179599e-03 -1.536505e-04 -1.562451e-03 9.499104e-01 -6.489869e-03 5.721711e-03
9.999987e-01 -5.025572e-04 1.161336e-04 -1.555623e-03 9.214235e-01 -1.866914e-02 -2.708509e-02
9.999983e-01 7.260964e-05 -8.289222e-04 -1.608473e-03 9.218914e-01 -1.628806e-02 -1.026838e-02
9.999988e-01 7.572371e-05 -3.656797e-04 -1.515969e-03 9.168426e-01 -5.815741e-03 4.879015e-03
9.999993e-01 2.524401e-04 -2.842768e-04 -1.143869e-03 8.980981e-01 -1.071980e-02 -2.764184e-02
9.999984e-01 5.323502e-04 5.221452e-04 -1.613793e-03 8.832235e-01 -1.502095e-02 1.171492e-03
9.999983e-01 -1.742062e-04 -9.327568e-04 -1.564645e-03 8.654996e-01 -1.816229e-02 -3.423927e-02
9.999989e-01 -2.388572e-04 4.573305e-04 -1.355413e-03 8.557677e-01 -6.254623e-03 1.868036e-02
9.999991e-01 -6.540335e-04 -3.515870e-04 -1.159238e-03 8.406364e-01 -1.459920e-02 -2.791044e-02
9.999989e-01 2.043178e-04 2.832500e-04 -1.424547e-03 8.267926e-01 -1.289539e-02 -9.824325e-03
9.999989e-01 -7.872323e-04 4.174470e-04 -1.133516e-03 8.183049e-01 -1.318861e-02 -7.575988e-03
9.999994e-01 2.448254e-04 -3.845817e-05 -1.115791e-03 8.041058e-01 -4.720475e-03 -4.605918e-03
9.999986e-01 -6.128830e-04 2.880831e-04 -1.537808e-03 7.999248e-01 -9.528550e-03 -2.257988e-02
9.999989e-01 -2.833024e-04 4.999566e-06 -1.425275e-03 7.853331e-01 -1.750672e-02 -4.199795e-03
9.999990e-01 1.589477e-04 5.122972e-04 -1.306768e-03 7.715726e-01 -1.223876e-02 -8.530946e-03
9.999994e-01 -1.758179e-04 3.748888e-04 -1.007792e-03 7.659031e-01 -1.035354e-02 -1.276513e-02
9.999994e-01 7.133766e-04 7.121482e-04 -5.187562e-04 7.405407e-01 -8.859712e-03 -7.726358e-03
9.999998e-01 5.119611e-05 -3.298055e-04 -4.278543e-04 7.176218e-01 -8.302012e-03 -2.075844e-02
9.999998e-01 4.247352e-04 3.435107e-04 -2.813538e-04 6.883184e-01 -3.715506e-03 -6.444359e-03
9.999998e-01 -8.576644e-05 -2.796392e-04 -5.003692e-04 6.717707e-01 -1.069338e-02 -1.113467e-02
9.999999e-01 2.862268e-04 -3.804948e-05 -3.114219e-04 6.458424e-01 -8.963147e-03 -3.602755e-03
9.999999e-01 -1.892685e-04 -3.234218e-06 -3.205370e-04 6.266330e-01 -9.530707e-03 -1.027450e-02
9.999999e-01 -1.262215e-04 -3.967569e-04 -3.137105e-04 6.078550e-01 -2.243953e-03 -4.846002e-05
9.999999e-01 -2.127063e-04 -8.154990e-05 -2.440157e-04 5.844184e-01 -5.637027e-04 -5.076526e-03
9.999999e-01 1.204375e-04 -1.377892e-05 -2.456733e-04 5.625380e-01 -1.235356e-02 -4.317667e-03
9.999999e-01 -6.434016e-05 -1.210670e-04 -2.861810e-04 5.427988e-01 -5.446799e-04 -1.625779e-02
9.999999e-01 -1.931246e-04 -1.432390e-04 -2.537373e-04 5.113646e-01 -1.418310e-02 -1.212067e-02
9.999999e-01 4.034085e-04 7.284792e-05 -1.080811e-05 4.887362e-01 5.906017e-03 5.533836e-03
9.999998e-01 -3.813556e-04 2.843888e-04 -3.205022e-04 4.757905e-01 -1.022630e-02 -1.173088e-02
1.000000e+00 1.460161e-04 -6.796233e-05 -2.024074e-04 4.456059e-01 -5.720438e-03 -2.660629e-03
9.999994e-01 4.472475e-05 -3.323968e-04 -1.041462e-03 4.151447e-01 -8.382621e-03 -1.903983e-02
9.999997e-01 4.341121e-04 1.279327e-04 -6.991066e-04 4.024620e-01 -2.346097e-03 5.493326e-03
9.999997e-01 2.021531e-05 -4.850327e-04 -6.512519e-04 3.801619e-01 1.439523e-04 -1.695150e-02
9.999997e-01 3.334153e-04 1.008217e-05 -7.907496e-04 3.557955e-01 -9.840657e-03 7.512041e-03
9.999996e-01 -2.865494e-04 1.997223e-04 -7.954681e-04 3.266521e-01 -2.444185e-03 -1.392384e-02
9.999998e-01 7.860707e-05 -2.844977e-04 -5.701678e-04 3.184968e-01 -7.251326e-04 -6.468890e-04
9.999998e-01 -1.218522e-04 1.889674e-04 -5.583440e-04 2.943159e-01 -6.027090e-03 3.432429e-03
9.999998e-01 -2.558539e-04 -3.372410e-04 -4.600796e-04 2.725829e-01 3.295633e-03 -1.320545e-02
1.000000e+00 -1.640656e-04 1.980010e-04 -1.810048e-04 2.615234e-01 -6.095842e-03 7.506360e-03
9.999999e-01 -2.420072e-04 -3.387378e-04 -2.372341e-04 2.449196e-01 -3.187841e-03 -1.699640e-02
1.000000e+00 8.535113e-05 -4.351508e-06 -1.097696e-04 2.307718e-01 1.422721e-03 1.421113e-02
9.999999e-01 -2.845005e-04 -3.055200e-04 -1.184242e-04 2.089996e-01 -1.831717e-03 -1.340607e-02
1.000000e+00 6.522044e-05 -1.578858e-04 -1.719214e-04 2.034077e-01 -6.257188e-03 3.435650e-03
9.999999e-01 -1.215813e-04 1.832627e-04 -1.421246e-04 1.928187e-01 4.552395e-04 -9.044906e-03
1.000000e+00 1.792876e-04 7.171528e-06 -1.442868e-04 1.766519e-01 -2.440926e-03 8.099506e-03
9.999999e-01 -3.007487e-04 3.726757e-04 -1.728237e-05 1.654830e-01 4.844119e-04 -1.440542e-02
9.999999e-01 4.761839e-05 -2.229388e-04 -3.182101e-04 1.611094e-01 -2.775981e-03 4.681465e-03
9.999999e-01 1.657941e-04 8.333654e-05 -2.948547e-04 1.503476e-01 -6.043279e-03 -9.179074e-04
9.999999e-01 -3.298718e-04 -2.573677e-04 4.222934e-05 1.433769e-01 2.429286e-03 -4.449450e-03
1.000000e+00 6.407510e-05 2.144899e-04 -2.721202e-05 1.254947e-01 -7.285435e-03 3.512653e-04
1.000000e+00 -1.226274e-04 -1.307564e-04 -1.411118e-04 1.285651e-01 1.975695e-03 -5.607748e-03
1.000000e+00 -6.678731e-05 3.248670e-04 1.374430e-05 1.243901e-01 -3.787436e-04 7.464631e-03
1.000000e+00 -1.030848e-04 -5.227809e-05 -6.281061e-06 1.167814e-01 -3.474319e-04 -8.062546e-03
1.000000e+00 7.503255e-05 -8.091568e-05 -2.084663e-04 1.151734e-01 -1.137110e-03 3.520601e-03
1.000000e+00 -1.797252e-04 9.860167e-05 -1.216177e-04 1.032724e-01 8.241980e-04 -5.240162e-03
1.000000e+00 5.299875e-05 -4.860157e-05 1.118161e-04 9.752512e-02 -6.738904e-04 3.550002e-03
1.000000e+00 -1.368494e-04 5.686659e-05 -6.865412e-05 9.653291e-02 -2.785819e-04 -7.129743e-03
1.000000e+00 1.908783e-05 -1.297945e-04 -1.341819e-04 1.012697e-01 -3.670937e-03 2.065334e-03
1.000000e+00 9.221597e-06 1.325174e-04 -3.578493e-05 9.151434e-02 -1.327358e-03 -2.044273e-03
1.000000e+00 1.285560e-04 -8.806059e-05 -6.902754e-05 8.359377e-02 1.012466e-03 -9.350197e-04
1.000000e+00 3.470854e-05 1.170997e-04 -6.422672e-05 8.804445e-02 -8.380588e-04 1.276101e-03
1.000000e+00 -1.924061e-04 -1.199077e-04 -1.346809e-04 8.006635e-02 1.047137e-03 -1.979896e-03
1.000000e+00 -5.488773e-05 1.304758e-04 -6.579343e-05 7.701238e-02 -5.815195e-03 -3.937225e-03
1.000000e+00 -1.183020e-05 -8.906067e-05 -1.923387e-05 6.495285e-02 9.237226e-04 -2.123150e-03
1.000000e+00 7.150465e-05 -1.616821e-05 -3.861347e-05 7.189635e-02 -3.933811e-03 1.176324e-03
1.000000e+00 -1.034151e-04 -4.828052e-05 4.084695e-05 6.482803e-02 2.878566e-03 -2.863637e-03
1.000000e+00 3.752285e-05 -1.681106e-04 -1.080348e-04 7.267516e-02 -1.411770e-04 7.069602e-03
1.000000e+00 -4.635864e-05 -3.099965e-05 2.866140e-05 6.617828e-02 -1.847395e-03 -8.793766e-03
1.000000e+00 -8.290225e-05 9.152533e-05 -2.528539e-05 6.053037e-02 7.319395e-04 5.117571e-04
1.000000e+00 -1.167768e-04 7.205513e-05 -1.585632e-04 6.863954e-02 1.421405e-03 1.497079e-03
1.000000e+00 1.407866e-05 -4.911263e-06 -1.425710e-04 6.410912e-02 -8.321333e-04 -3.273584e-03
1.000000e+00 -1.993881e-04 -1.868583e-05 2.030487e-04 5.508202e-02 -4.959502e-03 -1.288989e-03
1.000000e+00 -8.342478e-05 -9.468706e-06 -1.669135e-04 5.528547e-02 2.572962e-04 -2.739195e-03
1.000000e+00 -2.021238e-05 4.170691e-05 1.216817e-04 4.981386e-02 1.268674e-03 -2.425295e-03
1.000000e+00 -8.917440e-05 8.296214e-05 -2.122923e-04 6.884312e-02 -1.887968e-03 1.346726e-03
1.000000e+00 -1.424839e-06 2.967296e-05 -6.635644e-05 6.896593e-02 1.863221e-03 -2.409601e-03
1.000000e+00 -1.342316e-04 -8.251057e-06 2.724534e-05 5.042774e-02 -4.971328e-03 -2.998124e-03
1.000000e+00 -6.107914e-06 1.158180e-04 8.392911e-05 6.145763e-02 2.576386e-03 4.434227e-03
1.000000e+00 8.710394e-05 1.016666e-05 -7.119886e-05 5.140270e-02 -5.925157e-03 -4.842076e-04
1.000000e+00 7.694693e-05 2.423565e-05 -1.502965e-04 5.906816e-02 8.627859e-03 -9.481762e-04
1.000000e+00 -1.094839e-04 -6.084716e-05 5.176659e-05 5.007615e-02 -7.448636e-03 -9.511046e-04
1.000000e+00 -2.867048e-05 -2.956244e-05 1.596509e-05 4.858594e-02 -6.637736e-04 -6.351269e-04
1.000000e+00 4.492703e-05 9.796961e-05 -1.570124e-04 5.741460e-02 -6.272248e-03 1.350560e-03
1.000000e+00 -9.097435e-05 -2.857012e-05 -5.724803e-05 5.748244e-02 2.822203e-03 -1.172930e-03
1.000000e+00 -2.924652e-05 1.613228e-04 1.925958e-04 5.073399e-02 3.445385e-03 3.874824e-03
1.000000e+00 1.362545e-05 1.270156e-04 -9.202261e-05 5.383105e-02 1.025421e-03 -1.533737e-03
1.000000e+00 -1.190423e-04 1.517632e-05 -1.740145e-05 4.785060e-02 -1.916049e-03 -8.323905e-03
1.000000e+00 5.486711e-05 7.751226e-05 -9.598653e-05 3.976300e-02 2.486347e-03 6.579942e-03
1.000000e+00 7.518959e-05 -4.547283e-05 4.664502e-05 3.897302e-02 -3.629247e-03 -6.080985e-03
1.000000e+00 -4.258879e-05 -7.023420e-06 8.345793e-05 3.133404e-02 2.973926e-03 4.256828e-03
1.000000e+00 -8.406162e-05 -1.212527e-05 -1.211370e-04 3.920892e-02 -4.946050e-03 -2.481272e-03
1.000000e+00 8.244570e-05 -3.854771e-05 2.393516e-05 3.148667e-02 2.201590e-03 -1.418702e-03
1.000000e+00 -4.156008e-05 -5.886135e-05 6.764287e-06 2.850148e-02 -9.563355e-04 2.661887e-03
1.000000e+00 -5.522636e-05 1.225883e-05 -5.246726e-05 2.668447e-02 -5.784909e-04 -5.453826e-03
1.000000e+00 -8.541757e-05 8.837921e-05 -1.554438e-04 2.696316e-02 4.512926e-03 3.239356e-03
1.000000e+00 1.598797e-04 9.604239e-06 9.225406e-05 1.932405e-02 -2.695407e-03 3.914837e-03
1.000000e+00 -1.454365e-04 -1.468544e-05 -1.348215e-04 1.788660e-02 7.460823e-04 -3.245020e-03
1.000000e+00 -2.746483e-05 2.248274e-05 1.102402e-04 2.148185e-02 1.221025e-03 -1.499581e-03
1.000000e+00 1.122910e-04 -4.531653e-05 -5.126810e-05 1.183234e-02 -4.414904e-03 4.045797e-04
1.000000e+00 -6.774317e-05 1.207925e-05 -1.831652e-05 1.543709e-02 -1.269073e-03 -2.677439e-03
1.000000e+00 -2.710177e-05 8.280676e-05 1.091294e-04 6.066609e-03 -2.003481e-03 2.805596e-04
1.000000e+00 -9.556117e-08 -8.747718e-05 1.788728e-05 1.039374e-02 8.090693e-03 9.029976e-04
1.000000e+00 8.189409e-05 8.087265e-05 -8.598403e-05 1.097841e-02 -1.053418e-03 2.286519e-03
1.000000e+00 -1.097511e-04 -3.739733e-05 1.241940e-05 7.350419e-03 -1.967691e-04 -3.376677e-03
1.000000e+00 8.203529e-05 7.262669e-05 -1.184134e-04 -2.365601e-03 -1.964199e-03 1.266778e-03
1.000000e+00 -1.145601e-04 -9.658280e-05 -9.933343e-05 9.767528e-03 -5.820428e-03 -3.925966e-03
1.000000e+00 1.191173e-05 -3.589572e-05 -1.728648e-05 6.020193e-03 -2.155799e-05 1.603640e-03
1.000000e+00 -8.974469e-05 9.414252e-06 -4.251283e-06 4.941639e-03 8.160893e-04 3.310889e-03
9.999999e-01 -3.383318e-04 -5.687056e-05 1.887461e-04 -5.469534e-03 8.084843e-03 -3.768239e-03
1.000000e+00 -2.042755e-04 -1.676819e-04 9.850620e-06 1.784423e-02 -7.258772e-03 -2.106616e-03
1.000000e+00 -3.748833e-05 6.711655e-06 1.607004e-04 6.151926e-03 6.546246e-03 1.002769e-03
1.000000e+00 7.051609e-05 3.163479e-05 -1.396676e-04 1.861561e-02 7.242392e-04 -2.754693e-03
1.000000e+00 -1.453431e-04 -1.801463e-05 -6.071311e-05 2.789389e-02 -9.550469e-03 4.470994e-03
1.000000e+00 -1.698808e-05 -7.111604e-05 -3.856997e-05 2.574701e-02 2.659100e-03 -7.955072e-04
1.000000e+00 -8.143578e-05 2.158582e-05 1.323695e-04 1.956228e-02 3.719502e-03 -5.811632e-03
1.000000e+00 -2.237368e-04 -8.351717e-05 4.781198e-05 3.613583e-02 1.881956e-03 3.682478e-04
9.999999e-01 -3.451133e-04 3.098260e-05 -3.597409e-05 7.320495e-02 -1.023458e-02 -1.654236e-03
1.000000e+00 -2.232815e-04 -4.957324e-05 -1.887089e-04 6.523981e-02 3.232895e-03 2.587963e-03
9.999998e-01 -4.909800e-04 -2.001391e-04 -1.407396e-04 7.160902e-02 -2.324001e-03 -4.778339e-04
1.000000e+00 -1.308762e-05 2.571328e-05 1.850630e-04 8.391776e-02 -4.065767e-04 5.166382e-03
1.000000e+00 -1.340820e-04 -3.784129e-05 1.178332e-05 7.762250e-02 2.828581e-04 2.018983e-05
1.000000e+00 -2.403462e-04 -2.557800e-05 -2.207288e-05 1.050974e-01 -1.250807e-04 -5.678577e-03
1.000000e+00 -1.008291e-04 1.165167e-04 -1.237575e-04 1.330494e-01 -4.658832e-03 -2.644042e-03
1.000000e+00 -1.219269e-04 -8.428066e-05 6.560234e-05 1.244270e-01 1.679721e-03 -3.550886e-03
1.000000e+00 -1.792399e-04 4.780256e-05 -1.325202e-04 1.581223e-01 -2.679423e-03 2.091204e-03
9.999999e-01 -1.864767e-04 -2.378166e-04 1.046217e-04 1.569858e-01 4.385445e-03 8.317785e-04
9.999999e-01 -2.280147e-04 9.589917e-05 2.984186e-04 1.605383e-01 2.731973e-03 3.702051e-03
9.999998e-01 -5.180105e-04 -1.260078e-04 3.472277e-04 2.071386e-01 -7.593984e-03 -1.000588e-02
9.999999e-01 -5.772006e-05 3.728550e-05 3.890118e-04 2.284503e-01 -6.454484e-03 -6.342309e-03
9.999999e-01 -2.189237e-04 -5.115416e-05 4.589034e-04 2.194231e-01 4.386285e-05 -6.921271e-03
9.999997e-01 1.881094e-05 3.370739e-04 5.827144e-04 2.441450e-01 -3.094357e-03 2.464349e-03
9.999997e-01 5.493952e-05 1.550706e-04 7.811822e-04 2.684544e-01 2.971876e-03 -7.300735e-04
9.999996e-01 -5.280999e-06 -9.446246e-05 9.232221e-04 2.692958e-01 -6.168629e-03 -1.182171e-02
9.999998e-01 4.423613e-06 2.111334e-04 6.569434e-04 3.093148e-01 -2.396120e-03 -4.721215e-03
9.999994e-01 1.547375e-04 -2.739259e-04 1.011174e-03 2.967236e-01 -1.720902e-03 -8.698760e-03
9.999995e-01 -5.330338e-05 3.632425e-04 9.634762e-04 3.425328e-01 7.955632e-03 2.120250e-03
9.999994e-01 1.237160e-04 -6.704495e-05 1.083833e-03 3.334338e-01 -6.920504e-03 -3.718583e-04
9.999995e-01 -2.668455e-04 4.390777e-04 8.404559e-04 3.286126e-01 1.750733e-04 -1.924932e-02
9.999993e-01 4.089652e-04 -5.068219e-04 9.885142e-04 3.602158e-01 -7.684863e-04 -2.146919e-03
9.999997e-01 -2.472589e-04 3.211013e-04 6.245739e-04 3.865074e-01 -1.201218e-03 -3.978334e-03
9.999997e-01 2.895719e-04 -3.225350e-04 5.861902e-04 3.752401e-01 -5.676314e-03 -2.622986e-03
9.999996e-01 -6.135832e-05 5.919310e-04 6.151238e-04 3.690805e-01 -5.778099e-03 -6.555141e-03
9.999997e-01 2.210085e-04 -6.575034e-04 3.599662e-04 4.151311e-01 4.877023e-03 -1.287053e-02
9.999999e-01 1.648559e-04 2.654534e-04 2.409251e-04 3.955571e-01 -6.296872e-03 4.908053e-03
9.999999e-01 -3.269597e-04 -2.422912e-04 2.366788e-04 4.299093e-01 1.745155e-03 -2.136006e-02
1.000000e+00 1.994462e-04 1.832573e-04 1.078132e-04 4.284288e-01 -8.149356e-03 6.415686e-03
9.999998e-01 -3.859441e-04 -3.407348e-04 2.489709e-04 4.109614e-01 2.466529e-04 -1.484219e-02
9.999999e-01 2.779829e-04 -2.094299e-04 -1.286335e-04 4.522473e-01 -9.906043e-04 2.784328e-03
9.999996e-01 -2.321738e-04 -4.599977e-04 -6.968730e-04 4.704117e-01 -1.172016e-02 -1.316510e-02
9.999999e-01 1.352925e-04 -2.615532e-04 -3.992120e-04 4.907876e-01 -3.442758e-03 -2.376509e-03
9.999998e-01 -3.382448e-04 2.513064e-04 -3.560523e-04 4.762522e-01 -6.122399e-03 -1.203926e-02
9.999997e-01 2.872927e-04 -3.169679e-04 -5.764843e-04 5.174532e-01 -1.234777e-02 -2.590961e-03
9.999995e-01 -4.948745e-04 5.456091e-05 -8.885389e-04 5.107175e-01 -7.733354e-03 -1.599546e-02
9.999996e-01 2.627954e-04 -7.294416e-04 -3.985789e-04 5.551332e-01 -4.526693e-03 -5.574137e-03
9.999998e-01 2.211194e-05 5.802925e-04 -1.991253e-04 5.484385e-01 8.114860e-03 -1.151936e-02
9.999999e-01 2.540545e-05 -2.336140e-04 -2.584931e-05 5.764694e-01 -1.517203e-02 -1.605910e-02
9.999999e-01 -2.260620e-04 3.790854e-04 -2.161854e-04 5.709781e-01 -7.413567e-04 -7.984894e-03
9.999999e-01 2.652964e-04 -4.695505e-04 -6.196348e-05 6.081722e-01 -1.164681e-02 -1.131313e-02
9.999998e-01 -1.605845e-04 4.855058e-04 -1.549730e-04 5.950106e-01 -6.922240e-03 -5.537853e-03
1.000000e+00 -8.773926e-05 -1.016442e-04 -7.771933e-05 6.340101e-01 -3.063505e-03 -1.128527e-02
9.999999e-01 -2.457787e-04 4.527214e-04 -9.698901e-05 6.372964e-01 -9.698161e-03 -5.078947e-03
1.000000e+00 -5.555014e-05 -1.394940e-04 2.044319e-04 6.645812e-01 -6.933798e-03 -1.123367e-02
9.999996e-01 -1.938025e-04 7.251661e-04 4.949260e-04 6.826046e-01 -5.914143e-03 -2.054336e-02
9.999993e-01 -2.346243e-05 -8.013316e-04 8.466284e-04 6.656466e-01 2.291507e-03 -2.303112e-02
9.999997e-01 2.872246e-04 4.199693e-04 5.508118e-04 6.918849e-01 -1.593153e-02 3.773379e-03
9.999997e-01 -3.591598e-05 -6.349168e-04 4.333683e-04 7.138412e-01 -2.984335e-05 -4.341714e-02
9.999997e-01 6.344230e-04 -3.799000e-05 4.306333e-04 7.128700e-01 -7.501297e-03 1.981888e-02
9.999999e-01 -1.305136e-04 -4.206304e-04 6.926567e-05 7.162617e-01 -7.694112e-03 -2.922537e-02
9.999997e-01 7.266101e-04 -2.957768e-04 -2.615860e-04 7.503684e-01 -1.379775e-02 -1.439456e-03
9.999999e-01 2.420163e-05 -3.310569e-04 -3.271675e-04 7.383033e-01 5.941875e-04 -2.829187e-02
9.999995e-01 1.690688e-04 -6.286781e-04 -7.674939e-04 7.661108e-01 -8.516542e-03 -1.070661e-02
9.999997e-01 -1.675753e-04 -2.604090e-04 -6.403670e-04 7.742135e-01 -8.183730e-03 -2.569501e-02
9.999998e-01 3.846967e-04 -1.203152e-04 -4.424909e-04 7.938637e-01 -7.394641e-03 -3.927244e-03
9.999998e-01 3.821820e-05 5.985812e-05 -5.786908e-04 7.932208e-01 -1.436574e-02 -2.119286e-02
9.999994e-01 4.968968e-04 -9.199049e-04 -2.884885e-04 8.004416e-01 -1.156654e-03 -2.195471e-02
9.999996e-01 1.223134e-04 4.818905e-04 -7.059421e-04 8.132065e-01 -1.312117e-02 -1.035571e-02
9.999996e-01 3.182358e-04 -7.311816e-04 -3.623749e-04 8.276136e-01 -1.038716e-02 -2.362044e-02
9.999998e-01 4.078949e-04 1.797500e-04 -5.221331e-04 8.297040e-01 -8.011998e-03 -1.790135e-02
9.999998e-01 -1.769162e-04 -1.692448e-04 -6.437539e-04 8.348471e-01 -8.134476e-03 -1.606720e-02
9.999997e-01 1.301976e-04 3.388857e-05 -7.116988e-04 8.528847e-01 -1.053525e-02 -1.118960e-02
9.999994e-01 -2.426614e-04 3.893287e-04 -9.684993e-04 8.620189e-01 -9.364104e-03 -1.735458e-02
9.999995e-01 1.047447e-04 -1.640863e-04 -9.973021e-04 8.821268e-01 -1.897820e-02 -2.621676e-02
9.999992e-01 -3.229202e-04 2.456568e-04 -1.207353e-03 8.793993e-01 -1.587606e-02 -2.496713e-02
9.999989e-01 5.454516e-04 -1.885577e-04 -1.342058e-03 9.030132e-01 -7.771081e-03 -9.550778e-03
9.999989e-01 -4.310773e-04 6.534130e-04 -1.277885e-03 8.996631e-01 -1.004533e-02 -1.625970e-02
9.999992e-01 -6.865056e-05 -1.242511e-04 -1.259419e-03 9.190644e-01 -1.590222e-02 -1.047229e-02
9.999983e-01 -6.280891e-04 3.501477e-04 -1.731942e-03 9.304643e-01 -2.416825e-02 -4.712979e-02
9.999990e-01 -1.913010e-04 1.229683e-04 -1.353342e-03 9.449805e-01 -1.207498e-02 2.974398e-02
9.999984e-01 -5.077659e-04 1.267510e-03 -1.127005e-03 9.637692e-01 -1.330490e-02 -5.305954e-02
9.999995e-01 -1.099301e-04 -5.489022e-04 -7.932918e-04 9.722002e-01 -3.878313e-03 -3.184713e-04
9.999990e-01 2.577553e-04 1.003343e-03 -1.004956e-03 9.751242e-01 -1.948988e-02 -3.413223e-02
9.999995e-01 -1.187333e-04 -3.260943e-04 -9.417698e-04 9.995338e-01 -7.076554e-03 -1.082405e-02
9.999994e-01 9.047983e-05 3.149375e-04 -1.015986e-03 1.016238e+00 -1.363330e-02 -2.310443e-02
9.999990e-01 -8.639907e-05 -9.106891e-04 -1.048116e-03 1.003811e+00 -8.160197e-03 -3.401659e-02
9.999990e-01 3.271195e-04 -1.479568e-05 -1.402012e-03 1.028303e+00 -2.345461e-02 -2.592107e-03
9.999991e-01 -3.561422e-04 -3.827679e-04 -1.240637e-03 1.025978e+00 -5.986578e-03 -3.885415e-02
9.999991e-01 5.003401e-04 -5.707057e-06 -1.271448e-03 1.041545e+00 -5.744831e-03 -3.318551e-05
9.999982e-01 -6.851457e-04 -5.997479e-04 -1.685074e-03 1.061916e+00 -2.923964e-02 -3.308756e-02
9.999985e-01 7.169055e-04 2.595213e-04 -1.584191e-03 1.058965e+00 -7.672089e-03 -2.097392e-02
9.999980e-01 -8.396756e-04 -3.009483e-04 -1.799371e-03 1.071130e+00 -2.398443e-02 -4.296151e-02
9.999983e-01 1.132441e-03 2.582325e-04 -1.479907e-03 1.083574e+00 -5.752404e-03 5.909985e-03
9.999982e-01 -4.401946e-04 5.709328e-04 -1.740698e-03 1.078929e+00 -1.115681e-02 -4.604330e-02
9.999982e-01 8.976619e-04 3.297358e-04 -1.650498e-03 1.124587e+00 -2.277067e-02 6.249623e-02
9.999979e-01 -9.670494e-04 1.211916e-03 -1.325134e-03 1.106863e+00 -1.143873e-02 -9.082895e-02
9.999989e-01 -7.832771e-04 1.192899e-03 -4.537046e-04 1.133225e+00 -7.695184e-03 6.258235e-03
1.000000e+00 -2.097364e-04 -1.658703e-04 -3.628113e-05 1.129662e+00 -1.123920e-02 -4.488137e-02
9.999998e-01 5.518542e-04 5.888726e-05 -6.673391e-05 1.140190e+00 -1.183084e-02 -2.844640e-02
9.999989e-01 1.322970e-03 6.914020e-04 -1.053842e-04 1.140626e+00 -1.014591e-02 1.853324e-02
9.999993e-01 6.600821e-04 -9.292607e-04 -4.137714e-04 1.149646e+00 -7.310536e-03 -5.786856e-02
9.999994e-01 -7.635904e-04 -5.004653e-04 -6.139342e-04 1.165463e+00 -2.288365e-02 9.040467e-03
9.999978e-01 -1.457498e-03 -1.450054e-03 -1.343298e-04 1.155469e+00 -6.890886e-03 -6.467360e-02
9.999994e-01 9.813704e-04 -1.845113e-04 -5.733881e-04 1.171026e+00 -1.324640e-02 9.384974e-03
9.999985e-01 1.367449e-03 -4.130773e-04 -9.450806e-04 1.190388e+00 -9.710789e-03 -2.033174e-02
9.999993e-01 5.201247e-04 -3.717082e-04 -1.000556e-03 1.192420e+00 -8.841624e-03 -1.333093e-02
9.999961e-01 -2.584658e-03 -1.853185e-04 -1.080450e-03 1.195964e+00 -1.479411e-02 -1.276705e-02
9.999971e-01 -1.850305e-03 -8.860785e-04 -1.222326e-03 1.204875e+00 -2.042538e-02 -3.240422e-02
9.999987e-01 -5.512289e-04 3.272826e-04 -1.486477e-03 1.209504e+00 -1.030626e-02 -5.427477e-02
9.999987e-01 7.328440e-04 6.031993e-04 -1.283076e-03 1.236292e+00 -1.093725e-02 -2.353556e-02
9.999988e-01 2.102340e-04 6.330620e-04 -1.403267e-03 1.235678e+00 -1.854022e-02 -6.379743e-02
9.999988e-01 -1.063802e-04 -5.761463e-04 -1.452051e-03 1.250823e+00 -2.055623e-02 -2.634338e-02
9.999981e-01 3.435356e-04 -6.159472e-04 -1.785661e-03 1.252706e+00 -1.864741e-02 -4.359783e-02
9.999984e-01 5.284819e-04 -6.287260e-04 -1.570083e-03 1.262503e+00 -4.745288e-03 -2.886527e-02
9.999981e-01 1.100570e-03 4.714204e-05 -1.618949e-03 1.280117e+00 -1.144458e-02 -4.643592e-03
9.999980e-01 7.758910e-04 -9.684070e-04 -1.564679e-03 1.280398e+00 -2.076817e-02 -6.563743e-02
9.999987e-01 1.220290e-04 -2.533475e-04 -1.589193e-03 1.299622e+00 -1.442831e-02 1.283045e-03
9.999987e-01 -9.692655e-04 3.619916e-04 -1.248490e-03 1.309030e+00 -1.517520e-02 -3.272531e-02
9.999978e-01 -1.085917e-05 1.668183e-03 -1.314828e-03 1.314359e+00 -2.680948e-02 -3.303459e-02
9.999990e-01 -6.050331e-04 4.769917e-04 -1.216252e-03 1.311655e+00 -6.897418e-03 -4.753642e-02
9.999976e-01 -1.938872e-03 4.873569e-05 -9.677239e-04 1.321950e+00 -1.441663e-02 -3.655029e-02
9.999978e-01 -1.414527e-03 -1.125549e-03 -1.076828e-03 1.334236e+00 -1.577180e-02 -6.179404e-02
9.999981e-01 1.125687e-03 -9.647032e-04 -1.265646e-03 1.350776e+00 -1.091778e-02 -4.235452e-02
9.999981e-01 1.237265e-03 -6.030361e-04 -1.364721e-03 1.368124e+00 -1.258273e-02 -3.113243e-02
9.999989e-01 2.989436e-04 -7.468634e-04 -1.227605e-03 1.368724e+00 -5.228308e-03 -5.959989e-02
9.999992e-01 5.826581e-04 -3.588533e-04 -1.102906e-03 1.398068e+00 -9.109117e-03 -2.406902e-02
9.999942e-01 2.775223e-03 1.297398e-03 -1.518326e-03 1.382142e+00 -1.536118e-02 -1.071764e-01
9.999987e-01 6.824327e-04 -7.269919e-04 -1.304115e-03 1.383301e+00 -9.297019e-03 2.046070e-02
9.999983e-01 -9.508071e-04 -1.029113e-03 -1.201531e-03 1.396813e+00 -1.287546e-02 -7.238282e-02
9.999968e-01 -1.416975e-03 -2.785750e-04 -2.089371e-03 1.389846e+00 -1.612347e-02 -8.532093e-03
9.999968e-01 -5.020775e-04 -1.042924e-03 -2.225867e-03 1.427862e+00 -2.442438e-02 -2.159707e-02
9.999935e-01 -1.110882e-03 2.641473e-03 -2.207164e-03 1.441686e+00 -2.536822e-02 -7.815675e-02
9.999984e-01 4.640561e-04 -2.685969e-04 -1.681126e-03 1.460715e+00 -2.798776e-02 -5.164774e-02
9.999963e-01 -2.148649e-05 1.777100e-03 -2.088507e-03 1.430465e+00 -6.876892e-03 -5.681318e-02
9.999970e-01 1.114814e-03 -7.715797e-04 -2.016353e-03 1.452185e+00 -2.937027e-02 -3.344571e-02
9.999966e-01 1.899205e-04 1.969430e-03 -1.674037e-03 1.476513e+00 -1.069646e-02 -2.446454e-02
9.999983e-01 -1.741924e-03 2.712844e-04 -5.490751e-04 1.475417e+00 -1.971274e-02 -5.557625e-02
9.999975e-01 -1.684824e-03 1.438282e-03 3.146727e-05 1.454299e+00 -2.226272e-02 -6.246083e-02
9.999970e-01 -2.418285e-03 -1.856183e-04 -1.894110e-04 1.488469e+00 -1.278608e-02 8.873225e-03
9.999945e-01 2.044540e-03 -2.586403e-03 2.332671e-04 1.488841e+00 -1.456687e-03 -3.822674e-02
9.999870e-01 3.449473e-03 3.760444e-03 1.515517e-04 1.473139e+00 -2.509824e-03 -9.992725e-02
9.999877e-01 -3.761784e-03 -3.182269e-03 5.733285e-04 1.513521e+00 -2.590613e-02 4.687065e-03
9.999983e-01 -9.047230e-04 1.503928e-03 5.468698e-04 1.485292e+00 -8.448164e-03 -1.091391e-02
9.999998e-01 3.873514e-04 -7.903703e-05 4.465948e-04 1.499771e+00 -1.458361e-02 -1.643471e-01
9.999953e-01 -1.434550e-03 2.671719e-03 2.236550e-04 1.498561e+00 -3.015829e-02 9.976529e-02
9.999934e-01 -2.471173e-03 -2.534670e-03 8.473164e-04 1.513054e+00 -1.859206e-02 -1.974780e-01
9.999954e-01 1.120256e-03 2.805616e-03 2.614839e-04 1.508829e+00 -1.689049e-02 4.834576e-02
9.999959e-01 4.317988e-04 -2.624706e-03 1.037140e-03 1.534416e+00 -9.866593e-03 -6.026245e-02
9.999879e-01 4.013621e-03 2.844657e-03 9.088322e-05 1.510713e+00 -1.570575e-02 -8.074087e-02
9.999963e-01 -1.700539e-03 -2.053220e-03 3.828461e-04 1.544099e+00 -1.539807e-02 -3.595362e-02
9.999966e-01 2.226407e-03 1.352155e-03 -1.023254e-04 1.528805e+00 -4.625263e-03 5.317487e-02
9.999950e-01 -3.048914e-03 -7.792337e-04 -4.437708e-04 1.529020e+00 -2.233811e-02 -1.690103e-01
9.999936e-01 -3.567165e-03 -5.065779e-05 3.428195e-05 1.553563e+00 -1.555124e-02 1.221504e-01
9.999994e-01 9.136018e-04 -6.311934e-04 9.788332e-05 1.553910e+00 -1.660461e-02 -1.707774e-01
9.999961e-01 1.160550e-03 2.506166e-03 -2.611803e-04 1.562829e+00 -1.072355e-02 -3.964697e-02
9.999954e-01 -2.186315e-03 -2.087006e-03 2.590744e-04 1.572880e+00 -2.358889e-02 2.462937e-03
9.999959e-01 1.434981e-03 2.467689e-03 2.009644e-04 1.556181e+00 -1.104234e-02 -7.960296e-02
9.999994e-01 -9.566551e-04 -4.078731e-04 3.457286e-04 1.567417e+00 -1.295433e-02 -3.493940e-02
9.999982e-01 -1.548508e-03 -8.595840e-04 5.939536e-04 1.592043e+00 -2.003058e-02 -6.048032e-02
9.999965e-01 2.538338e-03 7.594565e-04 2.187211e-04 1.562952e+00 -5.363849e-03 -9.554866e-02
9.999997e-01 4.044235e-04 -5.774216e-04 -2.749739e-04 1.588669e+00 -2.077897e-02 5.999252e-02
9.999970e-01 4.442154e-04 -2.402436e-03 -3.202912e-04 1.584647e+00 -1.738563e-02 -1.099239e-01
9.999999e-01 -1.985063e-04 -4.545258e-04 -1.920225e-04 1.601987e+00 -8.068873e-03 -4.645248e-02
9.999986e-01 1.671444e-03 1.295855e-04 -7.166801e-05 1.588242e+00 -5.857692e-03 -6.052313e-02
9.999991e-01 1.289794e-03 3.705081e-05 -3.216929e-04 1.595363e+00 -1.616351e-02 -2.116396e-02
9.999974e-01 -1.978175e-03 -1.100200e-03 -7.604514e-05 1.600273e+00 -1.433371e-02 -7.145433e-02
9.999998e-01 -1.756508e-04 -2.499799e-04 4.962481e-04 1.595824e+00 -8.617637e-03 -5.554308e-02
9.999994e-01 4.714985e-04 -8.389182e-04 5.748311e-04 1.588909e+00 -1.180341e-02 -4.841416e-02
9.999986e-01 1.418078e-03 8.034661e-04 3.958806e-04 1.600686e+00 -7.278577e-03 -6.339850e-02
9.999995e-01 -9.632024e-04 7.735032e-05 -1.521567e-04 1.584798e+00 -1.996886e-02 -7.071549e-02
9.999997e-01 4.048116e-06 -6.623099e-04 -3.627675e-04 1.600100e+00 -1.483995e-02 -3.214391e-02
9.999993e-01 -1.114569e-03 -1.382492e-04 -4.577233e-04 1.591652e+00 -1.928601e-02 -4.410522e-02
9.999987e-01 -1.533636e-03 -4.921476e-04 -1.293100e-05 1.608957e+00 -8.654381e-03 -1.100491e-01
9.999999e-01 -3.061139e-05 5.415364e-04 9.652333e-05 1.594101e+00 -1.302233e-02 -6.862118e-02
9.999986e-01 1.668873e-03 -4.998846e-05 -1.048419e-04 1.611604e+00 -1.905692e-02 -3.638433e-02
9.999996e-01 -8.572514e-05 -8.871634e-04 2.036394e-05 1.608781e+00 -7.403379e-03 -4.774830e-02
9.999999e-01 -9.283083e-05 -4.451304e-04 -2.641252e-04 1.617298e+00 -1.522288e-02 -9.452438e-02
9.999998e-01 6.403318e-04 1.834570e-04 5.352100e-05 1.616604e+00 -1.421770e-02 -9.124121e-02
9.999997e-01 -5.099218e-04 4.854601e-04 9.005178e-05 1.623385e+00 -1.041427e-02 -5.350587e-02
9.999995e-01 -1.340055e-04 -9.316244e-04 -1.975691e-04 1.618873e+00 -1.222725e-02 -4.937219e-02
1.000000e+00 -2.142715e-04 2.075082e-04 9.313620e-05 1.615366e+00 -1.792397e-02 -5.389221e-02
9.999998e-01 -4.218402e-04 2.807801e-04 -6.436040e-05 1.624898e+00 -1.336643e-02 -7.887116e-02
9.999999e-01 -4.516761e-04 -2.735106e-04 2.735273e-05 1.624084e+00 -1.702118e-02 -8.514750e-02
1.000000e+00 -2.713287e-04 1.883448e-04 1.694039e-04 1.628126e+00 -6.188444e-03 -9.758613e-02
9.999995e-01 7.713357e-04 -6.077689e-04 -1.399069e-04 1.618346e+00 -1.342411e-02 -9.641037e-02
9.999980e-01 1.915322e-03 3.374246e-04 -3.637460e-04 1.634749e+00 -1.348790e-02 -1.313041e-02
9.999978e-01 1.946949e-03 -6.803793e-04 -4.188490e-04 1.619454e+00 -1.167969e-02 -1.073937e-01
9.999992e-01 -9.257489e-04 2.589512e-04 -7.369122e-04 1.613696e+00 -2.406582e-02 -3.644536e-02
9.999989e-01 -1.185455e-03 -6.433017e-04 -6.916135e-04 1.605754e+00 -1.992708e-02 -4.493232e-02
9.999994e-01 -8.138085e-04 -5.845190e-05 -7.269217e-04 1.608809e+00 -1.056029e-02 -1.480227e-01
9.999982e-01 -1.199562e-03 1.194873e-03 -9.007478e-04 1.609606e+00 -2.421914e-02 -1.033697e-02
9.999981e-01 1.892527e-03 -1.082147e-04 -4.010382e-04 1.604551e+00 -9.793404e-03 -1.105182e-01
9.999989e-01 -1.285807e-03 7.663780e-04 -2.035537e-04 1.584626e+00 -2.563415e-02 -7.706398e-02
9.999985e-01 -1.328839e-03 -9.882421e-04 -4.260829e-04 1.606098e+00 -1.347075e-02 -5.033633e-02
9.999993e-01 8.890560e-04 5.017276e-04 -5.255818e-04 1.585869e+00 -1.450463e-02 -9.759435e-02
9.999994e-01 -3.107267e-04 9.625159e-04 -3.170561e-04 1.585578e+00 -1.334274e-02 -2.510255e-02
9.999986e-01 -1.647157e-03 3.513795e-05 -2.376844e-05 1.581376e+00 -4.612939e-03 -1.311488e-01
9.999980e-01 1.931407e-03 4.173747e-04 -3.931220e-04 1.552913e+00 -2.618253e-02 -1.195438e-01
9.999946e-01 -1.472881e-03 -2.941287e-03 -2.793236e-04 1.587204e+00 -2.450989e-03 4.003625e-02
9.999996e-01 -6.680483e-04 8.265904e-05 5.043696e-04 1.577977e+00 -2.310708e-04 -1.322843e-01
9.999923e-01 1.997597e-03 3.300867e-03 7.234945e-04 1.532725e+00 -2.027849e-02 -1.225322e-01
9.999984e-01 -1.472416e-03 -9.537811e-04 3.998847e-04 1.578507e+00 -2.096897e-02 1.089524e-02
9.999984e-01 1.757975e-03 -3.896069e-06 3.425936e-04 1.557922e+00 -7.712672e-03 -1.926372e-01
9.999924e-01 -1.216968e-03 -3.709715e-03 -1.749187e-04 1.557101e+00 -2.586714e-02 6.042805e-02
9.999978e-01 1.889337e-03 -9.048549e-04 4.481639e-05 1.555917e+00 1.287524e-02 -1.794013e-01
9.999942e-01 2.693962e-03 2.037586e-03 -3.816036e-04 1.567856e+00 -4.193318e-02 -6.309200e-02
9.999933e-01 -3.172493e-03 -1.817864e-03 1.666715e-04 1.575791e+00 4.964978e-03 -1.124099e-02
9.999993e-01 1.052371e-03 4.364611e-04 3.055302e-04 1.561303e+00 -1.297629e-02 -1.217274e-01
1.000000e+00 2.667359e-04 6.525022e-05 -7.910108e-05 1.553923e+00 -2.607766e-02 -1.004846e-01
9.999995e-01 -4.266818e-04 -8.746777e-04 2.822888e-04 1.567587e+00 -5.774191e-04 -2.552812e-02
9.999975e-01 2.067562e-03 3.445779e-04 6.849415e-04 1.542188e+00 -1.722851e-03 -1.070303e-01
9.999988e-01 -1.507187e-03 3.793600e-04 2.952515e-04 1.555150e+00 -3.010565e-02 -8.788180e-02
9.999983e-01 -7.401964e-04 -1.307098e-03 1.014854e-03 1.550912e+00 1.222692e-02 -6.984871e-02
9.999997e-01 3.639456e-04 2.907678e-05 6.784226e-04 1.545340e+00 -2.285679e-02 -1.153372e-01
9.999985e-01 -5.964523e-04 -1.551078e-03 3.950851e-04 1.561247e+00 -5.349384e-03 -7.058385e-02
9.999992e-01 1.199395e-03 -3.347139e-04 1.139625e-04 1.543602e+00 -9.023778e-03 -1.022483e-01
1.000000e+00 1.139419e-04 7.889097e-05 -1.332330e-04 1.549835e+00 -2.181460e-02 -6.503693e-02
9.999994e-01 -9.100010e-04 5.464756e-04 -2.284858e-04 1.554263e+00 -1.273392e-02 -8.764043e-02
9.999994e-01 -7.492981e-04 7.199911e-04 9.438677e-05 1.531169e+00 -9.633719e-03 -9.380222e-02
9.999992e-01 -9.907307e-04 7.924117e-04 3.334476e-05 1.551335e+00 -2.676618e-02 -8.106588e-02
9.999998e-01 -3.107184e-04 5.202423e-04 -1.760361e-04 1.548736e+00 -1.612913e-02 -1.191840e-01
9.999993e-01 6.901340e-04 9.093511e-04 2.302625e-04 1.543844e+00 -1.300475e-02 -3.974959e-02
9.999991e-01 -1.093562e-03 -1.470050e-04 7.497023e-04 1.540940e+00 -1.769503e-02 -1.438765e-01
9.999994e-01 2.028242e-04 5.553142e-04 9.687827e-04 1.551044e+00 -1.226447e-02 -6.004124e-02
9.999991e-01 -2.107983e-04 9.929274e-05 1.294843e-03 1.530754e+00 -5.225291e-03 -9.795371e-02
9.999968e-01 -1.439302e-03 8.637115e-04 1.887002e-03 1.543656e+00 -1.713105e-02 -7.883123e-02
9.999949e-01 -2.362583e-04 -1.909374e-03 2.543224e-03 1.523168e+00 1.364512e-03 -1.004237e-01
9.999938e-01 1.319112e-03 1.657804e-03 2.805831e-03 1.524459e+00 -1.303024e-02 -7.556610e-02
9.999880e-01 -1.384021e-03 -3.894867e-03 2.608708e-03 1.505591e+00 8.358646e-03 -1.482049e-01
9.999958e-01 -9.009294e-04 -1.998742e-03 1.860930e-03 1.499087e+00 -5.504800e-03 -7.529033e-02
9.999934e-01 5.208804e-05 -3.572953e-03 6.555469e-04 1.499847e+00 -1.133430e-02 -1.360066e-01
9.999946e-01 3.057982e-03 -1.190082e-03 -9.748142e-05 1.502894e+00 -2.523389e-02 -8.129908e-02
9.999998e-01 3.101488e-04 5.864242e-04 5.126592e-05 1.507214e+00 -3.661474e-03 -1.194350e-01
9.999996e-01 4.216309e-04 -7.777765e-04 3.271572e-04 1.493304e+00 -4.297753e-03 -1.315176e-01
9.999991e-01 -1.289553e-03 -4.274982e-04 8.067188e-05 1.483194e+00 -1.373092e-02 -7.459552e-02
9.999997e-01 -4.719674e-04 -3.420070e-04 5.274902e-04 1.460134e+00 -2.463018e-03 -1.820774e-01
9.999997e-01 4.122740e-04 5.783124e-04 5.720990e-05 1.466821e+00 -1.437448e-02 -8.667404e-02
9.999993e-01 -2.255610e-04 1.224265e-03 3.332476e-05 1.444354e+00 -1.094967e-02 -1.633418e-01
9.999989e-01 9.740132e-04 -8.771371e-04 -6.902153e-04 1.425935e+00 -2.040921e-02 -1.229863e-01
9.999984e-01 -1.193914e-03 6.902679e-04 -1.102494e-03 1.443357e+00 -1.836007e-02 -9.306934e-02
9.999999e-01 2.396538e-04 2.078750e-04 -2.715428e-04 1.439349e+00 -1.612337e-02 -1.029846e-01
9.999973e-01 -1.338355e-03 1.732682e-03 7.912848e-04 1.417361e+00 -1.483411e-03 -1.183587e-01
9.999996e-01 -2.396028e-05 -4.970750e-04 8.191189e-04 1.436313e+00 -9.461209e-03 -1.241686e-01
9.999992e-01 -2.111993e-04 4.941651e-04 1.123927e-03 1.425288e+00 7.710470e-03 -1.247554e-01
9.999992e-01 6.922076e-04 -1.870205e-04 1.042706e-03 1.422899e+00 -1.436255e-02 -9.581451e-02
9.999992e-01 -7.904785e-04 -9.965961e-05 9.740095e-04 1.411227e+00 -9.023786e-04 -1.309530e-01
9.999985e-01 8.112306e-05 -1.694541e-03 3.291918e-04 1.430184e+00 -1.730193e-02 -1.112466e-01
9.999996e-01 -2.421619e-04 4.740615e-04 7.586555e-04 1.456559e+00 -3.559158e-03 -1.026893e-01
9.999993e-01 -1.537198e-04 2.827832e-04 1.113867e-03 1.450150e+00 -8.443814e-03 -7.086521e-02
9.999962e-01 -1.396094e-03 1.250305e-03 2.020953e-03 1.438876e+00 -1.313901e-02 -1.636907e-01
9.999976e-01 2.235094e-04 -8.116824e-04 2.028683e-03 1.418602e+00 -2.390656e-03 -1.162516e-01
9.999985e-01 1.028516e-03 4.213057e-04 1.378697e-03 1.435382e+00 -1.010465e-02 -9.034827e-02
9.999969e-01 -4.387216e-04 1.817035e-03 1.633563e-03 1.448866e+00 3.250982e-03 -1.114552e-01
9.999866e-01 -4.614289e-03 6.168891e-04 2.268426e-03 1.421303e+00 -1.542191e-02 -1.423114e-01
9.999878e-01 3.891183e-03 -2.182978e-03 2.085062e-03 1.442749e+00 -1.732331e-03 -1.616843e-01
9.999806e-01 4.735243e-03 3.575424e-03 1.923119e-03 1.418363e+00 -1.294183e-02 -9.099589e-02
9.999969e-01 -1.792586e-03 -3.269536e-04 1.685264e-03 1.398526e+00 -8.896038e-03 -4.338531e-02
9.999970e-01 -1.205238e-04 -2.173025e-03 1.099295e-03 1.394753e+00 -1.192696e-03 -1.150153e-01
9.999986e-01 -6.816116e-04 -1.319341e-03 7.708446e-04 1.362116e+00 -1.111576e-02 -1.078791e-01
9.999976e-01 1.653862e-03 -1.120045e-03 9.481451e-04 1.373653e+00 -6.529230e-04 -1.316394e-01
9.999965e-01 7.836916e-04 2.210623e-03 1.192356e-03 1.347742e+00 -1.435047e-02 -6.767473e-02
9.999986e-01 6.090269e-05 -3.537265e-04 1.645656e-03 1.317626e+00 -7.911278e-03 -9.170074e-02
9.999932e-01 -1.300970e-03 1.671986e-03 3.022485e-03 1.322925e+00 6.369990e-03 -8.271132e-02
9.999966e-01 4.558526e-05 -1.435231e-03 2.170401e-03 1.285824e+00 -6.437099e-03 -1.088951e-01
9.999964e-01 -3.056413e-04 2.595532e-04 2.646089e-03 1.296955e+00 -7.220316e-03 -1.026738e-01
9.999958e-01 4.452942e-04 -1.041406e-03 2.660909e-03 1.285860e+00 4.598746e-03 -8.189966e-02
9.999957e-01 5.175030e-04 -9.202449e-04 2.741022e-03 1.276518e+00 -4.971094e-03 -1.381786e-01
9.999963e-01 3.747407e-04 -5.555070e-04 2.627648e-03 1.293042e+00 1.393796e-03 -6.915103e-02
9.999957e-01 5.300009e-04 -4.269704e-04 2.856127e-03 1.278820e+00 -1.319314e-03 -1.080037e-01
9.999943e-01 -8.952529e-04 -2.006497e-04 3.229149e-03 1.270028e+00 2.746384e-03 -9.325841e-02
9.999952e-01 -3.205489e-04 1.155863e-03 2.850720e-03 1.286053e+00 -7.476963e-03 -6.864899e-02
9.999948e-01 -8.087157e-04 -8.561308e-05 3.121876e-03 1.273268e+00 -8.391606e-03 -1.383586e-01
9.999969e-01 -3.755212e-04 7.780644e-04 2.332888e-03 1.273481e+00 -1.098252e-02 -6.013479e-02
9.999973e-01 -1.221185e-03 6.153551e-04 1.875740e-03 1.275708e+00 -1.022398e-02 -1.140076e-01
9.999978e-01 8.592386e-05 -5.681354e-05 2.099820e-03 1.300085e+00 -1.595792e-03 -1.026619e-01
9.999977e-01 2.980001e-05 5.255682e-04 2.056102e-03 1.312303e+00 -8.893918e-03 -9.210852e-02
9.999967e-01 9.779062e-04 -8.075069e-04 2.217991e-03 1.312872e+00 -4.403930e-03 -1.106508e-01
9.999970e-01 -7.869070e-04 3.054986e-04 2.312032e-03 1.322458e+00 6.873116e-03 -6.684262e-02
9.999954e-01 4.278158e-04 -2.310002e-03 1.942264e-03 1.293288e+00 -2.242951e-03 -1.288329e-01
9.999988e-01 3.389109e-04 -8.521735e-04 1.273277e-03 1.322361e+00 -1.022647e-02 -1.014439e-01
9.999963e-01 8.792489e-04 -2.209830e-03 1.272207e-03 1.308246e+00 -2.180529e-04 -1.241689e-01
9.999984e-01 -2.117768e-04 8.387781e-04 1.568634e-03 1.329266e+00 -9.745868e-03 -8.373855e-02
9.999975e-01 2.666208e-04 -7.195678e-05 2.189673e-03 1.322131e+00 4.429933e-03 -1.014597e-01
9.999971e-01 3.198307e-04 -2.960892e-04 2.388061e-03 1.334173e+00 3.527966e-03 -8.928549e-02
9.999979e-01 -1.234421e-04 -2.762719e-04 2.005859e-03 1.299289e+00 -7.254346e-03 -1.070882e-01
9.999963e-01 3.562550e-04 -3.761939e-04 2.685440e-03 1.351942e+00 5.101036e-03 -8.014196e-02
9.999977e-01 3.507616e-04 7.006421e-04 1.985801e-03 1.334734e+00 -1.499211e-02 -7.931103e-02
9.999971e-01 -1.045585e-04 -6.102221e-04 2.350121e-03 1.345448e+00 5.313716e-03 -1.296784e-01
9.999988e-01 2.713824e-04 -6.153092e-04 1.428389e-03 1.328911e+00 -1.568389e-02 -1.080534e-01
9.999978e-01 -1.014330e-03 1.745103e-04 1.834986e-03 1.349556e+00 -5.159274e-05 -1.271482e-01
9.999973e-01 2.574392e-04 2.006165e-04 2.315441e-03 1.357531e+00 -6.797291e-03 -8.839509e-02
9.999943e-01 -6.651682e-04 8.862218e-04 3.202731e-03 1.370080e+00 1.693189e-02 -1.051506e-01
9.999945e-01 9.148837e-04 -6.820415e-04 3.117529e-03 1.356207e+00 5.729533e-04 -1.194972e-01
9.999965e-01 8.053907e-04 -3.545905e-04 2.498808e-03 1.377476e+00 -1.454508e-02 -8.647774e-02
9.999966e-01 8.153503e-04 -9.949707e-04 2.280263e-03 1.367542e+00 7.835405e-03 -1.302421e-01
9.999970e-01 -4.708244e-04 -9.131126e-04 2.204121e-03 1.360168e+00 -1.272369e-02 -9.476012e-02
9.999962e-01 5.709444e-04 -6.744822e-04 2.624453e-03 1.391844e+00 7.971305e-03 -1.182533e-01
9.999982e-01 -2.775470e-04 -4.346059e-04 1.850185e-03 1.384217e+00 -1.011591e-02 -1.134102e-01
9.999953e-01 6.494858e-04 -1.700109e-03 2.455902e-03 1.388678e+00 1.418493e-02 -1.353677e-01
9.999991e-01 4.916733e-04 -4.676970e-04 1.176806e-03 1.383346e+00 -1.888255e-02 -7.911553e-02
9.999980e-01 -2.996697e-04 -1.992960e-03 1.528878e-04 1.397986e+00 1.040323e-02 -1.143398e-01
9.999995e-01 4.581746e-04 -6.620812e-04 -6.299050e-04 1.398952e+00 -7.226774e-03 -1.615468e-01
9.999993e-01 -2.638038e-05 -1.168187e-03 2.035673e-06 1.401344e+00 -8.425219e-03 -8.037921e-02
9.999974e-01 2.234225e-04 2.275578e-03 -2.981069e-04 1.414690e+00 -2.141233e-02 -1.192280e-01
9.999992e-01 -9.755619e-04 4.331587e-04 6.404234e-04 1.415694e+00 6.401739e-03 -1.352740e-01
9.999985e-01 3.255610e-04 1.690856e-03 3.541588e-04 1.413686e+00 -2.107488e-02 -9.861063e-02
9.999982e-01 -1.104123e-03 6.793946e-04 1.353261e-03 1.423873e+00 -7.531178e-03 -1.436775e-01
9.999982e-01 2.326524e-04 1.096065e-03 1.527807e-03 1.427410e+00 -5.394500e-03 -1.017106e-01
9.999976e-01 -6.794155e-04 9.181540e-04 1.849769e-03 1.418582e+00 -7.131644e-03 -1.116091e-01
9.999986e-01 -2.964456e-04 4.949289e-04 1.545908e-03 1.464022e+00 -3.834325e-03 -1.158970e-01
9.999981e-01 1.949640e-04 3.189290e-04 1.939367e-03 1.425002e+00 6.148233e-03 -1.413087e-01
9.999969e-01 -3.664521e-04 1.632289e-03 1.867883e-03 1.455637e+00 -3.373977e-02 -8.954469e-02
9.999951e-01 5.100790e-04 9.480774e-04 2.930572e-03 1.453046e+00 1.111102e-02 -1.262765e-01
9.999938e-01 9.752840e-05 1.654570e-03 3.096129e-03 1.455501e+00 3.013508e-03 -6.311295e-02
9.999955e-01 -4.458058e-04 2.776489e-04 2.952241e-03 1.440000e+00 -9.073697e-03 -8.239508e-02
9.999942e-01 9.383249e-05 1.448948e-03 3.073786e-03 1.468443e+00 3.150258e-03 -1.103026e-01
9.999923e-01 5.375665e-04 -2.201360e-03 3.216781e-03 1.437477e+00 3.219123e-02 -1.413187e-01
9.999892e-01 1.642422e-03 2.336516e-03 3.673945e-03 1.487197e+00 -5.314675e-02 -6.431795e-02
9.999943e-01 -7.463345e-04 -1.881517e-03 2.682047e-03 1.400131e+00 2.804734e-02 -1.424091e-01
9.999923e-01 7.644329e-04 1.647251e-03 3.466855e-03 1.463375e+00 -1.042622e-03 -7.232176e-02
9.999929e-01 1.213339e-03 7.977159e-04 3.488490e-03 1.477096e+00 -3.324114e-02 -7.983743e-02
9.999983e-01 7.117953e-04 -1.695822e-04 1.659505e-03 1.390641e+00 1.907413e-02 -9.757300e-02
9.999974e-01 1.994488e-04 5.915040e-04 2.179706e-03 1.463823e+00 -4.305883e-02 -4.814547e-02
9.999963e-01 -3.523431e-05 2.004334e-03 1.845836e-03 1.422817e+00 7.804090e-03 -7.009478e-02
9.999957e-01 -1.243949e-03 -3.717432e-04 2.623980e-03 1.433450e+00 8.928796e-04 -1.255448e-01
9.999935e-01 1.302343e-03 1.708114e-03 2.889174e-03 1.432663e+00 -6.279956e-03 -4.737812e-02
9.999961e-01 -4.502316e-04 5.282804e-04 2.675903e-03 1.436081e+00 -1.497530e-02 -4.246136e-02
9.999952e-01 1.000039e-03 -1.505823e-04 2.917344e-03 1.437794e+00 2.057326e-03 -8.514605e-02
9.999953e-01 -1.064712e-03 -2.223078e-04 2.873767e-03 1.440311e+00 -1.013183e-03 -5.097886e-02
9.999972e-01 -2.751541e-04 -2.608381e-04 2.332661e-03 1.429624e+00 -7.775442e-03 -7.562108e-02
9.999959e-01 -1.498454e-03 -2.038496e-04 2.443976e-03 1.427120e+00 -7.901507e-03 -8.414988e-02
9.999979e-01 4.464681e-04 -4.375171e-04 1.929955e-03 1.457743e+00 -2.043128e-02 1.963740e-02
9.999974e-01 -1.459223e-03 -1.473106e-03 9.582005e-04 1.431258e+00 2.231526e-03 -1.273090e-01
9.999988e-01 -5.586149e-04 -1.381433e-03 4.673928e-04 1.466788e+00 -4.333859e-03 -1.075006e-01
9.999983e-01 -1.223167e-03 -2.318508e-05 1.361227e-03 1.430109e+00 -2.231538e-02 -4.178041e-02
9.999979e-01 1.388737e-03 -7.272693e-04 1.312465e-03 1.493151e+00 1.275985e-03 -7.285155e-02
9.999992e-01 6.229151e-04 -3.809603e-07 1.091461e-03 1.419003e+00 -1.559513e-02 -9.377900e-02
9.999970e-01 1.990348e-03 2.547671e-04 1.400254e-03 1.490562e+00 -7.132430e-03 -5.496246e-02
9.999987e-01 6.216455e-04 5.873030e-04 1.344599e-03 1.467745e+00 -1.432267e-02 -1.173959e-01
9.999992e-01 1.023810e-04 -1.004198e-03 7.714769e-04 1.441598e+00 -8.292540e-03 -4.366775e-02
9.999995e-01 -8.389440e-04 2.654733e-04 3.482903e-04 1.451635e+00 -1.000419e-02 -1.183440e-01
9.999998e-01 -5.621226e-04 -2.984380e-04 2.218041e-04 1.477120e+00 -5.404039e-03 -6.663436e-02
9.999992e-01 7.206410e-04 -6.827566e-04 -7.460560e-04 1.442134e+00 -2.864925e-02 -6.146118e-02
9.999991e-01 -5.264806e-05 -1.314754e-03 -7.155847e-05 1.496656e+00 -7.970404e-04 -1.267124e-01
9.999992e-01 4.278711e-04 1.418387e-05 -1.185883e-03 1.472554e+00 -1.236249e-02 -7.164480e-02
9.999995e-01 -3.553683e-05 -9.169081e-04 1.602208e-04 1.483413e+00 -1.430599e-03 -1.141269e-01
9.999993e-01 4.910900e-04 1.086420e-03 -8.765132e-05 1.467767e+00 -1.427818e-02 -9.034659e-02
9.999995e-01 -7.973524e-04 -1.563084e-04 5.123583e-04 1.481023e+00 -6.649192e-04 -8.888682e-02
9.999989e-01 1.664258e-05 1.466650e-03 2.172605e-04 1.487852e+00 -7.786362e-03 -7.572666e-02
9.999990e-01 -7.727674e-04 -1.032042e-04 1.200481e-03 1.479600e+00 -4.298560e-03 -7.743479e-02
9.999985e-01 1.888230e-04 1.430637e-03 9.821222e-04 1.473426e+00 -8.198060e-03 -4.001476e-02
9.999996e-01 -5.670271e-04 -3.744493e-04 4.984981e-04 1.468635e+00 -1.753519e-02 -9.419565e-02
9.999996e-01 8.942486e-04 -9.619816e-05 2.880156e-04 1.482535e+00 -1.172024e-02 -7.879993e-02
9.999995e-01 -4.620636e-04 6.853282e-04 4.908911e-04 1.499319e+00 -9.201120e-03 -7.046283e-02
9.999993e-01 7.076896e-04 8.508050e-04 3.374618e-04 1.495296e+00 -2.675823e-02 -1.058782e-01
9.999995e-01 -5.371521e-04 7.400311e-04 5.068602e-04 1.482707e+00 -7.270848e-03 -7.182198e-02
9.999996e-01 6.220493e-04 4.136846e-04 3.901966e-04 1.506691e+00 -2.028980e-02 -7.683091e-02
9.999985e-01 -4.173909e-04 1.689833e-03 1.269755e-04 1.489401e+00 -1.566895e-02 -8.640136e-02
9.999992e-01 -9.003496e-04 -8.167820e-04 1.265713e-04 1.517835e+00 3.408505e-03 -6.009905e-02
9.999990e-01 9.369067e-04 1.060144e-03 -4.626668e-05 1.506253e+00 -1.907421e-02 -1.081908e-01
1.000000e+00 3.138194e-04 -8.324622e-05 -1.196605e-04 1.519081e+00 -1.321318e-02 -6.825686e-02
9.999996e-01 1.867794e-04 2.237287e-04 -8.259067e-04 1.484290e+00 -3.116749e-02 -1.546347e-02
9.999990e-01 -1.250910e-03 -7.655380e-05 -7.056711e-04 1.516909e+00 -6.810396e-03 -1.173821e-01
9.999991e-01 3.281593e-04 1.100670e-03 -6.610303e-04 1.521967e+00 -2.362948e-02 -4.765071e-02
9.999998e-01 -9.843880e-05 1.131649e-04 -5.793810e-04 1.530715e+00 -9.550879e-03 -6.391992e-02
9.999997e-01 7.803227e-05 7.623052e-04 -2.665052e-04 1.514609e+00 -1.190188e-02 -8.346950e-02
9.999999e-01 1.754924e-05 2.597384e-04 -3.339690e-04 1.548254e+00 -1.521459e-02 -4.839314e-02
9.999995e-01 -3.224128e-04 8.800775e-04 -2.190955e-04 1.531814e+00 -9.426379e-03 -6.053791e-02
9.999996e-01 8.772881e-04 9.311749e-05 6.101135e-05 1.541873e+00 -1.219390e-02 -9.907656e-02
9.999996e-01 -5.622158e-04 5.712708e-04 -1.765938e-04 1.528402e+00 -2.400973e-02 -4.728043e-02
9.999998e-01 5.981713e-04 -2.446432e-04 -1.872973e-04 1.524288e+00 -1.617524e-02 -5.279848e-02
9.999993e-01 -8.893646e-04 7.107725e-04 2.711783e-04 1.551806e+00 1.586953e-03 -5.837982e-03
9.999988e-01 1.071661e-03 -6.301047e-04 9.059762e-04 1.540833e+00 -1.465145e-02 -1.392259e-01
9.999996e-01 3.027907e-04 -8.948219e-05 8.982994e-04 1.572808e+00 -1.041194e-02 -1.969412e-02
9.999995e-01 2.554709e-04 -9.175827e-04 -1.522527e-04 1.548391e+00 -1.423928e-02 -2.046248e-02
9.999991e-01 -1.581649e-04 -1.058741e-03 -7.691648e-04 1.546875e+00 -2.741832e-02 -1.411993e-01
9.999881e-01 1.834906e-03 4.503047e-03 3.338131e-04 1.589690e+00 -1.757927e-02 -9.347770e-02
9.999937e-01 -3.152654e-03 -1.224630e-03 1.065229e-03 1.562391e+00 -6.989295e-03 -2.111975e-02
9.999959e-01 -2.484191e-03 7.684071e-04 1.162041e-03 1.546813e+00 -1.717080e-02 -1.201633e-01
9.999994e-01 4.440002e-04 -7.675900e-04 6.661451e-04 1.585465e+00 3.474641e-03 3.037461e-02
9.999969e-01 1.963334e-03 -8.808171e-04 1.222896e-03 1.580138e+00 -1.227903e-02 -1.017096e-01
9.999977e-01 1.698464e-03 -8.545997e-04 9.988792e-04 1.600530e+00 -1.995243e-02 -1.071595e-01
9.999988e-01 -1.297354e-03 1.298850e-04 8.244909e-04 1.561807e+00 -7.784670e-05 -3.666513e-02
9.999994e-01 -6.452063e-04 4.303722e-04 7.654534e-04 1.579379e+00 -2.246508e-02 -6.895865e-02
9.999997e-01 -1.190443e-04 1.251675e-04 6.954933e-04 1.579244e+00 -4.058318e-03 -3.546606e-02
9.999983e-01 1.585300e-03 -6.824978e-04 6.876520e-04 1.572490e+00 -1.006477e-02 -7.701353e-02
9.999999e-01 -8.850051e-05 1.539401e-04 4.653070e-04 1.568495e+00 -2.297310e-02 -7.410784e-02
9.999994e-01 5.572924e-04 -7.206272e-04 5.131012e-04 1.577725e+00 -6.812879e-03 -6.017007e-02
9.999997e-01 -8.305605e-05 5.542190e-04 5.383952e-04 1.591120e+00 -1.934773e-02 -7.855137e-02
9.999997e-01 1.481013e-04 -7.380097e-04 2.455951e-04 1.558140e+00 -1.446334e-02 -3.652971e-02
9.999998e-01 -6.280407e-04 1.232195e-04 -1.241180e-04 1.585554e+00 -2.303864e-02 -7.296318e-02
9.999991e-01 -1.292373e-03 -2.426564e-04 -3.315885e-05 1.593741e+00 -9.301313e-03 -4.508673e-02
1.000000e+00 -2.482281e-05 2.519618e-04 2.223511e-04 1.603223e+00 -2.375026e-03 -8.658048e-02
9.999985e-01 1.672386e-03 1.107148e-04 -2.978014e-04 1.592834e+00 -2.858871e-02 -5.228071e-02
9.999995e-01 -8.481886e-04 -6.023820e-04 -1.233832e-04 1.570485e+00 -3.812150e-03 -6.761777e-02
9.999997e-01 -4.444634e-05 6.648765e-04 -2.783256e-05 1.604333e+00 -8.459241e-03 -8.052039e-02
9.999998e-01 2.415058e-04 5.612528e-04 1.469966e-04 1.593244e+00 -1.964053e-02 -5.948328e-02
9.999998e-01 4.279600e-04 -3.850013e-04 -1.074683e-04 1.580602e+00 -4.997820e-04 -6.992771e-02
9.999986e-01 8.076294e-04 1.432441e-03 -2.839947e-04 1.572093e+00 -2.769778e-02 -4.002652e-02
1.000000e+00 1.821154e-04 2.257108e-04 2.352755e-04 1.585687e+00 -1.086309e-02 -4.522417e-02
9.999990e-01 -7.030424e-04 1.084111e-03 5.240448e-04 1.579873e+00 -1.765774e-02 -5.418878e-02
9.999998e-01 -3.348447e-04 -5.336122e-04 -9.765423e-05 1.577150e+00 -7.348361e-03 -6.173791e-02
9.999998e-01 -5.346187e-04 9.283771e-05 1.558931e-04 1.569227e+00 -2.408593e-02 -1.956988e-02
9.999997e-01 -2.764151e-04 5.777677e-04 3.270425e-04 1.585465e+00 -4.190576e-03 -4.809630e-02
9.999996e-01 -5.430794e-04 3.764629e-05 6.765047e-04 1.580658e+00 -9.152924e-03 -8.089852e-02
9.999994e-01 -5.578147e-04 -4.997544e-04 7.823155e-04 1.579025e+00 -1.496249e-02 -4.822871e-02
9.999995e-01 8.701990e-04 1.275235e-04 4.251159e-04 1.578296e+00 -1.524557e-02 -7.557885e-02
9.999996e-01 -5.747077e-05 -6.204891e-04 6.695527e-04 1.560227e+00 -1.407154e-02 -5.138327e-02
9.999993e-01 1.759395e-04 6.499441e-04 9.700247e-04 1.550658e+00 -1.127319e-02 -3.529336e-02
9.999986e-01 -5.690098e-04 -1.097401e-03 1.116633e-03 1.561776e+00 9.479702e-03 -6.640844e-02
9.999971e-01 1.846709e-03 -1.534223e-03 2.413687e-04 1.539532e+00 -1.696730e-02 -9.638125e-02
9.999998e-01 -3.591885e-05 -4.176348e-04 4.160124e-04 1.567001e+00 -1.979535e-02 -7.404058e-02
9.999996e-01 1.469736e-04 -5.045586e-04 6.164721e-04 1.564890e+00 3.052478e-03 -4.506369e-02
9.999988e-01 1.971798e-04 1.509024e-03 2.337199e-04 1.527410e+00 -2.012041e-02 -1.690397e-02
