1.0 0.0 0.0 0.0 0.0 0.0 0.0
9.999962e-01 -1.081158e-03 1.621851e-04 2.504751e-03 1.584087e+00 -4.300190e-02 -2.315073e-02
9.999981e-01 5.969230e-04 1.489405e-03 -1.078236e-03 1.420315e+00 -2.423118e-02 -3.163277e-02
9.999980e-01 -1.389099e-03 7.063841e-04 -1.228626e-03 1.397001e+00 -1.975120e-02 -3.777662e-02
9.999966e-01 1.050349e-03 1.796148e-03 -1.581272e-03 1.377368e+00 -1.707613e-02 -1.012879e-02
9.999984e-01 -1.024506e-03 7.528376e-04 -1.245335e-03 1.379351e+00 -9.287340e-03 -2.244004e-02
9.999985e-01 2.924258e-04 3.774483e-04 -1.659321e-03 1.381032e+00 -2.221364e-02 -2.468351e-02
9.999980e-01 -1.018013e-03 1.063056e-03 -1.308627e-03 1.387358e+00 -2.581043e-03 -9.964484e-03
9.999986e-01 -6.731610e-04 -9.231439e-05 -1.542362e-03 1.328558e+00 -1.936435e-02 -1.997527e-02
9.999965e-01 -2.547739e-04 1.966175e-03 -1.767760e-03 1.328060e+00 -1.191528e-02 -8.086561e-03
9.999976e-01 -1.406034e-03 -7.834034e-04 -1.507327e-03 1.317930e+00 -2.723180e-02 -3.337651e-02
9.999973e-01 1.203534e-03 1.254540e-03 -1.541503e-03 1.303074e+00 -3.241618e-03 -6.100209e-03
9.999982e-01 -5.658235e-04 -9.258616e-04 -1.560055e-03 1.291958e+00 -3.090850e-02 -3.083314e-02
9.999977e-01 8.750701e-04 1.181335e-03 -1.588281e-03 1.305600e+00 -1.918374e-02 -8.342764e-03
9.999974e-01 -7.474360e-04 -7.685364e-04 -1.991237e-03 1.290772e+00 -1.145755e-02 -1.279630e-03
9.999980e-01 1.363521e-04 8.193866e-04 -1.786237e-03 1.250691e+00 -1.532164e-02 -1.472539e-02
9.999966e-01 -1.184254e-03 -1.447751e-03 -1.828133e-03 1.263697e+00 -2.808398e-02 -2.136363e-02
9.999983e-01 8.996493e-05 3.839800e-04 -1.812793e-03 1.283098e+00 -1.616897e-02 -8.289494e-03
9.999988e-01 1.289019e-03 -4.385707e-04 -7.061833e-04 1.241979e+00 -7.631979e-03 -1.455149e-02
9.999966e-01 2.390533e-03 7.771066e-04 -6.716535e-04 1.251019e+00 -1.468952e-02 -1.870751e-02
9.999991e-01 8.890841e-04 -8.268202e-04 -6.315575e-04 1.227322e+00 -2.869906e-02 -5.785121e-03
9.999996e-01 4.952868e-04 -7.671299e-04 2.142015e-04 1.242673e+00 -8.827145e-03 -2.533760e-02
9.999997e-01 -5.442880e-04 -3.625579e-04 -4.521405e-04 1.218089e+00 -3.339697e-02 3.288556e-03
9.999991e-01 -1.080059e-03 7.394887e-04 -1.535196e-04 1.209220e+00 2.190978e-03 -1.871358e-02
9.999987e-01 -1.556268e-03 -4.996865e-04 9.237871e-05 1.196770e+00 -2.101799e-02 -8.590271e-03
9.999996e-01 -8.436161e-04 -3.898093e-04 -1.790821e-04 1.200880e+00 -7.233130e-03 -2.979104e-02
9.999998e-01 6.316551e-04 3.936599e-05 -1.233811e-05 1.186957e+00 -1.439546e-02 -1.094399e-02
9.999998e-01 4.223170e-04 -6.410022e-05 -3.960675e-04 1.157680e+00 -1.361484e-02 -3.492399e-02
9.999994e-01 7.923530e-05 -1.044378e-03 -2.507776e-04 1.165297e+00 -1.134848e-03 -7.216919e-03
9.999995e-01 -9.227299e-04 2.086537e-04 -3.175288e-04 1.171401e+00 -1.097217e-02 -2.431784e-02
9.999987e-01 -4.746040e-04 -1.572779e-03 -1.603015e-04 1.156441e+00 -1.674843e-02 -1.574456e-02
9.999995e-01 -6.845502e-04 1.565163e-04 -7.343140e-04 1.161091e+00 -4.404107e-03 -3.486363e-02
9.999990e-01 -2.473004e-04 -1.389213e-03 -1.066921e-05 1.160635e+00 -1.009012e-02 -1.190391e-02
9.999998e-01 -3.260669e-04 2.549102e-04 -3.445019e-04 1.162272e+00 -1.548691e-02 -3.620961e-02
9.999998e-01 2.681591e-04 -5.150908e-04 -5.263189e-05 1.155117e+00 -1.074418e-02 -3.050147e-02
9.999994e-01 1.027201e-03 -2.371314e-04 -1.766379e-05 1.137595e+00 -5.391830e-03 -2.110461e-02
1.000000e+00 1.073163e-04 2.002324e-04 -8.842079e-05 1.154071e+00 -1.479943e-02 -3.107080e-02
9.999999e-01 2.545931e-04 -3.113806e-04 -3.874353e-05 1.134444e+00 -1.399835e-02 -2.416340e-02
9.999997e-01 -3.164548e-04 6.727099e-04 2.661314e-04 1.152606e+00 -5.386745e-03 -2.378466e-02
9.999987e-01 -1.047548e-03 1.236802e-03 -2.417707e-04 1.116424e+00 -1.605183e-02 -2.187603e-02
9.999999e-01 -2.404060e-04 4.721818e-04 6.805684e-06 1.157307e+00 -2.269260e-02 -3.925501e-02
1.000000e+00 -9.385750e-06 2.012140e-04 2.579391e-05 1.116633e+00 -1.331685e-02 -1.824986e-02
9.999999e-01 -4.101977e-05 5.429508e-04 2.522168e-05 1.117827e+00 2.100515e-03 -2.550117e-02
9.999996e-01 6.130158e-04 5.757772e-04 4.358461e-05 1.142415e+00 -1.191820e-02 -2.532903e-02
9.999999e-01 -7.777473e-05 4.899159e-04 -1.146293e-04 1.126747e+00 -1.443705e-02 -2.301657e-02
9.999998e-01 -2.823554e-04 -4.209176e-04 -2.547017e-04 1.123891e+00 -1.394989e-02 -1.750866e-02
9.999991e-01 -7.532649e-04 1.030998e-03 3.235805e-04 1.100774e+00 -1.781447e-02 -2.645467e-02
9.999998e-01 -5.777542e-04 -2.249280e-04 -3.683044e-04 1.110333e+00 -1.002989e-02 -1.218720e-02
9.999999e-01 7.136117e-05 3.605662e-04 -1.172481e-04 1.126692e+00 -5.760711e-03 -3.235489e-02
9.999998e-01 -6.315616e-04 2.592459e-04 -2.174655e-04 1.103327e+00 -3.776838e-03 -9.754373e-03
9.999996e-01 -2.221769e-04 -8.636978e-04 -1.386876e-04 1.113083e+00 -2.400119e-02 -3.409110e-02
9.999994e-01 -7.372858e-05 -1.014907e-03 -2.666749e-04 1.102129e+00 -6.784835e-03 -1.879152e-02
9.999996e-01 -2.141591e-04 -7.297534e-04 3.619968e-04 1.092155e+00 -7.435062e-03 -3.020507e-02
9.999982e-01 -1.061827e-03 -1.546990e-03 -2.925281e-04 1.099115e+00 -6.898627e-03 -2.041725e-02
1.000000e+00 -1.116504e-05 -2.291103e-04 -2.394309e-04 1.114755e+00 -1.923229e-02 -5.194965e-02
9.999986e-01 -2.746766e-04 -1.634025e-03 -2.541940e-04 1.082973e+00 -4.906254e-04 -3.000391e-02
9.999997e-01 5.169087e-04 -5.761042e-04 1.472687e-04 1.100397e+00 -5.225960e-03 -3.463400e-02
9.999997e-01 -2.478106e-04 -7.649716e-04 -1.845834e-04 1.097089e+00 -5.518623e-03 -5.062722e-02
9.999996e-01 4.364946e-04 -7.364803e-04 -2.437881e-04 1.099999e+00 -1.520063e-03 -2.671621e-02
9.999986e-01 -5.784342e-04 -1.542006e-03 1.226826e-04 1.083488e+00 -5.262085e-03 -4.276351e-02
9.999978e-01 8.557715e-04 -1.908822e-03 1.509310e-04 1.065458e+00 -1.917123e-02 -4.931529e-02
9.999997e-01 6.216407e-04 3.712234e-04 -1.598535e-04 1.126452e+00 9.319790e-04 -4.821177e-02
9.999983e-01 6.119821e-04 -1.711691e-03 -1.818362e-04 1.080234e+00 -2.935370e-03 -4.935887e-02
9.999984e-01 -1.594739e-03 -7.427410e-04 2.489757e-04 1.070685e+00 -1.023477e-02 -5.059052e-02
9.999996e-01 -3.757535e-04 -7.758642e-04 -2.292789e-04 1.098448e+00 -2.123008e-03 -5.817719e-02
1.000000e+00 1.678343e-04 -1.344311e-04 2.274757e-04 1.084817e+00 -1.422602e-02 -5.649312e-02
9.999998e-01 2.594017e-04 -2.957871e-04 -3.876752e-04 1.080354e+00 -6.309175e-03 -5.089539e-02
9.999998e-01 1.131634e-05 4.013293e-04 5.449010e-04 1.100937e+00 8.355237e-03 -5.874060e-02
9.999992e-01 -1.031851e-03 -6.218973e-04 1.889591e-04 1.097520e+00 -1.479775e-02 -4.637538e-02
1.000000e+00 -1.886794e-04 -3.087400e-05 1.485902e-04 1.085147e+00 3.807847e-05 -6.825776e-02
9.999988e-01 5.540637e-04 -1.300796e-03 5.862129e-04 1.096326e+00 -9.187280e-03 -5.349636e-02
9.999994e-01 9.202859e-04 -3.015790e-04 5.235367e-04 1.100702e+00 -1.099960e-03 -6.428265e-02
9.999989e-01 -9.434060e-04 -1.191417e-03 1.525971e-04 1.092817e+00 -1.325046e-02 -6.302137e-02
9.999998e-01 2.669576e-04 -4.661489e-04 2.591078e-04 1.092535e+00 -1.534872e-03 -5.497831e-02
9.999984e-01 -1.721357e-03 -2.881838e-04 5.397138e-04 1.088449e+00 -1.219156e-03 -6.595703e-02
9.999990e-01 2.631399e-04 -5.424630e-04 1.255947e-03 1.103297e+00 -5.995775e-03 -6.021797e-02
9.999992e-01 -1.874155e-04 5.077907e-04 1.171710e-03 1.081652e+00 -6.930676e-03 -8.082562e-02
9.999972e-01 -1.058152e-04 -1.550622e-03 1.769841e-03 1.089793e+00 1.461260e-03 -7.167414e-02
9.999990e-01 -1.443500e-04 -1.382205e-04 1.366253e-03 1.080215e+00 -1.378448e-02 -8.739439e-02
9.999985e-01 -4.359659e-05 -1.208655e-03 1.227366e-03 1.104453e+00 -3.503841e-03 -7.190489e-02
9.999985e-01 4.066405e-04 -4.172211e-04 1.619130e-03 1.118542e+00 6.463327e-03 -7.676423e-02
9.999992e-01 4.387784e-05 -9.054112e-04 8.923808e-04 1.090486e+00 -2.416160e-03 -8.162496e-02
9.999983e-01 6.614825e-04 -7.662536e-04 1.584037e-03 1.088005e+00 -5.944795e-03 -8.350744e-02
9.999991e-01 -1.138568e-03 -4.573607e-04 4.949249e-04 1.097541e+00 -3.732581e-03 -7.005882e-02
9.999990e-01 5.710880e-04 -7.435970e-04 1.078372e-03 1.125490e+00 -3.623661e-03 -9.242180e-02
9.999986e-01 -6.080001e-04 -7.908032e-04 1.361970e-03 1.095683e+00 5.176216e-03 -7.169040e-02
9.999994e-01 -2.294815e-05 -7.699215e-04 7.834534e-04 1.091474e+00 -4.615500e-03 -9.311711e-02
9.999978e-01 -1.515605e-04 -1.815366e-03 1.041824e-03 1.122634e+00 1.368163e-02 -8.886888e-02
9.999978e-01 7.759459e-04 -1.636028e-03 1.041450e-03 1.098107e+00 -1.170673e-02 -9.760819e-02
9.999973e-01 4.276816e-04 -1.911700e-03 1.286798e-03 1.117320e+00 5.005517e-03 -9.641848e-02
9.999992e-01 3.122473e-04 -1.068501e-03 5.874277e-04 1.114919e+00 -3.019878e-03 -8.658972e-02
9.999990e-01 4.295239e-04 -9.318927e-04 9.128135e-04 1.114036e+00 7.676141e-03 -1.087377e-01
9.999999e-01 1.597139e-04 -2.433799e-04 3.048905e-04 1.112475e+00 -7.301207e-03 -9.451586e-02
9.999990e-01 5.251051e-04 -5.552439e-04 1.174719e-03 1.106175e+00 5.238831e-03 -1.019668e-01
9.999997e-01 4.125463e-04 8.185626e-05 6.527276e-04 1.125115e+00 -4.916790e-03 -9.882573e-02
9.999995e-01 1.215570e-04 -6.945063e-04 6.567000e-04 1.126997e+00 -1.027150e-02 -1.128133e-01
9.999993e-01 5.205460e-04 -9.171082e-04 5.127519e-04 1.084797e+00 -6.012505e-03 -9.659831e-02
9.999989e-01 -4.148610e-04 -1.382884e-03 -1.236987e-04 1.118544e+00 8.578030e-03 -1.093060e-01
9.999994e-01 2.884711e-04 -8.011975e-04 -6.895128e-04 1.124558e+00 -1.815037e-03 -1.035062e-01
9.999968e-01 3.963645e-04 -2.148484e-03 -1.297170e-03 1.121737e+00 -4.270159e-03 -1.131601e-01
9.999993e-01 -1.732440e-04 1.675110e-05 -1.127142e-03 1.088061e+00 -6.690075e-03 -1.205658e-01
9.999991e-01 -2.972496e-04 -8.005260e-04 -1.093791e-03 1.103336e+00 -1.586822e-02 -1.119150e-01
9.999991e-01 -1.379005e-04 -4.375865e-04 -1.240151e-03 1.120068e+00 -5.230406e-03 -1.201039e-01
9.999996e-01 -1.148803e-04 -2.078961e-04 -8.892546e-04 1.123011e+00 -6.009337e-03 -1.157189e-01
9.999987e-01 -5.794533e-05 -1.480854e-03 -6.550902e-04 1.116629e+00 -1.555935e-02 -1.228332e-01
9.999994e-01 -4.227364e-04 3.646258e-04 -9.103213e-04 1.085148e+00 -9.816818e-03 -1.115456e-01
9.999982e-01 4.172451e-04 -1.621103e-03 -9.189778e-04 1.114037e+00 1.347147e-03 -1.132866e-01
9.999998e-01 4.082602e-04 3.218440e-04 -4.832544e-04 1.117362e+00 1.817384e-03 -1.485151e-01
9.999997e-01 6.289410e-04 -4.856329e-04 2.262173e-04 1.131405e+00 -1.338900e-02 -9.898236e-02
9.999997e-01 7.429805e-05 6.337411e-04 3.582518e-04 1.106048e+00 4.304376e-03 -1.364492e-01
9.999992e-01 -1.430458e-04 -7.492305e-04 9.638806e-04 1.102239e+00 -3.832911e-03 -1.166607e-01
9.999995e-01 -6.668784e-04 -3.036478e-04 6.398335e-04 1.120653e+00 4.543591e-03 -1.172517e-01
9.999990e-01 -7.904160e-04 -9.266642e-04 7.809321e-04 1.136372e+00 -3.984799e-03 -1.380790e-01
9.999992e-01 4.946753e-04 -3.426488e-04 1.066710e-03 1.122857e+00 -1.241051e-02 -1.174436e-01
9.999997e-01 1.382470e-05 1.069553e-04 8.190982e-04 1.136006e+00 4.493587e-03 -1.353862e-01
9.999987e-01 8.452776e-04 8.996911e-04 1.043574e-03 1.127641e+00 -7.647987e-03 -1.163365e-01
9.999975e-01 -1.231493e-03 1.124555e-03 1.470366e-03 1.150165e+00 -4.570378e-03 -1.439779e-01
9.999979e-01 -4.045875e-04 6.009109e-04 1.922039e-03 1.132777e+00 -1.153775e-02 -1.154129e-01
9.999958e-01 3.072147e-04 1.731899e-03 2.276647e-03 1.149025e+00 1.514481e-02 -1.271964e-01
9.999965e-01 1.061546e-03 -5.025150e-04 2.340880e-03 1.146117e+00 -6.768501e-04 -1.104667e-01
9.999964e-01 6.465113e-04 9.440931e-04 2.407693e-03 1.133592e+00 6.244574e-03 -1.257793e-01
9.999971e-01 8.852247e-04 -4.202390e-04 2.224336e-03 1.167001e+00 -8.468656e-03 -1.215596e-01
9.999963e-01 -5.049694e-04 -3.885568e-05 2.658963e-03 1.130465e+00 1.259096e-03 -1.046487e-01
9.999960e-01 -1.030628e-03 3.761068e-04 2.590093e-03 1.167955e+00 3.302158e-03 -1.238688e-01
9.999962e-01 -1.563339e-04 -2.571815e-04 2.752892e-03 1.161378e+00 -6.145312e-03 -1.196942e-01
9.999977e-01 -6.024553e-04 -1.970993e-04 2.043993e-03 1.169453e+00 2.883789e-03 -1.283296e-01
9.999959e-01 4.882954e-04 -6.988483e-04 2.739151e-03 1.178898e+00 8.707898e-04 -1.261285e-01
9.999968e-01 -3.789739e-04 -8.090418e-04 2.378409e-03 1.190629e+00 8.265984e-03 -1.281902e-01
9.999970e-01 -4.089483e-04 -2.289355e-04 2.392911e-03 1.182117e+00 8.659826e-05 -1.161599e-01
9.999959e-01 -8.769064e-04 -5.445474e-04 2.652699e-03 1.178706e+00 1.395445e-02 -1.294532e-01
9.999972e-01 2.637672e-04 -7.308766e-04 2.242924e-03 1.186786e+00 6.539426e-03 -1.239409e-01
9.999968e-01 9.254523e-04 2.149808e-04 2.342236e-03 1.210063e+00 2.650577e-03 -1.342340e-01
9.999971e-01 4.781477e-04 3.267440e-04 2.332923e-03 1.218653e+00 -3.633574e-03 -1.388363e-01
9.999980e-01 -1.258076e-03 9.208439e-04 1.263559e-03 1.194890e+00 -1.635438e-02 -1.320318e-01
9.999970e-01 -1.658294e-03 6.061930e-04 1.679011e-03 1.196861e+00 2.612689e-03 -1.298620e-01
9.999994e-01 -3.702339e-04 5.097525e-04 9.036377e-04 1.209159e+00 -8.558749e-03 -1.394207e-01
9.999974e-01 9.761859e-04 -6.693574e-04 1.932944e-03 1.230235e+00 2.348535e-03 -1.324712e-01
9.999991e-01 8.692482e-04 -4.569631e-04 9.426796e-04 1.211102e+00 -3.652117e-03 -1.379524e-01
9.999980e-01 4.650647e-04 -1.479316e-03 1.256511e-03 1.237534e+00 1.412156e-02 -1.331971e-01
9.999989e-01 7.965109e-04 -1.013730e-03 6.487988e-04 1.219346e+00 3.770077e-03 -1.399755e-01
9.999977e-01 2.217513e-04 -1.980713e-03 8.245566e-04 1.237218e+00 -4.746156e-03 -1.244292e-01
9.999996e-01 5.024184e-04 -2.636027e-04 7.287646e-04 1.240249e+00 1.500286e-02 -1.468153e-01
9.999984e-01 7.934164e-04 -1.326086e-03 9.156882e-04 1.230469e+00 -1.305546e-02 -1.305546e-01
9.999992e-01 2.739514e-04 2.038854e-04 1.178903e-03 1.245318e+00 7.902597e-03 -1.509018e-01
9.999970e-01 -1.925367e-03 -1.027550e-03 1.087713e-03 1.253224e+00 5.572879e-03 -1.347433e-01
9.999993e-01 -7.729765e-04 -2.045798e-04 9.297124e-04 1.247638e+00 1.131746e-02 -1.536339e-01
9.999984e-01 -1.616573e-04 -1.562223e-03 8.159901e-04 1.244227e+00 -1.391336e-02 -1.515289e-01
9.999980e-01 1.242572e-03 -5.023344e-04 1.515253e-03 1.257479e+00 1.919463e-02 -1.509413e-01
9.999998e-01 -1.870675e-04 6.612191e-05 6.005850e-04 1.234897e+00 -9.421267e-03 -1.575377e-01
9.999994e-01 -1.223703e-04 -5.273824e-06 1.066622e-03 1.245785e+00 -1.031569e-02 -1.614959e-01
9.999995e-01 -4.057839e-04 4.768628e-04 8.072735e-04 1.241525e+00 -3.743226e-03 -1.474318e-01
9.999981e-01 1.285086e-03 1.099537e-03 9.183999e-04 1.257909e+00 1.608390e-02 -1.466869e-01
9.999992e-01 9.514898e-04 5.156768e-05 9.031419e-04 1.247584e+00 -6.916045e-03 -1.535673e-01
9.999994e-01 3.293420e-04 5.548968e-04 8.558313e-04 1.242701e+00 4.481994e-03 -1.422462e-01
9.999987e-01 2.318822e-04 4.958766e-04 1.507986e-03 1.242061e+00 -2.018510e-03 -1.493897e-01
9.999992e-01 -7.208480e-04 5.750497e-04 8.454745e-04 1.240531e+00 -6.994569e-03 -1.436530e-01
9.999989e-01 -5.296946e-04 1.139047e-03 7.622333e-04 1.238506e+00 5.883558e-03 -1.414021e-01
9.999997e-01 1.680816e-05 1.441873e-04 7.294497e-04 1.238795e+00 -1.341063e-02 -1.363722e-01
9.999975e-01 1.339939e-03 1.194148e-03 1.322016e-03 1.266329e+00 -1.571834e-02 -1.471689e-01
9.999995e-01 7.293216e-04 5.548751e-04 4.326795e-04 1.220942e+00 1.752472e-03 -1.421574e-01
9.999983e-01 -6.007398e-05 1.497009e-03 1.042134e-03 1.239780e+00 -3.370704e-03 -1.271654e-01
9.999994e-01 -7.239342e-04 6.601983e-04 4.753718e-04 1.221366e+00 -1.048349e-02 -1.333134e-01
9.999996e-01 5.273374e-05 7.824158e-04 4.013080e-04 1.243668e+00 5.951961e-03 -1.239312e-01
9.999999e-01 -2.828244e-04 3.467011e-05 -2.176117e-04 1.228187e+00 7.402882e-03 -1.250761e-01
9.999974e-01 -2.266389e-04 2.145234e-03 -6.572133e-04 1.226039e+00 -2.222662e-02 -1.180418e-01
9.999992e-01 -7.355666e-04 1.019072e-03 5.656884e-05 1.233267e+00 -7.532547e-03 -1.254081e-01
9.999985e-01 3.064596e-04 1.705598e-03 -2.580922e-05 1.219683e+00 -6.513656e-03 -1.232446e-01
9.999991e-01 -1.892436e-04 1.267446e-03 -3.341974e-04 1.218419e+00 -9.944444e-03 -1.214054e-01
9.999992e-01 3.306371e-04 1.017144e-03 -7.810085e-04 1.215018e+00 -2.103284e-02 -1.020058e-01
9.999980e-01 -4.535550e-04 1.866713e-03 -4.922634e-04 1.213857e+00 -5.690475e-03 -1.221928e-01
9.999988e-01 4.803835e-04 1.296861e-03 -7.037040e-04 1.216455e+00 -4.035045e-03 -1.086680e-01
9.999991e-01 6.281263e-04 9.979796e-04 -5.738597e-04 1.221245e+00 -2.441556e-02 -1.103332e-01
9.999996e-01 1.165680e-04 7.435980e-04 -3.621439e-04 1.190686e+00 -3.343766e-04 -1.040508e-01
9.999990e-01 -6.914043e-04 1.278175e-03 -2.186258e-05 1.194233e+00 -1.294546e-02 -1.081129e-01
9.999994e-01 -4.978835e-04 -7.720988e-04 -4.967898e-04 1.195874e+00 -8.508417e-04 -1.010249e-01
1.000000e+00 1.385315e-04 2.382750e-04 -1.240170e-04 1.184810e+00 -8.764908e-03 -9.154125e-02
9.999999e-01 -1.309918e-04 -1.182567e-04 -1.923783e-04 1.169278e+00 -4.805259e-03 -1.013399e-01
9.999998e-01 4.595702e-04 4.865105e-04 -6.255955e-05 1.187090e+00 -1.468064e-02 -9.781656e-02
9.999993e-01 -4.520018e-04 1.078462e-03 2.962709e-05 1.172867e+00 -3.144593e-03 -9.044481e-02
9.999995e-01 3.836590e-04 8.823904e-04 -5.911565e-05 1.163502e+00 -1.080662e-02 -1.111757e-01
9.999997e-01 -5.186072e-04 6.496902e-04 -1.997926e-05 1.156937e+00 -1.752674e-02 -7.889586e-02
9.999997e-01 7.335575e-04 -5.938602e-05 2.943426e-04 1.150584e+00 3.065031e-03 -9.799777e-02
9.999995e-01 -4.305398e-04 6.636174e-04 5.578777e-04 1.137282e+00 -7.039155e-03 -8.658265e-02
9.999998e-01 4.132862e-04 -1.376258e-04 5.680972e-04 1.144184e+00 -2.892438e-03 -9.453802e-02
9.999995e-01 -4.176084e-04 7.893366e-04 4.928228e-04 1.120134e+00 -9.058607e-03 -1.070077e-01
9.999980e-01 -1.820564e-03 2.992496e-04 7.559139e-04 1.134910e+00 -8.361007e-03 -6.821586e-02
9.999995e-01 3.895740e-04 4.164549e-04 8.478110e-04 1.121921e+00 -8.883616e-03 -1.026945e-01
9.999990e-01 -2.359027e-04 4.771882e-04 1.287270e-03 1.110528e+00 -6.452058e-04 -6.653870e-02
9.999974e-01 1.439762e-03 1.495442e-04 1.726497e-03 1.101862e+00 -7.885857e-03 -8.797117e-02
9.999977e-01 1.591793e-04 1.037656e-03 1.866329e-03 1.098339e+00 1.889674e-04 -8.534606e-02
9.999981e-01 -1.900533e-04 4.270501e-04 1.917300e-03 1.100947e+00 -3.938528e-03 -7.952473e-02
9.999970e-01 5.629753e-04 -1.825856e-04 2.376911e-03 1.087986e+00 4.154481e-03 -8.252292e-02
9.999970e-01 -8.844792e-04 6.816889e-04 2.203861e-03 1.074391e+00 8.895260e-04 -8.019861e-02
9.999977e-01 -6.254329e-04 -4.792933e-04 1.999399e-03 1.053028e+00 -5.876137e-03 -7.629292e-02
9.999988e-01 -5.141946e-05 -5.541936e-05 1.522524e-03 1.061420e+00 -6.821428e-04 -7.940249e-02
9.999984e-01 -3.743794e-04 -1.430913e-03 9.685662e-04 1.048966e+00 -4.924781e-03 -8.068531e-02
9.999994e-01 7.517089e-04 -7.371834e-04 4.224594e-04 1.029089e+00 1.070280e-04 -7.399154e-02
9.999997e-01 1.893608e-04 -7.272175e-04 1.879712e-04 1.039942e+00 -1.666520e-03 -8.232421e-02
9.999998e-01 6.621158e-04 -4.610779e-05 -7.035637e-06 1.020940e+00 -1.431668e-02 -7.259688e-02
9.999999e-01 -1.289755e-04 -4.929341e-05 5.175993e-04 1.002310e+00 3.423395e-03 -8.633306e-02
9.999995e-01 5.034274e-05 -9.447705e-04 7.475108e-05 1.005964e+00 -6.820690e-03 -7.764361e-02
1.000000e+00 -1.329418e-04 1.428591e-04 4.396550e-05 9.953115e-01 -4.632424e-03 -7.532878e-02
9.999989e-01 7.021912e-04 -1.285453e-03 -3.860343e-04 9.774632e-01 -9.806652e-03 -8.133398e-02
9.999996e-01 -4.758671e-04 -5.715159e-04 -4.934885e-04 9.877623e-01 -7.024088e-04 -7.987048e-02
9.999986e-01 2.172739e-04 -1.277389e-03 -1.080412e-03 9.425851e-01 -1.442078e-03 -6.812134e-02
9.999991e-01 -2.013305e-04 -3.471532e-04 -1.293791e-03 9.362184e-01 -1.245979e-02 -8.467423e-02
9.999990e-01 4.027854e-04 6.041803e-05 -1.350440e-03 9.615840e-01 -9.775810e-03 -7.348463e-02
9.999987e-01 4.869008e-05 1.018631e-03 -1.295505e-03 9.295418e-01 -1.024956e-02 -9.614331e-02
9.999984e-01 -5.389155e-04 -9.532816e-04 -1.396102e-03 9.068363e-01 -1.077087e-02 -7.058363e-02
9.999978e-01 3.068737e-04 1.040109e-03 -1.789879e-03 9.069141e-01 -8.122785e-03 -7.490008e-02
9.999973e-01 4.770841e-04 -7.939586e-04 -2.123124e-03 8.802786e-01 -1.333222e-02 -7.269292e-02
9.999974e-01 5.658930e-04 3.005758e-04 -2.213655e-03 8.961905e-01 -3.645226e-03 -7.353758e-02
9.999975e-01 2.411202e-04 1.326255e-03 -1.749857e-03 8.526027e-01 -1.546440e-02 -7.130116e-02
9.999986e-01 -8.879038e-04 3.442652e-04 -1.351306e-03 8.536447e-01 -6.132335e-03 -7.600417e-02
9.999983e-01 1.041593e-04 5.348236e-04 -1.781463e-03 8.342939e-01 -2.031050e-02 -6.894562e-02
9.999976e-01 -1.619171e-03 -1.945574e-04 -1.483643e-03 8.305278e-01 1.356457e-03 -7.515545e-02
9.999986e-01 -2.685038e-04 -3.477387e-05 -1.641470e-03 8.200147e-01 -6.815500e-03 -5.966596e-02
9.999987e-01 -1.081506e-03 4.368133e-04 -1.096311e-03 8.049877e-01 -1.287855e-02 -7.766365e-02
9.999997e-01 1.581309e-05 3.268470e-04 -7.709730e-04 7.817156e-01 -8.606269e-03 -5.172423e-02
9.999996e-01 2.371715e-05 8.894963e-04 -1.876433e-04 7.690566e-01 -1.335370e-03 -7.040423e-02
9.999999e-01 3.062069e-04 2.309653e-05 2.363906e-04 7.879328e-01 -3.515890e-03 -5.626219e-02
9.999999e-01 4.128686e-04 1.745726e-04 -3.635901e-04 7.503134e-01 -1.445047e-02 -7.256358e-02
9.999998e-01 -2.250803e-04 3.059902e-04 -3.768421e-04 7.464965e-01 -3.780050e-04 -5.104337e-02
9.999994e-01 3.822161e-04 1.027250e-03 -2.773940e-04 7.387664e-01 -1.450799e-02 -6.757944e-02
9.999997e-01 -6.557103e-04 3.568932e-04 -2.236024e-04 7.363264e-01 -4.836098e-03 -4.798113e-02
9.999999e-01 -2.114267e-05 3.903698e-04 -4.199108e-04 7.140129e-01 -3.536676e-03 -6.484664e-02
9.999993e-01 -9.542204e-04 6.316903e-04 -1.511739e-04 7.205140e-01 -1.257282e-02 -5.488490e-02
9.999998e-01 -1.018102e-04 -3.635688e-05 -6.410165e-04 7.078908e-01 3.062498e-03 -6.070916e-02
9.999992e-01 -6.357075e-04 1.079215e-04 -1.047634e-03 6.962377e-01 -6.580307e-03 -6.628961e-02
9.999994e-01 -1.317415e-04 5.757120e-04 -1.009099e-03 6.955817e-01 -1.047713e-02 -3.976597e-02
9.999999e-01 4.484743e-05 -5.894539e-05 -5.105291e-04 6.850409e-01 1.488479e-03 -5.446668e-02
9.999993e-01 -2.361266e-04 1.995676e-04 -1.129939e-03 6.819999e-01 -1.337442e-02 -5.730286e-02
9.999988e-01 -1.492082e-04 -2.534331e-04 -1.516463e-03 6.644627e-01 -7.327029e-03 -4.530984e-02
9.999993e-01 -4.952798e-04 -3.652803e-05 -1.096010e-03 6.630136e-01 -7.598770e-03 -4.640405e-02
9.999994e-01 8.259331e-05 6.939114e-04 -8.850143e-04 6.674061e-01 -8.748433e-03 -5.878148e-02
9.999993e-01 -3.658208e-04 8.321143e-04 -7.222313e-04 6.418285e-01 -1.416042e-02 -4.407943e-02
9.999998e-01 4.112765e-04 3.534406e-04 1.267343e-04 6.511941e-01 -1.219609e-03 -6.052714e-02
9.999998e-01 -1.574572e-04 5.850281e-04 2.670667e-04 6.443919e-01 -4.026638e-03 -4.915535e-02
9.999997e-01 1.411773e-04 -6.148223e-04 5.418198e-04 6.332906e-01 4.542396e-04 -4.597061e-02
1.000000e+00 1.506954e-04 6.104722e-06 2.996803e-04 6.357837e-01 -4.465752e-03 -5.315709e-02
9.999999e-01 -2.026844e-04 -2.742269e-04 8.302625e-05 6.167056e-01 8.955370e-03 -4.736658e-02
9.999999e-01 1.677837e-04 3.815939e-04 -8.778659e-05 5.989218e-01 -1.081430e-02 -4.785323e-02
9.999999e-01 -2.017057e-05 2.859061e-04 -4.435880e-04 6.256606e-01 -9.576857e-03 -4.465249e-02
9.999996e-01 4.626915e-04 7.987038e-04 1.403941e-04 6.100455e-01 -1.067852e-02 -4.187805e-02
9.999999e-01 -1.118824e-05 2.091665e-04 -2.391943e-04 5.876246e-01 -8.262362e-04 -4.416508e-02
9.999996e-01 5.113616e-04 6.462528e-04 -2.367519e-04 6.069277e-01 -4.522833e-03 -4.177473e-02
9.999997e-01 -6.417869e-04 -3.583802e-04 -3.043105e-04 5.895044e-01 -2.304034e-03 -4.834980e-02
9.999998e-01 -1.977600e-04 2.146475e-04 -5.697510e-04 5.916629e-01 -1.110979e-02 -4.507163e-02
9.999994e-01 -2.944726e-04 -1.698394e-04 -1.026403e-03 5.847832e-01 -1.176111e-02 -3.945476e-02
9.999983e-01 2.582421e-04 3.378768e-04 -1.813691e-03 5.818573e-01 -1.043709e-02 -3.697939e-02
9.999979e-01 -1.922165e-04 1.277761e-03 -1.552573e-03 5.957418e-01 -3.205260e-03 -4.639352e-02
9.999992e-01 2.562982e-04 4.485071e-04 -1.134530e-03 5.756486e-01 -1.637770e-02 -2.571063e-02
9.999987e-01 -1.563760e-04 7.665606e-04 -1.394444e-03 5.891607e-01 -7.155521e-03 -4.834914e-02
9.999994e-01 2.223720e-05 -4.332243e-04 -9.764696e-04 5.697424e-01 -6.105679e-03 -3.259844e-02
9.999991e-01 -1.527095e-04 6.021647e-04 -1.220417e-03 5.666338e-01 -7.225422e-03 -3.917187e-02
9.999998e-01 -4.824886e-04 4.816466e-05 -4.444819e-04 5.876847e-01 -9.074766e-03 -3.551622e-02
9.999989e-01 -2.980501e-04 1.291051e-03 -6.737769e-04 5.702983e-01 -5.781280e-03 -4.793417e-02
9.999998e-01 -3.289968e-04 -1.516907e-04 -5.862853e-04 5.566763e-01 -8.042495e-03 -4.145328e-02
9.999992e-01 -8.003049e-04 1.923138e-04 -9.198437e-04 5.815005e-01 -1.327441e-02 -2.658058e-02
9.999995e-01 -1.747196e-04 4.828643e-04 -8.635645e-04 5.650786e-01 -1.090464e-02 -4.427698e-02
9.999998e-01 -2.452154e-04 4.274686e-04 -3.986122e-04 5.651895e-01 -9.176284e-03 -2.443439e-02
9.999997e-01 -3.115905e-04 2.952458e-04 -6.300713e-04 5.668488e-01 -7.163970e-03 -3.501786e-02
9.999998e-01 1.899028e-05 1.698011e-04 -6.894321e-04 5.743537e-01 -1.134377e-02 -4.482005e-02
9.999994e-01 -5.554923e-04 7.526320e-04 -6.045641e-04 5.655237e-01 -4.002939e-03 -2.507972e-02
9.999998e-01 6.088737e-05 -4.502338e-04 -2.920471e-04 5.706037e-01 -6.486904e-03 -5.494215e-02
1.000000e+00 8.660576e-05 2.415895e-04 -2.185893e-04 5.952203e-01 -3.945008e-03 -3.354422e-02
9.999999e-01 3.686818e-05 -1.125516e-04 -4.857705e-04 5.836371e-01 -2.995069e-03 -3.484386e-02
9.999997e-01 -2.016062e-04 5.359115e-04 -3.754714e-04 5.690125e-01 4.426482e-03 -4.040522e-02
9.999998e-01 -1.620525e-04 -5.386977e-04 -2.873001e-04 5.933514e-01 -4.283556e-03 -4.331418e-02
9.999996e-01 1.506040e-04 7.354724e-04 -4.307165e-04 5.752743e-01 7.572089e-03 -2.294987e-02
9.999998e-01 -5.208730e-04 -4.069486e-04 -1.057718e-04 5.854020e-01 -6.630978e-03 -5.084152e-02
9.999998e-01 2.301644e-05 3.959684e-04 4.188224e-04 6.025864e-01 4.481428e-03 -3.350218e-02
9.999999e-01 -8.997278e-05 3.983986e-04 -2.955547e-05 6.066118e-01 -9.760074e-03 -3.966066e-02
9.999996e-01 6.023056e-04 -5.119403e-04 3.975792e-04 5.988016e-01 -2.713112e-03 -3.047410e-02
9.999998e-01 -3.114745e-04 3.413683e-04 -2.733241e-04 5.889090e-01 -6.939291e-03 -3.465012e-02
9.999999e-01 2.215618e-04 -4.506606e-04 1.783613e-04 6.196051e-01 1.037284e-02 -4.159360e-02
9.999992e-01 1.090956e-03 5.890611e-04 2.990307e-04 6.085896e-01 -1.022855e-02 -3.151036e-02
9.999999e-01 -1.467007e-04 -2.267481e-04 -1.043939e-04 6.419219e-01 -2.649100e-03 -4.763211e-02
9.999998e-01 1.213047e-04 7.255809e-04 6.709698e-05 6.140508e-01 5.208632e-03 -3.269589e-02
9.999999e-01 -1.564061e-04 -4.346110e-04 6.455269e-10 6.434213e-01 -5.027614e-03 -3.882624e-02
1.000000e+00 4.314511e-06 2.386470e-04 7.475594e-05 6.412472e-01 3.513078e-03 -3.941481e-02
1.000000e+00 5.488298e-05 -2.742855e-04 1.194945e-04 6.515581e-01 -4.716718e-04 -3.069235e-02
9.999999e-01 -1.864903e-04 1.456900e-04 2.940253e-04 6.594396e-01 8.415715e-03 -5.010290e-02
9.999998e-01 -4.972326e-04 -4.203501e-04 -2.185023e-04 6.550045e-01 -3.801031e-03 -4.915680e-02
9.999998e-01 -3.575946e-04 -4.070284e-04 -4.074263e-04 6.705629e-01 1.072225e-03 -3.032225e-02
9.999995e-01 -6.856637e-04 -5.495574e-04 -4.800558e-04 6.649838e-01 -6.035510e-03 -5.735782e-02
9.999997e-01 2.862968e-04 -1.462449e-04 -6.722013e-04 6.907222e-01 2.388168e-03 -3.983855e-02
9.999990e-01 1.171906e-04 -1.185634e-04 -1.373360e-03 6.918324e-01 -1.270572e-02 -4.349975e-02
9.999995e-01 -6.576915e-05 7.470247e-05 -9.787710e-04 6.917580e-01 -1.056197e-02 -3.718448e-02
9.999993e-01 9.801368e-05 -2.098905e-04 -1.174969e-03 7.035963e-01 1.695672e-03 -5.954624e-02
9.999986e-01 1.433171e-04 -2.356331e-04 -1.666763e-03 6.980067e-01 -1.197147e-02 -3.675057e-02
9.999995e-01 2.712441e-04 -4.662615e-04 -9.171489e-04 7.164531e-01 -9.086808e-04 -4.731986e-02
9.999989e-01 -2.754901e-05 1.683907e-04 -1.424613e-03 7.194730e-01 -1.521645e-02 -5.574321e-02
9.999993e-01 -3.895815e-04 -2.743770e-04 -1.113547e-03 7.163424e-01 -1.149632e-03 -3.786362e-02
9.999982e-01 -2.923050e-04 7.820451e-05 -1.891373e-03 7.431650e-01 -2.112307e-02 -5.278332e-02
9.999982e-01 -1.095744e-03 -5.556993e-04 -1.397598e-03 7.290516e-01 5.041145e-03 -5.288074e-02
9.999991e-01 -5.718023e-04 -5.347534e-04 -1.140595e-03 7.504575e-01 -4.936200e-03 -5.317236e-02
9.999979e-01 -5.502095e-04 -2.147154e-04 -1.962777e-03 7.480278e-01 -1.081076e-02 -5.315489e-02
9.999986e-01 -5.949763e-05 -9.338076e-04 -1.388184e-03 7.505182e-01 -1.953199e-02 -5.731681e-02
9.999994e-01 -3.527362e-04 -5.004731e-04 -8.532834e-04 7.831060e-01 9.394780e-03 -5.740311e-02
9.999988e-01 -3.832436e-04 -1.643195e-04 -1.489212e-03 7.798908e-01 -1.677881e-02 -5.201308e-02
9.999994e-01 6.255092e-05 1.696488e-05 -1.062876e-03 7.774360e-01 4.835803e-03 -7.315485e-02
9.999987e-01 -2.124852e-04 -8.938609e-04 -1.281834e-03 7.985173e-01 -5.427037e-03 -6.268936e-02
9.999984e-01 -3.293218e-04 -1.291086e-04 -1.737391e-03 7.854648e-01 -1.271604e-02 -6.658766e-02
9.999998e-01 -1.906684e-04 2.632620e-04 -5.959304e-04 8.033563e-01 7.920542e-04 -7.098034e-02
9.999989e-01 -2.015592e-04 -4.227908e-04 -1.428631e-03 8.149523e-01 -1.476714e-02 -6.904750e-02
9.999992e-01 -6.938835e-05 8.779470e-04 -9.640593e-04 8.291277e-01 -1.200215e-02 -6.185316e-02
9.999992e-01 7.026534e-04 9.370914e-04 5.137140e-04 8.218520e-01 3.466262e-03 -6.495134e-02
9.999993e-01 1.100776e-03 7.389674e-06 -3.115165e-04 8.304407e-01 -1.656473e-03 -6.986615e-02
9.999992e-01 1.055783e-03 6.517892e-04 8.218057e-05 8.395222e-01 1.301407e-03 -5.634899e-02
9.999996e-01 1.073449e-04 7.868895e-04 -4.554515e-04 8.486177e-01 -1.784301e-02 -7.441473e-02
9.999998e-01 2.744056e-04 6.333240e-04 -2.094034e-05 8.493250e-01 -5.878065e-03 -5.726239e-02
9.999994e-01 -2.655666e-04 9.742916e-04 -4.692102e-04 8.608934e-01 -1.037911e-02 -6.882459e-02
9.999997e-01 6.665476e-05 8.017496e-04 6.115982e-05 8.788802e-01 1.860508e-04 -6.329979e-02
9.999993e-01 -7.413916e-04 8.332055e-04 -3.712002e-04 8.502273e-01 -1.609709e-02 -5.950660e-02
9.999996e-01 -6.333301e-04 -4.221308e-04 -3.385494e-04 8.829896e-01 -7.070153e-03 -6.113146e-02
9.999997e-01 -6.218376e-04 -3.682850e-04 4.321876e-05 8.668155e-01 -2.897173e-04 -5.433834e-02
9.999999e-01 3.635008e-04 -5.913330e-05 -3.361453e-04 8.902573e-01 -2.722739e-03 -6.490670e-02
9.999986e-01 3.526608e-04 -1.229791e-03 -1.077301e-03 8.942427e-01 -6.130692e-03 -5.888924e-02
9.999988e-01 9.125238e-05 -1.589667e-04 -1.508889e-03 9.030226e-01 -6.771019e-03 -6.751879e-02
9.999992e-01 -2.517128e-04 8.621928e-05 -1.274496e-03 9.057368e-01 -1.024029e-02 -6.989582e-02
9.999994e-01 -6.215813e-04 -4.420949e-04 -7.968617e-04 9.048200e-01 6.704102e-04 -7.353144e-02
9.999998e-01 -5.824607e-05 -1.292064e-04 -6.565888e-04 9.353183e-01 -1.200931e-02 -6.932257e-02
9.999996e-01 1.331743e-04 -5.341386e-04 -7.511621e-04 9.189479e-01 -1.490401e-02 -5.873705e-02
9.999994e-01 2.109904e-04 -2.252844e-04 -1.030468e-03 9.338699e-01 -5.320140e-03 -8.321074e-02
9.999997e-01 -4.345591e-04 2.302770e-04 -6.295005e-04 9.332881e-01 -3.912359e-03 -7.597165e-02
9.999999e-01 -1.646081e-04 -2.600780e-04 -3.605996e-04 9.508488e-01 2.078065e-04 -6.590724e-02
9.999997e-01 3.741293e-04 3.772571e-04 -6.311474e-04 9.418335e-01 -3.691644e-03 -7.560003e-02
1.000000e+00 1.380103e-04 -5.168041e-05 -2.979269e-04 9.673894e-01 -4.082121e-03 -7.750361e-02
9.999998e-01 2.403762e-04 -9.565603e-05 5.995399e-04 9.644504e-01 5.521592e-03 -7.417608e-02
9.999998e-01 -5.096845e-04 -1.072277e-04 -3.878687e-04 9.677519e-01 -9.385665e-03 -7.809636e-02
9.999997e-01 -5.288960e-04 5.045542e-04 2.027540e-04 9.728108e-01 8.238937e-04 -6.924946e-02
9.999997e-01 -7.407274e-04 -5.240141e-05 -7.626757e-05 9.722722e-01 -1.120766e-02 -7.700136e-02
9.999995e-01 1.026850e-04 9.996374e-04 6.892053e-07 9.980162e-01 -1.163578e-02 -7.552063e-02
9.999989e-01 -1.268675e-03 7.220076e-04 2.433524e-04 9.971720e-01 -9.126183e-04 -8.502714e-02
9.999989e-01 2.168500e-04 1.456187e-03 3.740135e-04 9.919129e-01 -4.904764e-03 -6.526192e-02
9.999996e-01 -7.133602e-04 -2.537427e-04 5.198472e-04 9.780654e-01 -1.223839e-02 -8.640200e-02
9.999989e-01 1.082172e-03 1.000704e-03 4.022962e-04 1.030305e+00 -7.353530e-03 -6.962529e-02
9.999995e-01 -6.886891e-05 9.019792e-04 2.934431e-04 9.994110e-01 -2.818323e-03 -8.099924e-02
9.999997e-01 5.686877e-04 -9.115384e-05 5.259325e-04 1.012943e+00 -6.229564e-03 -7.380550e-02
9.999998e-01 -3.315529e-04 3.072967e-04 4.532857e-04 1.020378e+00 -6.323566e-03 -7.786802e-02
9.999993e-01 -5.164281e-05 -9.858082e-04 6.184815e-04 1.016832e+00 -1.066278e-02 -6.823409e-02
9.999995e-01 1.318970e-04 7.673345e-04 6.437132e-04 1.029853e+00 -9.283878e-03 -8.101072e-02
9.999997e-01 2.072694e-04 -4.852137e-04 5.198310e-04 1.027662e+00 -9.014554e-04 -7.656027e-02
9.999993e-01 8.150709e-04 -4.241340e-04 7.592026e-04 1.037402e+00 -7.243398e-04 -7.399820e-02
9.999996e-01 3.616758e-04 -3.962663e-04 7.173822e-04 1.039754e+00 -7.576127e-03 -6.761711e-02
9.999990e-01 3.977438e-04 -6.511150e-04 1.199519e-03 1.050624e+00 7.527196e-03 -7.082854e-02
9.999994e-01 -2.430953e-04 -9.611088e-04 6.070615e-04 1.057698e+00 -1.003191e-02 -7.570218e-02
9.999993e-01 -5.094876e-04 -5.880359e-04 9.118730e-04 1.041139e+00 3.747630e-04 -8.079205e-02
9.999992e-01 -3.060921e-04 -7.784013e-04 9.811497e-04 1.066844e+00 -3.808125e-03 -8.258852e-02
9.999986e-01 -2.318673e-04 -1.281399e-03 1.072742e-03 1.071449e+00 1.019187e-02 -8.043598e-02
9.999996e-01 4.802627e-06 -5.980044e-05 8.741252e-04 1.084015e+00 -1.057135e-02 -8.463416e-02
9.999987e-01 7.738360e-04 -1.114822e-03 8.503041e-04 1.067849e+00 5.831056e-03 -8.390434e-02
9.999997e-01 1.793567e-04 1.970596e-04 7.544179e-04 1.075554e+00 -1.158820e-02 -8.362630e-02
9.999997e-01 2.909991e-04 -5.028523e-04 4.143103e-04 1.090143e+00 -2.576132e-03 -9.266953e-02
9.999988e-01 -7.826269e-04 9.780884e-04 8.535658e-04 1.081184e+00 -3.682820e-03 -8.250053e-02
9.999998e-01 -3.958522e-04 2.747172e-05 5.435197e-04 1.098680e+00 4.236963e-03 -8.773529e-02
9.999999e-01 -4.304259e-04 1.079736e-04 2.519643e-04 1.112108e+00 -7.949301e-03 -9.683834e-02
9.999998e-01 -1.520156e-04 -1.998214e-04 5.716309e-04 1.100717e+00 -6.370479e-03 -8.225474e-02
9.999998e-01 4.682204e-04 -1.448908e-04 4.138253e-04 1.121634e+00 2.726368e-03 -1.013213e-01
9.999990e-01 1.850780e-04 -1.047613e-03 9.476921e-04 1.110083e+00 -4.857064e-03 -7.852704e-02
9.999997e-01 5.415248e-04 2.943204e-04 5.956007e-04 1.113720e+00 -2.510372e-03 -9.673209e-02
9.999998e-01 -2.022955e-04 -3.254270e-04 4.161988e-04 1.130310e+00 -1.811787e-03 -9.611604e-02
9.999997e-01 -6.729678e-04 -2.329467e-04 3.917425e-04 1.131443e+00 -1.111162e-03 -8.905351e-02
9.999999e-01 7.534236e-05 -5.012651e-06 4.907814e-04 1.129471e+00 -7.934610e-03 -9.967405e-02
9.999994e-01 4.655855e-04 -5.714848e-04 7.790194e-04 1.150262e+00 -2.630798e-03 -8.736072e-02
9.999997e-01 5.254052e-04 -5.484346e-05 5.322707e-04 1.134083e+00 7.630762e-03 -9.715171e-02
9.999997e-01 5.486542e-04 1.863130e-04 3.643283e-04 1.174253e+00 -2.439028e-02 -9.804206e-02
9.999998e-01 2.455336e-04 -3.425892e-04 5.421920e-04 1.134266e+00 2.638682e-03 -9.237767e-02
9.999998e-01 1.933929e-04 7.276433e-05 6.237942e-04 1.183708e+00 -1.978959e-03 -1.077189e-01
9.999995e-01 -6.242385e-04 -6.048077e-04 4.697853e-04 1.168259e+00 -5.944683e-03 -9.051987e-02
9.999995e-01 -7.106733e-04 -3.502388e-04 6.607970e-04 1.176195e+00 4.692771e-03 -1.054075e-01
9.999999e-01 -1.188172e-04 2.132441e-04 4.606034e-04 1.191026e+00 -1.369723e-02 -8.965931e-02
9.999998e-01 3.663448e-04 -3.248552e-04 3.121286e-04 1.179117e+00 8.799692e-03 -1.070589e-01
9.999996e-01 3.503713e-04 7.892321e-04 1.804584e-04 1.183680e+00 -7.271628e-03 -1.024110e-01
9.999999e-01 -3.529629e-04 -1.951321e-04 -2.934239e-05 1.194319e+00 -7.910890e-03 -1.014273e-01
9.999995e-01 2.026685e-04 9.665731e-04 4.234419e-05 1.210383e+00 -2.738530e-03 -1.037886e-01
9.999996e-01 -5.636499e-04 -6.785109e-04 7.363571e-05 1.222570e+00 -1.716648e-02 -9.369896e-02
9.999999e-01 9.934141e-05 4.518801e-04 -2.477884e-05 1.210849e+00 1.793887e-03 -1.123535e-01
9.999994e-01 -7.212098e-04 -7.888352e-04 -1.826212e-04 1.224533e+00 -1.149986e-03 -9.171189e-02
9.999980e-01 7.677872e-04 -1.841518e-03 -2.135222e-05 1.210710e+00 -1.115733e-02 -1.007705e-01
1.000000e+00 2.383304e-04 7.915068e-05 1.383592e-04 1.224012e+00 -3.841564e-03 -1.133421e-01
9.999994e-01 -1.485615e-04 -1.034475e-03 8.332641e-05 1.233805e+00 7.099406e-03 -1.182573e-01
1.000000e+00 -2.488566e-04 1.010733e-05 1.453979e-05 1.231853e+00 -3.694853e-03 -1.079809e-01
9.999987e-01 -2.001050e-04 -1.576835e-03 -2.093250e-04 1.240527e+00 -1.393807e-02 -1.063191e-01
9.999992e-01 2.622894e-04 1.172712e-03 1.704693e-04 1.230276e+00 1.055166e-02 -1.239579e-01
9.999996e-01 -4.309070e-05 -8.145552e-04 2.148835e-04 1.233640e+00 1.540288e-03 -1.080479e-01
9.999992e-01 -1.460521e-05 1.273660e-03 9.111117e-05 1.248205e+00 -7.334890e-03 -1.172258e-01
9.999997e-01 -6.841149e-04 2.537845e-04 -3.471349e-05 1.251466e+00 -8.284806e-03 -1.112320e-01
9.999991e-01 3.151815e-04 1.315994e-03 2.783013e-05 1.259803e+00 -1.119465e-02 -1.152334e-01
9.999998e-01 -3.697667e-04 3.730380e-05 4.790666e-04 1.262711e+00 -1.095750e-02 -1.083545e-01
9.999966e-01 1.425765e-03 2.172522e-03 4.753479e-05 1.266227e+00 3.247167e-03 -1.131355e-01
9.999997e-01 -6.268271e-04 1.366950e-04 3.008110e-04 1.254210e+00 -1.325498e-02 -1.039196e-01
9.999974e-01 -3.243241e-04 2.141878e-03 7.345561e-04 1.259861e+00 -6.784617e-03 -1.030002e-01
9.999992e-01 -3.039982e-04 1.215804e-03 1.667197e-04 1.272731e+00 -1.212004e-02 -1.055150e-01
9.999990e-01 1.305010e-03 2.947773e-04 4.090752e-04 1.291047e+00 -1.332259e-02 -8.463482e-02
9.999989e-01 -1.231013e-04 1.307724e-03 6.743632e-04 1.276456e+00 8.334562e-03 -1.146286e-01
9.999998e-01 3.771035e-04 -1.020507e-04 5.560663e-04 1.265031e+00 -1.513640e-02 -7.026837e-02
9.999994e-01 -6.322919e-04 4.399293e-04 7.472922e-04 1.280580e+00 4.258753e-03 -1.066000e-01
9.999998e-01 -2.769391e-04 -6.132904e-04 -1.024027e-05 1.294529e+00 -1.278702e-02 -8.046925e-02
9.999992e-01 4.289144e-04 1.098665e-03 3.858955e-04 1.283046e+00 -3.779276e-03 -1.049416e-01
1.000000e+00 -2.198920e-04 1.156852e-04 -9.823431e-05 1.294908e+00 -1.232560e-02 -8.320852e-02
1.000000e+00 3.756007e-05 -3.961072e-06 7.371727e-05 1.291094e+00 -2.797698e-03 -9.925927e-02
9.999988e-01 8.949045e-04 -1.237341e-03 1.715173e-04 1.291455e+00 -1.898498e-02 -9.379720e-02
9.999998e-01 2.242561e-04 4.284370e-04 2.064683e-04 1.316702e+00 6.046406e-03 -9.671876e-02
9.999997e-01 -4.377701e-04 -6.509542e-04 1.155527e-04 1.295796e+00 -1.173669e-02 -9.715007e-02
9.999986e-01 -6.179572e-04 -1.539471e-03 5.437951e-05 1.291990e+00 4.194085e-05 -9.388884e-02
9.999993e-01 -7.376401e-04 -9.316696e-04 1.604849e-04 1.325299e+00 9.897364e-04 -1.015893e-01
9.999996e-01 -4.572612e-04 -6.519627e-04 4.193205e-04 1.316524e+00 3.740150e-03 -9.827132e-02
9.999998e-01 -3.978165e-04 -4.003100e-04 2.293886e-04 1.308289e+00 -1.066637e-03 -1.075328e-01
9.999999e-01 -3.787822e-04 -3.309153e-04 2.357554e-05 1.294107e+00 -4.181668e-03 -1.074423e-01
9.999997e-01 6.665282e-04 -2.383117e-04 1.642544e-04 1.340149e+00 8.881957e-03 -1.201951e-01
9.999995e-01 1.000186e-03 -2.342230e-04 -1.073919e-04 1.328015e+00 -1.443879e-02 -1.048916e-01
9.999996e-01 -1.900071e-04 8.192313e-04 2.843459e-04 1.324814e+00 -5.139093e-03 -1.243928e-01
9.999999e-01 -1.388872e-04 7.925166e-05 4.184106e-04 1.341224e+00 -9.719839e-03 -9.077119e-02
9.999995e-01 -9.238454e-04 2.086191e-04 -2.880311e-04 1.317538e+00 -1.291822e-03 -1.081309e-01
9.999999e-01 -4.272092e-04 3.228009e-04 -9.424461e-05 1.326364e+00 -1.660926e-02 -1.205240e-01
9.999999e-01 -5.724375e-05 -3.721971e-04 3.320589e-04 1.340261e+00 -4.361296e-03 -1.137188e-01
9.999994e-01 3.393896e-04 8.779004e-04 4.114077e-04 1.339313e+00 5.958469e-03 -1.109120e-01
9.999998e-01 -4.230864e-04 -3.560950e-04 -3.585739e-04 1.348315e+00 -5.789561e-03 -1.170360e-01
9.999995e-01 -9.563096e-04 3.422885e-05 -3.123263e-05 1.352081e+00 -9.085499e-03 -1.271905e-01
9.999997e-01 4.946210e-05 -6.518113e-04 -3.590212e-04 1.340297e+00 -8.872415e-03 -1.000372e-01
9.999994e-01 9.375299e-04 4.614415e-04 1.298043e-04 1.359449e+00 -1.476866e-03 -1.359160e-01
9.999991e-01 6.732637e-04 -1.149244e-03 -1.670114e-04 1.345926e+00 7.240689e-03 -9.979790e-02
9.999990e-01 3.010187e-04 1.192126e-03 -6.359562e-04 1.358345e+00 -3.338002e-03 -1.127715e-01
9.999980e-01 3.600071e-04 -1.828799e-03 -7.474440e-04 1.373226e+00 -1.487947e-02 -1.085564e-01
9.999987e-01 4.596524e-04 1.277465e-03 -7.963406e-04 1.356213e+00 -1.862372e-02 -1.090109e-01
9.999990e-01 5.926951e-05 -1.359933e-03 -3.597771e-04 1.383796e+00 -4.996873e-03 -1.086157e-01
9.999989e-01 2.458709e-04 1.202352e-03 -8.260316e-04 1.374312e+00 -1.816406e-02 -1.155345e-01
9.999996e-01 -7.818802e-04 -4.707434e-04 -6.487485e-05 1.351169e+00 1.637290e-04 -1.158212e-01
9.999984e-01 1.708785e-04 1.657790e-03 -6.948079e-04 1.404071e+00 -1.513656e-02 -1.079873e-01
9.999995e-01 -1.947876e-04 -8.613847e-04 -5.357953e-04 1.354066e+00 -2.088094e-03 -1.141999e-01
9.999990e-01 3.587296e-04 1.039189e-03 -8.558519e-04 1.391627e+00 -1.747805e-02 -1.233338e-01
9.999997e-01 2.198529e-04 -5.860713e-04 -5.149686e-04 1.380887e+00 -6.731815e-03 -1.020056e-01
9.999998e-01 8.002365e-05 3.518903e-04 -4.140278e-04 1.384411e+00 -7.283951e-03 -9.888055e-02
9.999991e-01 -6.057674e-05 1.221896e-03 -5.626451e-04 1.396605e+00 -8.735189e-03 -1.149048e-01
9.999991e-01 -7.484707e-04 9.852007e-04 -5.711431e-04 1.387784e+00 -1.711000e-02 -1.136916e-01
9.999995e-01 1.487072e-04 8.726676e-04 -4.375991e-04 1.402416e+00 -9.837743e-03 -1.077998e-01
9.999994e-01 -4.400717e-04 -8.246255e-04 -6.403712e-04 1.409420e+00 -6.448488e-03 -1.011666e-01
9.999994e-01 -5.100977e-04 9.167681e-04 -2.638421e-04 1.386316e+00 -1.531901e-03 -1.108809e-01
9.999985e-01 -3.294214e-06 -1.219592e-03 -1.185827e-03 1.412195e+00 -1.340052e-02 -1.197002e-01
9.999997e-01 2.445035e-04 6.354882e-04 -5.033904e-04 1.414251e+00 -1.344104e-03 -1.065242e-01
9.999994e-01 -2.590797e-04 -9.272514e-04 -3.406081e-04 1.415593e+00 -3.242820e-03 -9.954483e-02
9.999998e-01 -2.533522e-04 4.815780e-04 -3.822364e-04 1.402745e+00 -1.076709e-02 -1.150683e-01
9.999998e-01 -2.958304e-04 5.055300e-04 -3.394370e-04 1.417949e+00 -5.742488e-03 -1.129401e-01
9.999992e-01 -7.596886e-04 -1.240081e-04 -1.000760e-03 1.410457e+00 -7.733843e-03 -1.305428e-01
9.999992e-01 -3.265002e-04 -8.052967e-04 -9.321757e-04 1.420321e+00 -1.705651e-02 -9.638139e-02
9.999994e-01 7.127457e-04 -2.996414e-04 -7.177323e-04 1.423480e+00 -5.646608e-03 -1.334410e-01
9.999990e-01 1.194330e-03 3.817933e-04 -6.608213e-04 1.423607e+00 -5.836599e-03 -1.074767e-01
9.999990e-01 -4.258776e-04 7.190500e-04 -1.120428e-03 1.428050e+00 4.908018e-03 -1.225671e-01
9.999994e-01 -6.187258e-04 7.746307e-04 -4.770950e-04 1.427229e+00 -1.258730e-02 -9.884776e-02
9.999992e-01 -9.477435e-04 -2.740996e-04 -8.238682e-04 1.428930e+00 -1.970836e-03 -1.322133e-01
9.999999e-01 -2.210814e-04 2.809662e-04 -2.852079e-04 1.459658e+00 -1.282698e-02 -1.112854e-01
9.999995e-01 -4.424573e-04 -5.439191e-04 -6.610723e-04 1.407601e+00 4.029348e-03 -1.192095e-01
9.999999e-01 3.357572e-04 2.574384e-05 -1.976511e-04 1.470004e+00 4.684843e-04 -1.240906e-01
9.999993e-01 -8.284724e-04 -6.890081e-04 -5.026849e-04 1.430422e+00 4.791889e-04 -1.303089e-01
9.999973e-01 1.252797e-03 -1.794788e-03 -7.395550e-04 1.453748e+00 -2.272780e-02 -1.206831e-01
9.999997e-01 6.961959e-04 -3.799955e-04 -2.574996e-04 1.454388e+00 1.528903e-02 -1.363042e-01
9.999958e-01 -3.417722e-04 -2.835852e-03 -5.116123e-04 1.444587e+00 4.300901e-04 -1.203305e-01
9.999997e-01 -5.826036e-04 -2.753931e-04 -4.778497e-04 1.461819e+00 6.310271e-03 -1.311620e-01
9.999982e-01 4.568288e-04 -1.675474e-03 -7.290250e-04 1.470094e+00 -3.636467e-03 -1.385476e-01
9.999985e-01 -5.104573e-04 1.633059e-03 -2.938530e-04 1.432481e+00 -1.073919e-02 -1.278058e-01
9.999991e-01 -7.219416e-04 -1.056007e-03 -4.545785e-04 1.469721e+00 4.850614e-04 -1.450646e-01
9.999992e-01 -6.190276e-04 9.781512e-04 -4.558676e-04 1.459563e+00 -1.753490e-02 -1.566243e-01
9.999996e-01 1.637755e-04 -7.745929e-04 -3.840041e-04 1.452879e+00 1.624325e-02 -1.311873e-01
9.999993e-01 9.833335e-04 5.119028e-04 -4.626093e-04 1.474291e+00 -1.091423e-02 -1.539372e-01
9.999984e-01 -9.922279e-04 -1.157306e-03 -8.941971e-04 1.454628e+00 5.649572e-03 -1.529645e-01
9.999994e-01 -1.037933e-03 -1.438465e-04 -2.226554e-04 1.465215e+00 -5.280773e-03 -1.303629e-01
9.999985e-01 -1.664948e-03 2.400704e-04 -3.766943e-04 1.484500e+00 3.606199e-03 -1.558992e-01
9.999997e-01 -5.911918e-04 1.637792e-04 -4.621237e-04 1.457318e+00 8.447657e-03 -1.698246e-01
9.999996e-01 6.881071e-04 -4.348967e-04 -3.409666e-04 1.464718e+00 -3.145194e-03 -1.474232e-01
9.999988e-01 1.354651e-03 1.626468e-04 -7.893686e-04 1.489260e+00 -5.709521e-03 -1.726776e-01
9.999997e-01 5.337625e-04 5.321619e-04 -7.372270e-05 1.471451e+00 6.791833e-03 -1.339345e-01
9.999995e-01 -3.242852e-04 -7.464954e-04 -5.219611e-04 1.475860e+00 -1.687209e-02 -1.638159e-01
9.999975e-01 -9.769339e-04 1.998890e-03 -3.872334e-04 1.488903e+00 1.403811e-02 -1.419309e-01
9.999999e-01 -2.107249e-04 -3.464342e-04 -1.703230e-04 1.489710e+00 -1.015057e-02 -1.696852e-01
9.999967e-01 9.689885e-04 2.344408e-03 -3.948917e-04 1.467198e+00 -2.146263e-02 -1.300763e-01
9.999993e-01 -9.089698e-04 7.362105e-04 -1.032732e-06 1.471198e+00 5.284948e-03 -1.468488e-01
9.999989e-01 -1.425725e-03 8.799192e-05 1.562133e-04 1.491319e+00 1.936242e-04 -1.440177e-01
9.999979e-01 -2.037653e-03 1.820668e-04 2.100969e-04 1.506946e+00 3.018868e-04 -1.544169e-01
9.999974e-01 1.221832e-03 -1.743511e-03 -7.893045e-04 1.456839e+00 -2.019677e-02 -1.469504e-01
9.999997e-01 5.257654e-05 7.931337e-04 -9.637019e-05 1.485973e+00 1.144293e-02 -1.643515e-01
9.999962e-01 1.257371e-03 -2.407021e-03 -4.470224e-04 1.516140e+00 -7.550764e-03 -1.540544e-01
9.999999e-01 3.762893e-04 1.583850e-04 2.707802e-04 1.513963e+00 1.668370e-02 -1.532271e-01
9.999969e-01 -1.370347e-03 -2.084228e-03 -2.048588e-04 1.469541e+00 -1.494582e-03 -1.473727e-01
9.999991e-01 -1.232488e-03 -4.548021e-04 1.620969e-04 1.518651e+00 1.857535e-03 -1.724288e-01
9.999970e-01 -1.853502e-03 -1.545335e-03 3.935084e-04 1.510624e+00 6.443713e-03 -1.798525e-01
9.999977e-01 2.047565e-03 1.098562e-04 5.635890e-04 1.507251e+00 -2.414095e-03 -1.710993e-01
9.999993e-01 1.696520e-04 9.958338e-04 -4.939003e-04 1.513019e+00 -1.972173e-02 -1.832225e-01
1.000000e+00 2.259445e-04 -4.877405e-05 1.741449e-04 1.505563e+00 9.296030e-03 -1.594506e-01
9.999980e-01 -6.455662e-04 1.872986e-03 -2.559083e-05 1.501938e+00 -6.336052e-03 -1.874861e-01
9.999999e-01 -2.204594e-04 8.462779e-05 4.075551e-04 1.544099e+00 -1.084370e-02 -1.536406e-01
9.999993e-01 3.894857e-05 1.154926e-03 -1.508757e-04 1.493851e+00 1.041551e-02 -1.748690e-01
9.999992e-01 1.169348e-03 4.013905e-04 4.175520e-05 1.532996e+00 -6.727069e-04 -1.696811e-01
9.999998e-01 -5.429819e-04 3.755088e-04 -6.382022e-05 1.528076e+00 -9.639013e-03 -1.554999e-01
9.999998e-01 -4.589840e-04 1.864166e-04 -1.906374e-04 1.545630e+00 9.673527e-03 -1.742535e-01
9.999998e-01 1.923626e-04 3.565916e-04 -4.178975e-04 1.526839e+00 -1.660041e-02 -1.427690e-01
9.999997e-01 -2.627033e-04 7.236766e-04 -1.365201e-04 1.540366e+00 1.695404e-02 -1.745724e-01
9.999997e-01 4.485038e-04 1.727500e-04 -6.658107e-04 1.521720e+00 -1.974318e-02 -1.552910e-01
9.999997e-01 2.044663e-05 6.487928e-04 -4.575512e-04 1.548460e+00 -3.182290e-03 -1.729109e-01
9.999997e-01 -3.947907e-04 3.643475e-04 -6.165563e-04 1.542421e+00 -3.271985e-03 -1.441301e-01
9.999997e-01 4.167510e-04 -5.309805e-04 -3.189607e-04 1.545952e+00 -8.636950e-03 -1.778608e-01
9.999978e-01 1.904551e-03 1.651364e-04 -8.724897e-04 1.534902e+00 -5.211936e-03 -1.434500e-01
9.999997e-01 5.708918e-04 -4.968501e-04 -3.418521e-04 1.555331e+00 6.088615e-03 -1.438977e-01
9.999995e-01 -1.834270e-04 -9.082530e-04 1.413692e-04 1.562847e+00 -1.377530e-03 -1.525495e-01
9.999978e-01 -1.930809e-03 -4.235097e-04 -6.339050e-04 1.540230e+00 8.263370e-03 -1.637932e-01
9.999991e-01 -9.259184e-04 -8.911371e-04 -2.539817e-04 1.551561e+00 4.260058e-04 -1.513133e-01
9.999994e-01 8.930817e-04 -6.073625e-04 -1.581053e-04 1.554878e+00 2.198429e-04 -1.764701e-01
9.999991e-01 1.144682e-03 -5.821931e-04 -2.926450e-04 1.553037e+00 6.469304e-03 -1.574958e-01
9.999997e-01 1.829359e-04 -4.366146e-04 6.317125e-04 1.564408e+00 -9.133306e-03 -1.734672e-01
9.999990e-01 2.436676e-04 -1.337762e-03 -1.943900e-04 1.565059e+00 6.536310e-03 -1.688729e-01
9.999996e-01 -1.411413e-04 8.213522e-04 2.436519e-04 1.558335e+00 -3.017027e-03 -1.605267e-01
9.999978e-01 1.885213e-03 -5.494841e-04 6.923157e-04 1.577637e+00 -8.408189e-03 -1.819659e-01
9.999996e-01 5.177612e-04 7.412219e-04 3.343699e-04 1.551395e+00 2.770249e-03 -1.627462e-01
9.999999e-01 3.794198e-05 -2.863227e-04 2.646238e-04 1.554819e+00 2.265779e-05 -1.799099e-01
9.999995e-01 6.169245e-04 -4.579384e-04 6.878055e-04 1.573381e+00 -6.169642e-03 -1.590833e-01
9.999995e-01 -2.062270e-04 -1.006177e-03 2.111918e-04 1.524549e+00 2.783334e-03 -1.706251e-01
9.999991e-01 -1.185275e-03 -3.297594e-04 4.840058e-04 1.525248e+00 1.773188e-03 -1.569755e-01
9.999982e-01 -1.373743e-03 -1.257628e-03 5.145786e-04 1.528368e+00 -5.824586e-03 -1.797029e-01
9.999994e-01 -1.435015e-04 -1.698930e-05 1.125100e-03 1.525061e+00 9.940850e-03 -1.842093e-01
9.999978e-01 -9.606223e-04 -1.486712e-03 1.146235e-03 1.516346e+00 1.435720e-03 -1.815806e-01
9.999998e-01 -4.049098e-04 1.778409e-04 4.343082e-04 1.500486e+00 1.111596e-04 -1.880449e-01
9.999984e-01 -1.554133e-03 1.908575e-04 8.957000e-04 1.523390e+00 4.908115e-03 -1.821851e-01
9.999989e-01 7.047212e-04 1.238281e-03 2.835989e-04 1.486191e+00 -1.156069e-02 -1.820976e-01
9.999977e-01 -1.097055e-04 2.016741e-03 7.752713e-04 1.511724e+00 9.895808e-03 -1.774538e-01
9.999958e-01 2.637595e-03 1.086001e-03 3.987550e-04 1.487973e+00 -3.741307e-03 -1.734996e-01
9.999948e-01 -5.429913e-04 3.105461e-03 6.696503e-04 1.504918e+00 -4.037887e-04 -1.801375e-01
9.999999e-01 2.793770e-04 -4.065583e-05 1.929075e-04 1.488695e+00 1.220452e-05 -1.480242e-01
9.999981e-01 5.677251e-04 1.847763e-03 9.062330e-05 1.486650e+00 -1.544945e-02 -1.542803e-01
9.999998e-01 -5.193163e-04 -3.117022e-04 3.008098e-04 1.479245e+00 4.420092e-03 -1.498429e-01
9.999998e-01 -4.260811e-04 4.730373e-04 -6.155558e-05 1.483026e+00 -1.534570e-02 -1.584501e-01
9.999967e-01 -2.211909e-03 -1.215244e-03 -4.117882e-04 1.473249e+00 4.938503e-03 -1.460284e-01
9.999985e-01 7.400392e-04 -1.536046e-03 -2.264741e-04 1.479731e+00 -2.363709e-04 -1.499383e-01
9.999999e-01 -4.391099e-04 2.490717e-04 -6.009320e-05 1.479555e+00 2.495535e-03 -1.791114e-01
9.999983e-01 -3.103401e-04 -1.593806e-03 -8.789673e-04 1.461411e+00 -9.060153e-03 -1.367465e-01
9.999993e-01 5.309904e-04 -3.279047e-04 -1.002615e-03 1.478636e+00 -4.737888e-03 -1.727404e-01
9.999994e-01 5.737710e-04 -6.805552e-04 -6.503144e-04 1.475163e+00 -5.439310e-03 -1.739303e-01
9.999999e-01 4.573019e-04 5.080249e-05 -2.086708e-04 1.471157e+00 1.828503e-03 -1.480355e-01
9.999997e-01 -7.057204e-04 -2.462183e-04 -2.826761e-04 1.481539e+00 -1.796837e-03 -1.825971e-01
9.999997e-01 -3.318960e-04 -6.536904e-04 4.871840e-05 1.490909e+00 6.349956e-03 -1.642872e-01
9.999996e-01 -6.518593e-04 -6.065812e-04 -5.465356e-05 1.468509e+00 8.272882e-03 -1.709937e-01
9.999989e-01 8.459366e-04 -1.241679e-03 2.031144e-05 1.468805e+00 -1.052174e-02 -1.621492e-01
9.999997e-01 6.536399e-04 4.536419e-04 2.933547e-04 1.492157e+00 1.147054e-02 -1.846893e-01
9.999991e-01 -4.179599e-04 -1.231909e-03 -3.419064e-04 1.464401e+00 -1.310282e-02 -1.509494e-01
9.999997e-01 -1.842584e-04 7.600002e-04 1.623313e-04 1.478150e+00 -4.719957e-04 -1.863282e-01
9.999991e-01 -1.045116e-03 -8.207820e-04 -1.478196e-04 1.482979e+00 2.043963e-03 -1.698819e-01
9.999994e-01 5.649730e-04 9.880392e-04 1.022223e-04 1.492166e+00 8.537455e-05 -1.772563e-01
9.999999e-01 -5.348474e-05 1.560224e-04 -1.863658e-04 1.462032e+00 -1.032790e-02 -1.861067e-01
1.000000e+00 -8.903415e-05 1.874850e-04 -9.751719e-05 1.510065e+00 7.704686e-04 -1.650474e-01
9.999997e-01 -5.149700e-04 -5.376068e-04 -2.044241e-04 1.484943e+00 -3.713654e-03 -1.897630e-01
9.999999e-01 9.565634e-05 4.746246e-04 -2.790830e-04 1.482114e+00 -1.441813e-03 -1.621285e-01
1.000000e+00 1.574068e-04 1.279021e-04 -1.256434e-04 1.500651e+00 2.611038e-03 -1.841878e-01
1.000000e+00 1.863998e-04 4.345346e-05 -6.192203e-05 1.508462e+00 6.138576e-03 -1.835138e-01
9.999998e-01 -4.878173e-04 -3.299392e-04 4.947312e-05 1.502949e+00 1.080399e-03 -1.653305e-01
9.999999e-01 -2.071824e-04 2.198354e-04 -2.687075e-04 1.508507e+00 -4.116076e-03 -1.937247e-01
9.999997e-01 -5.506707e-04 4.246886e-04 -1.972747e-04 1.508380e+00 -1.650111e-04 -1.677565e-01
9.999990e-01 -1.086604e-03 9.006021e-04 1.814353e-04 1.510682e+00 7.883088e-03 -1.888431e-01
9.999995e-01 4.875382e-04 7.672240e-04 -3.421712e-04 1.511226e+00 3.762142e-04 -1.669351e-01
9.999993e-01 -5.361651e-04 1.095088e-03 1.710212e-04 1.514456e+00 1.327053e-03 -1.966331e-01
9.999996e-01 8.658890e-04 8.549602e-05 -2.966872e-04 1.519213e+00 -1.472433e-02 -1.684184e-01
9.999985e-01 -1.056954e-03 1.351705e-03 -4.696542e-05 1.518283e+00 -1.209443e-03 -1.735496e-01
1.000000e+00 2.630632e-04 -9.867404e-05 -8.313862e-06 1.532407e+00 -3.796080e-04 -1.711389e-01
9.999995e-01 8.858829e-04 2.210391e-04 -3.040867e-04 1.530799e+00 -1.827105e-03 -1.671472e-01
9.999998e-01 2.472713e-04 5.581559e-04 3.948453e-05 1.530400e+00 2.741661e-03 -1.835808e-01
9.999996e-01 1.099563e-04 -8.691821e-04 -7.510161e-05 1.542594e+00 1.694158e-03 -1.520258e-01
9.999998e-01 -2.399683e-04 -6.192181e-04 -1.902866e-04 1.535118e+00 6.073243e-04 -1.889832e-01
9.999996e-01 2.994043e-04 -7.952713e-04 1.139013e-05 1.538286e+00 -4.659606e-03 -1.636587e-01
9.999998e-01 -9.482372e-05 -5.976540e-04 -2.266820e-04 1.549266e+00 1.187682e-02 -1.755900e-01
9.999999e-01 4.130694e-04 2.277003e-04 2.376766e-04 1.536655e+00 -9.640452e-03 -1.741449e-01
9.999996e-01 -1.044289e-04 -6.610620e-04 6.330544e-04 1.574583e+00 1.590058e-02 -1.799880e-01
9.999995e-01 6.684076e-04 -5.888154e-04 3.954020e-04 1.539369e+00 -6.204545e-03 -1.792872e-01
9.999997e-01 5.238908e-04 -1.040559e-04 6.060810e-04 1.571576e+00 9.215792e-03 -1.784176e-01
9.999996e-01 4.565657e-04 5.564179e-04 5.744294e-04 1.560298e+00 -4.355111e-03 -1.694658e-01
9.999992e-01 -1.085266e-03 -1.648079e-04 6.539826e-04 1.560020e+00 5.591027e-03 -1.607354e-01
9.999997e-01 1.593772e-04 6.578723e-04 5.156567e-04 1.569879e+00 -2.440785e-03 -1.908543e-01
9.999993e-01 -4.975938e-04 9.790235e-04 5.352612e-04 1.570257e+00 -4.313369e-03 -1.842221e-01
9.999992e-01 9.291512e-04 7.745423e-04 4.245224e-04 1.595493e+00 -5.351783e-04 -1.611271e-01
9.999993e-01 -6.289620e-05 1.085608e-03 4.326196e-04 1.568549e+00 1.080700e-03 -1.927401e-01
9.999993e-01 -1.117965e-03 -1.709405e-04 4.447145e-04 1.587882e+00 2.687393e-03 -1.480700e-01
9.999975e-01 -1.860798e-03 -1.193241e-03 1.267277e-04 1.586055e+00 -4.676668e-03 -1.801856e-01
9.999997e-01 -2.392753e-04 -7.222889e-04 3.888837e-04 1.610723e+00 1.248130e-02 -2.026304e-01
9.999981e-01 -4.542670e-04 -1.882233e-03 7.741117e-05 1.584206e+00 1.423591e-03 -1.711098e-01
9.999969e-01 1.956542e-03 -1.452440e-03 2.759644e-04 1.601092e+00 5.055574e-04 -1.958054e-01
9.999997e-01 1.425973e-04 1.380528e-04 7.012314e-04 1.608037e+00 1.347938e-02 -1.912681e-01
9.999979e-01 -3.299342e-04 -2.025541e-03 -3.183058e-04 1.595597e+00 -4.625214e-03 -1.871880e-01
9.999998e-01 2.793488e-04 -2.698065e-04 5.464913e-04 1.627199e+00 3.621136e-03 -2.020515e-01
9.999992e-01 9.070193e-04 -6.310704e-04 6.715467e-04 1.617028e+00 1.827101e-02 -1.999145e-01
9.999968e-01 2.515742e-03 -1.650824e-04 2.177301e-04 1.619037e+00 -4.842378e-03 -2.076783e-01
9.999991e-01 -1.254503e-03 1.389638e-04 4.999160e-04 1.607925e+00 2.493767e-04 -1.756417e-01
9.999996e-01 -2.718454e-04 7.450695e-04 3.667945e-04 1.637070e+00 5.625620e-03 -2.011556e-01
9.999997e-01 -1.295590e-04 5.741603e-04 4.631134e-04 1.604908e+00 6.382082e-05 -1.865990e-01
9.999990e-01 3.013451e-04 1.320677e-03 2.241329e-04 1.647477e+00 -9.355146e-03 -1.866705e-01
9.999996e-01 -3.491131e-04 8.215341e-04 2.670257e-04 1.613969e+00 -1.274925e-02 -2.138753e-01
9.999998e-01 -2.060722e-04 5.768133e-04 1.326881e-04 1.665624e+00 -2.684213e-03 -1.655562e-01
9.999994e-01 -6.125594e-04 5.546008e-04 -6.593913e-04 1.632055e+00 1.369742e-02 -1.979214e-01
9.999997e-01 -5.363667e-04 2.812206e-04 -5.991520e-04 1.644028e+00 -1.509621e-02 -1.903558e-01
9.999999e-01 1.765136e-05 1.558530e-04 -3.583766e-04 1.642849e+00 -2.397944e-03 -1.857056e-01
1.000000e+00 -3.272174e-05 -4.081111e-05 -1.133074e-04 -3.284243e-02 2.686797e-03 -4.239242e-03
