1.0 0.0 0.0 0.0 0.0 0.0 0.0
9.999997e-01 3.995191e-05 -2.014719e-04 -7.784997e-04 8.448035e-01 -6.907461e-02 -1.038670e-02
9.999995e-01 8.587798e-04 -3.710411e-04 3.759758e-04 6.464898e-01 -2.837672e-02 -3.647900e-02
9.999989e-01 -8.105496e-04 -3.375792e-04 1.186110e-03 8.132477e-01 -3.183972e-02 -1.523614e-03
9.999986e-01 1.639843e-04 -1.040981e-03 -1.296846e-03 2.393440e-01 -5.187229e-02 -1.232988e-02
9.999972e-01 5.275819e-04 4.278584e-04 -2.266987e-03 1.148663e-01 -7.665909e-02 6.562006e-03
9.999899e-01 7.305616e-05 -1.320967e-03 -4.298603e-03 -1.909916e-01 -9.837277e-02 2.175530e-03
9.999937e-01 1.528735e-04 1.711543e-03 -3.092893e-03 -7.933554e-02 -7.836800e-02 -4.289073e-04
9.999961e-01 8.955419e-04 2.629232e-03 -1.982950e-04 3.718321e-01 -6.522528e-02 2.556905e-03
9.999978e-01 1.482546e-04 1.978283e-03 -7.145498e-04 2.483161e-01 -6.573623e-02 1.371309e-02
9.999983e-01 -1.995726e-04 1.719847e-03 6.198899e-04 5.250593e-01 -4.704109e-02 1.592920e-02
9.999979e-01 -7.947001e-04 -4.281911e-04 -1.811400e-03 2.500590e-01 -6.220554e-02 -4.786090e-03
9.999984e-01 -8.794801e-04 -2.295612e-04 -1.545725e-03 1.934686e-01 -4.649025e-02 4.585749e-03
9.999715e-01 -8.859447e-05 -4.339387e-03 -6.182983e-03 -3.516904e-01 -1.191140e-01 -1.334810e-02
9.999958e-01 9.496230e-04 2.177561e-03 -1.648229e-03 5.066176e-01 -2.312715e-02 5.070716e-03
9.999879e-01 9.025227e-05 -4.231492e-04 -4.892580e-03 2.740876e-01 -1.138035e-01 -6.191866e-03
9.999951e-01 1.107986e-04 1.618009e-04 -3.110337e-03 9.766346e-02 -8.463172e-02 -1.637378e-02
9.999856e-01 -8.477464e-04 2.642806e-03 -4.595039e-03 3.157540e-01 -1.176655e-01 1.397265e-02
9.999977e-01 1.577980e-04 -9.642838e-04 -1.933331e-03 1.943749e-01 -6.159788e-02 -2.045107e-02
9.999539e-01 4.105886e-05 -4.052217e-03 -8.701153e-03 -1.679019e-01 -1.639797e-01 -3.725852e-02
9.999680e-01 2.057305e-03 -2.862552e-03 -7.178124e-03 2.472068e-01 -1.636585e-01 -1.834362e-02
9.999888e-01 2.289285e-03 9.273224e-04 -4.038880e-03 1.727563e-01 -7.587191e-02 -4.392199e-04
9.999946e-01 7.051792e-04 -9.761490e-04 -3.063118e-03 3.449402e-01 -2.357730e-02 5.862860e-03
9.999992e-01 5.196785e-04 -2.909228e-05 -1.156531e-03 6.198972e-02 -5.957549e-02 8.959800e-04
9.999102e-01 5.118324e-04 -2.644761e-03 1.312211e-02 -2.570068e-01 -1.090828e-01 -3.974210e-03
9.999894e-01 -1.076270e-04 4.686112e-04 4.584237e-03 -9.340700e-02 -5.822195e-02 1.779212e-02
9.999996e-01 -3.308248e-04 -5.320038e-04 -6.588263e-04 1.400167e-01 -1.604351e-02 2.745338e-03
9.999951e-01 -7.377016e-04 -2.840723e-03 -1.101701e-03 1.546174e-01 -4.422469e-02 -4.520230e-03
9.999972e-01 -2.146956e-03 -1.046453e-03 -3.249619e-05 -2.402489e-01 -8.545084e-02 -3.972375e-03
9.999978e-01 1.832095e-04 -1.468977e-03 1.450437e-03 5.402093e-02 -4.090849e-02 -4.510367e-03
9.999966e-01 -1.371491e-04 1.062144e-03 2.396665e-03 4.222243e-02 1.933611e-03 -2.409597e-03
9.999789e-01 -3.125355e-04 2.260579e-04 6.483615e-03 -3.292076e-02 -3.356457e-02 5.561594e-03
9.999959e-01 -2.042305e-03 9.886936e-04 -1.753526e-03 -4.432307e-02 -5.867835e-02 -1.314521e-02
9.999989e-01 -8.036369e-04 -1.141852e-03 5.581418e-04 7.323976e-02 -6.083013e-02 -9.196727e-03
9.999919e-01 -2.461755e-04 -2.299910e-05 4.002562e-03 6.117742e-02 1.929634e-03 -1.559948e-03
9.999928e-01 -4.099222e-04 -2.035876e-03 3.173474e-03 4.456473e-02 -2.748246e-02 -3.610911e-02
9.999971e-01 4.055564e-04 1.925320e-03 1.450945e-03 -5.599042e-02 -8.532239e-03 2.738150e-02
9.999978e-01 -1.411413e-03 3.809436e-04 1.493160e-03 1.427814e-01 -8.411488e-03 -1.649632e-02
9.999940e-01 1.130920e-04 2.509671e-03 -2.364924e-03 -1.473137e-01 3.947755e-02 9.386828e-03
9.999976e-01 -3.452369e-05 -2.104079e-03 -7.047631e-04 1.884905e-01 -2.624940e-02 -3.960124e-02
9.999828e-01 2.034960e-03 3.417879e-03 -4.300906e-03 9.509437e-02 3.194730e-02 9.389850e-03
9.999996e-01 -3.787021e-04 -6.560819e-04 -4.885524e-04 -1.268632e-01 2.903921e-02 -2.315822e-03
9.999983e-01 1.671040e-03 6.340619e-04 4.599749e-04 -3.762238e-02 -4.386600e-02 1.470817e-02
9.999919e-01 -6.899963e-04 -2.998457e-04 -3.964616e-03 1.279298e-01 5.878806e-03 -1.993659e-02
9.999972e-01 1.129433e-03 -1.355677e-03 1.577838e-03 -1.029752e-01 -4.338407e-02 5.303209e-03
9.999979e-01 -1.419141e-03 1.208748e-03 7.882621e-04 -1.130288e-01 -2.208808e-03 2.930800e-03
9.999988e-01 1.537163e-03 -2.480170e-04 -3.480643e-05 3.045693e-02 1.807780e-02 1.420501e-02
9.999952e-01 -1.945007e-03 4.186064e-04 2.371849e-03 7.703450e-02 -5.784966e-02 -2.545332e-03
9.999991e-01 -9.441106e-04 -9.069356e-04 -2.349005e-04 5.812112e-02 -2.777842e-02 1.106761e-02
9.999963e-01 -1.456254e-03 9.679575e-05 -2.331094e-03 -6.481414e-02 9.789099e-04 -2.358390e-02
9.999935e-01 1.420469e-04 6.723547e-04 3.523690e-03 -3.325521e-02 -1.240301e-02 3.620915e-03
9.999846e-01 -1.387292e-03 3.127680e-03 4.363974e-03 1.241982e-01 2.085536e-02 1.173045e-02
9.999995e-01 -7.075620e-04 -6.960199e-04 -3.047021e-04 5.991452e-03 -2.159685e-02 -1.353092e-02
9.999964e-01 6.593289e-05 2.667298e-03 -3.137312e-04 -7.527782e-02 -3.070097e-02 1.224194e-03
9.999965e-01 1.507154e-03 -2.119212e-03 5.241703e-04 3.032131e-02 -7.916428e-03 -4.725021e-02
9.999790e-01 2.507001e-03 3.827963e-03 4.597396e-03 8.155792e-02 -1.828607e-02 4.251843e-02
9.999964e-01 -9.711528e-04 -2.798181e-04 2.487522e-03 8.001659e-02 7.383801e-02 1.320014e-02
9.999936e-01 -9.756928e-04 3.698141e-04 3.404401e-03 -1.827017e-01 1.161802e-03 1.889592e-02
9.999849e-01 -2.017139e-03 -3.016108e-03 4.127365e-03 -4.549390e-02 -6.202758e-03 -2.407537e-03
9.999956e-01 1.281595e-03 -2.632205e-03 4.373972e-04 8.854082e-02 8.812117e-03 -2.156903e-02
9.999996e-01 -1.805245e-04 4.435403e-04 -6.915229e-04 -4.561549e-02 3.576200e-02 1.252321e-02
9.999967e-01 1.886489e-04 -1.113770e-03 2.294396e-03 -3.383522e-02 7.184712e-02 3.511697e-04
9.999983e-01 -7.040733e-05 -3.678984e-04 -1.792964e-03 -2.188302e-02 5.151840e-02 1.628785e-02
9.999834e-01 -9.355376e-04 -3.958910e-03 4.085116e-03 4.313650e-02 6.306385e-02 -3.626614e-02
9.999854e-01 2.778428e-03 -2.665678e-05 -4.632795e-03 -1.244238e-01 1.355689e-02 3.313611e-02
9.999989e-01 9.634857e-04 1.054235e-03 3.949374e-04 1.059378e-02 8.990432e-02 1.422503e-02
9.999998e-01 9.352340e-05 2.620656e-04 -4.887469e-04 -1.126859e-02 6.947945e-02 1.566241e-02
9.999818e-01 -1.965941e-03 -2.924322e-03 -4.898994e-03 -1.620175e-01 -1.838552e-02 -2.703176e-02
9.999894e-01 1.396650e-03 -9.038509e-04 4.299971e-03 -1.098044e-01 3.371239e-02 2.224899e-02
9.999834e-01 -8.693516e-04 6.013663e-04 -5.657934e-03 7.330895e-02 1.688652e-02 -1.712833e-02
9.999967e-01 7.690758e-04 8.217203e-04 -2.296329e-03 -1.340186e-01 1.779837e-02 1.644595e-02
9.999980e-01 -1.004435e-03 -9.750129e-04 -1.448981e-03 -1.209517e-01 3.253976e-02 -1.151246e-02
9.999985e-01 9.311033e-04 -8.069503e-04 -1.188930e-03 1.024888e-02 2.435614e-02 2.087781e-02
9.999846e-01 -3.440310e-04 2.419688e-05 -5.532892e-03 -1.514136e-01 -6.178946e-02 -3.006835e-03
9.999967e-01 -1.043598e-03 9.260151e-05 -2.324485e-03 -9.390046e-02 7.552583e-03 1.027860e-02
9.999995e-01 -5.338576e-04 6.593490e-04 -6.248523e-04 8.862242e-02 1.543253e-02 -2.233041e-02
9.999988e-01 -8.894836e-04 -8.755472e-04 8.293585e-04 -6.643024e-02 -7.673423e-03 -1.539256e-02
9.999947e-01 1.527032e-03 2.419342e-03 1.539984e-03 -2.541844e-01 2.525274e-02 1.033473e-02
9.999988e-01 -5.859369e-05 -1.546141e-03 -2.736798e-04 8.621580e-02 9.449877e-03 -1.144314e-02
9.999984e-01 1.276732e-03 5.851908e-04 1.092001e-03 -1.192279e-01 -5.713427e-03 1.209895e-02
9.999987e-01 7.145505e-04 -4.677090e-04 1.348318e-03 -2.170549e-01 -6.335993e-03 1.944835e-02
9.999873e-01 3.256012e-04 1.593113e-03 4.781048e-03 -1.078004e-01 2.131079e-03 2.817416e-02
9.999861e-01 -1.075810e-03 -6.675499e-04 5.105973e-03 -4.883086e-02 4.285722e-02 1.227945e-02
9.999954e-01 -1.603427e-03 -2.547730e-03 -1.911230e-04 -1.373756e-01 -1.060036e-02 -2.000077e-02
9.999842e-01 -4.202338e-04 -3.452604e-03 4.418352e-03 7.228489e-02 -1.675157e-02 -5.329389e-02
9.999718e-01 6.579929e-04 -7.449478e-03 -6.897376e-04 2.781720e-02 -5.513137e-02 -5.501552e-02
9.999576e-01 1.218451e-03 2.254013e-03 -8.840794e-03 -3.221477e-01 -1.435998e-01 4.420456e-02
9.999965e-01 -8.731558e-04 -2.438243e-03 -5.206735e-04 -3.510647e-02 -2.437865e-02 -3.946982e-02
9.999983e-01 1.969712e-04 -8.648713e-04 1.580860e-03 -1.710864e-02 6.859011e-02 -1.705813e-02
9.999876e-01 2.830151e-04 -4.972530e-03 2.221588e-04 -1.339055e-01 -3.961941e-02 -2.630622e-02
9.999803e-01 -5.625316e-04 -6.205114e-03 -8.240632e-04 -5.835344e-02 -5.874438e-02 -5.831967e-02
9.999963e-01 1.121379e-03 -2.492092e-03 9.231099e-05 -9.039514e-02 -2.573750e-02 -3.076753e-02
9.999687e-01 -1.504513e-04 -7.437414e-03 2.687241e-03 -1.908709e-01 -4.091967e-02 -5.926917e-02
9.999943e-01 -3.565691e-04 -8.560866e-04 3.243975e-03 -1.977903e-01 -1.487059e-02 -2.468466e-03
9.999760e-01 -3.104642e-03 6.189664e-03 -2.605626e-04 2.033437e-01 1.439526e-01 1.747400e-02
9.999953e-01 1.434789e-03 -2.537137e-03 -9.414223e-04 -2.461414e-02 3.327515e-02 -8.401549e-03
9.999916e-01 2.297531e-03 -3.407761e-03 -8.264286e-05 1.954143e-02 -1.037304e-02 -2.662344e-02
9.999967e-01 1.632640e-03 -1.651230e-03 1.105836e-03 8.349320e-02 5.501746e-02 7.900992e-04
9.999962e-01 4.915953e-04 3.582064e-05 -2.704532e-03 5.889816e-01 2.369908e-02 -4.624350e-02
9.999914e-01 -1.789858e-03 -2.583018e-03 -2.714095e-03 5.562058e-01 1.998525e-02 -9.793499e-02
9.999742e-01 -7.469445e-04 2.506864e-03 -6.690513e-03 7.392564e-01 -5.925655e-02 -5.044910e-02
9.999551e-01 -9.799995e-04 -1.891793e-03 -9.237424e-03 5.254842e-01 -8.881322e-02 -6.775945e-02
9.999891e-01 -1.860207e-04 -2.837770e-03 -3.709964e-03 5.487399e-01 -1.101448e-01 -9.066859e-02
9.999785e-01 -3.111594e-03 2.680864e-03 -5.116926e-03 6.996194e-01 -2.870125e-03 -1.111092e-01
9.999761e-01 -2.855560e-03 1.839574e-03 -6.025043e-03 8.412119e-01 -1.979685e-03 -1.217734e-01
9.999784e-01 4.484020e-04 1.910591e-03 -6.275430e-03 1.168851e+00 -2.738488e-02 -1.497589e-01
9.999751e-01 -8.397358e-04 9.357827e-04 -6.938820e-03 1.394205e+00 -3.679246e-02 -1.966288e-01
9.999765e-01 3.014274e-04 1.593220e-04 -6.852431e-03 1.402572e+00 -2.034444e-02 -1.942031e-01
9.999760e-01 -1.827938e-03 -6.751796e-05 -6.684401e-03 1.357062e+00 -3.320044e-02 -1.855377e-01
9.999731e-01 -1.666845e-03 -1.356816e-03 -7.006502e-03 1.375400e+00 -1.689467e-02 -1.815662e-01
9.999786e-01 -6.941526e-04 9.115653e-04 -6.432987e-03 1.365375e+00 -2.459456e-02 -1.858608e-01
9.999822e-01 -8.201687e-04 -5.675782e-04 -5.891484e-03 1.385311e+00 -1.705948e-02 -2.059590e-01
9.999849e-01 -1.419201e-03 9.219704e-04 -5.226742e-03 1.363695e+00 -1.949744e-02 -1.956868e-01
9.999846e-01 -2.039466e-03 -1.495743e-03 -4.954980e-03 1.384123e+00 -1.570946e-02 -1.989826e-01
9.999828e-01 -6.131600e-04 2.144159e-03 -5.418006e-03 1.372837e+00 -1.781486e-02 -2.188903e-01
9.999935e-01 -3.182662e-04 7.464467e-05 -3.602593e-03 1.397317e+00 -1.409821e-02 -1.883578e-01
9.999936e-01 1.427643e-05 1.207561e-03 -3.362704e-03 1.378042e+00 -8.003352e-03 -2.145767e-01
9.999935e-01 -1.512700e-04 -1.150613e-03 -3.417804e-03 1.388866e+00 -1.326833e-02 -2.065759e-01
9.999944e-01 -4.253132e-04 -8.571581e-04 -3.210418e-03 1.381280e+00 -8.371191e-03 -2.011453e-01
9.999959e-01 1.906282e-04 -1.314818e-03 -2.562797e-03 1.410321e+00 -7.247662e-03 -2.034599e-01
9.999981e-01 3.693948e-04 -9.223716e-05 -1.911913e-03 1.394797e+00 -9.560455e-03 -2.189277e-01
9.999990e-01 3.088930e-04 -9.363599e-04 -9.759787e-04 1.402192e+00 1.713618e-03 -2.208721e-01
9.999992e-01 5.905518e-04 2.785413e-04 -1.063112e-03 1.402569e+00 -1.174904e-02 -2.135616e-01
9.999992e-01 -1.261291e-07 -6.304754e-04 -1.107932e-03 1.409991e+00 -2.047046e-03 -2.167569e-01
9.999976e-01 -2.201601e-05 -1.850556e-03 -1.206406e-03 1.402932e+00 -8.305969e-03 -2.206265e-01
9.999993e-01 1.263674e-04 -5.628320e-04 -1.049698e-03 1.383291e+00 -3.065022e-03 -2.316923e-01
9.999960e-01 -4.077723e-04 -2.217780e-03 -1.728339e-03 1.400360e+00 -8.353550e-03 -2.243977e-01
9.999977e-01 -2.285566e-04 -4.371703e-04 -2.073509e-03 1.395054e+00 -1.525126e-02 -2.383559e-01
9.999978e-01 -1.221315e-03 -4.813137e-04 -1.650161e-03 1.406553e+00 1.619553e-03 -2.462359e-01
9.999963e-01 -7.891162e-04 -3.948925e-04 -2.565121e-03 1.399684e+00 -1.841324e-02 -2.319703e-01
9.999971e-01 -1.135747e-03 -1.581762e-03 -1.420443e-03 1.400147e+00 -3.996869e-03 -2.582490e-01
9.999969e-01 1.246431e-04 -1.247561e-04 -2.474531e-03 1.414741e+00 -1.329067e-02 -2.380061e-01
9.999979e-01 -4.157991e-04 2.697047e-04 -2.005843e-03 1.428057e+00 -1.271795e-03 -2.753028e-01
9.999950e-01 9.791700e-04 6.953184e-04 -2.913488e-03 1.426944e+00 -2.152420e-02 -2.458452e-01
9.999976e-01 -1.051382e-03 -6.693245e-04 -1.786403e-03 1.440165e+00 1.716363e-03 -2.659500e-01
9.999950e-01 3.559982e-05 -1.294899e-03 -2.883079e-03 1.454654e+00 -1.741518e-02 -2.611971e-01
9.999963e-01 4.898080e-04 -5.560230e-04 -2.627871e-03 1.454903e+00 -1.104911e-02 -2.760424e-01
9.999921e-01 2.011917e-03 -8.331102e-04 -3.322668e-03 1.444471e+00 -1.115599e-02 -2.703556e-01
9.999952e-01 -1.115082e-03 5.616615e-04 -2.820135e-03 1.462948e+00 -6.233781e-03 -2.802063e-01
9.999945e-01 -1.115693e-03 -2.493925e-04 -3.098551e-03 1.440586e+00 -1.059470e-02 -2.768290e-01
9.999949e-01 -1.984518e-03 -3.923986e-04 -2.496011e-03 1.433266e+00 -1.262122e-02 -2.752933e-01
9.999954e-01 2.642311e-04 -1.134495e-03 -2.785849e-03 1.456289e+00 -2.389458e-03 -2.773773e-01
9.999937e-01 -3.269092e-05 6.334275e-04 -3.500333e-03 1.442278e+00 -2.485181e-02 -2.773359e-01
9.999952e-01 5.446604e-04 -2.685275e-04 -3.022358e-03 1.462175e+00 -3.743710e-03 -2.951120e-01
9.999938e-01 -1.304328e-03 5.709457e-05 -3.269534e-03 1.449089e+00 -6.904310e-03 -3.039446e-01
9.999957e-01 -8.281421e-04 -1.014509e-03 -2.629280e-03 1.453638e+00 -3.198781e-03 -2.714888e-01
9.999951e-01 -9.195562e-04 -5.274247e-04 -2.961613e-03 1.441736e+00 -1.759239e-02 -3.000570e-01
9.999931e-01 4.872046e-04 -1.282935e-03 -3.436573e-03 1.459380e+00 -8.461348e-03 -2.997023e-01
9.999940e-01 -9.803514e-04 7.933251e-04 -3.237966e-03 1.451995e+00 -1.018125e-02 -3.152463e-01
9.999928e-01 -1.252728e-03 -1.541165e-04 -3.566171e-03 1.467840e+00 -1.408837e-02 -3.018071e-01
9.999920e-01 -8.942957e-04 -4.814141e-04 -3.878734e-03 1.427691e+00 -5.381298e-03 -3.272852e-01
9.999876e-01 6.426353e-04 -1.074891e-03 -4.822015e-03 1.457597e+00 -1.433806e-02 -2.951758e-01
9.999838e-01 2.767095e-03 1.510821e-03 -4.732717e-03 1.466289e+00 -9.149674e-03 -3.187551e-01
9.999882e-01 -3.987729e-04 1.217586e-03 -4.687198e-03 1.448282e+00 -1.583781e-02 -3.100913e-01
9.999879e-01 -3.136590e-03 6.060082e-04 -3.748384e-03 1.433124e+00 -5.080783e-03 -3.052458e-01
9.999841e-01 -2.543946e-03 -1.397953e-03 -4.835368e-03 1.427293e+00 -2.063765e-02 -2.970986e-01
9.999854e-01 -2.745232e-03 1.553413e-03 -4.399892e-03 1.432067e+00 -2.017824e-02 -2.921457e-01
9.999880e-01 -1.126080e-03 1.060150e-03 -4.645483e-03 1.433974e+00 -1.160693e-02 -3.144577e-01
9.999820e-01 -4.419244e-04 2.494827e-03 -5.445399e-03 1.408258e+00 -2.422193e-02 -3.420201e-01
9.999844e-01 1.331431e-03 -5.547950e-04 -5.395395e-03 1.436032e+00 -8.931004e-03 -2.940414e-01
9.999745e-01 3.470378e-03 -1.255763e-03 -6.104825e-03 1.427789e+00 -1.356736e-02 -3.301248e-01
9.999773e-01 2.664921e-03 1.285102e-03 -6.050071e-03 1.414599e+00 -6.600845e-03 -2.903270e-01
9.999626e-01 -6.948612e-03 1.338725e-03 -4.979454e-03 1.423733e+00 -2.995669e-02 -2.554737e-01
9.999585e-01 -6.000240e-03 -5.220906e-03 -4.438495e-03 1.382027e+00 -1.026003e-02 -3.358829e-01
9.999911e-01 -1.482061e-03 1.440602e-03 -3.671075e-03 1.410691e+00 -4.677436e-03 -3.284585e-01
9.999925e-01 1.879816e-03 -6.060936e-04 -3.325418e-03 1.403521e+00 -1.788756e-03 -3.025108e-01
9.999889e-01 4.677588e-04 3.180513e-03 -3.463884e-03 1.391123e+00 -7.438664e-03 -3.483554e-01
9.999934e-01 -8.866849e-04 -2.073903e-03 -2.853198e-03 1.413252e+00 -1.511342e-02 -3.067439e-01
9.999943e-01 -1.525269e-03 7.156461e-04 -2.934485e-03 1.400864e+00 -5.120134e-03 -3.263713e-01
9.999918e-01 -1.603806e-03 4.214247e-04 -3.695274e-03 1.404941e+00 -1.247245e-02 -3.211945e-01
9.999953e-01 -1.268989e-04 -2.435158e-04 -3.044118e-03 1.406258e+00 -2.215503e-03 -3.155497e-01
9.999900e-01 -2.224947e-04 1.440928e-05 -4.457292e-03 1.389900e+00 -7.490650e-03 -3.514907e-01
9.999889e-01 -7.652793e-04 -6.940383e-04 -4.592623e-03 1.412293e+00 -5.451651e-03 -3.255763e-01
9.999843e-01 -7.473484e-04 -9.562240e-05 -5.546720e-03 1.392350e+00 -8.479340e-03 -3.496469e-01
9.999810e-01 -6.589759e-04 6.867070e-04 -6.097317e-03 1.399992e+00 -1.264648e-02 -3.239200e-01
9.999870e-01 -1.103006e-03 -1.079989e-03 -4.863426e-03 1.400126e+00 -8.059763e-03 -3.470664e-01
9.999821e-01 3.143823e-04 7.500659e-04 -5.925413e-03 1.405803e+00 -1.269354e-02 -3.271032e-01
9.999855e-01 -1.343126e-03 -3.912566e-04 -5.205994e-03 1.398083e+00 -4.776958e-03 -3.451186e-01
9.999858e-01 -4.209844e-04 -6.263374e-04 -5.284025e-03 1.410023e+00 -4.696981e-03 -3.623282e-01
9.999828e-01 -3.659187e-04 1.649548e-04 -5.845508e-03 1.391997e+00 -7.982802e-03 -3.413967e-01
9.999828e-01 -1.397161e-03 -1.119876e-03 -5.591310e-03 1.387518e+00 -2.016164e-02 -3.381755e-01
9.999845e-01 -1.851638e-04 -5.887223e-04 -5.537664e-03 1.394457e+00 4.449619e-03 -3.591460e-01
9.999839e-01 -1.917569e-04 2.682931e-04 -5.658621e-03 1.415515e+00 -1.957594e-02 -3.535050e-01
9.999852e-01 2.684061e-04 -8.746671e-04 -5.361145e-03 1.399675e+00 -3.941521e-03 -3.716673e-01
9.999866e-01 2.520030e-04 -2.908799e-04 -5.157059e-03 1.410437e+00 -7.985010e-03 -3.620186e-01
9.999802e-01 -6.194175e-04 -9.193849e-04 -6.195211e-03 1.416903e+00 -1.089880e-02 -3.792657e-01
9.999888e-01 -1.193213e-04 1.027190e-04 -4.731202e-03 1.412321e+00 6.083915e-03 -3.627274e-01
9.999849e-01 -1.240810e-03 -6.820365e-04 -5.306770e-03 1.397178e+00 -2.000564e-03 -3.661994e-01
9.999837e-01 6.246881e-04 -6.411414e-04 -5.630732e-03 1.404442e+00 -9.322335e-03 -3.938272e-01
9.999857e-01 -9.189667e-04 1.431578e-05 -5.272693e-03 1.409472e+00 -8.645474e-03 -3.866074e-01
9.999869e-01 4.443871e-05 -1.082879e-03 -5.000292e-03 1.417798e+00 1.633820e-03 -3.858214e-01
9.999851e-01 -1.654881e-03 1.084486e-03 -5.101971e-03 1.405294e+00 -1.333195e-02 -3.828989e-01
9.999870e-01 -5.124146e-04 -1.297214e-03 -4.895942e-03 1.411615e+00 -6.475014e-03 -3.881994e-01
9.999867e-01 -1.480323e-03 8.696851e-04 -4.856094e-03 1.419718e+00 -7.256750e-03 -4.004602e-01
9.999874e-01 -8.149428e-04 -7.811268e-04 -4.899510e-03 1.411704e+00 -9.018340e-03 -3.957967e-01
9.999876e-01 -6.649146e-04 9.750966e-04 -4.834795e-03 1.426354e+00 -5.080301e-03 -4.003860e-01
9.999855e-01 -2.801504e-03 2.452889e-04 -4.591604e-03 1.417592e+00 -8.219765e-03 -4.101383e-01
9.999871e-01 -4.551883e-04 -6.247744e-04 -5.014857e-03 1.416743e+00 -2.066222e-02 -4.114850e-01
9.999842e-01 -3.122839e-03 1.115873e-03 -4.538622e-03 1.412691e+00 2.492381e-04 -3.940040e-01
9.999912e-01 4.093691e-04 -4.180821e-04 -4.151099e-03 1.427292e+00 5.388107e-03 -4.185972e-01
9.999847e-01 -2.283940e-03 1.956030e-03 -4.648329e-03 1.419639e+00 -1.622958e-02 -4.188451e-01
9.999888e-01 9.376682e-04 -7.439085e-04 -4.580905e-03 1.429096e+00 -7.934968e-03 -3.991774e-01
9.999932e-01 -1.253979e-03 1.146432e-03 -3.266358e-03 1.439959e+00 -2.914296e-03 -4.187917e-01
9.999928e-01 5.254313e-04 -1.849386e-03 -3.257171e-03 1.425021e+00 7.931467e-04 -4.063624e-01
9.999950e-01 -9.540655e-05 4.029935e-04 -3.148403e-03 1.429515e+00 -4.484903e-03 -4.161969e-01
9.999942e-01 1.051445e-03 -1.113247e-03 -3.026228e-03 1.426013e+00 -5.264496e-03 -4.318839e-01
9.999941e-01 5.840929e-04 -1.798801e-05 -3.381251e-03 1.445322e+00 -6.422679e-03 -4.054111e-01
9.999953e-01 -1.548256e-03 -5.518034e-04 -2.576202e-03 1.431183e+00 5.833183e-04 -4.325776e-01
9.999942e-01 -7.746479e-04 -4.640369e-04 -3.284175e-03 1.431283e+00 -1.573587e-03 -4.163393e-01
9.999954e-01 -1.899692e-03 -5.277042e-04 -2.287706e-03 1.433056e+00 -1.181164e-02 -4.409814e-01
9.999970e-01 -4.831838e-04 6.533678e-04 -2.299474e-03 1.443691e+00 6.029073e-04 -4.204560e-01
9.999936e-01 -2.021145e-03 6.771220e-04 -2.869200e-03 1.444000e+00 -1.360068e-02 -4.462571e-01
9.999969e-01 -8.175955e-04 1.195262e-04 -2.323583e-03 1.461055e+00 4.758407e-03 -4.424452e-01
9.999958e-01 -1.558779e-03 9.738928e-04 -2.235448e-03 1.455383e+00 -1.315888e-02 -4.506807e-01
9.999990e-01 4.648131e-04 2.257820e-04 -1.298608e-03 1.464181e+00 2.324094e-04 -4.288512e-01
9.999977e-01 -7.013313e-04 1.139524e-03 -1.667387e-03 1.468826e+00 4.084239e-04 -4.252864e-01
9.999990e-01 1.528535e-04 1.926481e-04 -1.410787e-03 1.473143e+00 3.749521e-04 -4.547541e-01
9.999993e-01 1.927081e-04 3.047013e-04 -1.078268e-03 1.487437e+00 -7.458455e-03 -4.333803e-01
9.999995e-01 -6.719017e-04 4.215679e-05 -7.666596e-04 1.501617e+00 1.365532e-02 -4.403400e-01
9.999990e-01 3.323817e-04 -3.294790e-04 -1.311427e-03 1.512655e+00 7.216148e-04 -4.405383e-01
9.999998e-01 -1.996002e-04 -4.668829e-04 -1.454416e-04 1.488874e+00 7.739448e-03 -4.366038e-01
9.999992e-01 3.419392e-04 -8.381753e-05 -1.267433e-03 1.530028e+00 -2.947427e-03 -4.575836e-01
9.999998e-01 -3.205334e-04 4.315313e-04 -1.864408e-04 1.513427e+00 5.663019e-03 -4.678714e-01
9.999986e-01 1.640613e-03 3.563951e-04 -1.264832e-04 1.514635e+00 6.908899e-03 -4.359911e-01
9.999991e-01 1.994258e-04 1.111238e-03 -6.740375e-04 1.527733e+00 -3.189955e-03 -4.568885e-01
9.999987e-01 1.598944e-03 -1.247014e-04 1.318582e-04 1.525696e+00 -3.791759e-03 -4.405921e-01
9.999999e-01 8.512809e-05 -3.704775e-04 -1.384473e-04 1.519980e+00 9.726982e-03 -4.569072e-01
9.999988e-01 8.766517e-04 -7.919264e-04 -9.749224e-04 1.503412e+00 1.468519e-03 -4.191628e-01
9.999993e-01 5.163271e-04 -1.072397e-03 -4.223124e-05 1.496278e+00 -3.815527e-03 -4.501003e-01
9.999998e-01 5.625853e-04 -4.330623e-04 -3.346942e-05 1.507879e+00 1.030499e-02 -4.432355e-01
9.999999e-01 -1.225496e-04 -2.193286e-04 4.433938e-04 1.513202e+00 -1.243606e-03 -4.488752e-01
9.999993e-01 1.017405e-03 -5.217627e-04 4.628135e-04 1.513989e+00 3.119551e-03 -4.601994e-01
9.999997e-01 5.488528e-04 -4.586353e-04 1.697448e-04 1.510032e+00 6.838034e-03 -4.359755e-01
9.999995e-01 -4.311846e-04 -8.658186e-04 -2.573770e-05 1.509967e+00 -4.001216e-03 -4.621773e-01
9.999973e-01 6.506220e-04 -2.162321e-03 4.460203e-04 1.509206e+00 5.551455e-03 -4.515117e-01
9.999998e-01 -9.549182e-05 -4.894824e-04 4.923262e-04 1.529559e+00 -1.947581e-03 -4.702996e-01
9.999997e-01 4.696333e-04 -3.587120e-05 6.657895e-04 1.518635e+00 1.573301e-02 -4.954302e-01
9.999993e-01 -1.030314e-03 -4.006717e-04 4.364490e-04 1.533444e+00 5.022271e-03 -4.477497e-01
9.999988e-01 1.503524e-03 -2.631258e-04 2.958552e-04 1.518477e+00 1.291070e-02 -5.141354e-01
9.999998e-01 4.971616e-04 4.545116e-04 -5.794369e-06 1.538954e+00 -6.854282e-03 -4.560471e-01
9.999989e-01 9.181211e-04 -1.093716e-03 4.585301e-04 1.547895e+00 1.046112e-02 -5.020229e-01
9.999967e-01 2.430238e-03 6.413565e-04 -3.688506e-04 1.538209e+00 2.619749e-03 -4.738135e-01
9.999996e-01 4.068443e-04 -7.194375e-04 -2.806665e-04 1.560947e+00 -1.100279e-02 -4.762575e-01
9.999987e-01 1.483702e-03 6.525707e-04 -1.688223e-04 1.536639e+00 1.307214e-02 -4.747449e-01
9.999992e-01 -1.214186e-03 1.977427e-04 3.203697e-05 1.557862e+00 -5.854610e-03 -4.797484e-01
9.999991e-01 -1.009172e-03 -7.778898e-04 -1.482664e-04 1.537968e+00 -3.888821e-03 -4.657022e-01
9.999984e-01 -1.746113e-03 1.790530e-04 3.680990e-04 1.537248e+00 1.201956e-02 -5.002501e-01
9.999993e-01 2.488930e-04 -1.000703e-03 -5.730094e-04 1.547952e+00 -7.086601e-03 -4.823762e-01
9.999996e-01 4.126701e-04 8.030586e-04 2.477496e-04 1.507671e+00 2.115776e-02 -5.045111e-01
9.999999e-01 5.777187e-05 1.854036e-06 -3.579534e-04 1.527494e+00 3.076608e-03 -4.719804e-01
9.999992e-01 1.007600e-03 7.008458e-04 -4.140499e-04 1.514694e+00 -2.428138e-03 -4.859469e-01
1.000000e+00 3.067689e-05 2.452719e-04 -5.853677e-05 1.524775e+00 -2.676930e-03 -4.618893e-01
9.999996e-01 -4.312291e-04 8.235289e-04 1.237525e-04 1.502798e+00 2.331111e-03 -4.639448e-01
9.999981e-01 -1.819675e-03 -1.411379e-04 7.263635e-04 1.511298e+00 -5.232775e-03 -4.857233e-01
9.999997e-01 -2.175638e-04 -1.910129e-04 6.871256e-04 1.491302e+00 -1.091478e-02 -4.584254e-01
9.999994e-01 -6.159343e-04 9.414348e-04 1.812036e-04 1.481804e+00 8.702780e-03 -4.851148e-01
9.999991e-01 6.707480e-04 3.846564e-04 1.054397e-03 1.500809e+00 -7.438665e-03 -4.460239e-01
9.999986e-01 -1.028437e-03 1.293452e-03 3.797771e-04 1.478723e+00 1.003206e-03 -4.869329e-01
9.999993e-01 9.712569e-04 -9.304059e-06 7.121253e-04 1.481364e+00 -1.487259e-04 -4.214645e-01
9.999993e-01 -5.986782e-04 -9.625847e-04 3.007105e-04 1.463460e+00 -2.277929e-03 -4.652295e-01
9.999987e-01 1.395057e-03 -3.855164e-04 7.283553e-04 1.460977e+00 9.337474e-03 -4.561806e-01
9.999977e-01 1.518150e-03 -1.474145e-03 3.108477e-04 1.469157e+00 2.295035e-03 -4.463217e-01
9.999993e-01 1.083952e-03 -1.342581e-04 5.431581e-04 1.435918e+00 9.517714e-03 -4.579060e-01
9.999969e-01 1.724653e-03 -1.439896e-03 1.012900e-03 1.438937e+00 1.552232e-02 -4.385728e-01
9.999976e-01 2.125322e-03 -3.757827e-04 1.516601e-04 1.435203e+00 7.158054e-03 -4.709365e-01
9.999976e-01 2.059899e-03 -6.042735e-04 4.375329e-04 1.395732e+00 4.607264e-03 -4.363817e-01
9.999931e-01 3.446009e-03 -1.294908e-03 5.629618e-04 1.430516e+00 1.610747e-02 -4.345360e-01
9.999995e-01 5.636261e-04 -1.582682e-04 8.023086e-04 1.402399e+00 7.457783e-03 -4.440452e-01
9.999938e-01 2.524057e-03 -2.402239e-03 5.883705e-04 1.406991e+00 1.326786e-03 -4.304560e-01
9.999984e-01 7.831056e-05 6.661461e-04 1.634346e-03 1.398311e+00 -1.639493e-03 -4.513646e-01
9.999978e-01 3.641596e-04 -1.178652e-03 1.695905e-03 1.385018e+00 -2.406033e-03 -4.416893e-01
9.999947e-01 3.834599e-04 1.594450e-03 2.806783e-03 1.395535e+00 1.160613e-02 -4.633532e-01
9.999954e-01 1.690799e-03 3.267765e-04 2.496330e-03 1.359377e+00 2.177908e-03 -4.329053e-01
9.999950e-01 6.599308e-04 1.451098e-03 2.716491e-03 1.369915e+00 5.065520e-03 -4.245666e-01
9.999930e-01 2.174263e-04 -1.947063e-03 3.190207e-03 1.375756e+00 7.591930e-03 -4.196192e-01
9.999947e-01 5.712817e-05 1.852959e-04 3.238006e-03 1.366289e+00 -5.194455e-03 -4.097069e-01
9.999906e-01 2.325366e-04 -3.102411e-04 4.314380e-03 1.347428e+00 9.607453e-03 -4.440606e-01
9.999895e-01 -4.510133e-04 7.995986e-04 4.488064e-03 1.341183e+00 8.971328e-03 -4.039043e-01
9.999853e-01 -2.886961e-04 -3.227616e-03 4.335433e-03 1.341838e+00 1.671042e-02 -4.303452e-01
9.999927e-01 -1.299707e-04 1.659752e-05 3.824568e-03 1.333162e+00 -1.393067e-03 -4.426218e-01
9.999919e-01 9.933439e-04 -7.836138e-04 3.820946e-03 1.326051e+00 8.822690e-03 -4.275731e-01
9.999907e-01 -1.026252e-03 1.205831e-03 4.017575e-03 1.338374e+00 -7.741863e-03 -4.177830e-01
9.999903e-01 1.250147e-03 -3.647296e-04 4.208277e-03 1.324135e+00 1.778921e-02 -4.369051e-01
9.999914e-01 -5.905703e-04 1.329473e-03 3.884839e-03 1.317621e+00 6.161090e-03 -4.192464e-01
9.999886e-01 1.760797e-03 -1.744273e-03 4.079453e-03 1.339984e+00 6.964360e-03 -4.228144e-01
9.999923e-01 1.418280e-03 6.889127e-04 3.599163e-03 1.316659e+00 1.096726e-02 -4.377671e-01
9.999920e-01 3.442051e-04 -7.841270e-04 3.895945e-03 1.342108e+00 4.030460e-03 -4.063110e-01
9.999915e-01 1.263383e-03 -2.558290e-04 3.918929e-03 1.319688e+00 1.000401e-02 -4.230505e-01
9.999902e-01 -4.362048e-04 -1.176484e-03 4.244475e-03 1.326857e+00 1.685591e-02 -4.340424e-01
9.999893e-01 2.238417e-03 -1.167349e-03 3.876484e-03 1.328966e+00 5.715660e-03 -4.142604e-01
9.999912e-01 9.761788e-05 -3.023234e-04 4.174325e-03 1.326616e+00 1.220921e-02 -4.259715e-01
9.999892e-01 -2.830347e-04 -1.703608e-03 4.328313e-03 1.308659e+00 1.010975e-02 -4.190983e-01
9.999910e-01 1.312446e-03 -9.427425e-04 3.915112e-03 1.312976e+00 1.788775e-02 -4.617773e-01
9.999896e-01 1.112038e-03 6.217587e-04 4.369406e-03 1.325032e+00 5.915383e-03 -4.131259e-01
9.999914e-01 -1.184988e-04 -1.374865e-03 3.921681e-03 1.296587e+00 7.878142e-03 -4.492524e-01
9.999892e-01 5.766757e-04 -4.235089e-04 4.584396e-03 1.304084e+00 2.284934e-02 -4.304469e-01
9.999903e-01 6.222398e-04 -1.285604e-03 4.168365e-03 1.303754e+00 5.887380e-03 -4.369530e-01
9.999886e-01 2.389582e-03 1.243106e-03 3.938557e-03 1.308080e+00 1.425022e-02 -4.412178e-01
9.999890e-01 -2.923352e-04 2.271419e-04 4.673445e-03 1.315513e+00 4.943756e-03 -4.422165e-01
9.999902e-01 8.358873e-04 5.515032e-05 4.354568e-03 1.309823e+00 1.433294e-02 -4.233605e-01
9.999866e-01 -1.190072e-03 5.596927e-06 5.030793e-03 1.305254e+00 1.403174e-02 -4.516409e-01
9.999856e-01 1.353472e-03 -6.769479e-04 5.154048e-03 1.309895e+00 4.247354e-03 -4.062930e-01
9.999850e-01 -7.130701e-04 5.182106e-04 5.406882e-03 1.304753e+00 2.091134e-02 -4.475243e-01
9.999820e-01 1.411377e-03 5.094191e-04 5.819570e-03 1.334575e+00 7.740473e-03 -4.166898e-01
9.999782e-01 -1.663964e-03 1.020455e-03 6.301665e-03 1.306707e+00 1.842571e-02 -4.496648e-01
9.999818e-01 1.004651e-03 -1.132550e-03 5.831233e-03 1.320099e+00 1.651652e-02 -4.189992e-01
9.999799e-01 -3.608157e-04 1.162844e-03 6.217634e-03 1.322395e+00 9.631091e-03 -4.328920e-01
9.999832e-01 6.378509e-04 -7.601804e-04 5.707267e-03 1.317398e+00 2.178475e-02 -4.224479e-01
9.999831e-01 -2.688072e-04 1.087749e-03 5.703845e-03 1.317301e+00 1.951775e-02 -4.353237e-01
9.999856e-01 7.087930e-04 -6.373681e-05 5.316061e-03 1.331217e+00 1.487646e-02 -4.309871e-01
9.999837e-01 2.642774e-04 6.514010e-04 5.659573e-03 1.305899e+00 1.725986e-02 -4.197107e-01
9.999852e-01 6.705491e-04 8.161531e-05 5.408576e-03 1.342604e+00 1.333248e-02 -4.210915e-01
9.999845e-01 7.036626e-04 3.805292e-04 5.501121e-03 1.342045e+00 1.175652e-02 -4.162618e-01
9.999855e-01 5.039749e-04 1.358760e-05 5.354500e-03 1.336821e+00 2.050549e-02 -4.254465e-01
9.999851e-01 3.800013e-04 1.325514e-04 5.436653e-03 1.359569e+00 1.745947e-02 -4.145777e-01
9.999843e-01 2.400925e-04 -7.244768e-04 5.562889e-03 1.350573e+00 3.127073e-02 -4.278590e-01
9.999889e-01 7.636235e-04 4.671316e-04 4.625537e-03 1.361105e+00 6.050658e-03 -3.972435e-01
9.999850e-01 3.350660e-05 4.998384e-04 5.448311e-03 1.355903e+00 2.804300e-02 -4.230569e-01
9.999881e-01 3.717152e-04 2.544211e-04 4.862058e-03 1.379177e+00 2.069128e-02 -4.191862e-01
9.999857e-01 -6.274786e-04 5.992551e-04 5.271931e-03 1.363178e+00 1.696659e-02 -4.255555e-01
9.999892e-01 8.072127e-04 -7.768806e-04 4.510713e-03 1.382707e+00 3.580808e-03 -4.253553e-01
9.999826e-01 -8.748924e-04 1.251069e-03 5.691984e-03 1.385538e+00 3.500909e-02 -4.229599e-01
9.999880e-01 3.416807e-04 -4.278888e-04 4.856867e-03 1.398956e+00 2.180844e-02 -3.970737e-01
9.999856e-01 -7.245663e-05 4.012335e-04 5.351096e-03 1.390635e+00 2.415669e-02 -4.374351e-01
9.999860e-01 1.627375e-03 2.965403e-04 5.022875e-03 1.403109e+00 1.694919e-02 -4.213853e-01
9.999872e-01 4.915424e-04 6.997559e-04 4.986384e-03 1.396014e+00 2.460802e-02 -4.057616e-01
9.999849e-01 1.061934e-03 1.182782e-03 5.258087e-03 1.415104e+00 1.806083e-02 -4.074756e-01
9.999835e-01 6.245535e-04 -9.186448e-04 5.634884e-03 1.396351e+00 1.684701e-02 -3.982070e-01
9.999830e-01 1.215978e-03 -2.381818e-05 5.708371e-03 1.418424e+00 3.701718e-02 -4.128159e-01
9.999813e-01 -3.047002e-04 -2.548815e-04 6.108016e-03 1.412616e+00 2.437336e-02 -3.931863e-01
9.999825e-01 6.639145e-04 -1.282921e-03 5.728957e-03 1.419392e+00 2.451059e-02 -4.074961e-01
9.999771e-01 -1.614020e-04 1.418652e-03 6.619340e-03 1.412147e+00 2.967100e-02 -4.134691e-01
9.999772e-01 1.951903e-03 -6.574977e-04 6.430710e-03 1.425952e+00 1.107022e-02 -3.870564e-01
9.999739e-01 1.079855e-04 2.038809e-03 6.925058e-03 1.419618e+00 2.606701e-02 -4.004859e-01
9.999761e-01 8.731683e-04 -9.190087e-04 6.798235e-03 1.416110e+00 1.918092e-02 -3.999945e-01
9.999770e-01 2.111625e-04 6.068787e-04 6.749578e-03 1.412000e+00 3.096464e-02 -3.930070e-01
9.999771e-01 9.159668e-04 -1.265798e-03 6.584815e-03 1.407214e+00 2.835310e-02 -3.749161e-01
9.999770e-01 8.268932e-04 1.040777e-03 6.647840e-03 1.424262e+00 1.894685e-02 -3.946226e-01
9.999758e-01 8.638621e-04 -2.162695e-04 6.902101e-03 1.385983e+00 3.574296e-02 -3.851478e-01
9.999748e-01 1.545675e-03 -2.180658e-04 6.933562e-03 1.402282e+00 1.994514e-02 -3.685512e-01
9.999778e-01 1.748741e-04 -6.460418e-04 6.635609e-03 1.378386e+00 3.148849e-02 -3.738081e-01
9.999794e-01 1.065971e-03 -3.361678e-04 6.311941e-03 1.381779e+00 1.769262e-02 -3.624045e-01
9.999750e-01 8.676579e-04 -1.696684e-03 6.809510e-03 1.357072e+00 3.420458e-02 -3.643406e-01
9.999805e-01 8.869854e-04 -1.423939e-03 6.008465e-03 1.379723e+00 2.172844e-02 -3.533579e-01
9.999800e-01 4.652027e-06 -3.683743e-04 6.308097e-03 1.353220e+00 2.685187e-02 -3.735469e-01
9.999821e-01 1.008705e-03 -1.747210e-03 5.625694e-03 1.375796e+00 2.929346e-02 -3.621622e-01
9.999798e-01 1.008378e-03 -8.935792e-05 6.276959e-03 1.374662e+00 2.986320e-02 -3.660067e-01
9.999822e-01 9.109008e-04 -5.704710e-05 5.904984e-03 1.367249e+00 1.795455e-02 -3.550045e-01
9.999825e-01 1.910968e-04 9.284135e-04 5.841304e-03 1.363479e+00 3.084983e-02 -3.653055e-01
9.999839e-01 2.643564e-04 -5.861965e-04 5.634521e-03 1.367636e+00 2.259877e-02 -3.611571e-01
9.999842e-01 7.776528e-04 9.627935e-04 5.490223e-03 1.367055e+00 3.239036e-02 -3.457613e-01
9.999840e-01 1.273937e-03 -2.850410e-04 5.511055e-03 1.368460e+00 1.062468e-02 -3.416652e-01
9.999852e-01 9.851143e-05 8.802660e-04 5.370073e-03 1.371800e+00 3.205036e-02 -3.640078e-01
9.999853e-01 4.413934e-04 1.452001e-04 5.402094e-03 1.361408e+00 2.146223e-02 -3.421580e-01
9.999866e-01 1.631579e-04 -8.271400e-05 5.176973e-03 1.375840e+00 2.310577e-02 -3.358386e-01
9.999856e-01 1.109351e-03 -2.302311e-04 5.235883e-03 1.382629e+00 2.203535e-02 -3.337853e-01
9.999848e-01 1.106828e-03 -4.593958e-04 5.391034e-03 1.379446e+00 3.719018e-02 -3.340610e-01
9.999878e-01 3.715862e-04 1.056786e-03 4.802633e-03 1.370973e+00 1.823564e-02 -3.405458e-01
9.999854e-01 -4.211435e-04 -3.695769e-04 5.378462e-03 1.391311e+00 2.455519e-02 -3.390298e-01
9.999847e-01 3.030435e-04 8.813832e-04 5.448351e-03 1.365466e+00 1.813648e-02 -3.228257e-01
9.999866e-01 -2.802629e-04 -5.551389e-04 5.132634e-03 1.392959e+00 2.549931e-02 -3.418829e-01
9.999825e-01 2.389137e-03 1.848396e-03 5.082787e-03 1.391722e+00 1.579850e-02 -3.208860e-01
9.999855e-01 1.038553e-03 2.965933e-04 5.281809e-03 1.403660e+00 2.397862e-02 -3.221203e-01
9.999854e-01 1.647160e-03 7.375513e-04 5.101944e-03 1.381427e+00 1.627575e-02 -3.099619e-01
9.999852e-01 8.055286e-04 -1.629786e-03 5.127727e-03 1.398036e+00 2.074397e-02 -3.001390e-01
9.999836e-01 7.721010e-04 4.545140e-04 5.646781e-03 1.391863e+00 2.853893e-02 -3.037071e-01
9.999846e-01 9.408579e-04 -8.824352e-04 5.392046e-03 1.413123e+00 2.100909e-02 -3.030600e-01
9.999863e-01 1.191766e-03 -1.434086e-04 5.091377e-03 1.394423e+00 1.804262e-02 -2.944104e-01
9.999853e-01 -1.561846e-04 -4.980946e-04 5.388355e-03 1.419577e+00 1.740660e-02 -3.117447e-01
9.999866e-01 1.149562e-03 -3.223598e-04 5.030550e-03 1.385954e+00 2.328544e-02 -2.983697e-01
9.999845e-01 8.118832e-04 3.693619e-04 5.500310e-03 1.410226e+00 1.695684e-02 -2.978906e-01
9.999874e-01 4.643214e-04 5.945008e-04 4.954453e-03 1.400182e+00 6.276683e-03 -3.137003e-01
9.999840e-01 1.213032e-03 9.883044e-04 5.437098e-03 1.405259e+00 1.698571e-02 -2.953769e-01
9.999847e-01 6.450833e-04 -9.002793e-04 5.413841e-03 1.404497e+00 2.681851e-02 -2.836311e-01
9.999901e-01 7.333313e-04 -3.103339e-04 4.368338e-03 1.403306e+00 1.884866e-02 -2.938768e-01
9.999872e-01 1.005094e-03 -1.399590e-03 4.765941e-03 1.398743e+00 1.790226e-02 -2.847778e-01
9.999879e-01 2.013189e-04 -7.426536e-04 4.847169e-03 1.397045e+00 2.686439e-02 -2.748326e-01
9.999880e-01 1.079840e-03 -9.733340e-05 4.770740e-03 1.396397e+00 1.498140e-02 -2.834259e-01
9.999851e-01 1.343151e-03 -1.330380e-03 5.129822e-03 1.402566e+00 1.613909e-02 -2.624979e-01
9.999867e-01 1.300519e-03 1.007870e-03 4.894757e-03 1.403349e+00 1.285823e-02 -2.855846e-01
9.999875e-01 5.490218e-06 -4.071146e-04 4.991547e-03 1.398321e+00 1.312694e-02 -2.676812e-01
9.999887e-01 6.711999e-04 8.136879e-04 4.631102e-03 1.387805e+00 1.157749e-02 -2.763839e-01
9.999849e-01 7.544530e-04 -8.066908e-05 5.443443e-03 1.406340e+00 2.004558e-02 -2.540985e-01
9.999861e-01 1.208164e-04 7.482422e-04 5.209047e-03 1.407607e+00 1.538911e-02 -2.769447e-01
9.999470e-01 1.046522e-03 -9.362712e-04 1.019596e-02 2.870878e+00 4.963491e-02 -5.276406e-01
9.999768e-01 2.045438e-03 -1.493735e-03 6.316263e-03 1.408559e+00 7.005112e-03 -2.460161e-01
9.999841e-01 1.435593e-03 1.742859e-03 5.170839e-03 1.389012e+00 6.283709e-03 -2.604048e-01
9.999847e-01 5.127146e-04 -3.575905e-04 5.495624e-03 1.408668e+00 5.815298e-03 -2.330679e-01
9.999805e-01 1.774804e-03 8.272578e-04 5.921552e-03 1.425112e+00 1.888821e-02 -2.597587e-01
9.999850e-01 7.944517e-04 1.220678e-03 5.278382e-03 1.415093e+00 5.176405e-03 -2.369484e-01
9.999852e-01 -1.079169e-04 -1.095061e-04 5.423993e-03 1.417656e+00 3.271974e-03 -2.414241e-01
9.999872e-01 -1.271188e-04 -5.370529e-04 5.024265e-03 1.416746e+00 1.376836e-02 -2.299368e-01
9.999876e-01 -1.730193e-04 -1.580173e-03 4.712310e-03 1.420465e+00 1.502617e-02 -2.470370e-01
9.999929e-01 8.108175e-04 5.312545e-04 3.654017e-03 1.419934e+00 -3.474733e-03 -2.507534e-01
9.999867e-01 -7.882837e-04 -1.649983e-03 4.821866e-03 1.415992e+00 2.551642e-02 -2.334074e-01
9.999928e-01 4.379389e-04 5.687748e-04 3.717267e-03 1.433341e+00 7.072923e-03 -2.455045e-01
9.999897e-01 -1.951218e-04 -1.855388e-03 4.151717e-03 1.419624e+00 1.529183e-02 -2.382676e-01
9.999942e-01 1.143095e-03 -1.500150e-04 3.204431e-03 1.426958e+00 1.066461e-02 -2.381921e-01
9.999938e-01 -4.026872e-04 -1.025563e-03 3.336424e-03 1.419305e+00 3.738040e-03 -2.436299e-01
9.999969e-01 2.830256e-04 -1.289305e-04 2.455438e-03 1.427005e+00 -5.827385e-04 -2.384854e-01
9.999964e-01 -4.487293e-04 -7.643154e-05 2.650071e-03 1.442615e+00 1.479789e-02 -2.370069e-01
9.999972e-01 1.207757e-03 6.057492e-04 1.925504e-03 1.432233e+00 -1.145674e-02 -2.420536e-01
9.999945e-01 1.245182e-03 2.560568e-03 1.659187e-03 1.446186e+00 -2.054470e-03 -2.562578e-01
9.999919e-01 2.336323e-03 2.225443e-03 2.399343e-03 1.441233e+00 2.908234e-03 -2.118665e-01
9.999946e-01 1.322464e-03 2.207313e-03 2.018053e-03 1.461465e+00 -5.944377e-03 -2.355311e-01
9.999929e-01 2.172919e-03 1.965326e-03 2.364112e-03 1.450108e+00 1.893633e-03 -1.938748e-01
9.999940e-01 1.017088e-04 2.865440e-03 1.927674e-03 1.450234e+00 -1.022795e-02 -2.234525e-01
9.999986e-01 6.678748e-04 6.708039e-04 1.401076e-03 1.467551e+00 -1.643128e-02 -1.980834e-01
9.999970e-01 8.843016e-04 1.252277e-03 1.887385e-03 1.458945e+00 -2.518523e-04 -1.897760e-01
9.999972e-01 7.552739e-04 1.462195e-03 1.700424e-03 1.462113e+00 -1.006769e-02 -2.062397e-01
9.999961e-01 2.418403e-04 2.291140e-03 1.608239e-03 1.471232e+00 -7.826241e-03 -1.930150e-01
9.999978e-01 -4.037795e-04 -1.266383e-03 1.633570e-03 1.474753e+00 1.488420e-03 -1.545708e-01
9.999965e-01 1.117707e-03 1.676106e-03 1.715603e-03 1.474083e+00 5.153639e-03 -2.003428e-01
9.999994e-01 4.707479e-04 -2.061348e-04 9.386292e-04 1.473177e+00 -1.212689e-02 -1.686501e-01
9.999987e-01 1.146519e-03 6.773770e-04 8.514200e-04 1.485587e+00 -1.110404e-02 -1.957486e-01
9.999991e-01 7.010828e-04 4.755105e-04 1.027429e-03 1.473222e+00 -4.586249e-03 -1.653650e-01
9.999983e-01 1.014573e-03 1.235037e-03 9.390848e-04 1.486769e+00 -4.731254e-03 -1.696890e-01
9.999992e-01 4.268139e-04 1.647989e-04 1.192245e-03 1.496142e+00 1.247990e-03 -1.697260e-01
9.999986e-01 1.021496e-03 5.619357e-04 1.175637e-03 1.494158e+00 -1.174813e-02 -1.611732e-01
9.999990e-01 9.091228e-04 5.298696e-04 8.950163e-04 1.492648e+00 -7.157926e-03 -1.661038e-01
9.999994e-01 -1.013263e-04 6.127712e-04 9.513910e-04 1.511067e+00 -8.533204e-03 -1.682826e-01
9.999998e-01 2.865321e-05 4.588224e-05 5.757634e-04 1.501569e+00 -9.801619e-03 -1.554769e-01
9.999985e-01 9.598259e-04 8.369531e-04 1.218702e-03 1.493227e+00 1.253981e-03 -1.398269e-01
9.999989e-01 -2.702057e-04 -9.624603e-04 1.098650e-03 1.529442e+00 -1.350231e-02 -1.672974e-01
9.999983e-01 1.310021e-03 1.023657e-03 7.644826e-04 1.523848e+00 -9.888964e-03 -1.516531e-01
9.999993e-01 -4.573395e-04 -3.363415e-06 1.102430e-03 1.518311e+00 -9.507983e-03 -1.623656e-01
9.999987e-01 1.230242e-03 5.888456e-04 8.628515e-04 1.531780e+00 -7.990529e-03 -1.520988e-01
9.999996e-01 5.542038e-04 1.962589e-05 6.075453e-04 1.526463e+00 -1.521697e-02 -1.402038e-01
9.999992e-01 6.084558e-04 5.505087e-04 1.023692e-03 1.517726e+00 -1.127214e-02 -1.456845e-01
9.999993e-01 5.674485e-04 7.404651e-04 7.234962e-04 1.520515e+00 1.138359e-03 -1.477369e-01
9.999997e-01 3.484728e-06 1.378970e-04 8.040825e-04 1.535174e+00 -7.415761e-03 -1.472674e-01
9.999989e-01 9.825123e-04 1.076578e-03 2.268565e-04 1.535513e+00 -1.361331e-02 -1.380248e-01
9.999997e-01 -1.153173e-04 3.245425e-05 6.909305e-04 1.528349e+00 -1.553722e-02 -1.428207e-01
9.999998e-01 4.045466e-04 -3.661892e-04 3.357517e-04 1.539188e+00 -1.089500e-02 -1.410918e-01
9.999990e-01 5.725280e-04 -1.086075e-03 6.532697e-04 1.537514e+00 -1.417005e-02 -1.369131e-01
9.999992e-01 -1.884650e-04 2.489719e-04 1.193505e-03 1.534536e+00 -4.945755e-03 -1.524318e-01
9.999991e-01 -6.289393e-04 -9.103834e-04 7.990585e-04 1.521030e+00 -8.489163e-03 -1.300232e-01
9.999976e-01 1.405685e-04 -1.910487e-03 1.084406e-03 1.532663e+00 7.148745e-04 -1.422887e-01
9.999989e-01 5.994725e-04 -1.102292e-03 7.775553e-04 1.530302e+00 -1.608369e-02 -1.553237e-01
9.999992e-01 3.595699e-04 -8.712778e-04 8.631631e-04 1.528065e+00 -7.933047e-03 -1.306770e-01
9.999998e-01 3.270571e-04 -2.493996e-04 4.841494e-04 1.530407e+00 -1.100934e-02 -1.619802e-01
9.999996e-01 7.247730e-04 5.815571e-05 5.733821e-04 1.523966e+00 -7.543463e-03 -1.325078e-01
9.999978e-01 -1.761202e-03 -4.596570e-05 1.190716e-03 1.525618e+00 -1.880084e-03 -1.445804e-01
9.999980e-01 -1.301694e-03 8.502729e-04 1.256530e-03 1.526704e+00 -3.650761e-03 -1.523350e-01
9.999982e-01 -8.772343e-04 -1.628148e-03 4.686450e-04 1.513199e+00 -6.705987e-03 -1.403215e-01
9.999992e-01 1.189089e-03 1.894048e-04 4.592205e-04 1.538345e+00 -1.392336e-02 -1.701583e-01
9.999997e-01 -1.523086e-04 2.782247e-05 6.963427e-04 1.515645e+00 -1.265874e-02 -1.463720e-01
9.999988e-01 6.713524e-04 1.076950e-03 9.177839e-04 1.521829e+00 -8.798832e-03 -1.514633e-01
9.999997e-01 5.865667e-05 2.414351e-04 7.932440e-04 1.513568e+00 -1.339420e-02 -1.272777e-01
9.999960e-01 2.335313e-03 8.705308e-04 1.368699e-03 1.528717e+00 -5.051879e-03 -1.583485e-01
9.999980e-01 1.063849e-03 6.060010e-04 1.597799e-03 1.512948e+00 -1.236930e-02 -1.311001e-01
9.999980e-01 -2.697857e-04 -1.715523e-04 1.962190e-03 1.522538e+00 -3.587151e-03 -1.400659e-01
9.999974e-01 1.476591e-03 -5.519514e-05 1.722874e-03 1.519205e+00 -5.747265e-03 -1.366051e-01
9.999985e-01 5.650022e-04 -1.016589e-03 1.276438e-03 1.523430e+00 -1.402749e-02 -1.258867e-01
9.999970e-01 3.660000e-04 -1.173898e-03 2.102883e-03 1.522882e+00 -1.700338e-03 -1.305280e-01
9.999974e-01 1.240176e-03 -1.213758e-03 1.486966e-03 1.514762e+00 -2.021964e-02 -1.386413e-01
9.999965e-01 8.591959e-04 -8.346714e-04 2.347190e-03 1.505543e+00 8.573163e-03 -1.301160e-01
9.999971e-01 -9.956487e-04 9.141780e-04 1.973462e-03 1.522607e+00 -1.428653e-02 -1.240825e-01
9.999946e-01 -2.149403e-03 -1.767560e-03 1.769468e-03 1.494783e+00 -8.283262e-03 -1.321260e-01
9.999964e-01 -4.887567e-04 -1.086050e-03 2.403114e-03 1.522325e+00 -1.224286e-02 -1.512129e-01
9.999955e-01 4.296932e-04 -1.277720e-03 2.685371e-03 1.538399e+00 -3.102926e-03 -1.337027e-01
9.999959e-01 6.766984e-04 -1.526112e-04 2.771949e-03 1.520460e+00 3.318562e-03 -1.494513e-01
9.999970e-01 5.409025e-04 -6.721970e-05 2.402951e-03 1.532117e+00 -9.903880e-03 -1.441069e-01
9.999956e-01 1.737869e-03 -4.292974e-04 2.367151e-03 1.536683e+00 -7.819382e-03 -1.311860e-01
9.999958e-01 -4.829721e-04 -1.254051e-03 2.550754e-03 1.543456e+00 -7.198853e-03 -1.368828e-01
9.999962e-01 5.740601e-04 -1.499650e-03 2.241364e-03 1.550065e+00 -8.748058e-03 -1.432346e-01
9.999968e-01 9.295373e-04 -8.738168e-05 2.365852e-03 1.552869e+00 -1.422891e-02 -1.395691e-01
9.999962e-01 1.223011e-03 7.321555e-04 2.349758e-03 1.564487e+00 -3.283148e-03 -1.353242e-01
9.999970e-01 -3.899801e-04 1.411722e-04 2.397460e-03 1.554216e+00 -1.795758e-02 -1.308805e-01
9.999977e-01 4.310431e-04 -3.635647e-04 2.084322e-03 1.584827e+00 -1.298280e-02 -1.228854e-01
9.999942e-01 2.618439e-03 8.492577e-04 1.994325e-03 1.558698e+00 -1.496273e-02 -1.500149e-01
9.999947e-01 1.288942e-03 1.501061e-03 2.590321e-03 1.574297e+00 -1.103403e-02 -1.188222e-01
9.999940e-01 -1.191393e-03 -4.130195e-05 3.248536e-03 1.581994e+00 3.515137e-03 -1.349905e-01
9.999942e-01 -5.052126e-04 -1.354189e-03 3.111049e-03 1.569108e+00 -6.430357e-03 -1.286474e-01
9.999935e-01 1.470597e-03 -1.335158e-03 3.002114e-03 1.577036e+00 -1.153384e-02 -1.188071e-01
9.999913e-01 1.620290e-03 -1.063102e-03 3.684985e-03 1.587081e+00 2.210162e-03 -1.442823e-01
9.999923e-01 1.053750e-03 -3.890835e-04 3.774803e-03 1.590960e+00 -3.200209e-03 -9.761192e-02
9.999933e-01 -8.081865e-04 -2.391461e-03 2.655553e-03 1.581440e+00 -7.415017e-03 -1.621691e-01
9.999928e-01 -2.100372e-04 -2.799265e-03 2.572828e-03 1.574543e+00 -1.111663e-02 -1.014548e-01
9.999963e-01 -7.917475e-04 -2.074062e-03 1.564591e-03 1.581336e+00 -1.883298e-03 -1.399335e-01
9.999986e-01 -7.714121e-05 -5.763750e-04 1.591454e-03 1.567939e+00 -2.169994e-02 -1.268988e-01
9.999984e-01 4.162734e-04 5.309411e-05 1.735214e-03 1.571871e+00 -1.282451e-02 -1.407668e-01
9.999924e-01 2.911230e-03 1.601611e-03 2.022271e-03 1.585871e+00 -1.629273e-02 -1.442847e-01
9.999933e-01 1.180104e-03 2.494255e-03 2.393322e-03 1.563102e+00 -1.937605e-02 -1.200965e-01
9.999957e-01 -1.378525e-03 -7.943385e-05 2.601767e-03 1.563853e+00 -3.757355e-03 -1.274333e-01
9.999974e-01 3.530093e-04 -2.402002e-04 2.242930e-03 1.563742e+00 -1.203382e-02 -1.237267e-01
9.999952e-01 5.285040e-04 -2.267544e-03 2.076704e-03 1.565327e+00 -7.476475e-03 -1.193802e-01
9.999961e-01 1.795244e-03 9.646138e-05 2.149524e-03 1.566098e+00 -2.251054e-02 -1.303682e-01
9.999965e-01 -6.375871e-04 -1.733005e-05 2.552086e-03 1.559775e+00 -6.355836e-03 -1.243869e-01
9.999960e-01 6.357494e-04 1.976562e-03 1.961729e-03 1.583341e+00 -1.405377e-02 -1.326482e-01
9.999971e-01 -5.522628e-04 -1.188839e-03 1.988727e-03 1.528164e+00 -2.046880e-02 -1.099870e-01
9.999963e-01 1.277978e-03 8.688392e-04 2.222730e-03 1.559651e+00 -6.647166e-03 -1.397261e-01
9.999986e-01 -6.114489e-04 -9.583809e-04 1.241311e-03 1.565075e+00 -1.846354e-02 -1.083426e-01
9.999989e-01 7.947590e-04 -8.780564e-04 9.251035e-04 1.550770e+00 -8.050100e-03 -1.360885e-01
9.999995e-01 5.557943e-04 6.808984e-04 4.884656e-04 1.555836e+00 -1.228192e-02 -1.093583e-01
9.999987e-01 5.388890e-04 -1.473361e-03 2.584233e-04 1.546344e+00 -2.512746e-02 -1.112715e-01
9.999971e-01 1.863872e-03 1.470968e-03 2.779326e-04 1.544976e+00 -1.478108e-02 -1.186902e-01
9.999999e-01 2.605603e-04 8.412786e-05 4.312055e-04 1.538909e+00 -1.159698e-02 -9.791908e-02
9.999995e-01 9.260000e-04 -8.902094e-05 5.343506e-05 1.518131e+00 -2.664380e-02 -1.141962e-01
9.999990e-01 5.827427e-04 1.323195e-03 -1.766277e-05 1.542985e+00 -2.136292e-02 -1.054234e-01
9.999962e-01 6.581857e-04 2.663186e-03 -6.023590e-05 1.518609e+00 -1.663227e-02 -1.094088e-01
9.999991e-01 -5.999007e-04 1.134936e-03 -3.205868e-04 1.530422e+00 -2.879322e-02 -1.139424e-01
9.999997e-01 5.513648e-04 -5.561746e-04 -1.205910e-04 1.522878e+00 -1.429954e-02 -9.038368e-02
9.999999e-01 2.545648e-04 2.280886e-04 -2.552441e-04 1.519363e+00 -1.713253e-02 -1.063016e-01
9.999992e-01 6.977125e-05 -1.062069e-03 -6.883855e-04 1.504809e+00 -1.344552e-02 -9.501211e-02
9.999987e-01 -8.361979e-04 3.601680e-04 -1.320090e-03 1.515546e+00 -3.460491e-02 -1.076223e-01
9.999995e-01 -7.569333e-04 -6.146807e-04 -3.183692e-04 1.549139e+00 -1.255299e-02 -9.125467e-02
9.999998e-01 -1.773893e-04 5.533434e-04 -2.329355e-04 1.510964e+00 -3.787605e-03 -1.031511e-01
9.999997e-01 -1.289224e-04 -6.813407e-04 2.066288e-05 1.528821e+00 -2.460039e-02 -9.577401e-02
9.999994e-01 4.606600e-04 9.892728e-04 -1.582503e-04 1.532975e+00 -1.122562e-02 -9.593824e-02
9.999996e-01 -2.745617e-04 5.882708e-04 -5.294860e-04 1.544004e+00 -2.773765e-02 -1.065789e-01
9.999982e-01 1.221093e-03 -1.409486e-03 -3.651405e-04 1.521332e+00 -1.449225e-02 -1.020126e-01
9.999964e-01 1.830920e-03 -1.946712e-03 -1.143141e-04 1.550624e+00 -5.333974e-03 -8.165464e-02
9.999946e-01 1.290159e-03 3.005713e-03 -4.633223e-04 1.522809e+00 -2.413059e-02 -1.104201e-01
9.999927e-01 -1.925629e-03 3.287845e-03 -3.780220e-04 1.536193e+00 -2.803526e-02 -1.123787e-01
9.999993e-01 -1.687372e-04 9.825614e-04 -5.886617e-04 1.521168e+00 -2.618335e-02 -8.240104e-02
9.999984e-01 8.635418e-04 -1.269375e-03 -8.948963e-04 1.506861e+00 -1.522373e-02 -9.781861e-02
9.999953e-01 2.492488e-03 -1.518809e-03 -9.330625e-04 1.543663e+00 -1.873001e-02 -9.535381e-02
9.999993e-01 5.550209e-04 -2.635003e-04 -1.004947e-03 1.512560e+00 -2.756739e-02 -9.588293e-02
9.999998e-01 -2.961449e-04 1.708538e-04 -5.920298e-04 1.491748e+00 -1.263098e-02 -7.668332e-02
9.999975e-01 -1.587973e-03 1.437222e-03 -7.242756e-04 1.500556e+00 -1.952450e-02 -8.148658e-02
9.999988e-01 -1.338139e-03 3.484627e-04 -6.284488e-04 1.490535e+00 -1.010372e-02 -1.043588e-01
9.999993e-01 8.115851e-05 -6.601393e-04 -9.872760e-04 1.483052e+00 -2.407767e-02 -7.725136e-02
9.999971e-01 4.217214e-04 -2.089766e-03 -1.129749e-03 1.482359e+00 -1.190948e-02 -8.605140e-02
9.999987e-01 4.168102e-05 -1.544394e-03 -4.279794e-04 1.457369e+00 -5.719533e-03 -1.080659e-01
9.999983e-01 -4.801825e-04 -1.313614e-03 -1.140587e-03 1.462845e+00 -2.055976e-02 -8.760824e-02
9.999918e-01 -1.466247e-03 -3.683323e-03 -8.658618e-04 1.438575e+00 -6.997958e-03 -1.059743e-01
9.999992e-01 3.437397e-04 6.131772e-04 -1.053409e-03 1.425867e+00 -2.326503e-02 -1.008226e-01
9.999957e-01 -2.595001e-03 -1.326910e-03 2.968086e-04 1.427424e+00 -5.843941e-03 -8.414949e-02
9.999942e-01 8.147695e-04 3.274970e-03 -4.412302e-04 1.391050e+00 -1.597320e-02 -1.232773e-01
9.999937e-01 -3.509443e-03 -3.508478e-04 -4.067507e-04 1.404756e+00 -3.043457e-02 -9.100372e-02
9.999984e-01 1.068419e-03 -4.627938e-05 -1.444891e-03 1.379857e+00 -1.683251e-02 -1.301755e-01
9.999957e-01 7.866244e-04 2.455544e-03 -1.443037e-03 1.365658e+00 -1.958737e-02 -1.151241e-01
9.999985e-01 -7.896856e-04 -9.017299e-04 -1.278283e-03 1.340077e+00 -2.002322e-02 -8.405021e-02
9.999951e-01 1.076543e-03 1.593898e-03 -2.454094e-03 1.336426e+00 -3.104279e-02 -1.285161e-01
9.999972e-01 -4.732053e-04 -1.809946e-03 -1.473363e-03 1.308307e+00 -2.161806e-02 -8.253958e-02
9.999977e-01 9.693989e-04 6.744860e-04 -1.813197e-03 1.300112e+00 -2.064136e-02 -1.234295e-01
9.999962e-01 -6.190213e-04 -1.889174e-03 -1.933655e-03 1.285540e+00 -1.460617e-02 -9.500507e-02
9.999955e-01 -6.667200e-04 -1.570051e-03 -2.457323e-03 1.259147e+00 -1.571372e-02 -1.066941e-01
9.999960e-01 -8.028901e-04 -6.294444e-04 -2.625169e-03 1.235888e+00 -9.247455e-03 -9.246631e-02
9.999910e-01 -1.292523e-03 -1.418585e-03 -3.764452e-03 1.230706e+00 -2.617976e-02 -9.624594e-02
9.999930e-01 -1.908884e-03 -3.403294e-04 -3.191154e-03 1.224338e+00 -1.319558e-02 -1.123027e-01
9.999922e-01 -2.330582e-04 2.812532e-04 -3.934888e-03 1.209329e+00 -2.834307e-02 -1.080306e-01
9.999932e-01 -1.122841e-03 9.005960e-04 -3.395771e-03 1.209450e+00 -1.237427e-02 -1.052341e-01
9.999905e-01 -1.045916e-03 -3.459827e-04 -4.216757e-03 1.184355e+00 -2.549475e-02 -1.086860e-01
9.999885e-01 -5.706411e-05 1.615408e-03 -4.520319e-03 1.187601e+00 -2.631642e-02 -1.187371e-01
9.999905e-01 -1.027202e-03 -6.981375e-04 -4.174242e-03 1.189698e+00 -7.400035e-03 -9.180131e-02
9.999891e-01 -6.932069e-04 1.022765e-05 -4.620547e-03 1.178733e+00 -2.987591e-02 -1.250511e-01
9.999876e-01 6.293961e-05 -1.819571e-03 -4.630633e-03 1.168410e+00 -1.588684e-02 -8.750867e-02
9.999831e-01 1.673470e-03 -1.077370e-03 -5.461953e-03 1.164291e+00 -2.139084e-02 -1.392044e-01
9.999851e-01 4.597269e-05 -1.458207e-03 -5.264351e-03 1.141815e+00 -2.546512e-02 -9.790862e-02
9.999766e-01 -3.728066e-03 8.593481e-04 -5.665437e-03 1.129256e+00 -3.290567e-02 -8.448430e-02
9.999767e-01 -2.923122e-03 -7.300824e-05 -6.160394e-03 1.116567e+00 -2.397868e-02 -1.402813e-01
9.999779e-01 -7.363442e-04 6.270201e-04 -6.587185e-03 1.134907e+00 -1.646116e-02 -9.455440e-02
9.999810e-01 -7.976701e-05 6.032927e-04 -6.124072e-03 1.122364e+00 -2.929882e-02 -1.353207e-01
9.999789e-01 7.491479e-04 4.100048e-04 -6.447780e-03 1.105019e+00 -2.967798e-02 -1.118098e-01
9.999771e-01 -6.355136e-04 6.133471e-04 -6.717293e-03 1.094602e+00 -1.782594e-02 -1.174265e-01
9.999762e-01 -5.234946e-04 9.480118e-04 -6.810800e-03 1.095542e+00 -2.485605e-02 -1.350630e-01
9.999702e-01 -2.258738e-03 1.390384e-03 -7.245426e-03 1.086210e+00 -3.105139e-02 -1.072303e-01
9.999671e-01 -2.429706e-03 4.215581e-04 -7.734329e-03 1.065676e+00 -2.231877e-02 -1.260539e-01
9.999579e-01 -6.812761e-04 1.781776e-03 -8.971295e-03 1.086605e+00 -4.127210e-02 -9.890881e-02
9.999565e-01 -2.214922e-03 7.108759e-04 -9.033602e-03 1.082514e+00 -3.131540e-02 -1.284256e-01
9.999525e-01 5.009993e-04 8.416616e-04 -9.694094e-03 1.075716e+00 -3.437063e-02 -1.185828e-01
9.999520e-01 -3.320652e-03 1.065336e-03 -9.161650e-03 1.081224e+00 -4.651286e-02 -1.393016e-01
9.999527e-01 -1.171020e-03 1.857378e-04 -9.645327e-03 1.057345e+00 -1.654201e-02 -1.086969e-01
9.999315e-01 -3.318897e-03 1.197999e-03 -1.115832e-02 1.077557e+00 -4.251893e-02 -1.371386e-01
9.999385e-01 -1.696561e-03 -7.082973e-04 -1.094174e-02 1.067890e+00 -3.046381e-02 -1.206455e-01
9.999341e-01 -1.688159e-03 1.822271e-03 -1.121093e-02 1.080520e+00 -2.707828e-02 -1.435587e-01
9.999408e-01 -1.523423e-03 2.865849e-04 -1.076582e-02 1.079052e+00 -2.906409e-02 -1.373844e-01
9.999326e-01 -1.364830e-03 6.198330e-04 -1.151279e-02 1.089449e+00 -3.047352e-02 -1.265569e-01
9.999353e-01 -1.932429e-03 1.362354e-03 -1.113046e-02 1.076297e+00 -2.953909e-02 -1.607057e-01
9.999355e-01 -2.349568e-03 -4.259460e-04 -1.110715e-02 1.088846e+00 -2.282280e-02 -1.404137e-01
9.999317e-01 -2.486508e-03 1.290227e-03 -1.134524e-02 1.088261e+00 -4.103812e-02 -1.580492e-01
9.999344e-01 -2.780385e-03 1.031564e-04 -1.111206e-02 1.074361e+00 -1.263967e-02 -1.618509e-01
9.999358e-01 -3.155566e-03 -1.716641e-05 -1.088157e-02 1.088837e+00 -3.245396e-02 -1.325554e-01
9.999453e-01 -1.992897e-03 7.269332e-04 -1.023721e-02 1.060322e+00 -2.393809e-02 -1.897067e-01
9.999429e-01 -1.283793e-03 6.515977e-05 -1.061207e-02 1.094996e+00 -2.813143e-02 -1.645849e-01
9.999487e-01 -1.020164e-03 4.593564e-04 -1.006768e-02 1.079194e+00 -2.350694e-02 -1.783664e-01
9.999494e-01 -1.666992e-03 1.341741e-04 -9.919553e-03 1.077098e+00 -2.301476e-02 -1.855523e-01
9.999524e-01 -9.793641e-04 -6.875767e-04 -9.683158e-03 1.085131e+00 -2.300947e-02 -1.728719e-01
9.999570e-01 -1.711666e-03 6.659558e-04 -9.087146e-03 1.103732e+00 -1.129987e-02 -1.862466e-01
9.999494e-01 -3.373701e-03 -8.048669e-04 -9.446066e-03 1.092974e+00 -1.862705e-02 -1.946305e-01
9.999604e-01 -1.947940e-03 2.407985e-04 -8.683642e-03 1.089863e+00 -1.836600e-02 -1.878515e-01
9.999589e-01 -1.455582e-03 -1.304202e-03 -8.853811e-03 1.116608e+00 -1.877666e-03 -2.104535e-01
9.999555e-01 6.389619e-04 8.689241e-04 -9.377993e-03 1.104953e+00 -2.766917e-02 -2.055754e-01
9.999505e-01 -1.018293e-03 -6.534046e-04 -9.872085e-03 1.114802e+00 -2.258784e-02 -2.222671e-01
9.999557e-01 -6.648246e-04 -3.805478e-04 -9.379428e-03 1.136165e+00 -1.784910e-02 -2.041587e-01
9.999519e-01 -2.977278e-03 2.311259e-04 -9.338348e-03 1.129011e+00 -1.126241e-02 -2.188540e-01
9.999603e-01 -1.555793e-03 -7.730317e-04 -8.747485e-03 1.126367e+00 -1.264677e-02 -2.193324e-01
9.999517e-01 -8.578479e-04 7.213621e-04 -9.763161e-03 1.138007e+00 -2.417439e-02 -2.486584e-01
9.999564e-01 -9.786543e-04 -2.782940e-04 -9.284316e-03 1.157241e+00 -9.450323e-03 -2.314779e-01
9.999559e-01 -4.451181e-04 8.585595e-04 -9.339224e-03 1.143958e+00 -2.035239e-02 -2.306350e-01
9.999595e-01 -2.815737e-03 5.502501e-04 -8.536290e-03 1.152509e+00 -7.844351e-04 -2.503443e-01
9.999613e-01 -2.005529e-03 4.334045e-04 -8.554256e-03 1.177038e+00 -2.070641e-02 -2.292994e-01
9.999672e-01 -2.561965e-03 1.089279e-03 -7.603328e-03 1.180622e+00 -1.530565e-03 -2.724850e-01
9.999712e-01 -2.219022e-03 1.879314e-03 -7.009301e-03 1.180556e+00 -2.291850e-02 -2.389591e-01
1.000000e+00 1.636976e-04 4.280894e-05 -4.439327e-05 -3.583249e-02 2.874629e-03 7.518897e-03
