1.0 0.0 0.0 0.0 0.0 0.0 0.0
9.999626e-01 5.245219e-04 6.111021e-04 8.615890e-03 5.112247e-01 4.550469e-02 -1.176535e-02
9.999856e-01 3.002046e-04 1.465352e-03 5.154706e-03 3.289285e-01 1.512202e-02 -3.954288e-03
9.999892e-01 4.045275e-04 1.611442e-04 4.643140e-03 2.982330e-01 7.892817e-03 -1.142737e-02
9.999852e-01 3.149876e-05 3.171807e-04 5.437603e-03 3.262736e-01 4.720140e-03 -7.377334e-03
9.999891e-01 3.085567e-04 -7.423826e-06 4.661814e-03 3.110566e-01 1.150557e-02 -2.354421e-03
9.999880e-01 2.425058e-04 1.705505e-04 4.900266e-03 3.020051e-01 5.921549e-05 -9.258426e-03
9.999883e-01 9.935409e-05 2.343576e-04 4.839745e-03 2.903577e-01 1.071622e-02 -1.235612e-03
9.999886e-01 4.888442e-04 7.223154e-04 4.691610e-03 2.964976e-01 3.015419e-04 -4.509883e-03
9.999886e-01 -8.437887e-05 5.844534e-04 4.746120e-03 2.832213e-01 1.123464e-02 -2.144446e-03
9.999902e-01 4.856497e-04 5.972561e-04 4.347420e-03 2.738691e-01 1.795394e-03 -2.706471e-04
9.999889e-01 -1.408711e-04 6.341590e-04 4.683738e-03 2.625832e-01 5.194228e-03 -5.464098e-03
9.999916e-01 2.689531e-04 -2.186750e-05 4.079538e-03 2.575462e-01 1.068548e-02 -3.372827e-03
9.999911e-01 3.177929e-04 1.515518e-04 4.206842e-03 2.349473e-01 5.285474e-03 -1.811272e-03
9.999925e-01 1.354016e-05 1.613035e-04 3.863151e-03 2.447928e-01 2.172860e-02 3.358071e-03
9.999944e-01 2.687059e-04 -2.976947e-04 3.331566e-03 2.179013e-01 -7.677401e-03 -2.162531e-03
9.999919e-01 -1.890556e-04 -2.790246e-04 4.017851e-03 2.133189e-01 6.273760e-03 -2.407821e-03
9.999951e-01 1.458030e-04 -7.994162e-05 3.109703e-03 1.977679e-01 1.698272e-04 1.179411e-03
9.999936e-01 4.333158e-05 2.386021e-04 3.564507e-03 1.896724e-01 1.280858e-02 -5.950716e-04
9.999954e-01 -2.813214e-04 1.189049e-04 3.023143e-03 1.864242e-01 6.377217e-03 -2.640777e-03
9.999959e-01 -1.142523e-04 3.524413e-04 2.844954e-03 1.797848e-01 -2.481661e-03 4.555487e-04
9.999954e-01 -5.308447e-05 -2.060330e-05 3.032621e-03 1.456240e-01 1.326401e-02 -1.413234e-03
9.999945e-01 -1.623553e-04 2.216683e-04 3.314383e-03 1.574604e-01 -3.042349e-03 1.158054e-03
9.999969e-01 -2.580706e-04 6.697836e-05 2.486826e-03 1.449825e-01 1.662209e-03 -1.704496e-03
9.999969e-01 -9.171482e-06 -1.506286e-06 2.468828e-03 1.235050e-01 -1.160110e-03 -1.602065e-03
9.999983e-01 -6.439599e-05 -7.055537e-05 1.864501e-03 1.222454e-01 3.251895e-03 -3.437474e-03
9.999975e-01 6.028728e-05 2.782016e-04 2.207681e-03 1.243626e-01 9.007035e-03 -1.684132e-03
9.999991e-01 -6.440565e-05 1.414665e-04 1.297828e-03 8.433602e-02 2.457401e-03 2.755972e-03
9.999990e-01 -1.696627e-04 8.596325e-05 1.431804e-03 1.037600e-01 5.675751e-04 4.257625e-04
9.999998e-01 -2.767627e-05 2.354049e-04 5.756777e-04 8.398510e-02 -3.609858e-03 -2.199733e-03
9.999995e-01 -1.433463e-04 1.681030e-05 1.021505e-03 7.773131e-02 -7.748514e-04 -1.174195e-03
9.999998e-01 -9.499730e-05 -7.230497e-05 5.651327e-04 6.902074e-02 -2.182723e-04 2.267140e-04
9.999999e-01 -6.330514e-05 -1.296192e-04 4.745245e-04 7.180720e-02 -1.973068e-03 3.056498e-03
9.999997e-01 -3.668456e-04 3.573897e-04 4.775974e-04 6.992840e-02 1.851154e-03 -4.225133e-03
1.000000e+00 1.237908e-05 2.108868e-04 -2.147010e-04 4.424361e-02 7.976772e-03 4.400505e-04
9.999999e-01 5.297977e-05 -3.168988e-04 1.799954e-04 5.094096e-02 -1.488956e-02 -1.270825e-03
9.999999e-01 -2.139787e-04 2.104038e-04 2.733548e-04 5.302651e-02 1.694189e-03 -1.594078e-03
1.000000e+00 1.815746e-04 -1.654956e-04 1.719123e-04 4.216919e-02 -5.894910e-03 3.525781e-03
1.000000e+00 -2.057595e-04 2.034187e-05 -1.884102e-05 2.112621e-02 7.756570e-03 -1.772216e-03
1.000000e+00 1.750264e-04 -1.261536e-04 4.174402e-05 1.414528e-02 -1.861669e-03 3.459507e-04
1.000000e+00 -8.394782e-05 2.438913e-04 -2.014049e-04 1.474057e-02 2.061057e-03 2.351191e-03
9.999999e-01 -7.370853e-05 -2.365416e-04 3.012384e-04 1.497554e-02 -5.359348e-03 -1.502126e-03
1.000000e+00 -3.767000e-05 2.207391e-04 -5.616647e-05 1.724235e-02 4.696043e-03 4.107659e-03
9.999999e-01 -2.214985e-04 1.201188e-04 2.032732e-04 1.416696e-02 -1.562284e-03 -3.208737e-03
1.000000e+00 -2.016311e-04 -2.231066e-04 -1.216801e-04 2.936534e-03 1.595430e-03 4.819905e-04
9.999999e-01 -8.767214e-05 4.427721e-05 1.902606e-04 9.214401e-03 6.521701e-03 -3.942508e-03
1.000000e+00 5.378248e-05 -1.142054e-05 4.088077e-05 6.204867e-03 -1.411452e-02 5.075924e-04
9.999999e-01 -1.390661e-04 -9.046065e-05 -2.565931e-04 -3.765528e-03 5.231905e-03 3.530992e-03
1.000000e+00 1.044571e-04 2.194051e-04 4.364448e-05 -1.138592e-02 -5.873056e-04 2.773211e-03
1.000000e+00 -3.243151e-04 4.459189e-05 -7.977189e-05 1.337352e-02 9.086377e-03 -4.938808e-03
9.999999e-01 -5.020970e-05 2.720975e-04 -8.356270e-05 5.876146e-03 3.724318e-03 2.498992e-03
9.999999e-01 1.045132e-04 -4.722697e-04 2.690800e-04 1.970790e-03 -9.928712e-03 -3.844808e-04
9.999999e-01 -2.831992e-04 1.550478e-04 -2.455919e-05 1.776015e-02 7.372833e-03 -2.187241e-03
1.000000e+00 1.647819e-04 3.609148e-05 1.093922e-04 1.043349e-02 -4.126185e-03 1.673947e-03
1.000000e+00 8.350819e-06 6.554520e-05 -1.720155e-04 6.809946e-03 -1.888203e-03 1.434254e-03
9.999998e-01 -2.905680e-04 1.214558e-05 4.928755e-04 2.694768e-02 7.293460e-03 -1.600948e-03
1.000000e+00 -2.166321e-04 3.640601e-05 1.187559e-04 2.554360e-02 3.358683e-03 -1.513703e-03
1.000000e+00 -4.759331e-05 -7.716633e-05 9.455550e-06 2.022394e-02 -9.049391e-03 2.181273e-04
9.999999e-01 -6.891698e-05 -3.357233e-04 5.715619e-05 2.897003e-02 1.567224e-03 -3.775359e-03
1.000000e+00 9.664776e-05 -3.369222e-05 -2.712731e-04 5.412995e-02 -1.170906e-02 2.549798e-03
1.000000e+00 -2.009682e-04 1.390846e-04 5.011170e-05 2.555614e-02 1.082809e-02 -2.129702e-03
9.999999e-01 7.279268e-05 -2.319071e-04 -5.140452e-04 3.122866e-02 -6.455494e-03 2.832700e-03
9.999998e-01 -1.309362e-04 3.821313e-04 -4.680551e-04 5.851526e-02 3.026538e-04 -4.163173e-03
1.000000e+00 -1.115881e-04 1.135043e-04 -3.129444e-04 4.942254e-02 2.792860e-03 -1.508162e-03
1.000000e+00 -2.780908e-05 9.356070e-05 7.089265e-06 4.285416e-02 8.302774e-03 -3.667262e-04
9.999997e-01 -3.621989e-05 -1.522215e-04 -7.599536e-04 6.225986e-02 -8.884530e-03 -2.004662e-03
9.999999e-01 6.028423e-05 -5.436067e-05 -4.414256e-04 6.564308e-02 -1.133388e-02 1.311274e-03
1.000000e+00 -5.308894e-05 2.658164e-04 -2.272297e-05 5.030409e-02 9.785078e-03 -8.892340e-04
9.999999e-01 6.972143e-05 -1.466551e-04 -3.554720e-04 6.664102e-02 5.951855e-04 1.158545e-03
9.999994e-01 1.377457e-04 1.280163e-04 -1.089789e-03 6.860796e-02 -3.927131e-03 -1.301657e-03
9.999998e-01 8.839512e-06 2.731080e-05 -5.401769e-04 6.893409e-02 -2.742911e-03 -4.741922e-04
9.999999e-01 1.299538e-04 2.685271e-04 -3.269096e-04 5.360519e-02 6.791069e-03 3.247701e-03
9.999997e-01 -3.435521e-05 -1.865210e-04 -7.263958e-04 7.622552e-02 -1.289130e-02 -5.538370e-03
9.999997e-01 2.673702e-04 3.460378e-04 -6.493177e-04 5.466344e-02 1.720793e-03 1.723785e-03
9.999999e-01 1.408059e-04 -1.272647e-04 -4.956731e-04 5.886900e-02 -3.922313e-03 -9.304917e-04
1.000000e+00 2.978826e-05 1.868513e-05 -2.599186e-04 7.576508e-02 -9.707251e-03 7.468971e-04
9.999996e-01 2.004273e-04 3.327842e-04 -7.647172e-04 4.908831e-02 1.156491e-02 -3.260353e-03
9.999999e-01 6.595849e-05 2.066248e-04 -2.711128e-04 5.737581e-02 -8.443387e-03 3.917116e-03
9.999995e-01 9.798348e-05 -2.379684e-04 -9.302789e-04 3.464719e-02 -4.635402e-03 -1.443446e-04
9.999999e-01 -2.783980e-05 2.942543e-04 -2.270866e-04 4.819489e-02 -8.541641e-04 -7.783069e-04
1.000000e+00 3.861145e-05 -3.106663e-05 -1.056068e-04 4.472811e-02 -7.292177e-03 2.087358e-04
9.999999e-01 4.618974e-05 2.091479e-04 -3.715560e-04 3.205800e-02 1.634694e-03 -9.905840e-04
1.000000e+00 -7.097337e-05 6.625173e-05 -1.079965e-04 2.977328e-02 -2.254654e-03 -2.749978e-03
1.000000e+00 -1.868234e-05 3.346259e-05 -2.344237e-04 1.939978e-02 -6.588362e-07 1.456110e-03
9.999999e-01 -6.166887e-05 -4.788768e-05 -3.591690e-04 2.107368e-02 -3.844289e-04 5.394304e-06
1.000000e+00 1.324301e-04 2.319510e-04 -5.754905e-05 4.276444e-03 -7.020023e-04 3.361041e-03
1.000000e+00 -2.455778e-05 -1.775765e-04 -7.013008e-05 8.524364e-03 8.692944e-04 3.299247e-03
1.000000e+00 -1.720539e-04 -8.639438e-05 -4.029144e-05 -2.602553e-04 -1.014621e-03 -6.014289e-03
1.000000e+00 -6.888856e-05 1.805514e-04 -2.101458e-05 -8.328215e-03 6.673299e-03 2.076847e-03
1.000000e+00 -2.018571e-04 -1.169628e-04 -1.658030e-04 -5.732840e-03 -4.938398e-03 -1.635964e-04
9.999999e-01 2.395394e-04 -2.720645e-04 -8.611046e-05 1.184665e-02 -4.288025e-03 -3.247187e-04
9.999999e-01 -1.546997e-04 3.082843e-04 1.945226e-04 1.421745e-02 5.303970e-03 -5.178650e-04
1.000000e+00 -4.003233e-05 -1.647595e-04 1.391687e-04 -1.533778e-02 -3.294286e-03 -1.638088e-03
1.000000e+00 4.554759e-05 -1.189896e-04 -1.536585e-05 6.169835e-03 -2.751606e-03 -2.232705e-04
1.000000e+00 1.749669e-04 1.046387e-04 -1.332643e-04 6.196582e-03 -3.372873e-04 1.461616e-03
1.000000e+00 -7.085723e-05 -1.202345e-04 -5.181210e-05 -9.154331e-03 3.707527e-03 5.628176e-04
1.000000e+00 -1.079544e-04 -1.629585e-04 2.238423e-04 -3.207522e-03 9.795697e-04 -3.906983e-03
9.999999e-01 1.225083e-04 3.055435e-04 -3.127023e-04 8.501256e-03 4.076315e-03 1.989260e-03
9.999999e-01 -8.319367e-05 -4.148124e-04 2.005340e-04 6.131593e-03 -7.238201e-03 -3.390680e-04
9.999998e-01 1.482288e-04 1.207296e-04 -4.527933e-04 -1.125967e-02 -1.865305e-03 -1.059402e-03
1.000000e+00 1.055804e-04 -9.489191e-05 2.558879e-04 -1.680274e-04 1.261862e-02 -9.575665e-04
1.000000e+00 1.088172e-04 -1.964001e-04 2.348987e-06 -4.569231e-03 -2.502373e-04 -2.535347e-04
1.000000e+00 1.162661e-04 7.566575e-05 1.317922e-04 -2.367496e-03 -5.696018e-05 1.103174e-03
1.000000e+00 2.169756e-04 -5.815685e-05 2.840899e-04 -2.387822e-02 -3.580408e-03 1.771951e-03
9.999999e-01 1.154208e-04 -1.181098e-04 3.467522e-04 -1.043534e-02 -1.025368e-02 3.609383e-03
9.999996e-01 -1.780178e-04 -5.897481e-05 9.094919e-04 -3.194330e-02 9.696576e-03 -5.183461e-03
9.999994e-01 1.662790e-04 1.438675e-04 1.082140e-03 -1.020361e-02 7.976371e-03 3.124175e-03
9.999992e-01 -1.018122e-04 -1.331740e-04 1.195730e-03 -2.606268e-02 -5.028745e-04 1.863854e-03
9.999983e-01 -9.048153e-05 -1.227801e-04 1.838914e-03 -3.061539e-02 7.882969e-03 -2.401195e-03
9.999973e-01 3.413994e-05 1.886769e-04 2.319847e-03 -3.650428e-02 7.429458e-03 -1.642607e-03
9.999972e-01 7.808020e-05 -1.177269e-04 2.360051e-03 -3.982794e-02 1.152901e-02 3.734209e-03
9.999925e-01 -3.381729e-04 -4.993270e-04 3.824172e-03 -2.956999e-02 -1.720067e-03 -3.504292e-03
9.999926e-01 1.232933e-04 2.991166e-04 3.831078e-03 -6.542951e-02 2.348621e-02 7.393375e-03
9.999888e-01 -3.242530e-04 -1.050618e-04 4.709040e-03 -4.032124e-02 1.382390e-02 -6.077162e-03
9.999873e-01 -1.331157e-04 -5.263544e-04 5.002261e-03 -6.681870e-02 6.859740e-03 4.002301e-03
9.999834e-01 -4.340069e-04 3.816080e-04 5.727824e-03 -4.947782e-02 3.359479e-02 4.222014e-04
9.999796e-01 -2.588476e-04 -7.574100e-04 6.335995e-03 -6.652000e-02 6.671877e-03 -1.140420e-04
9.999808e-01 -1.499093e-04 -4.012151e-04 6.187725e-03 -6.174744e-02 -9.744057e-05 3.916423e-05
9.999743e-01 -1.767296e-04 -2.085232e-04 7.158151e-03 -8.187640e-02 3.167677e-02 1.125456e-03
9.999742e-01 -2.515709e-04 -2.676221e-04 7.168044e-03 -6.129491e-02 1.487475e-02 -2.825505e-04
9.999700e-01 -3.163424e-04 -1.370177e-04 7.736348e-03 -7.435921e-02 1.620525e-02 1.360488e-04
9.999645e-01 -2.993028e-05 -3.346466e-04 8.420851e-03 -6.301395e-02 1.826383e-02 1.961351e-03
9.999617e-01 -2.951479e-04 -2.969327e-04 8.742675e-03 -7.462979e-02 1.944578e-02 -3.652926e-05
9.999647e-01 7.585132e-06 -1.852072e-04 8.405520e-03 -7.455836e-02 2.502612e-02 2.529164e-03
9.999545e-01 -4.185398e-04 -3.168999e-04 9.525614e-03 -8.709129e-02 2.633062e-02 -7.035899e-04
9.999581e-01 1.585670e-05 -2.461278e-04 9.151482e-03 -7.259981e-02 1.051209e-02 3.023447e-03
9.999617e-01 -5.082174e-04 -6.121424e-04 8.713579e-03 -9.281251e-02 2.493943e-02 -7.609488e-04
9.999746e-01 -7.646529e-04 -4.375903e-04 7.072324e-03 -6.638088e-02 9.318327e-03 -8.214915e-04
9.999792e-01 -1.556247e-03 -7.618962e-04 6.213765e-03 -6.799700e-02 2.629743e-02 -1.889030e-03
9.999917e-01 -3.176773e-04 -3.080923e-05 4.064818e-03 -2.842714e-02 -1.594036e-02 1.115653e-04
9.999941e-01 2.569439e-04 4.189676e-04 3.403517e-03 -3.024495e-02 1.537361e-02 -1.737510e-04
9.999995e-01 1.821477e-04 -2.489359e-04 9.119872e-04 -8.808340e-03 -4.213839e-03 1.552310e-03
9.999998e-01 4.720758e-04 1.180133e-05 -4.185912e-04 1.308670e-02 -1.490231e-02 1.864116e-05
9.999978e-01 1.488531e-03 1.462708e-03 1.313412e-04 -1.650970e-02 1.042612e-02 5.657010e-03
9.999993e-01 9.671265e-04 6.738698e-04 1.451009e-04 4.649032e-03 -5.453486e-03 -7.531864e-03
9.999998e-01 -4.398717e-04 -4.799128e-04 -2.039348e-04 4.415321e-03 -6.097611e-03 -5.501490e-04
9.999999e-01 -1.857603e-04 -3.143237e-04 3.190850e-04 -3.023974e-04 8.090996e-03 1.101094e-03
1.000000e+00 6.487647e-06 5.911403e-05 4.649826e-05 3.724476e-03 8.472479e-03 3.305896e-03
1.000000e+00 1.011437e-04 -1.350102e-04 -2.710240e-04 -4.465615e-03 -7.414671e-03 1.640925e-03
9.999999e-01 6.665322e-05 2.507813e-04 1.953777e-04 5.591362e-03 -3.530809e-03 -4.666897e-03
1.000000e+00 -1.385291e-05 -1.321374e-04 3.486465e-05 3.231659e-03 -5.270643e-03 4.082519e-04
1.000000e+00 1.189771e-04 1.256825e-04 6.968275e-05 -6.995984e-03 1.118307e-02 3.095526e-04
9.999999e-01 -1.424414e-04 -3.465191e-04 1.342782e-04 2.387055e-03 -1.438853e-03 -1.353332e-03
9.999999e-01 1.332907e-04 2.323651e-04 4.409873e-04 -5.485163e-03 4.225371e-04 3.613588e-03
9.999999e-01 5.676886e-05 -1.559110e-04 5.052860e-04 -1.050669e-02 1.834557e-03 -4.008384e-03
9.999997e-01 2.705870e-04 -7.021560e-05 7.281065e-04 -7.932742e-04 -1.046011e-03 1.244844e-03
9.999993e-01 -2.238247e-04 3.740333e-05 1.126226e-03 -4.932461e-03 4.672575e-03 -2.594649e-03
9.999999e-01 2.130914e-04 1.239623e-04 3.989596e-04 -6.611124e-03 -2.147703e-03 1.758251e-03
9.999992e-01 6.485837e-05 -8.839754e-05 1.238293e-03 -2.655416e-02 2.729238e-03 5.523063e-04
9.999984e-01 6.741170e-05 -2.872541e-04 1.766879e-03 -1.456196e-02 3.931130e-03 6.363931e-04
9.999984e-01 2.523784e-04 1.223614e-04 1.783991e-03 -5.958863e-03 7.537843e-03 -2.825542e-03
9.999958e-01 5.875644e-04 3.402263e-04 2.817300e-03 -1.876579e-02 1.238733e-02 5.299501e-03
9.999946e-01 2.380601e-04 -4.337579e-04 3.241856e-03 -3.889886e-02 7.926157e-03 -1.366639e-03
9.999897e-01 2.926703e-04 -6.072188e-05 4.527220e-03 -3.590315e-02 7.099077e-03 -3.896777e-03
9.999891e-01 -6.139365e-05 -1.713886e-04 4.675607e-03 -4.838077e-02 8.902000e-03 1.799349e-03
9.999824e-01 -3.614917e-04 -6.527495e-04 5.891186e-03 -5.392918e-02 1.969767e-02 3.169703e-05
9.999766e-01 6.040515e-07 2.315505e-05 6.842168e-03 -5.442182e-02 1.922828e-02 1.676313e-03
9.999754e-01 -1.471826e-04 -1.852194e-04 7.012337e-03 -7.265606e-02 2.732318e-02 2.421165e-03
9.999704e-01 -3.180472e-04 -1.348591e-04 7.689896e-03 -7.190856e-02 7.998168e-03 5.188766e-04
9.999680e-01 -2.258387e-04 -1.017082e-04 7.992587e-03 -7.210988e-02 3.081038e-02 5.168878e-03
9.999644e-01 -2.481289e-04 -2.095974e-04 8.424376e-03 -8.708512e-02 1.738083e-02 -1.348141e-04
9.999626e-01 -2.055864e-04 -2.916272e-04 8.641743e-03 -8.870739e-02 2.204387e-02 -4.258661e-04
9.999557e-01 -2.480560e-04 -4.352745e-04 9.400258e-03 -9.832556e-02 3.919523e-02 3.564726e-03
9.999607e-01 -3.068791e-04 -1.220101e-04 8.854507e-03 -8.015385e-02 1.457068e-02 2.540592e-03
9.999546e-01 -3.900515e-04 -3.165431e-04 9.517800e-03 -9.082684e-02 1.491724e-02 -1.918061e-04
9.999599e-01 -4.830435e-04 -4.024416e-04 8.929659e-03 -8.570064e-02 1.367462e-02 -1.640246e-03
9.999600e-01 -4.124758e-04 -4.235357e-04 8.925482e-03 -8.647983e-02 2.742004e-02 5.646086e-04
9.999618e-01 -4.250711e-05 -2.232793e-04 8.739166e-03 -8.472219e-02 1.270458e-02 3.970165e-03
9.999702e-01 -4.143727e-04 -5.585554e-04 7.690800e-03 -7.731727e-02 1.298751e-02 1.868229e-03
9.999659e-01 -3.363339e-04 -8.316103e-05 8.254904e-03 -7.739443e-02 3.490784e-02 -1.430917e-03
9.999707e-01 -2.736212e-04 -5.176919e-04 7.632621e-03 -8.298216e-02 2.132745e-02 2.979585e-03
9.999743e-01 -4.213216e-04 7.009229e-05 7.149534e-03 -6.124470e-02 1.519483e-02 2.687668e-03
9.999770e-01 5.693714e-05 -1.939260e-04 6.779334e-03 -8.039423e-02 1.775716e-02 4.720744e-03
9.999765e-01 -3.316739e-04 -4.655720e-05 6.848057e-03 -5.650459e-02 1.077535e-02 -3.722447e-03
9.999805e-01 -9.990785e-05 3.569686e-05 6.245828e-03 -5.827399e-02 1.273176e-02 5.308548e-03
9.999807e-01 -3.193281e-04 -4.048839e-04 6.190591e-03 -7.712066e-02 1.253241e-02 1.476531e-05
9.999844e-01 -3.348596e-05 6.414544e-05 5.591236e-03 -5.313774e-02 7.676647e-03 9.114985e-04
9.999846e-01 -1.667302e-04 -4.265478e-04 5.519551e-03 -5.142225e-02 7.725332e-03 3.010696e-03
9.999847e-01 -5.091854e-04 9.749282e-05 5.501152e-03 -4.929767e-02 1.258045e-02 -3.466968e-04
9.999901e-01 -9.096855e-05 -2.221678e-04 4.439740e-03 -5.547369e-02 1.516851e-02 4.477515e-03
9.999910e-01 -1.086263e-04 5.524809e-05 4.240158e-03 -3.620086e-02 1.630484e-02 -8.302044e-04
9.999938e-01 -8.467477e-06 -2.548579e-04 3.512071e-03 -3.457353e-02 7.441458e-03 2.522169e-03
9.999969e-01 5.134627e-05 3.431948e-05 2.482728e-03 -2.553158e-02 -3.761449e-03 -1.162456e-06
9.999980e-01 -8.638816e-05 -3.575728e-04 1.950234e-03 -2.892600e-02 2.927248e-04 6.225580e-03
9.999992e-01 -5.683587e-05 -2.035364e-05 1.262023e-03 -1.962195e-02 3.312988e-03 -2.324329e-03
9.999990e-01 -4.949414e-05 1.870095e-04 1.404246e-03 -1.605479e-03 -2.300034e-03 -2.765843e-03
9.999999e-01 -8.752687e-06 -3.354073e-04 3.446139e-04 -1.020450e-02 -1.790217e-03 -1.604438e-03
9.999999e-01 2.312994e-04 -7.821405e-05 -1.976973e-04 -7.802190e-04 -2.179910e-03 4.675034e-03
9.999998e-01 5.337559e-04 2.944687e-04 -8.620962e-05 1.578063e-03 8.573478e-04 3.018814e-03
1.000000e+00 -9.053854e-05 1.721435e-04 3.040105e-04 1.696577e-03 8.935751e-03 -4.636296e-03
9.999999e-01 -2.249626e-04 -1.301883e-04 -1.059709e-04 2.851219e-03 -1.396650e-02 4.262804e-04
9.999999e-01 4.617077e-04 -1.023289e-04 9.680400e-05 -7.662928e-03 4.077041e-03 3.187374e-03
9.999999e-01 -1.741424e-04 -6.235120e-05 -1.769522e-04 2.203107e-03 1.460860e-04 -2.828143e-03
1.000000e+00 -9.134708e-05 2.654504e-04 1.032293e-04 4.119091e-03 2.301866e-04 1.573162e-03
1.000000e+00 2.405191e-04 -6.210959e-05 -4.234097e-06 -3.081325e-03 7.549510e-03 1.865968e-03
1.000000e+00 -8.798477e-05 -7.266642e-05 -4.761856e-05 1.264874e-03 -1.368283e-02 -3.697445e-03
1.000000e+00 -1.486540e-04 6.672194e-05 4.486554e-06 4.379407e-03 2.059400e-03 1.945963e-03
9.999999e-01 -3.521832e-05 5.161363e-06 3.434570e-04 -2.848438e-03 6.124241e-03 -2.851355e-03
9.999999e-01 1.288399e-04 6.393556e-05 -4.303274e-04 1.338772e-03 -7.327789e-03 3.089132e-03
1.000000e+00 -1.533985e-04 -2.149147e-04 3.250506e-05 -1.320182e-03 2.094766e-03 -2.273677e-03
1.000000e+00 -1.508964e-05 1.367515e-04 1.543526e-04 5.415957e-03 -9.426529e-05 -1.902734e-03
1.000000e+00 1.213192e-04 -1.211007e-05 1.861311e-04 1.366747e-03 4.034044e-03 1.692501e-03
1.000000e+00 -6.097303e-05 -5.142197e-05 -2.703841e-05 -8.264226e-03 -2.648342e-03 1.341933e-03
1.000000e+00 -6.745763e-05 6.206591e-05 -3.484768e-05 9.241236e-04 5.831361e-03 -1.421637e-03
1.000000e+00 1.646743e-04 1.666221e-04 1.094615e-05 2.257388e-03 7.575590e-03 2.969904e-03
1.000000e+00 -8.835744e-05 -1.715941e-05 -3.224373e-04 8.647904e-04 -5.896634e-03 -1.878283e-03
1.000000e+00 6.519443e-05 1.716423e-05 2.139995e-04 -4.227963e-03 -5.118173e-03 6.949965e-04
1.000000e+00 3.370366e-05 -4.345523e-05 -7.364424e-05 8.414084e-03 -5.139855e-03 2.024562e-03
1.000000e+00 5.657564e-06 -2.285500e-05 1.233472e-04 1.066453e-03 9.066192e-04 -4.617773e-03
1.000000e+00 -8.202077e-05 -1.702669e-04 -2.748239e-06 -7.031095e-03 -2.452547e-03 1.085806e-03
1.000000e+00 8.198403e-05 -1.843826e-05 9.122321e-05 -6.314649e-03 9.934678e-03 2.889675e-03
1.000000e+00 -3.410256e-05 1.610003e-04 -2.561536e-04 3.564610e-03 -1.402902e-03 -1.319961e-03
1.000000e+00 8.721476e-05 -5.377905e-05 -1.537995e-04 -1.045586e-03 9.984993e-04 1.352616e-03
9.999999e-01 -1.384949e-05 -6.000353e-05 2.672002e-04 -1.992846e-03 1.708760e-03 -2.741126e-03
9.999999e-01 -9.960429e-06 -2.991887e-04 1.572545e-04 7.789893e-03 -1.729190e-02 -9.000169e-04
9.999999e-01 -5.698410e-05 4.549823e-04 -1.428554e-04 -3.073994e-03 1.557941e-02 2.026128e-03
9.999999e-01 -4.451695e-05 -2.742152e-04 -1.065410e-04 -1.545530e-03 -1.546180e-02 -3.920562e-04
1.000000e+00 1.116613e-04 2.512340e-04 7.240800e-05 3.614524e-03 8.547299e-03 1.053583e-03
9.999999e-01 -8.019974e-06 -1.767564e-04 -3.185650e-04 -6.549660e-03 1.683100e-03 -5.989660e-04
9.999999e-01 -1.414107e-04 1.129311e-04 3.972351e-04 9.056919e-03 -1.631653e-03 -1.518994e-03
1.000000e+00 8.913890e-06 -1.323104e-04 -1.232983e-04 -2.088873e-03 -4.121271e-03 -1.497020e-04
1.000000e+00 1.113876e-04 6.480682e-05 1.259468e-04 -2.756280e-03 7.752894e-03 1.476642e-03
9.999999e-01 -6.966906e-05 2.526011e-04 -3.500283e-04 3.766794e-03 -6.383531e-04 1.265228e-03
1.000000e+00 4.831195e-05 -2.318988e-04 1.966789e-04 -5.052681e-03 5.168986e-03 -5.363510e-05
1.000000e+00 1.528955e-04 1.010643e-04 9.805234e-06 -5.154101e-03 -1.207623e-03 9.671640e-04
9.999999e-01 -2.768101e-04 -3.443523e-04 1.225032e-04 9.757607e-03 -1.262803e-02 -4.041266e-03
1.000000e+00 5.432166e-05 2.333398e-04 -1.637432e-04 -2.095965e-03 1.060505e-02 2.766075e-05
1.000000e+00 1.440144e-04 6.670426e-05 5.709657e-05 2.490840e-03 -1.864100e-03 3.531501e-03
9.999999e-01 -1.595068e-04 -2.940939e-04 2.867640e-04 -2.892928e-03 -1.608231e-03 -5.868155e-03
9.999999e-01 5.021573e-05 3.351763e-04 -2.925058e-04 5.028016e-03 -2.235168e-03 4.198748e-03
9.999999e-01 -1.064142e-04 -2.279330e-04 -2.257484e-04 -2.216856e-03 2.885880e-03 -3.258807e-03
1.000000e+00 7.577912e-05 4.784345e-05 1.459740e-04 -4.006976e-03 3.240749e-03 2.636737e-03
9.999999e-01 -2.087223e-04 2.146280e-04 -2.237601e-04 8.080655e-03 3.088086e-04 -7.860072e-04
9.999999e-01 1.767493e-04 8.326097e-05 -3.622157e-04 3.325382e-03 -5.168464e-03 2.731937e-03
9.999996e-01 -1.086635e-04 -1.331939e-06 -8.373057e-04 6.000844e-03 3.043612e-03 -2.480421e-03
9.999999e-01 4.859213e-05 -4.475980e-07 -4.642301e-04 6.329418e-03 -5.656278e-03 -1.965784e-03
9.999995e-01 -1.114666e-04 1.647047e-04 -1.024145e-03 -2.438810e-03 6.560565e-03 9.963829e-04
9.999994e-01 -3.372478e-04 9.845641e-05 -1.025707e-03 1.940875e-02 -1.235878e-02 -1.505011e-03
9.999964e-01 -6.126342e-04 3.665295e-04 -2.580830e-03 9.674809e-03 1.176753e-03 1.430656e-03
9.999957e-01 -3.877474e-04 7.250100e-04 -2.805888e-03 2.940573e-02 -1.753128e-02 -2.435472e-03
9.999904e-01 -3.047086e-04 3.615821e-04 -4.348682e-03 3.656923e-02 -2.874299e-03 2.400627e-03
9.999878e-01 3.548284e-04 6.152295e-05 -4.916693e-03 4.305866e-02 -1.944281e-02 4.757889e-04
9.999801e-01 -3.242156e-04 2.830006e-04 -6.293844e-03 6.842198e-02 -1.930934e-02 -2.548280e-03
9.999755e-01 4.246415e-04 8.318858e-05 -6.990046e-03 6.642514e-02 -2.450918e-02 -2.354477e-03
9.999647e-01 1.939615e-04 3.180802e-04 -8.390090e-03 7.647127e-02 -7.833855e-03 3.219181e-04
9.999669e-01 2.352560e-04 1.259496e-04 -8.129667e-03 8.262816e-02 -2.380197e-02 -3.839723e-03
9.999523e-01 6.476952e-04 2.331206e-04 -9.738788e-03 9.782462e-02 -3.010116e-02 -2.141475e-03
9.999459e-01 3.358696e-05 -1.368393e-04 -1.040303e-02 9.938969e-02 -2.420027e-02 -2.668973e-03
9.999457e-01 6.748734e-06 5.450528e-05 -1.042114e-02 1.193112e-01 -2.823086e-02 -1.174151e-02
9.999296e-01 2.670291e-04 3.066978e-05 -1.185908e-02 9.722996e-02 -2.816208e-02 2.645783e-03
9.999092e-01 6.211615e-04 1.123456e-03 -1.341585e-02 1.346155e-01 -3.536279e-02 2.454310e-03
9.999300e-01 2.180322e-04 2.446533e-05 -1.183020e-02 1.253921e-01 -2.374659e-02 -9.784789e-03
9.999005e-01 1.648306e-04 4.764350e-04 -1.409789e-02 1.275992e-01 -4.131871e-02 -2.864891e-03
9.998974e-01 2.385587e-04 -6.519354e-05 -1.432468e-02 1.410934e-01 -4.342769e-02 -5.781773e-03
9.998806e-01 3.696937e-04 1.137857e-03 -1.540443e-02 1.383235e-01 -1.761202e-02 -2.234434e-04
9.998888e-01 -2.430699e-04 -2.842722e-04 -1.491122e-02 1.625743e-01 -4.993749e-02 -6.478687e-03
9.998875e-01 3.316713e-04 6.340925e-04 -1.497830e-02 1.656320e-01 -2.343510e-02 -4.214915e-03
9.998490e-01 -2.106790e-04 1.691074e-04 -1.737593e-02 1.676918e-01 -3.179745e-02 -1.830412e-03
9.998560e-01 -1.544451e-04 3.056178e-05 -1.697007e-02 1.865854e-01 -3.931632e-02 -6.073340e-03
9.998492e-01 1.749872e-04 -1.146081e-05 -1.736569e-02 1.726867e-01 -4.837044e-02 2.397203e-04
9.998596e-01 2.731216e-04 9.580729e-04 -1.672653e-02 2.227488e-01 -3.397834e-02 -2.624896e-03
9.998580e-01 1.576192e-04 7.911992e-04 -1.683189e-02 2.000443e-01 -4.391371e-02 -7.896309e-03
9.998887e-01 5.218354e-04 3.519110e-04 -1.490508e-02 2.105341e-01 -4.635408e-02 -2.977833e-03
9.998793e-01 3.059041e-04 4.740002e-04 -1.552738e-02 2.232447e-01 -3.446826e-02 -3.420550e-03
9.998974e-01 6.195573e-04 1.219631e-03 -1.425788e-02 2.380141e-01 -1.853516e-02 -1.264081e-03
9.999026e-01 3.209978e-04 8.297427e-04 -1.393050e-02 2.390817e-01 -4.838047e-02 -8.732811e-04
9.999357e-01 3.045792e-04 8.824778e-04 -1.130126e-02 2.591972e-01 -1.429231e-02 -6.371384e-03
9.999307e-01 4.839865e-05 1.633888e-03 -1.165989e-02 2.652961e-01 -3.086379e-02 -1.264485e-03
9.999395e-01 5.484138e-04 1.248491e-03 -1.091061e-02 2.655305e-01 -3.216714e-02 -1.521775e-03
9.999643e-01 1.868100e-04 6.335292e-04 -8.422600e-03 2.735757e-01 -2.515023e-02 3.693631e-03
9.999648e-01 4.479120e-04 7.125521e-04 -8.344238e-03 2.813325e-01 -2.854216e-02 -1.906058e-03
9.999817e-01 7.805830e-05 4.870583e-04 -6.020982e-03 2.964600e-01 -6.409472e-03 -8.289004e-04
9.999843e-01 3.306764e-04 7.379333e-04 -5.549953e-03 2.851907e-01 -1.864552e-02 -1.051862e-03
9.999897e-01 2.854598e-04 5.006363e-04 -4.511093e-03 2.938406e-01 -1.781440e-02 3.668581e-03
9.999903e-01 5.810166e-05 5.711853e-04 -4.361241e-03 2.998506e-01 -1.352753e-02 5.286210e-03
9.999917e-01 3.691892e-05 5.016629e-04 -4.041066e-03 3.180419e-01 -7.805989e-03 -2.164878e-03
9.999958e-01 -4.806630e-05 7.631887e-04 -2.815080e-03 3.219286e-01 -1.970410e-04 -2.520477e-03
9.999962e-01 -8.066656e-05 8.711846e-04 -2.606183e-03 3.096809e-01 -4.851282e-03 8.531185e-03
9.999971e-01 -6.554733e-05 6.405767e-04 -2.307684e-03 3.389662e-01 -2.338403e-02 2.619039e-03
9.999973e-01 2.202653e-04 1.243489e-03 -1.939010e-03 3.437891e-01 -1.006814e-02 6.618394e-03
9.999981e-01 2.134786e-04 9.626703e-04 -1.701060e-03 3.442312e-01 -9.564209e-03 5.066821e-03
9.999986e-01 -4.316608e-04 3.149684e-04 -1.567844e-03 3.544853e-01 -3.533955e-03 -3.534473e-03
9.999986e-01 -1.650099e-04 5.384692e-05 -1.641882e-03 3.587186e-01 -5.349442e-03 6.366957e-03
9.999983e-01 -1.278493e-04 3.167126e-04 -1.808677e-03 3.692140e-01 -7.556410e-03 8.772830e-03
9.999971e-01 4.894417e-04 8.160632e-04 -2.213451e-03 3.677215e-01 -1.024338e-02 7.243766e-03
9.999980e-01 2.309972e-04 1.521792e-03 -1.296415e-03 3.780905e-01 -8.567128e-03 1.314463e-02
9.999974e-01 -3.426589e-04 9.100714e-04 -2.054267e-03 3.894403e-01 -7.935497e-03 -1.808968e-03
9.999972e-01 3.918287e-04 9.084263e-04 -2.174982e-03 3.929449e-01 -1.234643e-02 1.010219e-02
9.999975e-01 -1.096875e-04 1.510350e-04 -2.211531e-03 4.001634e-01 -1.280234e-02 1.218105e-02
9.999983e-01 6.423085e-04 3.652455e-04 -1.686512e-03 4.167898e-01 -1.323771e-02 9.088341e-03
9.999977e-01 3.455850e-05 8.895122e-04 -1.968285e-03 4.150401e-01 -5.771301e-03 1.365849e-02
9.999974e-01 1.694221e-04 2.814095e-04 -2.246349e-03 4.308791e-01 -8.053181e-03 9.643581e-03
9.999975e-01 2.560192e-04 4.778628e-04 -2.191716e-03 4.493644e-01 -2.033827e-02 1.774476e-02
9.999974e-01 6.224912e-05 5.468140e-04 -2.204793e-03 4.470192e-01 -9.780490e-03 8.894376e-03
9.999976e-01 -1.414669e-04 7.121147e-04 -2.079832e-03 4.477425e-01 -1.222768e-02 1.856843e-02
9.999974e-01 1.905955e-04 1.403217e-04 -2.281830e-03 4.642726e-01 -1.347338e-02 1.511157e-02
9.999970e-01 1.329702e-04 5.437974e-04 -2.374535e-03 4.904788e-01 -9.418660e-03 1.753181e-02
9.999962e-01 1.782109e-04 2.807358e-04 -2.730438e-03 4.884827e-01 -1.545780e-02 2.120705e-02
9.999973e-01 -2.083106e-05 6.487900e-04 -2.223070e-03 4.876851e-01 -1.128071e-02 1.452427e-02
9.999975e-01 -1.027784e-04 5.134645e-04 -2.161174e-03 4.967183e-01 -5.655364e-03 2.152066e-02
9.999983e-01 -6.151454e-05 -2.559518e-04 -1.842378e-03 4.917393e-01 -1.905467e-02 1.406332e-02
9.999988e-01 -3.717217e-04 -5.327239e-05 -1.506033e-03 4.935484e-01 -1.196703e-02 2.192444e-02
9.999981e-01 -1.756910e-04 1.567325e-05 -1.934551e-03 4.946640e-01 1.302005e-03 1.839548e-02
9.999993e-01 -1.638777e-04 3.020924e-04 -1.116494e-03 5.135363e-01 -7.833310e-03 1.481860e-02
9.999991e-01 -2.238551e-04 -6.344299e-04 -1.131974e-03 5.053962e-01 -1.242935e-02 1.971447e-02
9.999993e-01 -3.855980e-04 9.627175e-04 -5.837524e-04 5.129382e-01 6.367725e-03 1.636980e-02
9.999996e-01 -3.281452e-04 -3.747805e-04 -7.206081e-04 5.129401e-01 -9.850922e-03 1.920768e-02
9.999992e-01 -2.090973e-04 -7.821993e-04 -9.330991e-04 5.126600e-01 -4.689096e-03 5.824991e-03
9.999997e-01 -1.005518e-04 -4.086460e-04 -6.114907e-04 5.205955e-01 -8.135396e-03 2.514073e-02
9.999997e-01 -3.933262e-04 -1.697903e-04 -6.515905e-04 5.009915e-01 -3.452462e-03 1.313380e-02
9.999998e-01 -1.890726e-04 -2.062044e-04 -5.578256e-04 5.261269e-01 -1.180273e-02 1.447444e-02
9.999995e-01 1.894249e-04 -4.922628e-04 -8.288368e-04 5.164383e-01 -1.064064e-03 1.655651e-02
9.999997e-01 -5.303350e-04 -3.705900e-04 -5.280450e-04 5.175017e-01 4.766257e-03 8.199058e-03
9.999993e-01 -2.937596e-04 -7.385994e-04 -8.747106e-04 5.104073e-01 -2.489254e-02 1.363100e-02
9.999996e-01 3.774706e-05 -6.065246e-04 -5.779341e-04 5.238180e-01 3.485014e-03 5.051445e-03
9.999994e-01 -1.460825e-04 -7.671833e-04 -7.610142e-04 5.128307e-01 -1.117987e-02 1.979493e-02
9.999993e-01 -5.269093e-04 -1.805767e-04 -9.985486e-04 5.126307e-01 -1.060391e-02 9.841461e-03
9.999989e-01 -9.535282e-05 -1.159810e-03 -9.494971e-04 5.294821e-01 2.102968e-03 6.923631e-03
9.999996e-01 -2.698280e-04 -6.615413e-04 -4.748499e-04 5.190268e-01 -3.524627e-03 5.120096e-03
9.999990e-01 -2.173870e-04 -1.107291e-03 -8.426995e-04 5.141209e-01 -2.074491e-02 1.182431e-02
9.999991e-01 -4.821157e-04 -5.099113e-04 -1.164111e-03 5.422843e-01 4.525010e-03 4.991422e-03
9.999997e-01 -2.556218e-04 -7.249400e-04 -1.940377e-05 5.148350e-01 1.064345e-03 3.408327e-03
9.999989e-01 -9.616065e-04 -3.889114e-04 -1.080816e-03 5.187916e-01 -1.456406e-02 4.475624e-03
9.999992e-01 -4.275592e-04 -8.641027e-04 -8.103128e-04 5.207406e-01 -1.518537e-03 1.110228e-02
9.999987e-01 -7.564739e-04 -9.519810e-04 -1.121556e-03 5.460597e-01 -1.456751e-02 -9.168525e-03
9.999995e-01 -7.078665e-04 -5.342626e-04 -4.223189e-04 5.219976e-01 1.681032e-03 1.183820e-03
9.999987e-01 -9.310772e-05 -1.190115e-03 -1.051666e-03 5.316455e-01 -7.723241e-03 6.581072e-04
9.999997e-01 -1.260156e-04 7.720234e-05 -7.583920e-04 5.322084e-01 3.499498e-03 -6.009194e-03
9.999998e-01 1.722489e-05 -2.057671e-05 -6.572671e-04 5.383806e-01 -1.269065e-02 2.978055e-03
9.999992e-01 -4.744379e-04 -3.232957e-04 -1.136199e-03 5.383908e-01 -6.030592e-03 -1.130779e-02
9.999995e-01 3.061375e-05 -5.459595e-04 -8.087424e-04 5.480433e-01 -1.151402e-02 -9.757092e-04
9.999988e-01 2.421870e-04 -8.841251e-04 -1.253276e-03 5.401154e-01 -2.481433e-03 -1.470610e-02
9.999990e-01 -1.422081e-04 -5.809184e-04 -1.271133e-03 5.297999e-01 -1.142128e-02 -6.180909e-03
9.999987e-01 -3.962829e-04 -3.323628e-04 -1.487406e-03 5.437205e-01 -7.555682e-03 -2.441082e-03
9.999983e-01 6.420741e-05 -5.240630e-04 -1.789371e-03 5.401080e-01 -6.297264e-03 -5.825279e-03
9.999980e-01 -8.457616e-05 4.844422e-04 -1.923603e-03 5.224066e-01 -1.980248e-02 -6.616408e-03
9.999976e-01 -6.508239e-04 -1.143522e-03 -1.764362e-03 5.501233e-01 -1.088259e-03 -1.299030e-02
9.999972e-01 -6.729055e-04 -1.125498e-03 -1.968094e-03 5.323288e-01 -9.550367e-03 -1.965885e-02
9.999982e-01 1.294366e-04 -3.933209e-04 -1.824334e-03 5.505837e-01 -1.441423e-03 6.989161e-04
9.999983e-01 -1.664767e-06 -8.288110e-04 -1.683074e-03 5.422606e-01 -1.271401e-02 -2.036580e-02
9.999977e-01 -4.119843e-05 -1.134736e-03 -1.806825e-03 5.216776e-01 -6.545249e-03 -1.484808e-02
9.999981e-01 1.958903e-04 -8.440670e-04 -1.726024e-03 5.359549e-01 2.932286e-03 -2.334895e-02
9.999984e-01 5.264089e-04 -6.762313e-04 -1.581769e-03 5.378233e-01 -1.101127e-02 -1.267627e-02
9.999989e-01 1.060864e-04 -7.813014e-04 -1.247406e-03 5.544823e-01 -1.793164e-03 -1.516667e-02
9.999997e-01 -4.969167e-05 -8.082347e-05 -8.058564e-04 5.450668e-01 -1.942856e-02 -7.999175e-03
9.999996e-01 -1.243669e-06 -2.325698e-04 9.337172e-04 5.491942e-01 -3.374404e-04 -2.788736e-02
9.999986e-01 4.240728e-04 -3.973045e-04 1.575238e-03 5.604012e-01 2.750613e-03 -2.471684e-02
9.999978e-01 7.195167e-04 -1.235342e-03 1.537328e-03 5.300343e-01 5.989001e-03 -8.861950e-03
9.999976e-01 -1.588266e-04 -1.250062e-03 1.787830e-03 5.481509e-01 7.100463e-03 -1.422119e-02
9.999986e-01 1.797516e-04 -8.318802e-04 1.451851e-03 5.791229e-01 2.218206e-03 -2.369513e-02
9.999975e-01 -3.975311e-04 4.898687e-04 2.147941e-03 5.365654e-01 9.306121e-03 -1.488488e-02
9.999982e-01 -2.249219e-04 -9.828210e-04 1.618601e-03 5.580064e-01 -8.034636e-03 -2.960030e-02
9.999988e-01 1.547986e-04 -5.365682e-04 1.452359e-03 5.687002e-01 -6.126984e-03 -1.601255e-02
9.999988e-01 6.235654e-04 -6.213643e-04 1.252022e-03 5.824714e-01 1.242618e-02 -1.991951e-02
9.999974e-01 1.420339e-04 -8.751306e-04 2.134666e-03 5.330542e-01 -6.253790e-03 -2.167267e-02
9.999995e-01 3.994105e-04 -1.890433e-04 9.179827e-04 5.728226e-01 4.929364e-03 -2.756110e-02
9.999995e-01 7.402302e-04 3.165640e-04 5.793902e-04 5.840241e-01 -4.131912e-03 -1.581813e-02
9.999991e-01 5.573763e-05 -9.817794e-04 9.023250e-04 5.719734e-01 -8.819128e-03 -2.851575e-02
9.999995e-01 6.441065e-04 -7.157849e-04 1.294817e-04 5.773632e-01 7.467676e-03 -1.890886e-02
9.999998e-01 3.650225e-05 -4.599993e-04 2.945854e-04 5.701391e-01 -1.449108e-02 -2.110560e-02
9.999999e-01 2.283346e-04 4.016674e-04 1.580801e-04 5.597023e-01 -5.505109e-03 -1.795249e-02
9.999999e-01 3.563714e-04 -2.764587e-05 -3.274852e-04 5.942533e-01 -2.650750e-03 -3.300636e-02
9.999992e-01 8.951293e-04 8.476614e-04 -1.978660e-04 5.729597e-01 -1.954527e-03 -1.806624e-02
9.999994e-01 5.940627e-04 -8.676126e-04 3.788888e-05 5.865417e-01 -3.685479e-03 -1.594114e-02
9.999996e-01 7.214324e-04 -1.898664e-04 -4.989703e-04 5.772297e-01 -2.060149e-02 -2.548931e-02
9.999993e-01 9.660086e-04 8.481657e-05 -7.157725e-04 5.908891e-01 -1.895756e-04 -1.371006e-02
9.999993e-01 3.694612e-04 1.094412e-03 -3.933503e-04 5.685300e-01 -1.242613e-02 -2.350899e-02
9.999994e-01 5.250860e-04 -6.618249e-04 -7.339472e-04 5.773102e-01 1.882250e-06 -2.257657e-02
9.999999e-01 1.140103e-04 2.447298e-04 -2.737719e-04 5.503689e-01 -1.077961e-02 -1.308588e-02
9.999997e-01 3.389043e-04 -5.522903e-04 -4.607998e-04 5.706172e-01 -9.758607e-04 -2.191450e-02
9.999995e-01 -9.749633e-05 9.344126e-04 -4.527479e-04 5.579234e-01 -9.512672e-04 -1.668531e-02
9.999999e-01 1.822282e-04 -3.732036e-04 -3.693784e-04 5.616871e-01 -8.106559e-04 -2.732888e-02
9.999999e-01 -2.789314e-04 2.123597e-04 -2.529263e-04 5.560283e-01 -1.010791e-02 -6.875521e-03
9.999997e-01 -5.954538e-04 -2.827293e-04 4.177620e-05 5.529352e-01 4.113911e-03 -2.600765e-02
9.999999e-01 -2.307555e-04 -2.904641e-04 -3.376048e-04 5.503612e-01 -1.024331e-02 -9.813294e-03
9.999997e-01 -6.544280e-04 1.006839e-04 -3.539975e-04 5.593733e-01 -8.714113e-03 -1.774082e-02
9.999998e-01 -5.525961e-04 4.147706e-04 1.892831e-04 5.242425e-01 8.308601e-04 -2.611825e-02
9.999993e-01 -9.372173e-04 5.910033e-04 -4.352485e-04 5.549655e-01 -3.530553e-03 -1.452953e-02
9.999996e-01 -4.242876e-04 -5.368535e-04 -5.746368e-04 5.295577e-01 -1.401603e-02 -2.917446e-02
9.999999e-01 -2.889927e-04 1.329259e-04 -3.550422e-04 5.262077e-01 -1.371704e-02 -1.531501e-02
9.999994e-01 5.030657e-04 -3.682088e-04 -8.887417e-04 5.328850e-01 1.275241e-02 -2.254503e-02
9.999996e-01 3.890638e-04 1.361973e-04 -7.826577e-04 5.215746e-01 -9.962453e-03 -1.535128e-02
9.999988e-01 2.616486e-04 -3.212807e-04 -1.473252e-03 5.394397e-01 1.959084e-05 -3.126286e-02
9.999978e-01 2.311146e-04 1.135986e-03 -1.783318e-03 5.299668e-01 -2.313288e-02 -6.888961e-03
9.999987e-01 5.583177e-04 4.345610e-04 -1.450177e-03 5.247943e-01 3.515303e-04 -2.492198e-02
9.999991e-01 -3.056802e-04 1.323812e-04 -1.308314e-03 5.039068e-01 -1.350951e-02 -2.509197e-02
9.999986e-01 5.982526e-05 -3.356756e-04 -1.636596e-03 5.223577e-01 -6.396406e-03 -7.131419e-03
9.999989e-01 2.122851e-04 -5.536215e-04 -1.344394e-03 5.061596e-01 -1.014067e-02 -2.746929e-02
9.999980e-01 -5.472816e-04 1.155465e-03 -1.511204e-03 5.154294e-01 -7.553989e-03 -9.984609e-03
9.999983e-01 -9.078093e-05 -1.184274e-03 -1.413150e-03 4.960447e-01 -8.329903e-03 -1.657122e-02
9.999984e-01 -1.386507e-04 8.201350e-04 -1.565941e-03 4.991193e-01 -1.003311e-02 -2.021620e-02
9.999985e-01 -1.092167e-04 -6.366192e-04 -1.593378e-03 4.985876e-01 -1.086819e-02 -9.326090e-03
9.999988e-01 -1.254574e-04 7.244841e-06 -1.527080e-03 5.057010e-01 -1.148306e-02 -3.022271e-02
9.999989e-01 6.722868e-04 6.581461e-04 -1.171447e-03 4.913677e-01 -2.178525e-03 -4.926837e-03
1.000000e+00 1.436258e-04 7.688974e-05 -2.793427e-04 4.972041e-01 -4.415087e-03 -2.942615e-02
9.999998e-01 5.299592e-04 2.396228e-04 -3.835847e-04 4.958209e-01 -3.266581e-03 -1.827385e-02
9.999999e-01 -9.073138e-05 -4.104008e-04 1.732103e-04 4.681191e-01 1.197209e-03 -1.358846e-02
9.999997e-01 6.992339e-04 -3.605210e-04 1.629235e-04 4.926460e-01 -2.156488e-03 -1.435849e-02
1.000000e+00 1.808937e-04 1.384751e-04 5.994196e-05 4.711217e-01 -1.166142e-02 -1.479577e-02
9.999999e-01 9.707423e-05 1.839776e-04 3.668398e-04 4.783270e-01 1.311145e-03 -1.211055e-02
9.999999e-01 -2.317009e-04 -3.046953e-04 2.097783e-05 4.804078e-01 -6.579091e-03 -1.921023e-02
9.999999e-01 -2.268711e-04 -1.975491e-05 -1.837199e-04 4.657105e-01 -4.185633e-03 -1.490187e-02
9.999999e-01 -1.944340e-04 3.489654e-04 1.478871e-04 4.816379e-01 -5.526911e-03 -1.510700e-02
9.999990e-01 -6.451065e-04 5.389864e-04 1.107189e-03 4.576687e-01 -1.852448e-03 -1.370329e-02
9.999977e-01 -7.603356e-04 1.071293e-03 1.707758e-03 4.704057e-01 4.340684e-03 -1.528401e-02
9.999963e-01 -2.394069e-04 -1.045333e-04 2.695290e-03 4.577343e-01 -1.492972e-03 -1.781962e-02
9.999951e-01 -2.317774e-04 -5.660482e-04 3.077367e-03 4.615593e-01 8.143341e-03 -2.004676e-02
9.999937e-01 -1.724617e-04 -4.137393e-04 3.528058e-03 4.487335e-01 1.109313e-02 -1.321231e-02
9.999954e-01 5.115484e-04 -1.353807e-03 2.674745e-03 4.511727e-01 -1.621491e-03 -1.490136e-02
9.999955e-01 -2.523527e-04 6.896565e-04 2.904973e-03 4.439410e-01 1.339014e-02 -1.282201e-02
9.999965e-01 -8.620784e-05 -3.324980e-04 2.597671e-03 4.480403e-01 -7.600361e-03 -1.474393e-02
9.999966e-01 -3.588176e-04 1.216148e-04 2.587621e-03 4.382251e-01 4.396314e-03 -2.236246e-02
9.999971e-01 3.425351e-04 -1.900994e-04 2.365822e-03 4.433475e-01 6.916681e-04 -9.290856e-03
9.999982e-01 -1.272856e-04 -6.394809e-04 1.781254e-03 4.272919e-01 4.969714e-03 -2.029797e-02
9.999984e-01 3.364567e-05 -7.699803e-04 1.603208e-03 4.383239e-01 9.449128e-04 -1.778625e-02
9.999987e-01 3.231716e-05 -2.544827e-04 1.618272e-03 4.298016e-01 -1.108915e-02 -1.356510e-02
9.999992e-01 2.381885e-04 -3.339489e-04 1.223499e-03 4.244030e-01 -2.259993e-03 -1.776863e-02
9.999994e-01 -1.326934e-04 4.690121e-04 9.652403e-04 4.249733e-01 4.849525e-03 -1.232878e-02
9.999995e-01 -4.833076e-04 -5.641993e-04 6.873800e-04 4.139412e-01 -3.940343e-04 -2.162885e-02
1.000000e+00 1.376786e-04 -7.037341e-05 1.214422e-04 4.226873e-01 -9.676474e-04 -1.362308e-02
9.999997e-01 -1.209924e-04 -7.289020e-04 3.486916e-04 4.179212e-01 3.357395e-03 -2.405896e-02
9.999999e-01 -1.135571e-04 3.424889e-05 -4.733587e-04 4.085843e-01 -1.498024e-02 -7.744040e-03
9.999991e-01 -8.364475e-04 -5.500622e-04 -8.994665e-04 4.140175e-01 2.011921e-03 -3.001362e-02
9.999982e-01 -5.001132e-05 -2.765420e-04 -1.893900e-03 4.185600e-01 -6.749273e-03 -1.921706e-02
9.999989e-01 -4.323674e-04 8.109508e-08 -1.416680e-03 3.891640e-01 -9.688376e-03 -1.801945e-02
9.999991e-01 2.102128e-04 7.947009e-04 -1.099088e-03 4.170818e-01 -7.811671e-04 -1.048641e-02
9.999992e-01 -7.222015e-04 -6.863937e-04 -7.392674e-04 4.023408e-01 2.557659e-03 -3.196722e-02
9.999995e-01 1.450723e-04 5.016127e-04 -8.697833e-04 3.968745e-01 4.774414e-03 -1.692500e-02
9.999999e-01 -2.107275e-04 -2.863436e-04 -2.868308e-04 4.004931e-01 -1.129856e-02 -2.041778e-02
9.999997e-01 7.620594e-04 -5.973984e-05 -2.954227e-04 3.998262e-01 -1.875032e-02 -1.382242e-02
9.999998e-01 -2.075333e-04 3.716051e-04 5.359706e-04 3.902294e-01 4.060057e-03 -2.267391e-02
9.999996e-01 2.483514e-05 -2.830228e-04 8.174326e-04 3.790484e-01 -4.018906e-03 -2.031712e-02
9.999989e-01 -8.820488e-05 1.306716e-04 1.501076e-03 3.807431e-01 -2.692898e-03 -1.408886e-02
9.999980e-01 4.459428e-04 -4.875377e-04 1.890585e-03 3.917401e-01 7.489354e-03 -1.835900e-02
9.999978e-01 2.434064e-04 5.431535e-05 2.069456e-03 3.749201e-01 -1.094423e-03 -1.885534e-02
9.999991e-01 8.513248e-05 -6.960716e-05 1.334868e-03 3.781006e-01 4.328594e-03 -1.592454e-02
9.999989e-01 1.241896e-04 -4.829041e-04 1.388091e-03 3.837714e-01 7.732574e-04 -1.684340e-02
9.999986e-01 5.064055e-05 -6.035118e-04 1.571832e-03 3.799447e-01 9.680308e-04 -2.312977e-02
9.999984e-01 1.673969e-04 -5.855502e-04 1.728796e-03 3.784806e-01 6.709038e-03 -1.391424e-02
9.999990e-01 2.132599e-04 1.695692e-04 1.398817e-03 3.811695e-01 -6.446803e-04 -1.402548e-02
9.999973e-01 -3.231608e-04 -2.716758e-04 2.276795e-03 3.676537e-01 1.252517e-03 -2.156996e-02
9.999984e-01 -4.094967e-04 1.492345e-04 1.724105e-03 3.799841e-01 1.023695e-02 -2.045467e-02
9.999984e-01 2.736973e-05 -9.201774e-05 1.812643e-03 3.669586e-01 -7.040177e-05 -1.639429e-02
9.999986e-01 -4.356552e-04 -1.187550e-04 1.624315e-03 3.984093e-01 -2.258050e-03 -2.123210e-02
9.999993e-01 -1.864236e-04 -1.774338e-04 1.155381e-03 3.783533e-01 -3.574690e-03 -9.432689e-03
9.999979e-01 -5.299282e-04 -1.586559e-04 1.955454e-03 3.936567e-01 1.245322e-02 -1.975722e-02
9.999994e-01 -3.963952e-04 -7.626706e-04 7.040078e-04 3.844458e-01 3.274681e-04 -2.576844e-02
9.999989e-01 -1.745596e-04 -1.946658e-04 1.499302e-03 3.946415e-01 4.349881e-04 -1.477247e-02
9.999999e-01 -1.141291e-04 -2.952145e-04 3.354449e-04 3.818592e-01 4.488773e-04 -2.253328e-02
9.999999e-01 -8.265589e-05 1.176135e-04 5.764677e-04 3.887836e-01 8.657163e-03 -1.658269e-02
9.999999e-01 -6.326884e-05 -3.059299e-04 -3.035428e-04 3.984329e-01 -1.299681e-02 -2.394450e-02
9.999997e-01 6.448081e-05 -1.808387e-04 -6.726651e-04 3.958005e-01 2.105294e-03 -1.975960e-02
9.999996e-01 -3.167871e-04 3.809098e-04 -8.283406e-04 4.167193e-01 -4.255018e-03 -2.670035e-02
9.999996e-01 4.624324e-05 4.528401e-04 -7.719474e-04 4.099791e-01 2.992495e-04 -1.528766e-02
9.999996e-01 -9.172094e-06 7.282099e-06 -8.933371e-04 4.026085e-01 1.220732e-03 -2.910556e-02
9.999993e-01 -2.248030e-04 -1.845262e-04 -1.128237e-03 4.276596e-01 -2.288196e-02 -2.448344e-02
9.999996e-01 -4.737733e-04 -1.396059e-04 -8.081967e-04 4.294401e-01 -7.869026e-03 -1.677857e-02
9.999996e-01 -4.057080e-04 -4.802321e-06 -7.768524e-04 4.239945e-01 -1.087098e-02 -2.853701e-02
9.999998e-01 -5.404756e-04 2.025865e-04 -5.387036e-05 4.265938e-01 -6.939362e-03 -2.152857e-02
9.999996e-01 -3.541039e-04 7.718046e-04 -1.771177e-04 4.464704e-01 -1.148852e-02 -2.846840e-02
1.000000e+00 -2.295563e-04 3.603207e-06 -1.120196e-04 4.583143e-01 6.287768e-03 -2.363064e-02
1.000000e+00 -2.048980e-04 4.116996e-05 8.928996e-05 5.088278e-01 -1.172830e-02 -2.447193e-02
9.999999e-01 2.939029e-04 1.415245e-04 3.168770e-04 4.803042e-01 3.698644e-03 -3.026484e-02
9.999998e-01 2.376946e-04 1.811931e-04 6.092150e-04 4.741872e-01 1.512485e-03 -2.543014e-02
9.999996e-01 1.235682e-04 -1.906963e-04 8.820111e-04 4.877527e-01 -2.127581e-03 -2.920081e-02
9.999998e-01 4.611009e-04 4.948931e-05 4.661007e-04 5.147086e-01 1.086683e-03 -2.429437e-02
9.999998e-01 1.572953e-04 -1.055909e-04 6.543098e-04 5.138694e-01 -1.101254e-02 -2.704086e-02
9.999992e-01 -4.053929e-05 6.981147e-04 1.108253e-03 4.987627e-01 1.278109e-02 -2.879252e-02
9.999996e-01 4.794491e-04 -5.814566e-04 4.307459e-04 4.918028e-01 -2.227211e-02 -2.786991e-02
9.999997e-01 3.529952e-04 5.127771e-04 5.485867e-04 5.162829e-01 5.220120e-03 -2.132354e-02
9.999997e-01 1.150554e-04 5.691487e-04 6.216569e-04 5.211665e-01 1.823894e-03 -2.293928e-02
9.999996e-01 3.014138e-04 2.104718e-04 7.815326e-04 5.121007e-01 -3.697456e-03 -2.730458e-02
9.999998e-01 1.519222e-04 2.968567e-04 4.960344e-04 4.996319e-01 -1.028059e-02 -2.911111e-02
9.999997e-01 -4.532381e-04 4.030791e-04 4.757309e-04 5.149840e-01 1.053446e-02 -3.445717e-02
9.999997e-01 -2.248305e-05 4.356231e-04 -5.307231e-04 5.075809e-01 -1.044640e-02 -1.630929e-02
9.999999e-01 2.612530e-04 -3.388809e-04 -1.623721e-04 5.066168e-01 -7.063388e-03 -2.861099e-02
9.999997e-01 1.265245e-04 5.595101e-04 -5.931264e-04 5.105726e-01 -4.772492e-03 -1.326255e-02
9.999990e-01 3.660417e-04 -5.493344e-04 -1.179552e-03 5.323689e-01 -1.688964e-02 -2.701180e-02
9.999992e-01 -2.803540e-04 1.150527e-03 -4.557682e-04 5.045984e-01 -9.033560e-03 -2.905977e-02
9.999999e-01 6.991228e-05 3.269046e-04 -3.497937e-04 5.149912e-01 -6.822820e-03 -2.646123e-02
9.999994e-01 -4.150815e-04 6.556188e-04 -7.448130e-04 5.279692e-01 3.933828e-03 -2.403081e-02
9.999995e-01 -1.391474e-04 -1.242084e-04 -9.789255e-04 5.043516e-01 -1.485999e-02 -2.199225e-02
9.999995e-01 -1.558078e-04 4.819021e-04 -7.796670e-04 5.059692e-01 -6.920640e-03 -2.366786e-02
9.999996e-01 -6.734124e-05 -2.501917e-04 -8.299864e-04 5.407253e-01 -1.542774e-02 -2.034393e-02
9.999998e-01 -1.903550e-04 1.974838e-04 -5.320760e-04 5.107031e-01 -7.335351e-03 -2.386326e-02
9.999995e-01 1.150881e-04 7.460745e-04 -5.962916e-04 4.964138e-01 2.020598e-03 -1.810998e-02
9.999993e-01 -1.533595e-04 -5.929030e-05 -1.176307e-03 5.474703e-01 -1.286130e-02 -3.056841e-02
9.999998e-01 -2.388529e-05 1.274621e-04 -6.209334e-04 5.044350e-01 1.374713e-02 -2.332269e-02
9.999998e-01 5.463281e-04 7.729228e-05 -3.069812e-04 5.005357e-01 -1.052021e-02 -2.319946e-02
9.999992e-01 8.868587e-05 -1.105999e-04 -1.219038e-03 5.248858e-01 -3.359695e-03 -2.249391e-02
9.999999e-01 -1.713077e-04 9.170667e-05 -3.960219e-04 5.277125e-01 -1.314158e-02 -2.356017e-02
9.999996e-01 3.023516e-04 1.748809e-04 -8.079906e-04 5.020294e-01 -4.383038e-03 -2.104958e-02
9.999997e-01 -1.675936e-04 2.201173e-04 -7.827528e-04 5.169484e-01 -4.632010e-03 -2.481001e-02
9.999994e-01 1.418773e-04 5.186378e-04 -9.732824e-04 5.400931e-01 -4.900476e-03 -2.137364e-02
9.999997e-01 -3.108609e-04 4.950588e-05 -7.260766e-04 4.949944e-01 -1.399908e-02 -2.052377e-02
9.999995e-01 -3.716990e-04 2.171346e-04 -9.084841e-04 5.245769e-01 -1.109972e-02 -2.348652e-02
9.999997e-01 3.453491e-05 3.659274e-04 -7.271523e-04 5.114574e-01 6.642371e-03 -2.032607e-02
9.999998e-01 -2.928023e-04 3.907189e-04 -3.637897e-04 4.946884e-01 -2.991252e-03 -2.219239e-02
9.999997e-01 2.987773e-04 3.424603e-05 -7.000537e-04 5.042098e-01 -2.016760e-02 -1.793128e-02
9.999997e-01 -1.501958e-04 5.391030e-05 -7.230093e-04 5.386468e-01 9.445689e-03 -2.010540e-02
9.999995e-01 3.369461e-04 -5.627352e-05 -9.111835e-04 4.954878e-01 -1.566555e-02 -1.957701e-02
9.999996e-01 3.151730e-05 3.031355e-04 -8.286296e-04 4.980635e-01 -1.294089e-02 -1.949795e-02
9.999997e-01 -2.439746e-05 7.998098e-05 -7.155872e-04 5.431636e-01 2.777789e-04 -2.693708e-02
9.999994e-01 -9.426995e-05 7.023604e-04 -8.235811e-04 4.980787e-01 2.952536e-03 -2.134109e-02
9.999995e-01 -7.117638e-05 -9.001800e-04 -4.397672e-04 4.947942e-01 -2.101359e-02 -1.774514e-02
9.999995e-01 1.948535e-04 3.525808e-04 -9.053112e-04 5.205457e-01 -1.055750e-03 -1.890731e-02
9.999995e-01 -1.393352e-04 -3.617365e-05 -9.187979e-04 5.129530e-01 -3.182268e-03 -1.353796e-02
9.999995e-01 -2.709985e-04 9.033359e-04 -1.458280e-04 4.989873e-01 -2.636883e-03 -2.724125e-02
9.999998e-01 -3.473536e-04 -1.328941e-04 -5.213179e-04 4.998133e-01 -1.330848e-02 -1.914521e-02
9.999997e-01 -1.764864e-04 -1.351311e-05 -7.586572e-04 5.172940e-01 -1.021454e-03 -2.175641e-02
9.999999e-01 3.267770e-08 7.574220e-05 -5.201985e-04 4.911672e-01 -2.314157e-04 -1.985267e-02
9.999993e-01 2.646764e-04 -1.027089e-03 -5.536678e-04 5.139023e-01 -1.535912e-02 -1.294136e-02
9.999998e-01 2.938110e-04 1.392822e-04 -5.825912e-04 5.153066e-01 -3.457450e-04 -2.682628e-02
9.999996e-01 3.858901e-04 5.389118e-04 -5.288947e-04 5.057203e-01 -5.406857e-03 -1.062997e-02
9.999999e-01 -2.509534e-04 -3.020318e-04 -2.159211e-04 4.863480e-01 -1.818811e-02 -2.565696e-02
9.999995e-01 -1.293402e-04 9.817662e-04 -1.006876e-04 5.048403e-01 1.188290e-02 -3.073747e-02
9.999996e-01 -3.831915e-05 -7.656711e-04 -4.435516e-04 5.094857e-01 -1.409848e-02 -9.854806e-03
9.999998e-01 -9.523046e-05 8.675868e-05 -5.480026e-04 5.070790e-01 2.312526e-03 -2.084663e-02
9.999999e-01 -1.570214e-04 -3.719110e-04 -2.830750e-05 4.944650e-01 -5.766341e-03 -1.920453e-02
1.000000e+00 5.152401e-05 -1.494056e-04 -9.936402e-05 5.031160e-01 -2.660785e-03 -1.917634e-02
9.999997e-01 1.036832e-04 5.432408e-04 -6.089786e-04 5.013858e-01 -6.216047e-03 -2.237332e-02
9.999998e-01 -3.413225e-04 5.630027e-04 1.010061e-04 4.979980e-01 -1.255851e-03 -1.996285e-02
9.999998e-01 -2.189131e-05 -3.641547e-04 -3.983041e-04 4.804586e-01 -6.290210e-03 -2.480247e-02
9.999999e-01 -1.560167e-04 5.183934e-04 -1.336880e-05 5.241925e-01 1.654077e-03 -1.416157e-02
9.999997e-01 -4.452751e-04 3.956674e-04 -4.589276e-04 5.042892e-01 4.645199e-03 -2.538889e-02
9.999999e-01 -3.621728e-04 -2.746126e-05 -1.863997e-04 4.841533e-01 -1.147586e-02 -1.505021e-02
9.999996e-01 -7.214312e-04 5.211999e-04 -1.809626e-04 4.869688e-01 -4.784757e-03 -2.165008e-02
9.999997e-01 2.099738e-05 7.242525e-04 -6.670501e-05 4.985511e-01 -1.010438e-02 -1.553251e-02
9.999997e-01 -4.159828e-04 5.107620e-04 -2.832857e-04 4.917131e-01 6.302910e-03 -2.436513e-02
9.999998e-01 -9.315984e-05 -7.631252e-05 -4.911368e-04 5.042113e-01 -1.855193e-02 -2.097463e-02
9.999998e-01 -4.205208e-05 5.550859e-04 6.904769e-05 4.828619e-01 -7.240921e-03 -1.283547e-02
9.999999e-01 5.331988e-04 -1.204832e-04 -7.105944e-05 5.076688e-01 -1.377966e-02 -2.489490e-02
9.999993e-01 2.230042e-04 1.043571e-03 -4.802433e-04 5.003678e-01 3.392659e-03 -1.505051e-02
9.999999e-01 3.591627e-04 -7.596132e-05 -4.245668e-05 4.793995e-01 -1.643840e-03 -1.776963e-02
9.999997e-01 -1.924976e-04 6.194249e-04 3.528031e-04 4.819297e-01 -1.203959e-02 -1.562114e-02
9.999998e-01 -4.415492e-04 3.761149e-04 1.531675e-04 4.920699e-01 -1.831153e-04 -1.935873e-02
9.999998e-01 -1.009210e-04 -1.981529e-04 -5.744977e-04 5.030935e-01 -8.285037e-04 -1.650144e-02
9.999999e-01 -1.589147e-04 -3.224171e-04 2.744239e-04 4.933923e-01 -9.285006e-03 -1.191464e-02
9.999996e-01 -5.232948e-04 7.146503e-04 -2.163670e-05 4.809129e-01 -4.915947e-03 -2.001712e-02
9.999999e-01 -3.059641e-04 -1.933138e-04 2.455537e-04 4.772998e-01 -1.073882e-02 -1.605765e-02
9.999994e-01 6.171501e-04 8.984486e-04 -1.174438e-04 5.239448e-01 7.316343e-03 -1.949711e-02
9.999994e-01 -2.989504e-04 5.264336e-04 8.402233e-04 4.934575e-01 -1.923624e-03 -1.432300e-02
9.999998e-01 1.312126e-04 9.401671e-05 6.045690e-04 4.750561e-01 6.395980e-03 -1.249683e-02
9.999995e-01 -2.200492e-05 5.749553e-04 7.556123e-04 4.792205e-01 -7.756589e-03 -1.697757e-02
9.999997e-01 4.356045e-05 2.622544e-04 7.534872e-04 5.050636e-01 -8.164777e-03 -1.174041e-02
9.999997e-01 -2.827407e-04 -7.379724e-05 6.696229e-04 4.947855e-01 -9.234551e-03 -2.398834e-02
9.999998e-01 -2.088296e-05 1.568417e-04 6.594736e-04 5.001855e-01 -6.906880e-03 -9.912927e-03
9.999997e-01 -2.551585e-04 1.689589e-04 6.441715e-04 4.939228e-01 -2.058632e-03 -2.026228e-02
9.999996e-01 -4.348642e-04 -1.300435e-04 7.333352e-04 4.864635e-01 -1.095632e-02 -1.433894e-02
9.999998e-01 -1.499044e-04 2.886376e-04 4.571967e-04 4.896486e-01 -1.629059e-03 -9.880286e-03
9.999996e-01 -2.368351e-04 7.167175e-04 -5.452374e-04 5.261006e-01 -5.986556e-03 -1.245017e-02
9.999992e-01 -1.834589e-04 1.247833e-03 -2.682926e-05 4.861581e-01 4.568886e-03 -1.602354e-02
1.000000e+00 -7.130377e-05 -1.304778e-04 -2.678724e-04 4.981329e-01 -2.082185e-02 -1.790597e-02
9.999994e-01 2.316100e-04 4.977120e-04 -9.420006e-04 5.058983e-01 -1.973471e-03 -1.491334e-02
9.999994e-01 -1.943643e-04 -2.364585e-04 -1.033251e-03 5.047011e-01 -5.075682e-03 -1.060255e-02
9.999996e-01 -6.807385e-05 -4.526810e-04 -7.374012e-04 4.983427e-01 -1.655955e-02 -9.603782e-03
9.999990e-01 4.594628e-06 5.282381e-04 -1.341957e-03 5.171430e-01 -1.141399e-02 -1.756351e-02
9.999975e-01 2.232333e-05 1.077666e-03 -1.953511e-03 5.374717e-01 -7.148203e-03 -1.252676e-02
9.999992e-01 1.154144e-04 4.817046e-04 -1.203624e-03 5.117349e-01 -3.300596e-03 -1.346558e-02
9.999991e-01 4.232252e-04 -5.528805e-05 -1.266106e-03 5.147241e-01 -1.632398e-02 -1.153070e-02
9.999987e-01 1.696213e-05 -4.869451e-04 -1.507517e-03 5.382019e-01 -3.857975e-03 -1.340128e-02
9.999990e-01 2.784166e-04 7.455933e-05 -1.390690e-03 5.087084e-01 -8.915903e-03 -1.248100e-02
9.999985e-01 3.738559e-04 8.723566e-04 -1.451284e-03 5.393789e-01 -2.195751e-03 -1.299259e-02
9.999991e-01 7.533811e-05 -3.209189e-04 -1.294284e-03 5.294654e-01 -9.493998e-03 -7.961856e-03
9.999985e-01 -3.145857e-04 6.498369e-04 -1.593966e-03 5.263674e-01 -8.741810e-03 -1.770097e-02
9.999991e-01 1.794234e-04 -2.647054e-04 -1.335844e-03 5.503433e-01 -7.297421e-03 -4.224314e-04
9.999993e-01 -1.447565e-04 -3.203041e-04 -1.185346e-03 5.345430e-01 -1.374087e-02 -1.652255e-02
9.999982e-01 -3.524869e-04 4.307682e-04 -1.784683e-03 5.345855e-01 -1.075955e-02 -1.148561e-02
9.999994e-01 -1.013581e-04 -1.843250e-04 -1.049836e-03 5.389776e-01 -2.892043e-03 -4.469820e-03
9.999984e-01 -1.265034e-04 8.887650e-04 -1.516927e-03 5.551784e-01 -2.959770e-03 -2.053986e-02
9.999990e-01 -9.159439e-05 -1.449677e-04 -1.406745e-03 5.702459e-01 -1.189656e-02 -7.109829e-03
9.999984e-01 1.786152e-05 1.524278e-04 -1.776587e-03 5.648718e-01 -1.716126e-02 -1.435062e-02
9.999991e-01 2.198482e-04 6.774049e-04 -1.142399e-03 5.721169e-01 7.244686e-03 -1.795761e-03
9.999998e-01 -4.714229e-04 1.529301e-04 -2.987823e-04 5.475689e-01 -9.552626e-03 -1.945611e-02
9.999995e-01 1.174906e-04 6.018266e-04 -8.178856e-04 5.657298e-01 -5.305398e-03 -8.749001e-04
9.999991e-01 2.071185e-04 7.635002e-04 -1.086020e-03 5.418676e-01 -1.398404e-02 -1.008276e-02
9.999997e-01 -1.585901e-04 7.155143e-04 -3.361112e-04 5.893622e-01 -7.099578e-03 -2.290050e-02
9.999991e-01 3.479339e-04 -9.810812e-04 -7.582348e-04 5.570406e-01 -1.163245e-02 5.726638e-03
9.999999e-01 -8.056871e-05 -3.901270e-05 -3.929816e-04 5.727008e-01 -9.996427e-03 -1.732402e-02
9.999998e-01 1.022067e-05 6.912944e-04 -8.725027e-05 5.651751e-01 -1.457576e-02 -1.972605e-03
1.000000e+00 -6.356578e-05 2.127263e-04 2.472092e-05 5.693229e-01 -8.576164e-03 -7.825090e-03
9.999993e-01 -8.043720e-06 1.154384e-03 1.765287e-04 5.622027e-01 -1.223276e-02 -8.884667e-03
9.999998e-01 -2.183560e-04 3.011338e-04 5.031208e-04 5.888930e-01 9.716507e-04 -7.394024e-03
9.999998e-01 -2.803505e-04 -3.366295e-05 5.369335e-04 5.783295e-01 -1.547833e-02 -6.529304e-03
9.999998e-01 1.141623e-06 -6.533208e-04 1.221889e-04 5.635257e-01 -3.423307e-03 -8.547808e-03
9.999999e-01 -4.560851e-05 4.485068e-04 1.733080e-04 5.849307e-01 -1.000228e-03 -5.212493e-03
9.999998e-01 -1.013085e-04 5.902034e-04 1.928969e-04 6.093354e-01 -7.610464e-03 -5.235092e-03
9.999997e-01 3.768281e-04 6.564841e-04 8.763022e-05 5.995919e-01 -5.937705e-03 -4.501914e-03
1.000000e+00 1.247019e-04 3.244031e-05 1.831705e-04 6.050915e-01 4.340977e-03 -3.633322e-03
9.999999e-01 -1.828867e-04 1.790035e-04 2.277305e-04 6.001792e-01 -1.122934e-02 -1.349305e-02
9.999994e-01 2.888224e-04 -9.298406e-04 -4.466618e-04 6.248185e-01 -1.291687e-02 -7.282823e-03
9.999994e-01 -7.932193e-05 6.697678e-04 -8.340217e-04 6.011003e-01 -1.233194e-02 -1.186588e-03
9.999992e-01 -2.646197e-05 1.127647e-03 -5.404298e-04 6.121954e-01 2.326514e-04 -9.981274e-03
9.999997e-01 1.001197e-04 2.366491e-04 -7.384926e-04 6.095636e-01 -1.179402e-02 -6.021960e-04
9.999998e-01 9.990404e-05 1.352102e-04 -6.145794e-04 6.176903e-01 -6.568103e-03 -5.229324e-03
9.999997e-01 1.033871e-05 3.710564e-04 -6.659368e-04 6.258082e-01 -7.875821e-03 3.424599e-03
9.999999e-01 -6.500234e-05 -1.068247e-04 -4.386182e-04 6.289472e-01 -2.197544e-02 -1.054508e-02
9.999999e-01 9.335482e-05 2.882418e-04 -4.939334e-05 -2.489372e-02 3.048661e-03 8.225542e-06
