1.0 0.0 0.0 0.0 0.0 0.0 0.0
9.998594e-01 -1.274268e-04 -1.059726e-03 1.673537e-02 6.027523e-01 7.580540e-02 -2.193807e-02
9.999486e-01 -4.011927e-04 -1.681219e-04 1.013011e-02 3.465515e-01 1.960198e-02 9.461044e-04
9.999476e-01 -6.999756e-04 -3.753334e-05 1.020993e-02 3.543006e-01 3.175890e-02 -1.662780e-02
9.999482e-01 3.931966e-04 -7.660412e-04 1.014231e-02 3.560744e-01 2.519279e-02 -1.522325e-02
9.999538e-01 -1.228264e-04 2.364399e-04 9.601404e-03 3.523608e-01 1.797194e-02 3.438133e-03
9.999568e-01 4.459482e-04 -7.270160e-04 9.258229e-03 3.452653e-01 1.303938e-02 -1.917936e-02
9.999616e-01 2.629609e-04 -6.919922e-04 8.740517e-03 3.467793e-01 1.363276e-02 -1.347123e-02
9.999698e-01 2.169334e-04 1.101357e-04 7.759423e-03 3.414605e-01 1.324130e-02 -3.706264e-03
9.999718e-01 4.525502e-04 -8.706452e-04 7.442429e-03 3.364247e-01 1.183720e-02 -3.800827e-03
9.999753e-01 2.186320e-04 -4.858544e-04 7.015750e-03 3.502540e-01 3.181246e-03 -1.796083e-02
9.999812e-01 -2.235670e-04 -4.118600e-05 6.139406e-03 3.296367e-01 1.899951e-03 -9.230743e-03
9.999867e-01 -6.665040e-04 1.017337e-04 5.119763e-03 3.359514e-01 5.356219e-03 -1.042269e-02
9.999921e-01 -6.121481e-04 -1.489281e-05 3.936627e-03 3.396478e-01 2.897588e-03 -6.967854e-03
9.999907e-01 3.147308e-04 -1.748155e-03 3.939051e-03 3.468669e-01 -1.337802e-03 -1.360825e-02
9.999957e-01 6.788223e-04 2.580393e-04 2.849266e-03 3.262389e-01 4.536725e-03 1.610203e-02
9.999923e-01 -5.389385e-05 7.116195e-05 3.915492e-03 3.469387e-01 -2.096176e-04 -1.311829e-02
9.999918e-01 2.357309e-04 3.263754e-04 4.044073e-03 3.229466e-01 5.933290e-03 -2.216156e-02
9.999925e-01 -3.142547e-04 -9.697158e-04 3.733276e-03 3.369461e-01 3.990319e-03 -2.386841e-02
9.999959e-01 -2.683681e-04 -1.290454e-03 2.550434e-03 3.342573e-01 6.304657e-03 -1.010380e-02
9.999988e-01 -2.709240e-04 -1.253035e-03 8.711410e-04 3.303991e-01 -5.109778e-03 -1.164709e-02
9.999998e-01 5.201836e-04 2.006885e-04 -1.966782e-04 3.279733e-01 -1.483824e-02 -3.422734e-03
9.999984e-01 -1.934233e-04 -3.383170e-04 -1.749590e-03 3.271605e-01 -2.054118e-02 -1.971084e-02
9.999974e-01 -4.327728e-04 -1.473507e-03 -1.688035e-03 3.302424e-01 -1.146642e-02 -1.526722e-02
9.999949e-01 -1.718236e-04 -9.813767e-04 -3.019017e-03 3.449929e-01 -3.948149e-03 7.023171e-05
9.999904e-01 2.712403e-04 -1.153495e-03 -4.207615e-03 3.270801e-01 -1.224737e-02 -1.956100e-02
9.999896e-01 9.941146e-04 -5.878078e-04 -4.417446e-03 3.450815e-01 -1.536145e-02 -1.224798e-03
9.999848e-01 1.327305e-03 -1.569737e-03 -5.124000e-03 3.408387e-01 -1.055952e-02 -3.455636e-02
9.999854e-01 9.840830e-04 -1.187785e-03 -5.181417e-03 3.505903e-01 -1.710367e-02 -1.086696e-02
9.999821e-01 7.920176e-04 -2.349141e-03 -5.450805e-03 3.341313e-01 -1.532132e-02 -2.233912e-02
9.999787e-01 7.034520e-04 -2.758059e-03 -5.882109e-03 3.536018e-01 -1.080559e-02 -2.068124e-02
9.999812e-01 5.445872e-04 -1.477973e-03 -5.933217e-03 3.555132e-01 -1.186424e-02 4.494800e-03
9.999821e-01 4.425153e-04 8.532775e-05 -5.957349e-03 3.295071e-01 -1.637073e-02 -1.686208e-02
9.999870e-01 -6.684045e-05 -1.975917e-04 -5.100392e-03 3.549826e-01 -1.678379e-02 -1.833826e-02
9.999883e-01 -3.588614e-04 -1.401607e-04 -4.819834e-03 3.561552e-01 -7.476426e-03 -2.552422e-02
9.999899e-01 -5.956411e-04 -1.612994e-03 -4.152666e-03 3.569644e-01 -4.248150e-03 -2.104460e-02
9.999886e-01 -1.357365e-04 1.974590e-03 -4.338973e-03 3.426718e-01 -1.237492e-02 4.724302e-03
9.999890e-01 -1.658216e-03 8.292831e-04 -4.299759e-03 3.475347e-01 -1.598909e-02 -2.140352e-02
9.999887e-01 -1.518090e-03 1.151712e-03 -4.351145e-03 3.573554e-01 -1.991245e-02 -2.599162e-02
9.999904e-01 -1.941117e-03 1.323408e-04 -3.934918e-03 3.561608e-01 -7.168105e-04 4.684238e-03
9.999933e-01 4.875965e-04 1.023819e-03 -3.493870e-03 3.641230e-01 -1.989881e-02 -2.456429e-03
9.999870e-01 1.327704e-03 3.352242e-03 -3.594171e-03 3.739049e-01 -1.730638e-02 -6.125974e-03
9.999913e-01 8.883504e-04 2.607856e-03 -3.114076e-03 3.632905e-01 -1.825944e-02 -3.970186e-02
9.999950e-01 9.960062e-05 1.695937e-03 -2.651458e-03 3.737144e-01 -8.199379e-03 -1.519124e-02
9.999968e-01 -5.047045e-04 2.294119e-04 -2.477222e-03 3.680142e-01 -1.243717e-02 -2.849465e-02
9.999931e-01 -6.608899e-04 9.476894e-04 -3.538120e-03 3.726245e-01 -9.923169e-03 4.800846e-03
9.999871e-01 -8.404293e-04 2.938232e-03 -4.059658e-03 3.664256e-01 -2.708915e-02 -1.656172e-04
9.999882e-01 -6.147679e-04 4.153246e-03 -2.442541e-03 3.631088e-01 -1.366381e-02 1.322442e-02
9.999840e-01 -1.285983e-03 5.462471e-03 -6.757031e-04 3.551215e-01 -1.728963e-02 -1.701588e-02
9.999939e-01 -1.350489e-03 2.869125e-03 1.457284e-03 3.464443e-01 -3.302578e-03 -2.695436e-02
9.999907e-01 -1.245278e-03 1.260048e-03 3.931609e-03 3.604932e-01 8.314540e-03 3.196600e-04
9.999818e-01 -6.592632e-04 -3.040435e-04 5.982047e-03 3.435467e-01 3.080391e-02 -4.255678e-03
9.999780e-01 1.106260e-03 2.353032e-05 6.542975e-03 3.427233e-01 1.353267e-02 1.558529e-02
9.999636e-01 1.108741e-03 1.067003e-03 8.388749e-03 3.188014e-01 3.568791e-02 1.905195e-03
9.999517e-01 6.400694e-04 9.976250e-04 9.755321e-03 3.401585e-01 1.925695e-02 2.540568e-03
9.999312e-01 -5.671181e-05 -5.478539e-04 1.171416e-02 3.183421e-01 4.079635e-02 -1.665142e-02
9.999289e-01 1.124686e-03 -1.889088e-03 1.172308e-02 3.344125e-01 3.345390e-02 -1.539590e-02
9.999291e-01 8.435015e-05 -2.738255e-03 1.158248e-02 3.002560e-01 3.259821e-02 -1.613573e-02
9.999267e-01 -5.294048e-04 -1.635143e-03 1.198126e-02 3.004900e-01 4.096203e-02 1.296211e-02
9.999291e-01 -8.467101e-04 -9.476009e-04 1.183809e-02 3.020591e-01 2.771072e-02 7.304284e-04
9.999091e-01 -4.111655e-04 2.174256e-03 1.330331e-02 3.213746e-01 3.915739e-02 5.896888e-02
9.998938e-01 1.255680e-03 2.856580e-03 1.423660e-02 2.985994e-01 2.920470e-02 -3.513265e-02
9.998890e-01 8.036473e-04 -4.145269e-04 1.487209e-02 2.955088e-01 1.003969e-02 -2.782851e-02
9.998774e-01 6.839518e-04 -2.305135e-03 1.547475e-02 3.043296e-01 5.729726e-02 -1.685608e-02
9.998744e-01 1.052532e-03 -3.085213e-03 1.551239e-02 2.990996e-01 3.620840e-02 -4.744881e-03
9.998718e-01 4.008409e-04 -3.145203e-03 1.569825e-02 2.864692e-01 4.768076e-02 8.971848e-03
9.998863e-01 3.961673e-04 -9.715123e-04 1.503883e-02 2.748244e-01 3.574051e-02 1.985264e-04
9.998747e-01 2.775788e-04 -1.097507e-03 1.578837e-02 2.658003e-01 4.044921e-02 9.012256e-04
9.998828e-01 1.155435e-03 -1.327121e-04 1.526761e-02 2.602558e-01 2.672536e-02 -5.781692e-03
9.998860e-01 2.047060e-04 -1.850133e-03 1.498089e-02 2.435666e-01 2.536557e-02 -2.098854e-02
9.998976e-01 -2.081000e-04 -1.705352e-03 1.420941e-02 2.427266e-01 3.878987e-02 -5.680290e-03
9.998981e-01 6.877125e-04 -6.319556e-04 1.424939e-02 2.188411e-01 2.552130e-02 1.332171e-02
9.999062e-01 8.930707e-04 1.373823e-03 1.359430e-02 2.081429e-01 1.974514e-02 -3.703292e-03
9.999051e-01 -1.621025e-04 1.493130e-03 1.369192e-02 1.969042e-01 2.782941e-02 -4.178633e-03
9.998927e-01 -3.291569e-04 1.581295e-04 1.464104e-02 1.853649e-01 3.859875e-02 -1.691862e-02
9.998829e-01 -1.131656e-03 -1.356088e-03 1.520315e-02 1.862293e-01 3.826428e-02 -1.392297e-02
9.998819e-01 -4.778654e-04 -1.984018e-03 1.522786e-02 1.754818e-01 3.758007e-02 -3.664386e-03
9.998847e-01 -4.472934e-04 -5.547875e-04 1.516588e-02 1.656624e-01 2.735400e-02 7.445279e-03
9.998921e-01 7.581624e-04 -2.885895e-04 1.466810e-02 1.754871e-01 4.055762e-02 4.178047e-03
9.998939e-01 -4.157901e-04 -7.754926e-04 1.453757e-02 1.538557e-01 2.772615e-02 -1.289157e-02
9.998960e-01 4.706679e-04 -2.369159e-04 1.441249e-02 1.561135e-01 3.238485e-02 2.481853e-03
9.999076e-01 9.582745e-06 -1.050007e-03 1.355714e-02 1.470447e-01 1.820300e-02 -1.332217e-02
9.999255e-01 1.020157e-04 -1.537736e-03 1.211070e-02 1.434907e-01 3.520767e-02 -1.951912e-03
9.999271e-01 -4.875972e-04 -1.641566e-03 1.195311e-02 1.391844e-01 1.897236e-02 -9.362809e-03
9.999360e-01 -4.336752e-04 -1.135646e-03 1.124941e-02 1.341315e-01 2.138013e-02 1.827994e-03
9.999502e-01 -1.069205e-03 -1.419954e-03 9.816625e-03 1.270803e-01 3.173573e-02 -4.445846e-03
9.999594e-01 -2.536219e-04 -6.119348e-04 8.989368e-03 1.250546e-01 1.884507e-02 4.031082e-03
9.999730e-01 6.105030e-05 -1.899597e-03 7.100187e-03 1.151214e-01 1.223832e-02 -5.768852e-04
9.999832e-01 -2.161122e-04 -9.485816e-04 5.715119e-03 1.130723e-01 4.145412e-03 -5.070024e-03
9.999883e-01 -3.917171e-04 2.100263e-04 4.820971e-03 1.279874e-01 1.107928e-02 8.486386e-03
9.999948e-01 -2.952141e-04 1.075720e-04 3.206636e-03 9.767946e-02 -1.954843e-03 -3.400809e-03
9.999990e-01 3.473381e-04 4.792038e-04 1.323484e-03 9.637472e-02 -1.025952e-02 -1.021826e-03
9.999997e-01 2.619430e-04 3.349793e-04 5.731827e-04 9.213421e-02 1.379728e-03 -9.545280e-03
9.999995e-01 7.197288e-04 5.360973e-04 4.478098e-04 1.163552e-01 -1.599827e-02 5.179718e-03
9.999998e-01 4.823619e-04 2.177047e-04 -3.123113e-04 9.699400e-02 -7.111557e-04 -1.091058e-02
9.999999e-01 1.106710e-04 -1.349756e-04 -4.903076e-04 1.025948e-01 -1.118950e-02 5.413690e-03
9.999990e-01 -8.104692e-04 -1.127874e-03 -3.480489e-04 9.355713e-02 8.320604e-03 -1.329209e-02
9.999990e-01 -1.217184e-03 -2.891437e-04 6.718384e-04 1.027521e-01 6.937508e-03 4.685131e-03
9.999998e-01 -5.223229e-04 -4.241274e-04 -2.190926e-04 8.960606e-02 -9.779430e-04 -3.831681e-03
9.999997e-01 -1.520440e-04 7.311039e-04 1.010001e-05 7.817420e-02 -8.103270e-03 7.571386e-03
9.999998e-01 -2.149663e-04 9.241565e-05 -5.224372e-04 6.922246e-02 8.898288e-04 -8.057124e-03
9.999992e-01 -6.913854e-04 -4.195909e-04 -9.629550e-04 7.012829e-02 5.159453e-03 -9.667767e-03
9.999984e-01 -9.828476e-04 -7.321438e-04 -1.287539e-03 7.736340e-02 -1.230196e-02 3.084028e-03
9.999970e-01 -7.579892e-04 -8.294617e-04 -2.168149e-03 7.703381e-02 4.597988e-03 -5.570920e-03
9.999948e-01 -3.502586e-04 -7.425126e-04 -3.128835e-03 6.780834e-02 -4.264438e-03 3.600488e-03
9.999921e-01 -6.146696e-04 -2.699840e-04 -3.906007e-03 8.471682e-02 -1.693832e-02 -5.903880e-04
9.999890e-01 -1.006274e-03 -1.872597e-05 -4.581614e-03 7.665367e-02 -2.397941e-02 -5.616305e-03
9.999814e-01 -1.194783e-03 -5.881469e-04 -5.944770e-03 9.029271e-02 -9.613187e-04 -1.674000e-03
9.999782e-01 -1.833703e-03 -9.057039e-04 -6.287475e-03 8.777026e-02 -2.171558e-02 -1.770661e-03
9.999702e-01 -1.585826e-03 -5.834450e-04 -7.527593e-03 9.035762e-02 -5.347901e-03 -1.877411e-03
9.999645e-01 -8.697356e-04 1.308749e-04 -8.382319e-03 9.569410e-02 -2.660499e-02 5.016383e-03
9.999616e-01 -1.715391e-04 4.435257e-04 -8.743780e-03 9.369076e-02 -2.116618e-02 -8.501380e-03
9.999452e-01 -9.734361e-04 1.562249e-03 -1.030842e-02 1.001191e-01 -3.076045e-02 3.090336e-03
9.999399e-01 -1.455082e-03 1.198626e-03 -1.080134e-02 1.037663e-01 -1.740931e-02 -1.769628e-02
9.999236e-01 -1.910443e-03 3.870393e-05 -1.221187e-02 1.080663e-01 -1.905149e-02 -6.559100e-03
9.999175e-01 -1.584980e-03 -5.785664e-04 -1.273644e-02 1.063998e-01 -3.917820e-02 -5.203663e-03
9.999023e-01 -1.269514e-03 -8.316017e-04 -1.389757e-02 1.209371e-01 -2.888779e-02 -2.440065e-03
9.998770e-01 1.415262e-03 3.709906e-03 -1.517224e-02 1.459194e-01 -2.180761e-02 1.419642e-02
9.998944e-01 1.367961e-04 2.579236e-03 -1.430251e-02 1.129761e-01 -3.768867e-02 -2.608501e-02
9.998614e-01 -5.240075e-05 3.224417e-03 -1.633421e-02 1.206471e-01 -3.685265e-02 -2.222237e-03
9.998660e-01 2.769051e-05 1.000663e-03 -1.634028e-02 1.176217e-01 -4.088209e-02 -2.946786e-02
9.998685e-01 -1.283240e-03 5.933374e-04 -1.615619e-02 1.432893e-01 -4.037317e-02 -5.094354e-03
9.998560e-01 -1.334036e-03 3.170200e-04 -1.691725e-02 1.366968e-01 -4.117928e-02 -6.363388e-03
9.998367e-01 -3.599340e-04 1.830735e-03 -1.797470e-02 1.539702e-01 -1.557219e-02 -1.598299e-02
9.998390e-01 -1.505253e-03 1.954218e-03 -1.777364e-02 1.377978e-01 -4.410092e-02 -2.133643e-03
9.998396e-01 -1.790832e-03 1.156005e-03 -1.778166e-02 1.499971e-01 -4.768346e-02 -1.653718e-02
9.998322e-01 -9.047126e-04 5.116936e-04 -1.828902e-02 1.635540e-01 -3.207393e-02 -4.088718e-03
9.998400e-01 -4.426901e-04 -1.348349e-03 -1.782973e-02 1.563653e-01 -4.025987e-02 -3.119459e-02
9.998115e-01 -4.217311e-04 -1.929377e-03 -1.931120e-02 1.713769e-01 -4.622932e-02 -1.372557e-02
9.998041e-01 -1.928778e-03 -2.018467e-03 -1.959729e-02 1.678272e-01 -1.900853e-02 -7.259883e-03
9.998347e-01 -5.577190e-04 1.358044e-03 -1.812073e-02 2.009249e-01 -4.286779e-02 1.242858e-02
9.998315e-01 -5.496846e-04 1.073908e-03 -1.831838e-02 1.848682e-01 -5.231196e-02 -3.770397e-02
9.998256e-01 6.273412e-04 1.227577e-03 -1.862364e-02 2.019479e-01 -4.262607e-02 8.305994e-03
9.998826e-01 -3.684260e-04 3.319481e-03 -1.495217e-02 2.099279e-01 -4.047294e-02 -2.204871e-02
9.998870e-01 7.626783e-04 -1.957394e-03 -1.488489e-02 2.259252e-01 -3.823227e-02 -4.576357e-02
9.998498e-01 1.801405e-03 1.332509e-03 -1.718319e-02 2.175439e-01 -4.305612e-02 3.742153e-03
9.998148e-01 1.224890e-03 -4.183383e-05 -1.920549e-02 2.295402e-01 -3.132230e-02 -3.764833e-02
9.998244e-01 4.478702e-05 3.126973e-03 -1.847840e-02 2.166031e-01 -4.657436e-02 1.800501e-02
9.998224e-01 8.849640e-04 6.893043e-04 -1.881195e-02 2.079918e-01 -6.242093e-02 -3.991101e-02
9.997887e-01 1.285572e-03 -2.242708e-03 -2.039426e-02 2.242868e-01 -4.664062e-02 -2.812542e-02
9.997836e-01 7.194482e-04 -2.728567e-03 -2.061053e-02 2.293592e-01 -3.159606e-02 -2.803159e-02
9.997769e-01 1.884925e-03 -3.869191e-03 -2.067865e-02 2.206218e-01 -3.154917e-02 -4.289871e-03
9.997953e-01 7.298600e-04 -2.234378e-04 -2.021681e-02 2.166897e-01 -4.561433e-02 3.615846e-03
9.997771e-01 -9.580836e-04 3.248134e-03 -2.084065e-02 2.064622e-01 -6.165419e-02 -1.619974e-02
9.997906e-01 -2.376515e-03 2.101625e-03 -2.021396e-02 2.022432e-01 -6.926426e-02 -1.424806e-02
9.997813e-01 -2.624668e-03 2.568922e-03 -2.058816e-02 1.916743e-01 -5.521456e-02 -1.635248e-02
9.997909e-01 -2.950939e-03 3.403279e-03 -1.994795e-02 1.897728e-01 -5.587099e-02 -9.809742e-03
9.997763e-01 -2.418754e-03 2.218539e-03 -2.089372e-02 1.745779e-01 -4.416829e-02 -2.939959e-02
9.997415e-01 -2.819477e-03 3.609894e-03 -2.226992e-02 1.878407e-01 -5.129804e-02 1.049129e-02
9.997182e-01 -3.137173e-03 2.975336e-03 -2.334221e-02 1.892563e-01 -7.231311e-02 -2.939661e-02
9.997406e-01 -1.950586e-04 -1.179438e-03 -2.274501e-02 1.896209e-01 -3.648274e-02 -2.174687e-02
9.997557e-01 -6.315606e-04 9.431929e-04 -2.207360e-02 2.071008e-01 -4.057235e-02 8.010573e-03
9.997646e-01 -8.370784e-05 5.772562e-04 -2.169132e-02 2.033484e-01 -5.800614e-02 -1.530746e-02
9.997663e-01 -1.886609e-03 3.227647e-03 -2.129148e-02 2.011766e-01 -4.076476e-02 1.844445e-02
9.997719e-01 -2.817055e-03 4.066985e-03 -2.077703e-02 1.994076e-01 -7.275722e-02 -2.200374e-02
9.998008e-01 -9.124980e-04 2.649741e-03 -1.975947e-02 2.075041e-01 -4.921509e-02 -1.475388e-02
9.998049e-01 8.842114e-04 9.553353e-04 -1.970872e-02 2.155557e-01 -4.530995e-02 -2.276467e-02
9.998296e-01 2.073474e-03 1.135169e-03 -1.830568e-02 2.071972e-01 -1.780302e-02 5.725727e-04
9.998357e-01 8.901588e-04 1.206982e-03 -1.806571e-02 2.284508e-01 -3.999728e-02 -1.284927e-02
9.998427e-01 1.598881e-03 2.061990e-03 -1.754450e-02 2.221862e-01 -3.523002e-02 1.308285e-02
9.998795e-01 1.198475e-03 2.750559e-03 -1.522997e-02 2.273377e-01 -3.792732e-02 1.049682e-02
9.999073e-01 5.359831e-04 2.730055e-03 -1.332937e-02 2.162108e-01 -3.403357e-02 -1.918148e-02
9.999032e-01 4.850230e-04 1.625791e-03 -1.380840e-02 2.031599e-01 -4.042436e-02 1.129580e-02
9.999257e-01 7.636429e-04 1.237668e-03 -1.210040e-02 2.237896e-01 -1.007004e-02 -1.277117e-02
9.999392e-01 2.693864e-04 4.600686e-04 -1.101752e-02 2.026505e-01 -4.296610e-02 -3.393545e-03
9.999562e-01 1.940328e-03 7.192597e-04 -9.127045e-03 1.995338e-01 -2.524906e-03 1.236883e-03
9.999555e-01 1.478001e-03 -4.498756e-04 -9.310621e-03 2.049340e-01 -3.064353e-02 5.881299e-03
9.999761e-01 1.013710e-03 -3.009032e-04 -6.824526e-03 1.790678e-01 9.626442e-03 2.668236e-03
9.999738e-01 1.139887e-03 5.798609e-04 -7.137005e-03 1.813358e-01 -1.641255e-02 8.320818e-03
9.999763e-01 1.272010e-04 -3.250492e-04 -6.875722e-03 1.838909e-01 -2.459865e-02 1.942476e-03
9.999857e-01 -4.705789e-04 1.673029e-04 -5.318760e-03 1.691868e-01 -1.077977e-02 1.944631e-02
9.999868e-01 -1.639397e-04 -7.198135e-04 -5.078551e-03 1.767817e-01 -2.532240e-02 -1.189506e-02
9.999881e-01 5.644126e-04 -4.025993e-05 -4.842821e-03 1.629137e-01 -1.197938e-02 6.357742e-03
9.999949e-01 -7.030110e-04 -1.703286e-04 -3.109546e-03 1.623092e-01 -1.730746e-03 -4.309461e-03
9.999948e-01 3.448970e-04 4.530948e-05 -3.208534e-03 1.561612e-01 -1.823551e-02 1.297292e-02
9.999946e-01 -1.336399e-03 2.353035e-04 -3.006042e-03 1.572664e-01 -2.665123e-03 3.571932e-03
9.999980e-01 -9.123141e-05 1.072296e-05 -2.004941e-03 1.666998e-01 1.024783e-03 1.513558e-02
9.999983e-01 -1.256653e-03 -1.219961e-04 -1.369546e-03 1.689929e-01 -3.130099e-03 -5.886847e-03
9.999991e-01 7.675077e-05 -6.130921e-04 -1.230063e-03 1.543632e-01 -9.163247e-03 -3.585194e-03
9.999990e-01 5.752547e-04 9.031176e-05 -1.287052e-03 1.670705e-01 -1.369549e-02 2.708542e-03
9.999993e-01 7.578850e-04 -3.834859e-04 8.489634e-04 1.637725e-01 8.762350e-03 3.356877e-04
9.999994e-01 7.063743e-04 -1.054618e-06 8.560085e-04 1.582405e-01 5.653952e-03 7.225955e-03
9.999985e-01 4.384148e-05 -1.153842e-03 1.298196e-03 1.703650e-01 -3.178574e-03 -7.116188e-03
9.999956e-01 1.387044e-03 -1.307937e-03 2.288010e-03 1.694564e-01 1.872003e-02 7.348191e-03
9.999915e-01 4.124502e-04 -2.222055e-03 3.463954e-03 1.648260e-01 1.965907e-02 -6.223894e-03
9.999864e-01 4.179892e-04 2.600705e-04 5.188264e-03 1.621103e-01 2.231996e-02 1.891614e-02
9.999837e-01 -8.932451e-04 -1.662145e-04 5.635337e-03 1.697470e-01 6.873463e-03 -1.855721e-03
9.999786e-01 -7.290258e-04 3.768391e-04 6.497616e-03 1.773366e-01 1.294738e-02 5.674494e-03
9.999635e-01 -1.664272e-03 9.266966e-04 8.336472e-03 1.757591e-01 2.147111e-02 9.669114e-03
9.999517e-01 -1.021156e-03 4.504179e-04 9.766619e-03 1.720517e-01 2.063367e-02 -6.264667e-03
9.999301e-01 -7.101166e-04 8.169099e-04 1.177486e-02 1.722935e-01 3.630752e-02 5.566930e-03
9.999216e-01 2.627646e-04 -4.272924e-04 1.250993e-02 1.703257e-01 2.528616e-02 -4.635485e-03
9.999050e-01 3.542985e-05 2.116854e-04 1.378327e-02 1.676798e-01 2.762286e-02 1.422863e-03
9.998809e-01 5.329591e-05 -1.637623e-04 1.543039e-02 1.731979e-01 3.435336e-02 -4.492024e-03
9.998400e-01 -1.041527e-04 4.919197e-04 1.788174e-02 1.745722e-01 6.037955e-02 5.924208e-03
9.998287e-01 -3.727457e-04 -2.567190e-04 1.850220e-02 1.826336e-01 2.293037e-02 -2.220061e-03
9.997844e-01 3.460715e-04 -8.074052e-04 2.074654e-02 1.723677e-01 4.876895e-02 7.479752e-03
9.997375e-01 -1.455358e-03 -2.001988e-04 2.286361e-02 1.732102e-01 6.594178e-02 -1.344493e-02
9.997518e-01 -1.019314e-04 -5.596369e-04 2.226907e-02 1.787402e-01 5.974171e-02 1.207467e-02
9.997399e-01 1.185033e-05 -9.756837e-04 2.278376e-02 1.884662e-01 5.439997e-02 -9.614337e-03
9.997117e-01 1.026727e-03 -6.970974e-04 2.397692e-02 1.904433e-01 8.587972e-02 1.789424e-02
9.996747e-01 2.891855e-04 -4.915905e-04 2.550001e-02 2.138350e-01 8.066588e-02 -6.678537e-03
9.996345e-01 -5.960979e-04 5.244938e-04 2.702191e-02 2.249031e-01 6.379629e-02 4.979151e-03
9.996202e-01 -4.389315e-04 -9.766299e-05 2.755311e-02 2.242853e-01 8.067726e-02 -9.255823e-03
9.996071e-01 -3.460463e-04 1.245320e-03 2.799869e-02 2.249743e-01 6.944922e-02 7.168450e-03
9.995738e-01 -5.185574e-05 6.511115e-04 2.918501e-02 2.476342e-01 6.403032e-02 -1.535901e-03
9.995829e-01 -1.403282e-04 3.995020e-04 2.887539e-02 2.651733e-01 6.042105e-02 -8.886265e-03
9.995664e-01 5.295379e-04 -4.183917e-04 2.943801e-02 2.591544e-01 5.500342e-02 1.421432e-02
9.996044e-01 9.241625e-05 -1.020641e-04 2.812486e-02 2.634248e-01 7.342433e-02 -1.140996e-02
9.995889e-01 -1.848111e-04 8.505269e-04 2.865847e-02 2.610460e-01 6.225928e-02 2.232395e-02
9.996003e-01 1.341397e-04 7.602188e-04 2.826016e-02 2.579747e-01 5.002480e-02 3.024987e-03
9.995991e-01 1.154738e-04 1.917294e-03 2.824872e-02 2.612266e-01 5.814926e-02 1.161922e-02
9.996112e-01 5.352410e-04 8.288526e-04 2.786444e-02 2.612340e-01 4.760753e-02 -2.205334e-02
9.996229e-01 -8.871041e-04 -1.095368e-04 2.744350e-02 2.494038e-01 3.767863e-02 6.503618e-03
9.996169e-01 -1.200286e-03 -6.357603e-04 2.764211e-02 2.616321e-01 6.503967e-02 -8.246737e-03
9.996421e-01 -9.250908e-04 -1.585766e-03 2.669042e-02 2.323713e-01 3.748151e-02 -1.639576e-02
9.996564e-01 -1.148843e-03 -5.781976e-04 2.618163e-02 2.491650e-01 6.929932e-02 1.788417e-02
9.996869e-01 -1.850992e-03 -4.576355e-04 2.494883e-02 2.132890e-01 3.120556e-02 -1.017009e-02
9.997162e-01 -9.061986e-04 -2.390295e-04 2.380511e-02 2.253718e-01 4.382271e-02 1.462248e-02
9.997753e-01 -7.670831e-04 4.309468e-04 2.117901e-02 2.163274e-01 4.838573e-02 -2.425937e-03
9.998245e-01 1.168919e-04 9.889921e-06 1.873471e-02 1.914342e-01 1.143824e-02 9.570822e-03
9.998227e-01 -3.939111e-04 4.427617e-04 1.882067e-02 1.996026e-01 3.265145e-02 -1.847715e-02
9.998352e-01 -1.610524e-04 -8.863463e-04 1.813264e-02 1.924362e-01 3.698824e-02 -6.135129e-03
9.998894e-01 -1.029928e-03 -9.551993e-04 1.480499e-02 1.731845e-01 3.556110e-02 -2.309207e-02
9.998892e-01 -1.760883e-03 -1.737847e-03 1.467769e-02 1.757151e-01 3.041691e-02 1.162550e-02
9.999184e-01 -1.491417e-03 -1.270590e-03 1.262599e-02 1.634766e-01 4.112131e-02 -9.964616e-03
9.999371e-01 -1.427806e-03 -1.108734e-03 1.106904e-02 1.572873e-01 1.534881e-02 1.443332e-02
9.999705e-01 -3.792312e-04 -7.057996e-04 7.645493e-03 1.237891e-01 2.800708e-02 -1.006448e-02
9.999648e-01 -6.927192e-04 -3.130269e-05 8.354620e-03 1.257161e-01 1.615094e-02 9.175956e-03
9.999829e-01 -5.167636e-04 3.657789e-04 5.824266e-03 1.330363e-01 1.112688e-02 7.110208e-04
9.999821e-01 -2.427991e-04 -2.308894e-04 5.970768e-03 1.024373e-01 1.168243e-02 -7.009995e-03
9.999849e-01 -1.356852e-04 -2.270282e-04 5.494356e-03 1.154845e-01 2.811139e-03 7.071976e-04
9.999919e-01 -4.383095e-04 -8.916548e-05 4.010087e-03 1.109543e-01 9.108275e-03 -1.080043e-02
9.999948e-01 3.255772e-04 -2.820077e-04 3.188639e-03 1.023953e-01 1.546367e-02 4.997164e-03
9.999975e-01 -1.108665e-05 4.653057e-04 2.169445e-03 1.314483e-01 -8.719024e-03 -1.582184e-03
9.999989e-01 3.826771e-04 9.175257e-04 1.086035e-03 9.607429e-02 -1.191355e-02 1.417810e-02
9.999989e-01 7.298186e-04 7.903218e-04 9.664071e-04 1.040717e-01 -4.879744e-04 -1.542090e-02
9.999994e-01 6.883002e-04 7.082161e-04 -3.970386e-04 1.064144e-01 -1.762641e-02 1.330429e-03
9.999994e-01 4.134853e-04 7.711323e-04 -7.307181e-04 1.101342e-01 -1.593390e-04 -7.690013e-03
9.999990e-01 1.585270e-05 -3.025116e-04 -1.403267e-03 1.101210e-01 -1.679805e-02 -7.808390e-03
9.999954e-01 3.264345e-05 -3.135942e-04 -3.026046e-03 9.767276e-02 7.559131e-03 -1.282064e-03
9.999927e-01 -1.995598e-04 -3.274385e-04 -3.806744e-03 1.130822e-01 -2.544257e-03 -2.352123e-03
9.999892e-01 -1.165769e-05 3.482700e-04 -4.637920e-03 1.026458e-01 -1.386818e-02 -6.846906e-05
9.999867e-01 -3.309644e-04 -1.059006e-04 -5.135773e-03 1.134025e-01 -1.412081e-02 -2.448284e-03
9.999761e-01 5.270376e-05 -6.605138e-06 -6.919283e-03 9.892213e-02 -2.407282e-02 -2.476796e-03
9.999675e-01 -2.831829e-05 -1.081479e-03 -7.993771e-03 1.013234e-01 -2.567217e-02 -2.034621e-03
9.999606e-01 -2.672803e-04 -2.258694e-04 -8.872445e-03 1.304570e-01 -2.361384e-02 -8.617119e-03
9.999556e-01 -2.615345e-04 -7.893180e-04 -9.392543e-03 1.175051e-01 -2.176237e-02 -2.080054e-03
9.999324e-01 -1.099259e-05 -1.634460e-04 -1.162565e-02 1.139447e-01 -2.451383e-02 -7.503204e-03
9.999125e-01 -6.608269e-04 -1.186077e-03 -1.315889e-02 1.224412e-01 -4.262789e-02 -6.171042e-04
9.998965e-01 -6.839253e-05 -1.614652e-04 -1.438599e-02 1.310477e-01 -1.707439e-02 -3.245693e-03
9.998935e-01 -5.313529e-04 -5.918172e-04 -1.457067e-02 1.313204e-01 -4.411168e-02 -2.738013e-03
9.998568e-01 -3.507399e-05 -1.760607e-04 -1.692085e-02 1.338408e-01 -3.810717e-02 -2.413506e-03
9.998299e-01 -3.254771e-04 -1.246083e-04 -1.843886e-02 1.265180e-01 -1.077829e-01 5.138113e-03
9.997881e-01 8.682599e-05 8.003143e-04 -2.057278e-02 1.407195e-01 -5.287053e-02 -3.829311e-03
9.997857e-01 5.118534e-04 6.252280e-04 -2.068314e-02 1.427707e-01 -5.935848e-02 -2.430103e-03
9.997699e-01 6.403446e-04 5.739246e-04 -2.143524e-02 1.603673e-01 -6.995471e-02 -4.729231e-03
9.997743e-01 8.069061e-04 1.893974e-03 -2.114442e-02 1.560630e-01 -4.865732e-02 6.842983e-03
9.997578e-01 1.331832e-03 8.579391e-04 -2.195000e-02 1.628500e-01 -6.339951e-02 -5.469380e-03
9.997480e-01 9.312788e-04 7.234323e-04 -2.241373e-02 1.633269e-01 -7.923028e-02 -1.058833e-02
9.997274e-01 -2.090335e-05 1.133058e-03 -2.332252e-02 1.718659e-01 -4.615361e-02 -4.520347e-03
9.997030e-01 -6.234891e-06 -2.382764e-04 -2.436701e-02 1.814000e-01 -8.199811e-02 -1.060911e-02
9.997042e-01 -1.558928e-05 8.603741e-04 -2.430581e-02 1.939011e-01 -7.751631e-02 1.197822e-02
9.996640e-01 5.299780e-05 9.619252e-04 -2.590332e-02 1.814299e-01 -5.800364e-02 5.268467e-04
9.996703e-01 1.877897e-04 1.417946e-03 -2.563825e-02 1.839131e-01 -7.268830e-02 -4.548393e-03
9.996674e-01 2.752361e-04 9.238763e-04 -2.577131e-02 2.143295e-01 -8.402339e-02 -5.242831e-03
9.996791e-01 1.092386e-04 1.137012e-03 -2.530580e-02 2.192913e-01 -4.777296e-02 1.268359e-03
9.996772e-01 1.123923e-03 4.789702e-04 -2.537669e-02 2.072811e-01 -9.069679e-02 -3.678579e-03
9.996709e-01 5.113318e-04 3.255023e-04 -2.564465e-02 2.072898e-01 -5.198508e-02 7.750807e-03
9.996960e-01 7.547852e-04 4.816172e-04 -2.463934e-02 2.165684e-01 -3.877205e-02 -1.339856e-02
9.996925e-01 1.749591e-03 -9.263995e-04 -2.471949e-02 2.100177e-01 -3.669181e-02 9.719707e-03
9.997156e-01 1.343694e-03 2.383384e-04 -2.381063e-02 2.306466e-01 -4.480057e-02 -7.113345e-03
9.997306e-01 9.187364e-05 4.158338e-04 -2.320758e-02 2.247893e-01 -4.989388e-02 9.670595e-03
9.997322e-01 -8.287947e-04 1.906186e-03 -2.304727e-02 2.297541e-01 -3.436458e-02 3.912421e-03
9.997825e-01 -4.383163e-04 1.963752e-03 -2.075734e-02 2.453862e-01 -5.627695e-02 1.238384e-03
9.997874e-01 7.450065e-04 1.795696e-05 -2.060571e-02 2.326566e-01 -4.281050e-02 -6.017283e-03
9.998051e-01 4.831462e-04 -3.918617e-04 -1.972884e-02 2.476995e-01 -3.777845e-02 -2.691294e-03
9.997984e-01 1.773254e-03 -1.889913e-03 -1.991056e-02 2.253488e-01 -1.713325e-02 6.704740e-03
9.997806e-01 1.058173e-03 1.906166e-04 -2.091873e-02 2.560901e-01 -3.192785e-02 -5.805244e-04
9.997802e-01 8.034901e-04 1.149376e-03 -2.091983e-02 2.397206e-01 -3.963159e-02 1.930975e-02
9.997682e-01 1.484740e-04 5.611124e-04 -2.152180e-02 2.424437e-01 -4.642094e-02 -4.449247e-03
9.997543e-01 1.398842e-03 2.578466e-04 -2.211986e-02 2.453825e-01 -6.011650e-02 1.022961e-02
9.997642e-01 -1.743750e-04 3.617418e-04 -2.171247e-02 2.401514e-01 -3.700548e-02 3.865365e-03
9.997501e-01 -6.907902e-04 1.265428e-03 -2.230874e-02 2.637219e-01 -6.704807e-02 1.417134e-02
9.997291e-01 1.279985e-04 4.869419e-04 -2.326878e-02 2.470733e-01 -4.889333e-02 -2.962732e-03
9.997445e-01 7.041376e-04 9.273889e-04 -2.257566e-02 2.504063e-01 -2.739344e-02 9.267583e-03
9.997297e-01 7.812895e-04 1.140745e-03 -2.321005e-02 2.437552e-01 -5.908570e-02 1.755561e-02
9.997867e-01 5.928113e-04 9.698645e-04 -2.062216e-02 2.466477e-01 -1.898288e-02 9.323104e-03
9.997897e-01 -4.915783e-04 1.511014e-03 -2.044493e-02 2.338194e-01 -2.648298e-02 9.405178e-03
9.997709e-01 4.311260e-04 5.221059e-05 -2.139912e-02 2.714827e-01 -5.875230e-02 9.105540e-03
9.998266e-01 8.437797e-05 1.726749e-03 -1.854155e-02 2.290080e-01 -2.161852e-02 1.749419e-02
9.998166e-01 1.198440e-03 1.348046e-03 -1.906967e-02 2.500219e-01 -4.810648e-02 1.178187e-04
9.998317e-01 3.249862e-03 -6.701082e-04 -1.804024e-02 2.561490e-01 -3.272840e-02 4.452734e-03
9.998409e-01 3.014329e-03 -6.786686e-04 -1.756692e-02 2.384144e-01 -2.653524e-02 5.220417e-03
9.998802e-01 -5.320834e-04 3.267178e-04 -1.546727e-02 2.356680e-01 -2.589716e-02 5.860793e-02
9.998897e-01 -1.738065e-03 -1.262947e-03 -1.469832e-02 1.951974e-01 -1.897663e-02 -1.150079e-02
9.998813e-01 -1.601208e-03 -1.015348e-03 -1.528867e-02 2.182524e-01 -5.545613e-02 3.401776e-02
9.999106e-01 -1.870534e-03 -1.667284e-03 -1.313069e-02 2.027092e-01 -5.419204e-02 -1.519681e-02
9.999226e-01 2.803350e-04 -6.826056e-04 -1.241634e-02 2.180852e-01 -4.052910e-02 1.281831e-02
9.999555e-01 1.797444e-04 -8.909936e-04 -9.393744e-03 1.848860e-01 -2.109126e-02 -5.144040e-03
9.999687e-01 -1.928583e-04 -7.840268e-05 -7.906295e-03 1.890042e-01 -3.577212e-03 1.109727e-02
9.999733e-01 -2.566087e-04 -7.972498e-04 -7.252885e-03 1.893810e-01 -9.348385e-03 1.893462e-02
9.999843e-01 -2.262616e-04 -1.155669e-03 -5.475250e-03 1.804553e-01 -3.179731e-02 3.038412e-03
9.999911e-01 -2.606334e-04 -9.969103e-04 -4.083050e-03 1.686059e-01 -4.266386e-03 -1.531124e-03
9.999943e-01 7.144571e-04 -8.517203e-04 -3.193804e-03 1.916212e-01 -1.091234e-02 -3.903364e-03
9.999973e-01 1.432924e-03 -1.628971e-04 -1.833087e-03 1.834320e-01 8.053970e-03 -1.487933e-03
9.999985e-01 1.414923e-03 -3.029539e-04 9.164606e-04 1.862088e-01 1.331596e-02 1.093909e-02
9.999991e-01 -7.030933e-04 -8.898258e-05 1.119004e-03 1.830927e-01 -4.068577e-03 1.026113e-02
9.999936e-01 -8.538003e-04 1.017535e-04 3.476155e-03 1.759520e-01 6.616023e-03 1.299465e-02
9.999928e-01 -1.572010e-03 -8.466162e-04 3.339347e-03 1.865802e-01 -1.041087e-02 -4.293844e-03
9.999887e-01 -4.058998e-04 -1.204944e-03 4.574278e-03 1.732903e-01 2.369344e-02 -1.289660e-02
9.999846e-01 -1.038790e-04 -1.657486e-05 5.549332e-03 1.755088e-01 -2.878932e-03 5.587691e-03
9.999782e-01 2.227096e-05 -9.809181e-04 6.529137e-03 1.906448e-01 2.350836e-02 -8.148364e-04
9.999752e-01 6.076315e-04 -3.350278e-04 7.016661e-03 1.756220e-01 2.744822e-02 -6.751340e-03
9.999717e-01 -2.662969e-04 -1.782769e-03 7.310776e-03 1.858065e-01 9.225655e-03 -3.382401e-03
9.999669e-01 1.121454e-03 -9.983077e-04 7.997285e-03 1.957736e-01 1.920740e-02 -6.411761e-03
9.999689e-01 -4.828152e-04 -1.310298e-03 7.759047e-03 1.859466e-01 7.684281e-03 1.280650e-02
9.999614e-01 5.274250e-04 -6.135435e-04 8.746929e-03 1.867948e-01 2.747640e-02 8.504761e-03
9.999602e-01 -2.436252e-04 -1.394110e-03 8.808191e-03 2.179723e-01 2.556419e-02 -2.211114e-02
9.999597e-01 5.245021e-06 -8.653450e-04 8.937179e-03 2.083900e-01 1.647790e-02 5.116818e-03
9.999570e-01 8.924204e-05 -1.425718e-03 9.169338e-03 2.122439e-01 2.201669e-02 -1.643389e-02
9.999602e-01 5.032425e-04 -3.577837e-04 8.895911e-03 2.322819e-01 2.843179e-02 1.022077e-02
9.999581e-01 3.143478e-04 2.163416e-04 9.146710e-03 2.307009e-01 3.864891e-03 -6.416105e-03
9.999527e-01 -5.692441e-04 9.162575e-04 9.666551e-03 2.324680e-01 2.974105e-02 1.666608e-02
9.999488e-01 -1.107539e-03 1.307470e-03 9.975441e-03 2.493479e-01 1.907114e-02 -1.650320e-02
9.999512e-01 -8.862134e-04 1.146117e-03 9.776276e-03 2.604822e-01 2.356494e-02 -1.238771e-02
9.999483e-01 -5.885088e-05 6.814952e-04 1.014052e-02 2.741359e-01 2.899501e-02 -8.332253e-03
9.999466e-01 1.803059e-03 -1.358924e-03 1.008824e-02 2.800299e-01 2.788911e-02 -4.325858e-02
9.999221e-01 4.114590e-03 -4.312374e-03 1.096750e-02 2.645914e-01 3.067636e-02 -7.978545e-03
9.999018e-01 2.981074e-03 -3.226290e-03 1.331116e-02 2.815418e-01 5.683684e-02 9.696357e-03
9.998982e-01 9.759753e-04 -1.241271e-03 1.417997e-02 2.600827e-01 3.410845e-02 3.016659e-03
9.998547e-01 -5.196138e-05 -1.416626e-04 1.704560e-02 2.468522e-01 -2.373114e-02 1.454767e-02
9.998684e-01 -2.364170e-03 6.745594e-04 1.603572e-02 2.848884e-01 6.789738e-02 -8.687048e-03
9.998257e-01 -2.438381e-03 2.488108e-04 1.850582e-02 2.368728e-01 -1.217996e-02 -7.476238e-03
9.997913e-01 -3.916080e-03 -7.235077e-04 2.003724e-02 2.860733e-01 4.068743e-02 -5.321549e-04
9.997751e-01 -2.793190e-03 -6.748931e-04 2.101219e-02 2.355664e-01 4.173726e-02 -1.193421e-02
9.997590e-01 -9.224264e-04 1.747572e-04 2.193224e-02 2.707035e-01 3.403897e-02 -2.051564e-02
9.997582e-01 2.055896e-03 -2.573744e-04 2.189094e-02 2.746435e-01 3.947639e-02 -5.888644e-02
9.997102e-01 5.138951e-03 -8.627478e-04 2.350215e-02 2.891849e-01 1.370994e-01 -6.069699e-03
9.996687e-01 3.524643e-03 -8.335734e-04 2.548092e-02 2.715501e-01 5.860807e-02 3.247305e-03
9.996545e-01 1.663180e-03 -6.216396e-04 2.622731e-02 2.755069e-01 1.231912e-01 -4.478474e-03
9.996417e-01 8.418230e-04 -4.715559e-04 2.675018e-02 2.440676e-01 7.571171e-02 -1.243312e-02
9.996185e-01 1.492091e-03 -7.556340e-04 2.756958e-02 2.431448e-01 8.772263e-02 -3.452891e-02
9.995957e-01 1.156537e-03 -6.723836e-04 2.840396e-02 2.661768e-01 9.002701e-02 -7.043351e-04
9.995954e-01 1.895092e-03 -1.052687e-03 2.836083e-02 2.307393e-01 1.034073e-01 -1.530545e-02
9.995606e-01 2.104519e-03 -1.481542e-03 2.953141e-02 2.363534e-01 1.005909e-01 3.275239e-03
9.995288e-01 1.781016e-03 -1.383059e-03 3.061083e-02 2.370120e-01 8.280877e-02 -1.894454e-02
9.995495e-01 6.412775e-04 -1.480532e-03 2.997207e-02 2.336278e-01 6.671726e-02 9.334161e-03
9.995360e-01 4.825815e-05 -3.671632e-04 3.045806e-02 2.285145e-01 6.189539e-02 1.645143e-03
9.995339e-01 3.997651e-04 9.216327e-04 3.051247e-02 2.373195e-01 6.298138e-02 -8.804148e-03
9.995343e-01 -1.238772e-04 5.730156e-04 3.050890e-02 2.489716e-01 6.508417e-02 -2.521742e-02
9.995334e-01 8.886566e-04 9.659250e-04 3.051825e-02 2.522803e-01 6.930531e-02 -1.123540e-02
9.995498e-01 1.391520e-03 1.065890e-03 2.995212e-02 2.419646e-01 6.672471e-02 8.561390e-04
9.995377e-01 2.655243e-03 3.157963e-03 3.012384e-02 2.564348e-01 5.979077e-02 1.464384e-02
9.995546e-01 3.013004e-03 2.096760e-03 2.961592e-02 2.102642e-01 3.391650e-02 -1.995413e-02
9.995702e-01 1.256919e-03 7.070490e-04 2.928101e-02 2.628829e-01 5.113244e-02 -2.637314e-02
9.995680e-01 -1.185548e-03 1.140384e-04 2.936833e-02 2.458051e-01 8.757817e-02 -1.082533e-02
9.995451e-01 -9.355254e-04 2.689446e-04 3.014520e-02 2.216732e-01 7.007943e-02 -7.812543e-03
9.995347e-01 -1.599159e-03 4.327003e-04 3.045617e-02 2.378964e-01 6.820210e-02 5.429216e-03
9.995180e-01 -7.530806e-04 1.485012e-03 3.099855e-02 2.530426e-01 6.678097e-02 2.304972e-02
9.995179e-01 1.487495e-04 2.618685e-03 3.093770e-02 2.255316e-01 5.027956e-02 -2.942475e-02
9.994938e-01 7.992255e-04 -3.513576e-05 3.180444e-02 2.532871e-01 4.854505e-02 -1.706100e-03
9.995524e-01 1.053146e-03 -2.219273e-04 2.989733e-02 2.432392e-01 7.557747e-02 -2.654837e-02
9.995373e-01 2.885952e-04 -2.360531e-03 3.032335e-02 2.520018e-01 5.920293e-02 -2.307305e-03
9.995312e-01 -4.813909e-04 7.833528e-04 3.060478e-02 2.440795e-01 7.209108e-02 5.509295e-03
9.995448e-01 4.476666e-04 2.244933e-05 3.016709e-02 2.326623e-01 8.839930e-02 3.606813e-03
9.995355e-01 3.852019e-04 -5.333347e-04 3.046910e-02 2.446240e-01 5.916599e-02 -3.201925e-02
9.995439e-01 -9.131016e-04 -1.376968e-03 3.015298e-02 2.403963e-01 6.249823e-02 2.200953e-02
9.995439e-01 -1.790425e-04 -4.198879e-04 3.019381e-02 2.558298e-01 8.705580e-02 -5.895793e-03
9.995227e-01 3.142632e-04 -1.958832e-03 3.082963e-02 2.151851e-01 7.412884e-02 -9.281687e-03
9.995203e-01 4.885046e-04 -5.198371e-04 3.096354e-02 2.306708e-01 7.326776e-02 1.464153e-02
9.995284e-01 1.171409e-03 -1.554920e-03 3.064706e-02 2.331068e-01 5.655419e-02 -1.257144e-02
9.995282e-01 5.033744e-04 -2.411266e-03 3.061340e-02 2.305619e-01 9.174324e-02 -3.149837e-03
9.995397e-01 1.513382e-03 -1.188172e-03 3.027653e-02 2.510981e-01 6.365078e-02 -6.118222e-05
9.995366e-01 -5.975719e-05 -1.283254e-03 3.041160e-02 2.274373e-01 5.478190e-02 -1.285249e-02
9.995501e-01 -4.337911e-04 -1.150095e-03 2.996682e-02 2.535306e-01 7.646662e-02 -1.126920e-02
9.995647e-01 -4.549378e-04 -2.514736e-03 2.939070e-02 2.496123e-01 7.277250e-02 -1.999192e-04
9.995198e-01 -8.796828e-04 7.565010e-05 3.097266e-02 2.129920e-01 8.267645e-02 -1.306546e-02
9.995540e-01 -1.990952e-04 1.081212e-03 2.984469e-02 2.346048e-01 6.806206e-02 -4.610378e-03
9.995410e-01 2.944241e-04 1.938742e-03 3.023151e-02 2.395208e-01 7.966841e-02 -1.657642e-02
9.995521e-01 8.672606e-04 2.312619e-03 2.982350e-02 2.470730e-01 8.647596e-02 1.140262e-02
9.995072e-01 5.954564e-04 1.605548e-03 3.134458e-02 2.042236e-01 5.942350e-02 -1.107628e-02
9.995213e-01 1.762463e-04 1.253637e-03 3.091209e-02 2.587608e-01 6.565726e-02 8.778583e-03
9.995100e-01 1.823860e-03 1.763542e-03 3.119668e-02 2.305583e-01 7.576760e-02 9.574028e-04
9.995021e-01 1.222082e-04 2.497214e-03 3.145260e-02 2.582456e-01 5.062732e-02 1.007039e-02
9.995280e-01 8.962663e-05 1.359193e-03 3.068926e-02 2.420406e-01 6.853871e-02 -8.312486e-04
9.995531e-01 -9.384754e-05 1.023067e-03 2.987556e-02 2.767461e-01 7.187054e-02 -1.231874e-02
9.995942e-01 -3.071710e-03 9.425414e-04 2.830404e-02 2.738797e-01 8.393395e-02 8.723504e-03
9.996386e-01 -3.531228e-03 1.090891e-03 2.662964e-02 2.925328e-01 5.151302e-02 1.652688e-03
9.996989e-01 -2.970502e-03 1.200673e-03 2.432652e-02 3.157966e-01 7.870850e-02 1.619066e-02
9.997395e-01 -1.674041e-03 1.614548e-03 2.270402e-02 3.084246e-01 3.285152e-02 2.083586e-02
9.997781e-01 -8.665440e-04 -2.769593e-05 2.104424e-02 3.351189e-01 5.731979e-02 1.410135e-02
9.997939e-01 -1.496206e-04 -1.405728e-04 2.030136e-02 3.213521e-01 2.078188e-02 7.026926e-03
9.998334e-01 -8.375149e-04 -1.260151e-03 1.819023e-02 3.524146e-01 5.398257e-02 1.198930e-02
9.998603e-01 -1.258920e-03 -4.304262e-04 1.666463e-02 3.652039e-01 3.996508e-02 4.551884e-03
9.998737e-01 -3.917599e-04 -5.281577e-04 1.587719e-02 3.258825e-01 3.825767e-02 1.721373e-02
9.998894e-01 -5.418541e-04 -4.159086e-04 1.485776e-02 3.454265e-01 4.322806e-02 5.408503e-03
9.999218e-01 -3.392775e-04 -2.613609e-04 1.249767e-02 3.536911e-01 4.169988e-02 2.275511e-02
9.999266e-01 3.072092e-05 -5.589853e-04 1.210003e-02 3.526586e-01 1.146556e-02 1.057705e-03
9.999597e-01 -4.122894e-04 -8.485434e-05 8.968781e-03 3.767884e-01 5.330831e-03 2.237977e-02
9.999645e-01 1.412610e-04 -4.481134e-04 8.413688e-03 3.981468e-01 8.174429e-04 5.590499e-03
9.999736e-01 -3.850240e-04 3.411373e-05 7.256691e-03 3.826263e-01 2.783051e-02 5.318825e-03
9.999816e-01 -5.820066e-04 1.275291e-04 6.028936e-03 3.518722e-01 2.961902e-02 8.488645e-03
9.999895e-01 -1.051697e-03 2.747302e-04 4.457226e-03 3.910938e-01 2.884327e-02 1.900669e-02
9.999976e-01 -8.511152e-04 5.366561e-04 1.932737e-03 3.655718e-01 1.355306e-02 2.336969e-02
9.999999e-01 2.324572e-04 -5.296937e-04 8.486249e-05 4.121545e-01 -1.558345e-02 1.466376e-02
9.999994e-01 7.466942e-04 -7.187859e-04 -2.045813e-04 3.751337e-01 -6.718064e-03 1.457105e-02
9.999982e-01 6.840622e-04 -1.406545e-03 -1.142517e-03 3.925789e-01 -1.517884e-02 1.217469e-02
9.999988e-01 -3.654104e-06 -2.591516e-04 -1.524504e-03 4.295898e-01 -2.026479e-02 -2.121482e-04
9.999996e-01 1.831839e-04 -1.287124e-04 -9.037769e-04 4.059829e-01 -2.146677e-02 9.788966e-03
9.999992e-01 -7.934270e-04 5.085697e-04 -8.656909e-04 4.135736e-01 -1.246167e-02 1.341360e-02
9.999999e-01 -1.248186e-05 2.830153e-04 -1.278537e-04 4.152644e-01 -7.165338e-04 5.079460e-04
9.999998e-01 -1.575046e-05 -3.984174e-04 5.264312e-04 4.135123e-01 -1.203753e-02 3.062752e-02
9.999989e-01 1.021347e-03 -9.246861e-04 6.010702e-04 4.127810e-01 -1.878411e-02 4.748154e-03
9.999988e-01 3.258601e-04 -1.172043e-03 9.873880e-04 4.152719e-01 -9.763649e-03 2.261418e-02
9.999967e-01 4.017098e-04 -1.302456e-03 2.190483e-03 4.147667e-01 -1.166285e-03 -2.064652e-03
9.999938e-01 -3.356998e-04 -1.811954e-04 3.495587e-03 4.285275e-01 3.650612e-03 1.362701e-02
9.999914e-01 5.235648e-04 -1.279148e-04 4.119817e-03 4.085730e-01 1.201539e-02 3.003542e-03
9.999819e-01 -1.761723e-04 8.103210e-04 5.953985e-03 4.092949e-01 7.644551e-03 1.311423e-02
9.999820e-01 6.366862e-05 3.457207e-04 5.991400e-03 4.530427e-01 -3.547812e-03 4.583747e-03
9.999738e-01 1.977615e-04 3.400656e-04 7.230507e-03 4.130004e-01 6.796976e-03 1.515056e-02
9.999739e-01 -7.260911e-05 -3.821886e-04 7.215205e-03 4.357352e-01 9.028261e-03 1.644278e-02
9.999723e-01 6.152266e-04 -9.212036e-04 7.359960e-03 4.223446e-01 1.692450e-02 8.003684e-03
9.999626e-01 -4.475444e-04 2.998585e-05 8.636381e-03 4.260381e-01 2.466432e-02 6.311950e-03
9.999679e-01 -2.276833e-04 -5.388828e-04 7.993495e-03 4.291316e-01 -8.022153e-04 1.194630e-02
9.999585e-01 3.178274e-04 -8.724561e-05 9.104884e-03 4.280528e-01 1.605495e-02 2.163247e-02
9.999682e-01 -7.998228e-04 -5.957044e-04 7.908702e-03 4.454464e-01 2.925447e-02 -8.861274e-05
9.999696e-01 -1.089382e-03 1.654254e-04 7.723274e-03 4.158345e-01 -2.524150e-03 1.704886e-02
9.999645e-01 -5.771664e-04 -4.054699e-04 8.398566e-03 4.303213e-01 1.873298e-02 2.409761e-02
9.999691e-01 -2.428446e-04 3.546602e-04 7.844747e-03 4.062803e-01 2.000178e-02 -8.638663e-03
9.999746e-01 2.562723e-04 -4.659146e-04 7.102987e-03 4.248520e-01 1.134498e-02 2.609201e-02
9.999755e-01 -7.724704e-05 2.208437e-04 6.993577e-03 4.238412e-01 3.919850e-03 1.945228e-02
9.999775e-01 3.541497e-04 -1.484341e-03 6.526427e-03 4.091062e-01 1.995288e-02 1.006335e-02
9.999825e-01 -1.667256e-04 -5.076733e-04 5.890077e-03 4.166335e-01 1.149643e-02 2.363824e-02
9.999836e-01 -8.187468e-04 -9.567470e-04 5.591180e-03 4.111746e-01 2.908791e-03 4.896717e-03
9.999870e-01 -8.574508e-04 -2.610592e-04 5.012443e-03 4.156045e-01 4.451400e-04 1.722974e-02
9.999858e-01 4.859511e-05 -3.893913e-04 5.317408e-03 4.128052e-01 1.394690e-02 7.590136e-03
9.999890e-01 8.741865e-05 8.104940e-05 4.682369e-03 3.980031e-01 1.169325e-02 1.277110e-02
9.999914e-01 5.569158e-04 -6.066380e-05 4.103093e-03 4.251445e-01 -2.280042e-03 8.162324e-03
9.999919e-01 1.525642e-04 -3.642936e-04 4.002719e-03 3.990751e-01 1.465533e-02 2.097310e-02
9.999918e-01 5.298034e-04 -8.374698e-04 3.916717e-03 4.326602e-01 -1.652859e-02 2.877505e-02
9.999920e-01 2.658884e-04 -1.674864e-03 3.624526e-03 3.910833e-01 -2.350815e-03 9.700757e-03
9.999919e-01 5.624874e-04 -1.300477e-03 3.756571e-03 4.111475e-01 6.328607e-03 -5.842747e-03
9.999921e-01 5.062619e-04 1.588873e-03 3.610417e-03 4.174342e-01 2.315333e-02 3.780651e-03
9.999941e-01 -1.475252e-05 1.817110e-03 2.926264e-03 4.112156e-01 -5.134222e-03 1.529807e-02
9.999946e-01 8.749615e-05 1.646840e-03 2.858210e-03 4.114301e-01 7.682554e-03 -3.413914e-03
9.999976e-01 -3.007048e-04 -2.052372e-04 2.134843e-03 4.042005e-01 -1.819772e-02 3.044902e-02
9.999954e-01 7.233257e-04 -1.364704e-03 2.586014e-03 3.824831e-01 -5.665779e-03 1.882234e-02
9.999942e-01 1.544722e-04 -2.403784e-03 2.412491e-03 4.056064e-01 -1.725097e-02 3.629619e-02
9.999965e-01 -3.728803e-04 -1.772601e-03 1.924404e-03 4.019568e-01 2.691695e-02 -3.127270e-02
9.999967e-01 -1.680476e-03 9.600435e-04 1.699331e-03 4.035044e-01 -1.207047e-02 1.962914e-02
9.999972e-01 -2.797919e-04 3.374845e-04 2.336023e-03 3.918210e-01 1.548461e-02 -1.206525e-02
9.999954e-01 -8.461143e-04 1.644804e-03 2.402056e-03 4.038965e-01 5.897155e-03 3.515017e-02
9.999982e-01 1.190982e-04 -2.394357e-04 1.843347e-03 3.797856e-01 -5.825354e-04 7.245104e-03
9.999972e-01 -3.412796e-04 1.251784e-04 2.349307e-03 4.020460e-01 -3.025740e-03 1.134060e-02
9.999943e-01 4.990636e-04 -1.415072e-03 3.014758e-03 3.708613e-01 -1.599321e-02 2.305235e-02
9.999920e-01 1.525184e-04 -1.736798e-03 3.607285e-03 3.841024e-01 -3.033158e-03 1.652727e-02
9.999906e-01 -1.018526e-03 -1.850106e-03 3.767997e-03 3.808251e-01 4.161801e-03 1.185316e-02
9.999846e-01 -9.720038e-04 -2.763384e-03 4.723337e-03 3.763086e-01 4.551568e-03 1.109318e-02
9.999844e-01 -6.517421e-04 -6.276233e-05 5.553072e-03 3.644604e-01 1.495797e-02 6.124181e-03
9.999830e-01 -1.598241e-03 8.030622e-04 5.553946e-03 3.827362e-01 2.762948e-02 -2.379586e-02
9.999863e-01 -1.474258e-03 2.348136e-03 4.438679e-03 3.619702e-01 1.239247e-02 3.900752e-02
9.999895e-01 -1.224338e-03 -1.448294e-04 4.420746e-03 3.640042e-01 -1.086685e-02 6.557106e-03
9.999865e-01 -1.005903e-03 -1.662734e-03 4.819572e-03 3.578585e-01 7.013059e-03 2.727298e-02
9.999725e-01 -3.790761e-05 -3.768954e-03 6.398412e-03 3.456350e-01 -2.217635e-02 4.182599e-02
9.999728e-01 1.023963e-03 -4.617623e-03 5.650192e-03 3.397468e-01 1.209954e-02 -4.769653e-02
9.999741e-01 2.028813e-03 1.596020e-04 6.897878e-03 3.265054e-01 6.999685e-03 2.002343e-02
9.999613e-01 1.855073e-03 -7.021768e-04 8.569079e-03 3.430190e-01 2.864187e-02 -5.172394e-03
9.999565e-01 3.820845e-04 9.471726e-04 9.269018e-03 3.232813e-01 2.708699e-02 -2.457129e-03
9.999520e-01 1.349096e-03 -1.495099e-03 9.593887e-03 3.351381e-01 1.039169e-04 4.444595e-02
9.999262e-01 1.104047e-03 -1.701180e-03 1.197499e-02 3.287309e-01 7.293799e-03 7.879928e-03
9.999048e-01 4.470347e-04 -2.924285e-03 1.347919e-02 3.073398e-01 1.659560e-02 -6.883173e-03
9.999086e-01 1.719347e-04 -1.943000e-03 1.337227e-02 3.225829e-01 3.391545e-02 1.929872e-02
9.998817e-01 -2.442848e-03 1.281112e-04 1.518663e-02 3.011289e-01 4.192220e-02 -8.916072e-03
9.998665e-01 -2.670771e-03 -1.388569e-03 1.606334e-02 3.171656e-01 4.290280e-02 1.352753e-02
9.998304e-01 -1.455005e-03 -1.635714e-03 1.828677e-02 2.898673e-01 6.903600e-02 -2.082059e-02
9.998181e-01 1.080063e-03 -3.511878e-04 1.903654e-02 2.988166e-01 4.465883e-02 2.495199e-02
9.997848e-01 1.206896e-03 -2.160180e-03 2.059480e-02 2.431923e-01 6.088051e-02 -2.181717e-03
9.997504e-01 2.926024e-03 4.235363e-04 2.214742e-02 2.431736e-01 8.442239e-02 -6.490601e-03
9.997312e-01 1.223319e-03 -8.967800e-04 2.313555e-02 2.506806e-01 7.920856e-02 3.063261e-02
9.997064e-01 8.619563e-04 -1.403579e-03 2.417386e-02 2.604432e-01 7.143268e-02 -1.018772e-02
9.996722e-01 1.628899e-03 -5.458293e-04 2.554378e-02 2.619446e-01 6.303379e-02 8.716100e-04
9.996321e-01 3.928977e-04 -1.398047e-03 2.708657e-02 2.740020e-01 1.002515e-01 1.417895e-02
9.996246e-01 1.015686e-03 3.963091e-04 2.737821e-02 2.690038e-01 7.484713e-02 -1.017250e-02
9.996014e-01 2.099812e-03 -4.620618e-04 2.815012e-02 2.386238e-01 8.849368e-02 -6.534867e-03
9.996078e-01 2.018424e-03 1.573561e-03 2.788841e-02 2.475669e-01 8.047386e-02 -2.961041e-02
9.995971e-01 1.009889e-03 7.831654e-04 2.835577e-02 2.549664e-01 7.420740e-02 3.109636e-02
9.996013e-01 -1.939059e-04 2.589700e-04 2.823372e-02 2.304896e-01 3.449451e-02 -3.180746e-03
9.996105e-01 6.154866e-04 -1.290460e-03 2.787199e-02 2.262699e-01 6.444260e-02 1.959686e-02
9.996357e-01 8.267580e-05 -1.724694e-03 2.693373e-02 2.675682e-01 6.411237e-02 -2.556143e-02
9.996026e-01 1.560397e-03 4.944031e-04 2.814316e-02 2.230204e-01 6.993371e-02 5.680520e-03
9.996174e-01 1.444069e-03 1.256387e-03 2.759449e-02 2.437935e-01 9.105248e-02 -1.954193e-02
9.996406e-01 1.812738e-03 2.251830e-03 2.665069e-02 2.305582e-01 6.549631e-02 5.637832e-03
9.996642e-01 7.886639e-04 4.969736e-05 2.590249e-02 2.186190e-01 5.029495e-02 3.112558e-02
9.996807e-01 -7.797139e-04 -1.702009e-03 2.519975e-02 2.367227e-01 4.149019e-02 1.407289e-02
9.997005e-01 -3.073556e-04 -1.106701e-03 2.444483e-02 2.170010e-01 4.785040e-02 -8.843084e-03
9.996548e-01 -7.016455e-04 -1.285175e-03 2.623067e-02 2.442602e-01 6.889134e-02 1.037862e-02
9.996069e-01 -1.338443e-03 -2.147508e-03 2.792277e-02 1.955582e-01 7.595496e-02 -8.563371e-03
9.997126e-01 2.137051e-04 -1.327462e-03 2.393781e-02 2.951570e-01 6.704371e-02 -2.442750e-02
9.997120e-01 -6.558464e-04 -8.921790e-04 2.397336e-02 2.753004e-01 4.044742e-02 1.050953e-02
9.996885e-01 3.199003e-04 -2.898086e-05 2.495708e-02 2.737118e-01 3.011469e-02 -3.576367e-03
9.996934e-01 -1.235142e-03 5.741009e-05 2.472875e-02 3.250936e-01 5.716592e-02 2.006116e-02
9.997086e-01 -3.946325e-04 -2.589385e-04 2.413319e-02 2.961843e-01 4.455134e-02 -7.424413e-03
9.996969e-01 3.937191e-04 1.221933e-03 2.458489e-02 2.687916e-01 5.977652e-02 -6.526947e-03
9.996656e-01 3.025216e-03 6.267385e-04 2.567557e-02 3.277867e-01 7.415083e-02 -7.556943e-03
9.997330e-01 2.349678e-03 3.682348e-04 2.298125e-02 3.857381e-01 4.794158e-02 3.919996e-03
9.996915e-01 2.296970e-03 -7.446919e-04 2.472139e-02 2.998611e-01 6.791313e-02 -1.198634e-02
9.996593e-01 5.157826e-03 -2.509233e-03 2.546097e-02 3.345927e-01 9.486497e-02 -5.276635e-03
9.996448e-01 -8.675237e-04 -2.667340e-03 2.650317e-02 3.264313e-01 1.103627e-01 2.176480e-02
9.996772e-01 -2.064260e-03 -4.427305e-04 2.532075e-02 3.728082e-01 7.424239e-02 5.538226e-03
9.996924e-01 -3.593683e-03 -1.246318e-03 2.450546e-02 3.305444e-01 5.036943e-02 2.215874e-02
9.996678e-01 -5.332628e-03 -1.861631e-03 2.514821e-02 3.667813e-01 1.009202e-01 -1.784943e-02
9.997272e-01 -3.355453e-03 -1.481137e-03 2.306474e-02 3.824840e-01 5.793763e-03 -5.385633e-02
9.997385e-01 8.962433e-04 -1.627465e-03 2.279041e-02 4.312860e-01 3.093096e-02 -3.143517e-02
9.997432e-01 4.677170e-03 -3.050815e-03 2.196166e-02 4.028768e-01 4.683654e-02 -6.481116e-02
9.997267e-01 7.752363e-03 -2.142325e-03 2.195158e-02 4.090930e-01 6.316662e-02 5.368207e-03
9.997642e-01 2.444819e-03 -4.959094e-04 2.157471e-02 4.258733e-01 7.939121e-02 5.045214e-02
9.997784e-01 -1.830501e-03 -8.085698e-04 2.095489e-02 4.354932e-01 4.239550e-02 1.057206e-04
9.998052e-01 -1.439230e-03 -1.045388e-04 1.968281e-02 4.402239e-01 2.173335e-02 -3.163345e-02
9.998246e-01 -9.659776e-04 2.055723e-03 1.859044e-02 4.431248e-01 3.900309e-02 -1.220167e-03
9.998371e-01 6.993032e-04 3.016412e-03 1.778291e-02 4.669131e-01 2.295590e-02 -4.023659e-02
9.998757e-01 2.155102e-04 2.611914e-03 1.554748e-02 4.975790e-01 2.378331e-02 -1.653521e-02
9.998986e-01 -1.281002e-04 6.822847e-04 1.422612e-02 4.802198e-01 1.877341e-02 -1.900598e-02
9.999110e-01 4.139135e-04 -8.473074e-05 1.333308e-02 5.092700e-01 -4.987330e-03 -1.793569e-02
9.999308e-01 4.205349e-04 -4.833820e-04 1.175087e-02 5.362474e-01 3.014736e-02 -6.086759e-03
9.999460e-01 4.716297e-04 -1.031505e-03 1.033007e-02 5.209174e-01 9.095082e-03 -9.189225e-03
9.999500e-01 -3.483518e-04 8.455147e-04 9.959014e-03 5.371918e-01 1.546510e-02 2.470345e-02
9.999621e-01 -8.304729e-04 -3.698248e-04 8.664845e-03 5.535754e-01 3.261556e-03 -2.285208e-02
9.999677e-01 -2.191109e-04 5.332271e-04 8.014879e-03 5.740355e-01 1.093959e-02 4.168207e-03
9.999789e-01 2.105143e-05 1.565870e-04 6.492493e-03 6.328393e-01 -2.001853e-02 -2.933751e-02
9.999783e-01 -2.212751e-04 1.499228e-04 6.588436e-03 5.327144e-01 2.109501e-02 -5.711193e-03
9.999841e-01 7.391360e-04 -3.100315e-04 5.589318e-03 6.009254e-01 1.512917e-02 -1.630933e-02
9.999888e-01 2.856122e-04 -1.036361e-03 4.610573e-03 6.181672e-01 -1.337287e-02 -1.842214e-02
9.999908e-01 4.600038e-04 1.762197e-04 4.273431e-03 6.218209e-01 2.638197e-02 2.451193e-02
9.999915e-01 4.786115e-04 -4.984059e-05 4.089439e-03 6.291995e-01 1.729328e-03 -2.185884e-02
9.999884e-01 -7.697202e-05 5.973781e-04 4.780561e-03 7.315581e-01 -2.964669e-03 -2.479572e-02
9.999931e-01 -8.618594e-05 -8.870555e-04 3.594727e-03 6.964236e-01 -4.521003e-02 -3.101311e-02
9.999906e-01 4.654544e-04 -1.889969e-04 4.321346e-03 6.262204e-01 6.277937e-02 1.310487e-02
9.999903e-01 1.015772e-04 -1.623393e-03 4.090167e-03 6.899171e-01 -1.555066e-03 -4.283158e-02
9.999915e-01 7.123689e-04 -8.656171e-04 3.971285e-03 6.726734e-01 1.859323e-02 1.274157e-02
9.999964e-01 4.406739e-04 -8.236098e-05 2.639164e-03 7.172230e-01 1.548037e-02 -8.928797e-03
9.999951e-01 2.350831e-04 -1.550640e-04 3.108333e-03 7.722808e-01 -2.326918e-02 -8.262336e-03
9.999973e-01 -2.156859e-04 -5.587831e-04 2.229797e-03 7.255820e-01 -1.367691e-03 -5.036484e-02
9.999985e-01 4.259092e-04 2.639044e-04 1.657002e-03 7.589412e-01 -1.270405e-02 9.404122e-03
9.999955e-01 -2.221156e-04 -3.855679e-04 2.949722e-03 7.894218e-01 1.805101e-02 -3.647354e-02
9.999953e-01 1.461766e-04 -6.436173e-04 2.972829e-03 7.608138e-01 5.388193e-03 -1.354741e-02
9.999962e-01 -1.105482e-03 -6.747315e-04 2.454537e-03 8.126748e-01 -1.713935e-02 -3.064089e-02
9.999967e-01 -3.163023e-04 -3.967990e-05 2.551359e-03 7.840033e-01 -1.069223e-02 -2.810489e-02
9.999959e-01 9.798737e-04 -8.794027e-04 2.547850e-03 7.946686e-01 7.333769e-03 -2.084035e-02
9.999953e-01 6.886697e-04 -1.619445e-03 2.526680e-03 8.365791e-01 -1.525467e-02 -2.673049e-02
9.999968e-01 5.620051e-05 9.622624e-05 2.523926e-03 7.986627e-01 1.621240e-02 -1.166749e-02
9.999950e-01 -9.998908e-04 1.630913e-04 2.975887e-03 8.671394e-01 -5.710457e-03 -2.862027e-02
9.999960e-01 3.140285e-04 3.117800e-04 2.813027e-03 8.471744e-01 6.776937e-03 -3.124567e-02
9.999962e-01 3.960745e-04 -4.456459e-04 2.685529e-03 8.712476e-01 -3.836928e-04 -3.273482e-02
9.999951e-01 -5.048537e-04 5.304170e-04 3.042261e-03 8.979923e-01 -1.327825e-02 -2.252717e-02
9.999956e-01 -2.272829e-04 4.625657e-04 2.928733e-03 8.715523e-01 -1.164250e-03 -4.005162e-02
9.999964e-01 4.434816e-04 4.367450e-04 2.608851e-03 8.894302e-01 -1.502086e-02 -3.832601e-02
9.999945e-01 -2.206221e-05 4.586931e-04 3.279835e-03 9.215574e-01 1.387039e-02 -3.454092e-02
9.999955e-01 2.599770e-04 1.034468e-04 3.007213e-03 9.302034e-01 -4.763032e-03 -2.003324e-02
9.999949e-01 1.591144e-04 5.319618e-04 3.156349e-03 9.327076e-01 -4.744652e-03 -3.370866e-02
9.999958e-01 3.954156e-04 -1.008105e-03 2.701699e-03 9.368956e-01 -1.546978e-02 -2.982357e-02
9.999973e-01 -1.742353e-04 6.542487e-04 2.232253e-03 9.501739e-01 -3.435170e-03 -9.114324e-03
9.999967e-01 -2.644037e-04 -6.067807e-04 2.483434e-03 9.734700e-01 -1.372130e-02 -4.703444e-02
9.999965e-01 -4.807407e-04 8.560752e-04 2.483884e-03 9.871978e-01 5.037054e-03 1.017370e-03
9.999961e-01 -1.778423e-04 -4.731556e-05 2.775867e-03 9.833388e-01 4.110009e-03 -5.621475e-02
9.999959e-01 -6.327921e-04 4.638436e-04 2.762253e-03 1.014265e+00 -1.521997e-02 -1.534921e-02
9.999961e-01 -1.098777e-03 -7.044540e-04 2.462069e-03 1.000526e+00 -1.121314e-02 -4.368672e-02
9.999956e-01 2.071052e-04 -5.811801e-04 2.911647e-03 1.021357e+00 1.241558e-02 -3.681352e-02
9.999953e-01 -1.516411e-03 -2.020445e-04 2.657504e-03 1.024078e+00 -2.305081e-02 -3.729778e-02
9.999975e-01 -9.203035e-04 -6.067260e-04 1.976251e-03 1.019609e+00 -1.184709e-02 -4.270134e-02
9.999970e-01 2.407269e-04 2.710849e-04 2.429092e-03 1.038222e+00 -2.243931e-02 -3.615927e-02
9.999955e-01 2.239849e-03 -1.116446e-03 1.639759e-03 1.037291e+00 -2.383481e-03 -7.559235e-02
9.999937e-01 3.264404e-03 1.903009e-04 1.394421e-03 1.076826e+00 -1.060460e-02 -7.841678e-03
9.999992e-01 8.445249e-04 -8.615281e-04 2.722303e-04 1.052467e+00 -2.625404e-02 -2.465656e-02
9.999993e-01 -1.105411e-03 2.139128e-04 -3.213260e-04 1.069426e+00 -1.541572e-02 -3.224614e-02
9.999977e-01 -2.109268e-03 2.503992e-05 -2.188272e-04 1.077646e+00 -2.833966e-02 -7.530059e-02
9.999984e-01 -1.778854e-03 3.164448e-04 1.992748e-04 1.088434e+00 1.133625e-03 3.871596e-03
9.999999e-01 8.161980e-05 -4.184559e-04 1.379223e-04 1.108527e+00 -9.730030e-03 -9.840853e-02
9.999992e-01 1.015288e-04 1.282735e-03 1.119009e-04 1.106166e+00 -1.918468e-02 -8.778674e-03
9.999994e-01 -7.356287e-04 -6.936873e-04 4.254162e-04 1.104205e+00 -3.331714e-04 -6.640592e-02
9.999998e-01 3.844931e-04 3.064347e-04 4.178574e-04 1.132088e+00 -7.658127e-03 -5.269174e-02
9.999996e-01 -7.282977e-04 -5.044551e-04 2.252426e-04 1.120171e+00 -2.764790e-02 -3.635895e-02
9.999999e-01 1.477233e-04 -4.228444e-05 2.520039e-04 1.145563e+00 -4.381483e-03 -6.403850e-02
9.999995e-01 -7.484731e-04 -6.570738e-04 -7.639735e-05 1.143363e+00 -2.963766e-02 -4.707088e-02
9.999999e-01 -5.451657e-05 -4.624423e-04 -1.445666e-04 1.138522e+00 -1.375662e-02 -5.366272e-02
9.999998e-01 1.447726e-04 6.060854e-04 -3.072169e-04 1.156244e+00 -5.264197e-03 -4.735782e-02
9.999998e-01 4.209314e-04 -5.027124e-04 1.327896e-04 1.189941e+00 -8.749031e-03 -5.452992e-02
9.999999e-01 4.329673e-04 -6.202167e-05 -2.277219e-04 1.173853e+00 -2.414401e-02 -7.325083e-02
9.999995e-01 9.606572e-04 -4.193183e-04 -5.072923e-05 1.185575e+00 -7.156052e-03 -3.629481e-02
9.999998e-01 5.352037e-04 2.396165e-04 -2.893414e-06 1.187470e+00 -2.895015e-02 -5.371305e-02
9.999998e-01 -4.785572e-04 -4.412382e-04 5.059676e-05 1.213573e+00 5.385181e-03 -5.245940e-02
9.999994e-01 -8.750217e-04 -4.432631e-04 -4.281236e-04 1.206764e+00 -4.515909e-02 -5.287223e-02
9.999998e-01 3.442459e-04 5.292312e-04 3.182724e-04 1.206018e+00 -1.075530e-02 -7.049123e-02
9.999995e-01 8.792946e-04 3.113411e-04 3.770978e-04 1.229603e+00 -4.161379e-03 -3.764245e-02
9.999990e-01 1.056669e-03 9.349396e-04 -4.974887e-05 1.229616e+00 -2.360751e-02 -6.440525e-02
9.999998e-01 3.226254e-04 -3.204605e-04 4.262464e-04 1.237349e+00 -6.439365e-03 -4.414261e-02
9.999999e-01 5.677852e-06 -5.301270e-05 -5.194386e-04 -5.355562e-02 -4.504273e-02 1.985860e-03
