1.0 0.0 0.0 0.0 0.0 0.0 0.0
9.999901e-01 -1.630199e-03 2.068255e-03 3.590479e-03 1.636785e-01 6.017231e-02 1.648070e-02
9.999989e-01 -7.358049e-04 -8.036160e-04 1.007026e-03 7.693131e-02 4.021379e-02 1.545960e-02
9.999975e-01 -1.723844e-04 2.095059e-03 7.474062e-04 1.260639e-01 3.489650e-02 5.611710e-03
9.999970e-01 1.459479e-03 -1.958237e-03 3.387013e-04 1.019317e-01 3.432776e-02 1.288418e-02
9.999967e-01 -2.710363e-04 1.919970e-03 1.692988e-03 1.802839e-01 2.533404e-02 -4.715303e-04
9.999955e-01 -1.146744e-03 -6.953688e-04 2.677647e-03 5.538370e-01 1.998858e-02 1.307108e-02
9.999977e-01 -1.089309e-03 -1.275028e-03 1.342903e-03 4.541435e-01 3.159608e-02 -1.297443e-02
9.999981e-01 3.421784e-05 -1.093833e-03 1.630639e-03 5.365310e-01 9.250077e-03 -1.088269e-02
9.999980e-01 1.547946e-03 -7.957431e-04 9.759271e-04 3.889418e-01 2.224221e-02 1.057441e-02
9.999968e-01 1.778044e-04 1.273559e-03 2.173187e-03 5.635907e-01 2.259756e-02 -7.821752e-03
9.999959e-01 -9.983009e-04 9.925740e-04 2.493970e-03 5.170924e-01 1.415153e-02 2.793254e-02
9.999930e-01 -3.236840e-03 -1.222540e-03 1.432732e-03 6.231190e-01 7.858788e-03 -4.177196e-02
9.999945e-01 2.144625e-04 6.745869e-04 3.222577e-03 8.197671e-01 -4.903510e-03 -5.204861e-04
9.999786e-01 5.237342e-04 -1.860931e-03 6.250709e-03 1.232756e+00 1.021907e-02 -3.698843e-02
9.999747e-01 1.178659e-03 1.797407e-03 6.789842e-03 1.334558e+00 5.338354e-04 -5.229395e-02
9.999658e-01 -1.005983e-03 -2.186637e-04 8.211860e-03 1.530858e+00 6.649913e-03 -3.917114e-02
9.999653e-01 -2.758180e-04 2.375624e-03 7.978153e-03 1.479061e+00 3.019101e-02 -5.405260e-02
9.999620e-01 -2.743970e-03 -3.821155e-03 7.334619e-03 1.422215e+00 -1.019003e-02 -4.800774e-03
9.999625e-01 -9.082270e-05 -1.624328e-03 8.508342e-03 1.461116e+00 2.068733e-02 -8.570432e-02
9.999636e-01 -1.776215e-04 1.538302e-03 8.386254e-03 1.437143e+00 1.559323e-02 -5.590777e-02
9.999593e-01 -3.100452e-04 -1.560926e-03 8.884851e-03 1.432059e+00 -9.704157e-03 -7.333088e-03
9.999530e-01 4.886789e-04 -2.179050e-05 9.680738e-03 1.428169e+00 3.241724e-02 -1.213269e-01
9.999595e-01 3.408376e-04 1.290474e-05 8.991252e-03 1.388260e+00 -3.131751e-03 -1.885163e-02
9.999373e-01 -3.346157e-03 -4.745449e-03 9.572266e-03 1.443517e+00 3.219099e-02 -7.042405e-02
9.999634e-01 3.988010e-04 1.656242e-03 8.386645e-03 1.413543e+00 4.450196e-03 -6.621198e-02
9.999600e-01 -8.676544e-04 -1.709756e-03 8.733358e-03 1.358886e+00 1.088254e-02 -5.129642e-02
9.999552e-01 4.126248e-04 1.538694e-03 9.338169e-03 1.433366e+00 9.630553e-03 -9.421955e-02
9.999543e-01 -2.072300e-03 -6.177611e-04 9.309926e-03 1.392885e+00 7.233709e-03 -5.682180e-02
9.999557e-01 -8.191416e-04 -8.594052e-04 9.338730e-03 1.388110e+00 1.607153e-02 -7.262265e-02
9.999567e-01 2.664845e-04 -1.035479e-03 9.247585e-03 1.398104e+00 1.052944e-02 -9.267547e-02
9.999528e-01 9.578527e-04 -1.745153e-03 9.509006e-03 1.407883e+00 1.089589e-02 -3.121921e-02
9.999554e-01 -9.593859e-04 -1.392077e-03 9.287172e-03 1.396044e+00 2.000929e-02 -1.111043e-01
9.999512e-01 1.571812e-03 -6.671394e-04 9.730583e-03 1.407553e+00 1.201607e-02 -5.966727e-02
9.999518e-01 -1.891193e-03 -3.133506e-03 9.108459e-03 1.397993e+00 4.162886e-03 -8.470665e-02
9.999529e-01 1.072109e-03 -5.546291e-04 9.627225e-03 1.425101e+00 2.353124e-02 -8.617859e-02
9.999570e-01 -1.715932e-03 -2.308857e-03 8.819275e-03 1.409808e+00 4.665639e-03 -7.916319e-02
9.999633e-01 -1.168920e-04 -7.918576e-04 8.529238e-03 1.410438e+00 1.991146e-02 -9.789367e-02
9.999685e-01 -5.347138e-04 -6.354988e-04 7.888367e-03 1.414273e+00 7.460587e-03 -8.272393e-02
9.999668e-01 -8.767593e-04 -1.665661e-03 7.935720e-03 1.428940e+00 5.776588e-03 -8.220667e-02
9.999706e-01 -3.942056e-05 2.235098e-04 7.665649e-03 1.402769e+00 2.330802e-02 -1.190565e-01
9.999674e-01 -1.805034e-03 -1.197411e-03 7.783048e-03 1.425733e+00 1.822787e-02 -8.769255e-02
9.999748e-01 -1.680155e-03 -1.337457e-03 6.767840e-03 1.427801e+00 1.480248e-03 -9.988100e-02
9.999751e-01 -1.206653e-03 -9.788804e-04 6.883196e-03 1.433945e+00 8.069073e-03 -1.320838e-01
9.999753e-01 2.040294e-04 -1.168543e-03 6.923940e-03 1.425103e+00 5.364452e-03 -7.953006e-02
9.999741e-01 -1.225335e-03 -8.031382e-04 7.044104e-03 1.415138e+00 1.850229e-02 -1.258607e-01
9.999747e-01 4.728171e-04 1.424343e-04 7.097093e-03 1.434265e+00 1.654661e-02 -1.037139e-01
9.999705e-01 -1.899100e-03 -8.924729e-04 7.391229e-03 1.475754e+00 8.454075e-03 -1.125402e-01
9.999786e-01 -3.257272e-04 -3.400399e-04 6.518044e-03 1.434332e+00 2.261373e-02 -1.198470e-01
9.999744e-01 -1.054673e-03 -2.941058e-04 7.076740e-03 1.412452e+00 1.050938e-02 -1.288619e-01
9.999705e-01 -2.579514e-03 -2.030086e-03 6.938483e-03 1.469897e+00 2.469480e-02 -1.052580e-01
9.999730e-01 -1.129348e-03 -1.781381e-03 7.034076e-03 1.465871e+00 1.597878e-02 -1.279036e-01
9.999752e-01 -1.198434e-03 -2.206836e-03 6.585055e-03 1.438571e+00 1.691765e-02 -1.181724e-01
9.999782e-01 9.422162e-04 -1.240177e-04 6.526271e-03 1.471973e+00 7.137403e-03 -1.308048e-01
9.999735e-01 -5.409831e-04 -2.634341e-05 7.254021e-03 1.470054e+00 1.195243e-02 -1.270614e-01
9.999777e-01 3.740440e-04 4.115647e-04 6.648282e-03 1.475323e+00 6.407596e-03 -1.481093e-01
9.999738e-01 -3.773448e-04 -1.011409e-04 7.224653e-03 1.472159e+00 1.642420e-02 -1.235050e-01
9.999688e-01 -8.216591e-04 -2.165765e-04 7.855771e-03 1.500476e+00 2.597980e-02 -1.284700e-01
9.999680e-01 -1.595018e-03 -5.450753e-04 7.821650e-03 1.497193e+00 1.581384e-02 -1.295213e-01
9.999610e-01 5.241349e-04 -1.036465e-03 8.750350e-03 1.477878e+00 2.548848e-02 -1.004648e-01
9.999607e-01 -3.991675e-04 -1.627783e-03 8.708599e-03 1.502392e+00 1.475381e-02 -1.614649e-01
9.999527e-01 3.059534e-04 -2.235490e-03 9.457487e-03 1.513915e+00 3.161743e-02 -8.619381e-02
9.999567e-01 -1.449313e-03 -1.878244e-03 8.994887e-03 1.493497e+00 2.528520e-02 -1.680146e-01
9.999587e-01 1.647414e-03 -1.401516e-04 8.931296e-03 1.512184e+00 2.471786e-02 -1.035364e-01
9.999506e-01 -2.819725e-03 -1.005345e-03 9.477634e-03 1.523474e+00 1.488648e-02 -1.295291e-01
9.999590e-01 8.783780e-04 -6.490674e-04 8.991846e-03 1.517628e+00 2.009950e-02 -1.321623e-01
9.999573e-01 -1.963012e-03 -5.272423e-04 9.012304e-03 1.503763e+00 1.207624e-04 -1.120430e-01
9.999566e-01 1.298251e-03 -2.610736e-04 9.218221e-03 1.524425e+00 3.008796e-02 -1.406973e-01
9.999555e-01 -8.253875e-04 4.177618e-04 9.387054e-03 1.531978e+00 1.997326e-02 -1.313609e-01
9.999577e-01 -1.037885e-04 -1.275207e-04 9.200270e-03 1.537894e+00 1.365274e-02 -1.122226e-01
9.999573e-01 -6.923927e-04 1.024760e-03 9.156399e-03 1.555341e+00 2.581396e-02 -1.349074e-01
9.999577e-01 2.166419e-04 -1.076084e-03 9.136468e-03 1.548080e+00 2.632894e-02 -1.150669e-01
9.999677e-01 5.776070e-05 -9.747839e-04 7.973657e-03 1.548327e+00 9.338623e-03 -1.288827e-01
9.999703e-01 -7.768505e-04 -1.874763e-03 7.430317e-03 1.545473e+00 1.177658e-02 -1.057633e-01
9.999798e-01 -9.707572e-04 3.823141e-05 6.288140e-03 1.547411e+00 1.529033e-02 -1.271576e-01
9.999782e-01 -1.143534e-03 -3.526580e-04 6.498011e-03 1.572560e+00 1.322787e-02 -1.062296e-01
9.999755e-01 -9.334867e-04 8.033688e-04 6.899710e-03 1.556627e+00 1.399182e-02 -1.148499e-01
9.999682e-01 -6.469203e-04 -1.300063e-03 7.836313e-03 1.570357e+00 2.167001e-02 -1.194309e-01
9.999688e-01 -8.184198e-04 -1.053643e-03 7.789728e-03 1.587869e+00 1.809061e-02 -1.105798e-01
9.999687e-01 -1.095972e-03 -1.649186e-03 7.659207e-03 1.565155e+00 1.754155e-02 -1.124281e-01
9.999689e-01 -7.901611e-04 2.776386e-04 7.839072e-03 1.584584e+00 2.176897e-02 -1.172922e-01
9.999643e-01 -2.040851e-03 -1.311084e-04 8.191977e-03 1.572067e+00 2.390882e-02 -1.077931e-01
9.999651e-01 -8.732903e-04 -1.803342e-04 8.313142e-03 1.564068e+00 2.101569e-02 -1.113856e-01
9.999581e-01 4.532149e-04 -8.278339e-04 9.100313e-03 1.590881e+00 2.028817e-02 -9.227654e-02
9.999575e-01 7.432476e-04 -6.802236e-04 9.163533e-03 1.599436e+00 2.245496e-02 -1.090129e-01
9.999540e-01 5.103579e-04 9.721646e-04 9.523393e-03 1.584257e+00 1.962008e-02 -1.149437e-01
9.999546e-01 -8.101528e-04 1.260783e-04 9.496215e-03 1.590031e+00 1.664814e-02 -8.631361e-02
9.999477e-01 -1.251364e-03 -2.019604e-03 9.947024e-03 1.589465e+00 1.986119e-02 -9.082897e-02
9.999545e-01 9.845800e-04 -1.522565e-03 9.370124e-03 1.582456e+00 1.851749e-02 -9.088899e-02
9.999443e-01 -1.346613e-03 -8.019554e-04 1.043778e-02 1.585868e+00 1.849564e-02 -8.586120e-02
9.999445e-01 -6.985825e-04 -7.919848e-04 1.048369e-02 1.602378e+00 2.075759e-02 -7.443749e-02
9.999395e-01 -1.580424e-03 -5.546739e-04 1.086658e-02 1.594321e+00 3.399428e-02 -8.588274e-02
9.999432e-01 -3.272722e-03 -2.397243e-03 9.856802e-03 1.596509e+00 1.784731e-02 -7.535604e-02
9.999470e-01 -5.289863e-04 -2.110155e-03 1.005879e-02 1.603909e+00 1.694524e-02 -6.640214e-02
9.999460e-01 -1.165660e-03 -5.080984e-04 1.031700e-02 1.579804e+00 3.558278e-02 -6.601109e-02
9.999523e-01 -2.158607e-03 9.318543e-04 9.479908e-03 1.586675e+00 2.806875e-02 -7.972896e-02
9.999549e-01 -2.085921e-03 1.002650e-03 9.213341e-03 1.595114e+00 1.977098e-02 -5.113136e-02
9.999564e-01 8.814843e-04 6.190972e-04 9.275705e-03 1.596329e+00 4.660057e-03 -4.769518e-02
9.999438e-01 1.768003e-03 1.659774e-03 1.031751e-02 1.616608e+00 1.433671e-02 -7.095005e-02
9.999392e-01 -7.108005e-05 1.307258e-04 1.102450e-02 1.609550e+00 7.364618e-04 -4.264289e-02
9.999439e-01 9.108050e-04 -2.259187e-03 1.030738e-02 1.585035e+00 1.971542e-02 -4.060215e-02
9.999416e-01 2.087770e-03 -2.396332e-03 1.033467e-02 1.600164e+00 1.029534e-02 -2.578468e-02
9.999446e-01 1.787064e-03 -9.651601e-04 1.032832e-02 1.606936e+00 8.492157e-03 -5.113286e-02
9.999444e-01 1.092359e-03 -2.716148e-04 1.048266e-02 1.592772e+00 1.329375e-02 -2.692881e-02
9.999443e-01 -7.662595e-04 -7.946827e-04 1.049253e-02 1.595036e+00 1.919735e-02 -2.656088e-02
9.999495e-01 1.883651e-03 -1.661625e-03 9.731449e-03 1.601775e+00 1.306302e-03 -2.247356e-02
9.999452e-01 -1.275429e-03 -9.904223e-04 1.034109e-02 1.607706e+00 2.250961e-02 -1.965741e-02
9.999535e-01 -5.497415e-04 -1.457531e-03 9.517475e-03 1.604254e+00 7.511177e-03 -8.581183e-03
9.999471e-01 -8.959839e-04 -3.063929e-04 1.023821e-02 1.604092e+00 2.151607e-02 -6.768814e-03
9.999493e-01 -5.306612e-04 -1.771609e-03 9.900601e-03 1.607948e+00 1.539676e-02 -4.697850e-04
9.999426e-01 -1.332588e-04 -1.855437e-03 1.054585e-02 1.597408e+00 2.362884e-03 1.775557e-02
9.999302e-01 1.409344e-03 -1.769540e-03 1.160108e-02 1.602478e+00 1.167507e-02 9.513898e-03
9.999142e-01 -3.573538e-03 7.195155e-04 1.258432e-02 1.606165e+00 1.183291e-02 7.204330e-03
9.999288e-01 9.614070e-04 -8.359955e-04 1.186309e-02 1.593088e+00 1.738690e-02 6.792071e-03
9.999256e-01 -5.149923e-04 -4.331689e-03 1.138854e-02 1.613372e+00 -2.409993e-02 6.709593e-02
9.999177e-01 -1.095681e-03 -2.717228e-03 1.248925e-02 1.615720e+00 3.160132e-02 1.455076e-02
9.999239e-01 2.955311e-03 5.009604e-05 1.197544e-02 1.588306e+00 -3.028969e-03 3.376790e-02
9.999344e-01 -3.716259e-04 -8.355765e-05 1.145089e-02 1.596014e+00 1.774265e-03 5.458060e-02
9.999376e-01 8.154852e-05 -2.136615e-03 1.096106e-02 1.604154e+00 6.256513e-03 3.176635e-02
9.999372e-01 -7.691325e-04 -6.990093e-04 1.115277e-02 1.604309e+00 1.880798e-03 5.880547e-02
9.999356e-01 -1.071723e-03 4.718027e-04 1.128905e-02 1.599908e+00 -4.126519e-03 5.851958e-02
9.999393e-01 -3.607097e-04 -6.303139e-04 1.099069e-02 1.600805e+00 9.279869e-03 4.976327e-02
9.999455e-01 -2.088188e-03 -3.596717e-03 9.578306e-03 1.600876e+00 -1.783176e-02 9.398088e-02
9.999456e-01 -6.025068e-04 -6.694125e-04 1.039085e-02 1.601305e+00 -1.783750e-03 6.098259e-02
9.999454e-01 -1.703560e-03 9.950872e-04 1.026696e-02 1.601925e+00 1.578224e-03 6.130521e-02
9.999489e-01 -8.191863e-04 3.132032e-03 9.577401e-03 1.581172e+00 -1.550266e-02 1.209856e-01
9.999493e-01 -2.151798e-04 3.824721e-03 9.311802e-03 1.607305e+00 1.597472e-03 7.573890e-02
9.999558e-01 2.133280e-03 3.712343e-04 9.151761e-03 1.588776e+00 -2.500543e-02 1.294403e-01
9.999440e-01 1.427847e-03 -3.274009e-03 9.963468e-03 1.632963e+00 -3.988140e-03 1.086621e-01
9.999457e-01 2.313337e-03 -2.450308e-03 9.859010e-03 1.625521e+00 -1.659805e-02 9.013054e-02
9.999441e-01 7.536072e-04 -2.599204e-03 1.022545e-02 1.618669e+00 -5.524748e-03 1.103875e-01
9.999496e-01 -2.295951e-04 -1.356988e-03 9.948993e-03 1.630758e+00 -9.985823e-03 8.843753e-02
9.999453e-01 -2.462197e-03 -9.946782e-04 1.011860e-02 1.635491e+00 -1.300581e-02 1.429959e-01
9.999492e-01 -4.865739e-04 -1.365102e-03 9.980646e-03 1.635488e+00 -1.155591e-02 1.195026e-01
9.999479e-01 -6.169658e-04 1.742462e-04 1.018613e-02 1.642219e+00 -1.378651e-02 1.242209e-01
9.999473e-01 8.644334e-04 -1.595651e-03 1.009870e-02 1.641315e+00 -2.077270e-02 1.346562e-01
9.999455e-01 -1.270614e-03 -1.456130e-03 1.025885e-02 1.668666e+00 -1.578726e-02 1.496049e-01
9.999450e-01 -2.209490e-04 -2.076289e-03 1.027377e-02 1.649062e+00 -1.337268e-02 1.401326e-01
9.999499e-01 -1.635709e-04 -3.108642e-04 1.000142e-02 1.673313e+00 -1.503002e-02 1.365604e-01
9.999488e-01 4.541461e-04 -4.782708e-04 1.010000e-02 1.651684e+00 -1.454155e-02 1.707772e-01
9.999537e-01 -2.396858e-04 1.359909e-03 9.527107e-03 1.679280e+00 -1.627174e-02 1.519912e-01
9.999552e-01 -1.274573e-03 -1.472449e-03 9.263813e-03 1.670604e+00 -1.522690e-02 1.476865e-01
9.999580e-01 -1.848416e-03 1.866751e-04 8.970362e-03 1.675457e+00 -2.147654e-02 2.051912e-01
9.999658e-01 -1.029550e-03 1.675872e-03 8.039294e-03 1.680506e+00 -1.807058e-02 1.674523e-01
9.999695e-01 -3.153617e-04 3.689772e-03 6.871435e-03 1.667523e+00 -3.630846e-02 1.680849e-01
9.999818e-01 -1.509315e-03 8.059388e-04 5.783408e-03 1.684173e+00 -3.889700e-02 2.157398e-01
9.999825e-01 4.732356e-04 -1.988373e-05 5.901212e-03 1.723736e+00 -2.276805e-02 2.082951e-01
9.999833e-01 -1.674579e-04 -6.260835e-04 5.746361e-03 1.710241e+00 -3.908097e-02 2.352733e-01
9.999824e-01 8.801780e-05 -2.095431e-03 5.540845e-03 1.711730e+00 -2.796059e-02 1.822849e-01
9.999842e-01 -3.537584e-04 -1.665522e-04 5.599803e-03 1.735034e+00 -3.852717e-02 2.376689e-01
9.999876e-01 -2.422900e-04 2.394116e-04 4.979259e-03 1.716093e+00 -3.264484e-02 1.916364e-01
9.999880e-01 -4.905144e-04 1.064892e-04 4.880912e-03 1.727917e+00 -3.393539e-02 2.418705e-01
9.999863e-01 1.078190e-04 4.017397e-04 5.218439e-03 1.741843e+00 -2.851616e-02 2.096211e-01
9.999860e-01 1.527291e-04 6.749665e-04 5.240241e-03 1.736832e+00 -3.801078e-02 2.439010e-01
9.999863e-01 9.993145e-05 -1.322065e-03 5.047059e-03 1.756824e+00 -4.081047e-02 2.505358e-01
9.999867e-01 9.210113e-04 1.893032e-04 5.071538e-03 1.755731e+00 -3.075518e-02 1.899547e-01
9.999839e-01 1.441389e-03 -2.668865e-03 4.803992e-03 1.764308e+00 -5.624549e-02 3.208657e-01
9.999883e-01 8.650757e-04 6.242211e-04 4.726163e-03 1.764647e+00 -2.014508e-02 1.498879e-01
9.999840e-01 2.053869e-03 -2.855901e-03 4.432144e-03 1.785175e+00 -5.431925e-02 2.611359e-01
9.999837e-01 -2.000008e-03 2.285214e-03 4.843069e-03 1.780600e+00 -1.868660e-02 2.151173e-01
9.999916e-01 -5.208986e-04 -1.002380e-03 3.946038e-03 1.793782e+00 -4.600639e-02 2.283074e-01
9.999880e-01 -1.291475e-03 1.712317e-03 4.409679e-03 1.788144e+00 -4.963036e-02 2.678470e-01
9.999896e-01 -4.590057e-04 -1.308939e-03 4.356612e-03 1.804777e+00 -2.415736e-02 2.044959e-01
9.999881e-01 -8.746435e-04 3.191474e-04 4.789210e-03 1.811938e+00 -4.384073e-02 2.928051e-01
9.999842e-01 -1.011738e-03 -1.356148e-03 5.364639e-03 1.803246e+00 -2.673070e-02 2.433984e-01
9.999853e-01 -2.140538e-04 7.772788e-04 5.361652e-03 1.815855e+00 -5.196107e-02 2.623390e-01
9.999839e-01 9.444807e-04 -2.466196e-04 5.599253e-03 1.820385e+00 -3.938159e-02 2.808589e-01
9.999817e-01 9.161987e-04 2.836794e-04 5.973820e-03 1.829486e+00 -3.846141e-02 2.593842e-01
9.999787e-01 -2.924609e-04 -2.129290e-03 6.158330e-03 1.824762e+00 -2.767878e-02 2.625485e-01
9.999781e-01 4.906864e-04 1.486883e-03 6.431344e-03 1.824362e+00 -4.951207e-02 2.588553e-01
9.999788e-01 -1.903030e-04 -1.177831e-03 6.407060e-03 1.831811e+00 -3.428344e-02 2.918303e-01
9.999790e-01 2.928534e-04 -1.519845e-03 6.287537e-03 1.858369e+00 -4.429076e-02 2.759825e-01
9.999693e-01 -1.217556e-03 2.482051e-03 7.335592e-03 1.844256e+00 -3.778249e-02 2.294848e-01
9.999636e-01 -3.071462e-03 -4.819998e-03 6.331460e-03 1.846964e+00 -3.823817e-02 3.191457e-01
9.999726e-01 -2.253672e-03 1.863186e-03 6.797233e-03 1.839353e+00 -5.213205e-02 2.987148e-01
9.999824e-01 1.162997e-03 -1.254568e-03 5.684751e-03 1.847530e+00 -2.729148e-02 2.893196e-01
9.999801e-01 -4.270503e-04 3.369931e-03 5.321163e-03 1.866857e+00 -4.928925e-02 3.064036e-01
9.999878e-01 1.161488e-03 -1.261816e-03 4.626439e-03 1.840661e+00 -4.751548e-02 3.184294e-01
9.999845e-01 1.058921e-03 -5.028574e-04 5.439072e-03 1.866576e+00 -5.215911e-02 3.293247e-01
9.999764e-01 8.923718e-04 -3.277108e-03 5.971424e-03 1.849798e+00 -5.296721e-02 2.876978e-01
9.999788e-01 1.027597e-03 -2.475155e-03 5.939463e-03 1.877091e+00 -4.284972e-02 3.139737e-01
9.999822e-01 1.403851e-03 -2.745274e-03 5.111667e-03 1.857273e+00 -5.259875e-02 2.686960e-01
9.999822e-01 -2.718227e-04 -4.132620e-03 4.287436e-03 1.864577e+00 -6.334909e-02 3.137921e-01
9.999816e-01 -4.465227e-04 -4.910059e-03 3.545540e-03 1.903527e+00 -4.752032e-02 2.489905e-01
9.999822e-01 5.785620e-04 -4.536636e-03 3.844608e-03 1.886175e+00 -5.385856e-02 2.814050e-01
9.999918e-01 -8.393963e-04 -8.084468e-04 3.868646e-03 1.878662e+00 -4.512755e-02 2.270994e-01
9.999881e-01 -3.088772e-03 9.368484e-04 3.648407e-03 1.897155e+00 -4.309091e-02 2.710632e-01
9.999885e-01 -1.051822e-03 2.558720e-03 3.928894e-03 1.896054e+00 -3.196559e-02 2.709206e-01
9.999921e-01 2.878456e-04 1.224738e-03 3.758701e-03 1.874519e+00 -4.891595e-02 2.894181e-01
9.999897e-01 2.106272e-03 7.615609e-04 3.957763e-03 1.893012e+00 -4.533620e-02 3.004030e-01
9.999913e-01 6.061207e-04 -1.375265e-03 3.891949e-03 1.896926e+00 -4.560932e-02 2.856890e-01
9.999933e-01 -1.440588e-03 -1.916000e-04 3.351599e-03 1.905215e+00 -5.090201e-02 2.998803e-01
9.999939e-01 -1.838430e-03 -4.027548e-04 2.941269e-03 1.893552e+00 -4.495706e-02 2.986954e-01
9.999990e-01 2.017248e-04 -3.212245e-04 1.366970e-03 1.915466e+00 -4.320003e-02 2.990237e-01
9.999990e-01 -3.414570e-04 1.181766e-03 6.350966e-04 1.887997e+00 -4.631525e-02 3.000330e-01
9.999998e-01 -6.452891e-04 -1.015397e-04 2.508094e-04 1.925713e+00 -6.030852e-02 3.237931e-01
9.999993e-01 2.093575e-04 1.109241e-03 -2.062534e-04 1.911637e+00 -4.538846e-02 3.019240e-01
9.999998e-01 -6.160466e-04 -1.449121e-04 6.360551e-05 1.936895e+00 -5.527372e-02 3.286677e-01
9.999996e-01 4.173813e-04 -7.793194e-04 1.538480e-05 1.929711e+00 -4.839482e-02 2.980015e-01
9.999994e-01 -6.280598e-04 7.642868e-04 4.897803e-04 1.943825e+00 -5.955130e-02 3.239659e-01
9.999998e-01 1.848365e-04 6.475872e-04 8.968279e-05 1.939822e+00 -4.993137e-02 3.049237e-01
9.999995e-01 -4.172465e-04 9.130926e-04 3.468290e-04 1.950461e+00 -5.902687e-02 3.355734e-01
9.999981e-01 1.717678e-03 -8.479303e-04 2.362620e-04 1.945982e+00 -6.080665e-02 3.100365e-01
9.999996e-01 -3.649072e-04 6.597866e-04 5.604378e-04 1.972037e+00 -6.057340e-02 3.198875e-01
9.999997e-01 4.493281e-04 -7.018787e-04 1.081480e-04 1.959169e+00 -5.500319e-02 3.311392e-01
9.999994e-01 5.171879e-04 -7.714765e-04 5.030991e-04 1.991268e+00 -5.890012e-02 3.131812e-01
9.999998e-01 4.773406e-04 -3.459033e-04 1.074698e-04 1.966700e+00 -6.188198e-02 3.133725e-01
9.999995e-01 8.023551e-04 9.316106e-05 4.908536e-04 1.980477e+00 -5.650746e-02 3.021198e-01
9.999995e-01 -8.328233e-04 3.837158e-04 4.197897e-04 1.978663e+00 -5.152441e-02 3.063742e-01
9.999994e-01 -1.004969e-03 -3.111752e-04 3.103462e-04 1.985180e+00 -4.865640e-02 3.029250e-01
9.999998e-01 -3.536229e-04 3.805472e-04 3.299144e-04 1.986173e+00 -4.969941e-02 3.180602e-01
9.999995e-01 4.955381e-04 8.498691e-04 1.663776e-04 1.974600e+00 -4.745193e-02 3.213389e-01
9.999995e-01 9.642785e-04 -2.026117e-05 -9.323150e-05 1.979598e+00 -6.192264e-02 3.052074e-01
9.999997e-01 5.677407e-04 -3.782980e-04 4.965177e-04 1.984170e+00 -4.703322e-02 3.110173e-01
9.999997e-01 -7.738728e-04 3.679019e-05 2.016329e-04 1.976472e+00 -5.507261e-02 3.219543e-01
9.999994e-01 -1.065642e-03 -2.408273e-04 2.745326e-04 1.982737e+00 -6.101502e-02 3.162477e-01
9.999994e-01 2.659811e-04 -1.079005e-03 6.272298e-05 1.979373e+00 -5.744208e-02 3.209336e-01
9.999999e-01 1.470860e-04 -3.622770e-04 3.201608e-04 1.968709e+00 -5.774868e-02 2.992890e-01
9.999988e-01 1.139245e-03 -9.492257e-04 4.501045e-04 1.974245e+00 -4.854057e-02 3.113071e-01
9.999985e-01 -1.608260e-03 5.706664e-04 2.363853e-04 1.962597e+00 -5.935676e-02 3.069223e-01
9.999994e-01 -6.338584e-04 -9.092560e-04 2.556511e-04 1.970869e+00 -5.268751e-02 3.040141e-01
9.999983e-01 4.947354e-04 -1.644126e-03 7.049519e-04 1.972161e+00 -5.177939e-02 3.147192e-01
9.999992e-01 1.142181e-03 -8.264710e-05 5.023358e-04 1.947652e+00 -5.594855e-02 2.842696e-01
9.999996e-01 9.032228e-04 1.544124e-04 1.130039e-04 1.959747e+00 -5.591182e-02 3.024445e-01
9.999986e-01 6.285343e-04 -1.501020e-03 3.446623e-04 1.952801e+00 -5.123901e-02 3.020533e-01
9.999994e-01 5.536242e-04 -8.674433e-04 4.879855e-04 1.967881e+00 -5.594001e-02 2.917331e-01
9.999994e-01 1.058893e-03 1.225251e-04 9.251768e-05 1.967890e+00 -5.054601e-02 2.692850e-01
9.999995e-01 -9.890904e-04 1.417811e-04 2.037112e-04 1.985718e+00 -4.866922e-02 2.860529e-01
9.999996e-01 6.817661e-04 -2.476692e-04 5.774099e-04 1.944749e+00 -3.329571e-02 2.790884e-01
9.999965e-01 6.717862e-04 2.408703e-03 7.404261e-04 1.950894e+00 -5.184222e-02 2.746740e-01
9.999974e-01 -3.081340e-04 2.240291e-03 -8.273479e-06 1.947381e+00 -5.249910e-02 2.777346e-01
9.999974e-01 -2.159771e-03 5.295931e-04 6.193527e-04 1.954166e+00 -4.528604e-02 3.164632e-01
9.999994e-01 -1.542924e-04 -5.393148e-04 8.601153e-04 1.950301e+00 -4.192010e-02 2.937554e-01
9.999987e-01 1.220456e-03 -4.726267e-04 9.762258e-04 1.926932e+00 -5.254460e-02 3.045385e-01
9.999979e-01 1.363572e-03 1.308784e-03 7.798104e-04 1.949112e+00 -4.373007e-02 2.814561e-01
9.999988e-01 -9.930396e-04 6.289895e-04 9.539396e-04 1.954677e+00 -4.180172e-02 3.224320e-01
9.999987e-01 1.149498e-04 1.144615e-03 1.116642e-03 1.954060e+00 -5.251823e-02 3.029024e-01
9.999995e-01 1.128830e-05 2.108558e-04 8.838092e-04 1.950367e+00 -4.960992e-02 3.180694e-01
9.999980e-01 1.551421e-03 8.439375e-04 9.769074e-04 1.954792e+00 -4.777407e-02 3.010479e-01
9.999972e-01 -2.266745e-03 4.406165e-04 4.987007e-04 1.974899e+00 -3.929631e-02 3.479074e-01
9.999974e-01 7.111955e-04 2.134468e-03 4.372772e-04 1.956989e+00 -4.811273e-02 2.906479e-01
9.999992e-01 1.156870e-03 1.574644e-04 3.936095e-04 1.960593e+00 -5.476945e-02 3.416096e-01
9.999989e-01 2.707773e-04 1.260616e-03 -7.329799e-04 1.979298e+00 -4.452358e-02 3.023108e-01
9.999937e-01 -3.248734e-03 -1.411653e-03 -2.640968e-04 1.981342e+00 -5.073680e-02 3.617780e-01
1.000000e+00 -1.688355e-04 -2.068945e-04 3.544752e-05 1.975956e+00 -4.811523e-02 3.204444e-01
9.999990e-01 7.927860e-04 -1.170019e-03 -1.979780e-04 1.967686e+00 -6.813236e-02 3.411754e-01
9.999954e-01 1.748001e-03 -2.452924e-03 -3.963231e-04 1.962480e+00 -6.398194e-02 3.339934e-01
9.999974e-01 3.990783e-04 -2.225472e-03 3.307186e-04 1.982211e+00 -5.451793e-02 3.167476e-01
9.999885e-01 2.782903e-03 -3.855946e-03 -6.027213e-04 1.986805e+00 -6.187643e-02 2.737805e-01
9.999999e-01 -1.387576e-04 4.018526e-04 9.511129e-05 1.984846e+00 -4.458962e-02 2.821844e-01
9.999985e-01 -1.033936e-04 -1.538820e-03 -7.076461e-04 1.986860e+00 -4.557153e-02 2.719325e-01
9.999987e-01 -1.101752e-03 1.209514e-03 -9.250839e-05 1.958186e+00 -5.546845e-02 2.900429e-01
9.999928e-01 6.924597e-04 -3.545830e-03 -1.190986e-03 2.002142e+00 -4.434966e-02 2.749616e-01
9.999984e-01 -1.600307e-04 1.585382e-03 -7.949372e-04 1.960982e+00 -5.260227e-02 2.596682e-01
9.999966e-01 2.127749e-04 -1.512971e-03 -2.106223e-03 1.982915e+00 -6.015261e-02 2.761044e-01
9.999943e-01 2.260249e-03 2.093534e-03 -1.399760e-03 1.985236e+00 -4.418784e-02 2.574349e-01
9.999979e-01 -5.500324e-05 -7.983205e-04 -1.877246e-03 1.977245e+00 -5.312354e-02 2.667570e-01
9.999988e-01 6.089133e-05 -6.403465e-04 -1.402397e-03 1.961017e+00 -4.665037e-02 2.580199e-01
9.999960e-01 -5.504406e-04 -2.257545e-03 -1.635071e-03 1.974946e+00 -5.481703e-02 2.661445e-01
9.999986e-01 1.440489e-04 9.706635e-05 -1.651726e-03 1.973296e+00 -5.385214e-02 2.337777e-01
9.999955e-01 -1.480587e-03 -2.018654e-03 -1.651623e-03 1.962539e+00 -5.455931e-02 2.671666e-01
9.999961e-01 1.113324e-03 -1.737734e-03 -1.899997e-03 1.964056e+00 -5.797396e-02 2.361558e-01
9.999953e-01 -7.116404e-05 -2.453653e-03 -1.841498e-03 1.969422e+00 -4.280253e-02 2.512409e-01
9.999942e-01 2.864070e-03 -7.721861e-04 -1.685575e-03 1.971767e+00 -5.431652e-02 2.056879e-01
9.999973e-01 -5.908731e-04 -5.249590e-04 -2.207617e-03 1.955968e+00 -5.059765e-02 2.170652e-01
9.999951e-01 -2.051785e-03 5.539605e-04 -2.281801e-03 1.976035e+00 -5.583494e-02 2.134662e-01
9.999961e-01 1.212601e-04 -1.066810e-03 -2.590893e-03 1.956428e+00 -3.857531e-02 2.296379e-01
9.999928e-01 1.834505e-03 1.556995e-03 -2.940005e-03 1.967982e+00 -6.272400e-02 2.145570e-01
9.999913e-01 3.125142e-03 -9.639565e-04 -2.568053e-03 1.949889e+00 -3.858410e-02 2.177421e-01
9.999940e-01 -1.953928e-04 2.043415e-03 -2.791138e-03 1.977207e+00 -5.776496e-02 1.783382e-01
9.999896e-01 -2.117705e-03 -2.667759e-03 -3.035675e-03 1.967516e+00 -3.660836e-02 2.148655e-01
9.999956e-01 -3.764437e-04 3.169273e-04 -2.913478e-03 1.961964e+00 -5.086514e-02 2.060884e-01
9.999908e-01 4.497734e-04 -2.631765e-03 -3.360933e-03 1.941079e+00 -5.112364e-02 2.059007e-01
9.999914e-01 2.906828e-03 -8.778888e-04 -2.829644e-03 1.960885e+00 -5.872141e-02 1.887767e-01
9.999879e-01 2.536441e-03 -2.390461e-03 -3.461924e-03 1.940727e+00 -4.466815e-02 1.740331e-01
9.999926e-01 1.635065e-03 7.547974e-04 -3.409706e-03 1.967657e+00 -5.558033e-02 1.474334e-01
9.999909e-01 -7.067610e-04 9.850427e-04 -4.083880e-03 1.950253e+00 -4.368223e-02 1.451618e-01
9.999837e-01 -8.327935e-04 4.112696e-03 -3.881804e-03 1.959014e+00 -4.106679e-02 1.380289e-01
9.999922e-01 -8.337695e-04 7.490757e-04 -3.795670e-03 1.947235e+00 -3.207858e-02 1.971620e-01
9.999915e-01 6.963377e-04 9.954011e-04 -3.946999e-03 1.952186e+00 -5.041497e-02 1.665732e-01
9.999952e-01 5.883105e-04 -1.416444e-03 -2.667167e-03 1.943955e+00 -2.160149e-02 1.881540e-01
9.999944e-01 2.451904e-04 6.504623e-04 -3.258601e-03 1.955486e+00 -5.876999e-02 1.605634e-01
9.999909e-01 4.611320e-04 -2.535916e-03 -3.414870e-03 1.955702e+00 -4.522246e-02 1.874409e-01
9.999928e-01 1.007928e-03 2.657057e-03 -2.509135e-03 1.930998e+00 -2.994749e-02 1.268144e-01
9.999948e-01 -6.254492e-05 -9.915445e-04 -3.081075e-03 1.939632e+00 -3.871355e-02 1.750796e-01
9.999925e-01 3.020603e-04 2.109517e-03 -3.252975e-03 1.943189e+00 -4.918014e-02 1.498064e-01
9.999946e-01 2.776335e-04 -2.010078e-03 -2.589359e-03 1.932780e+00 -2.970694e-02 1.595974e-01
9.999943e-01 9.047914e-04 1.714843e-03 -2.771647e-03 1.931847e+00 -4.180540e-02 1.411081e-01
9.999961e-01 -3.117595e-04 6.041289e-04 -2.708799e-03 1.927169e+00 -4.142284e-02 1.520069e-01
9.999922e-01 -1.914602e-03 1.156871e-03 -3.261903e-03 1.950409e+00 -4.141197e-02 1.589451e-01
9.999922e-01 -2.074216e-03 3.844038e-04 -3.334542e-03 1.911277e+00 -3.925194e-02 1.625412e-01
9.999921e-01 2.091658e-03 9.095710e-05 -3.389536e-03 1.927406e+00 -4.203168e-02 1.787073e-01
9.999912e-01 2.852317e-03 -1.044924e-04 -3.103601e-03 1.922726e+00 -3.530502e-02 1.566701e-01
9.999911e-01 5.416887e-04 5.859197e-04 -4.142230e-03 1.941452e+00 -4.924576e-02 1.397756e-01
9.999934e-01 -1.254536e-03 -6.434035e-04 -3.355715e-03 1.915993e+00 -3.476054e-02 1.556785e-01
9.999901e-01 -1.220005e-03 4.529745e-04 -4.243080e-03 1.936656e+00 -4.670364e-02 1.535824e-01
9.999913e-01 9.371348e-04 -1.730571e-03 -3.672639e-03 1.913037e+00 -3.473491e-02 1.452736e-01
9.999867e-01 3.168006e-03 -6.289156e-04 -4.032323e-03 1.906045e+00 -4.875169e-02 1.361202e-01
9.999881e-01 1.774252e-03 2.851022e-03 -3.533473e-03 1.900077e+00 -3.171939e-02 1.161662e-01
9.999884e-01 -2.360558e-03 2.644373e-04 -4.178993e-03 1.936334e+00 -5.283529e-02 1.506753e-01
9.999897e-01 -1.291389e-03 -1.622453e-03 -4.037786e-03 1.915658e+00 -3.216534e-02 1.385658e-01
9.999833e-01 3.968235e-03 -1.742237e-03 -3.816429e-03 1.900399e+00 -3.289727e-02 1.326355e-01
9.999757e-01 4.038484e-03 4.580867e-03 -3.365141e-03 1.896300e+00 -3.055678e-02 7.936058e-02
9.999895e-01 -1.716550e-03 -8.334229e-04 -4.168336e-03 1.923543e+00 -4.386743e-02 1.433079e-01
9.999897e-01 -2.539960e-03 -1.071956e-03 -3.618421e-03 1.890927e+00 -3.904956e-02 1.069041e-01
9.999912e-01 8.356194e-05 -5.832239e-04 -4.152991e-03 1.915060e+00 -3.025563e-02 1.139124e-01
9.999911e-01 -2.262025e-05 2.398607e-03 -3.468433e-03 1.875597e+00 -3.057008e-02 1.125889e-01
9.999903e-01 1.761549e-03 3.023688e-04 -4.026774e-03 1.888851e+00 -3.681359e-02 1.200421e-01
9.999928e-01 6.004465e-04 2.039064e-03 -3.134047e-03 1.873564e+00 -2.998699e-02 1.154413e-01
9.999932e-01 -1.354944e-04 -2.863002e-04 -3.675923e-03 1.867055e+00 -4.338882e-02 1.123793e-01
9.999925e-01 4.820731e-04 1.217333e-03 -3.655875e-03 1.894444e+00 -4.021464e-02 1.206071e-01
9.999936e-01 2.241555e-04 5.259346e-04 -3.536346e-03 1.889686e+00 -2.788282e-02 1.013302e-01
9.999920e-01 9.769313e-05 1.699767e-03 -3.612686e-03 1.864930e+00 -4.321277e-02 1.057617e-01
9.999942e-01 2.771813e-04 -2.759113e-04 -3.377890e-03 1.870707e+00 -2.380134e-02 1.212877e-01
9.999931e-01 -2.671113e-04 1.904956e-03 -3.168959e-03 1.872157e+00 -2.583913e-02 1.090087e-01
9.999924e-01 5.174323e-04 -7.858793e-04 -3.785985e-03 1.870429e+00 -3.985699e-02 1.086183e-01
9.999954e-01 5.220379e-04 -6.241484e-05 -2.993612e-03 1.887797e+00 -4.013172e-02 1.252061e-01
9.999896e-01 2.582680e-03 -7.292694e-04 -3.685588e-03 1.859310e+00 -3.138365e-02 1.075526e-01
9.999937e-01 9.274174e-04 -1.720662e-04 -3.404725e-03 1.896911e+00 -3.528056e-02 1.134458e-01
9.999923e-01 7.743669e-04 2.119826e-03 -3.199990e-03 1.885970e+00 -3.004649e-02 7.826812e-02
9.999873e-01 -3.616962e-03 7.207665e-04 -3.431890e-03 1.903872e+00 -2.001404e-02 1.101237e-01
9.999816e-01 -1.750692e-03 4.559368e-03 -3.597216e-03 1.889723e+00 -1.509246e-02 8.461891e-02
9.999910e-01 -4.759137e-04 1.909159e-04 -4.219883e-03 1.901006e+00 -2.958285e-02 1.210264e-01
9.999912e-01 1.321942e-03 1.578069e-04 -3.976002e-03 1.896319e+00 -3.180641e-02 1.389210e-01
9.999850e-01 2.009898e-03 -2.626706e-03 -4.377726e-03 1.900230e+00 -4.349547e-02 1.139822e-01
9.999893e-01 2.131920e-03 -4.236081e-04 -4.088582e-03 1.883831e+00 -3.820549e-02 1.020618e-01
9.999927e-01 1.352666e-04 -8.292971e-04 -3.739801e-03 1.868523e+00 -2.683990e-02 9.728600e-02
9.999879e-01 1.309682e-03 -9.593446e-04 -4.638528e-03 1.898544e+00 -3.712534e-02 7.990440e-02
9.999905e-01 -8.182455e-04 1.743778e-03 -3.917384e-03 1.884414e+00 -1.982832e-02 7.319666e-02
9.999853e-01 -8.018584e-04 1.509736e-03 -5.139730e-03 1.888491e+00 -2.293838e-02 8.434694e-02
9.999767e-01 -1.592313e-03 2.880603e-03 -5.985542e-03 1.887240e+00 -3.064013e-02 8.614839e-02
9.999781e-01 2.944550e-03 2.993204e-04 -5.911798e-03 1.874705e+00 -2.515401e-02 9.535637e-02
9.999880e-01 4.958721e-04 1.051842e-03 -4.768766e-03 1.879334e+00 -3.469137e-02 9.795690e-02
9.999917e-01 9.773883e-04 -4.494042e-04 -3.937956e-03 1.882302e+00 -2.691614e-02 8.809239e-02
9.999922e-01 -1.215138e-03 4.691337e-04 -3.735494e-03 1.873207e+00 -2.672771e-02 1.029527e-01
9.999928e-01 -9.853446e-04 9.665753e-04 -3.544402e-03 1.859801e+00 -2.318341e-02 7.825493e-02
9.999924e-01 -1.925811e-04 -4.076966e-04 -3.863010e-03 1.888712e+00 -3.279153e-02 1.102968e-01
9.999893e-01 2.112514e-03 -1.181611e-03 -3.948992e-03 1.888518e+00 -2.232614e-02 6.430227e-02
9.999924e-01 1.291348e-03 6.867342e-04 -3.616727e-03 1.899825e+00 -3.827207e-02 8.903132e-02
9.999876e-01 3.234505e-03 -7.956581e-04 -3.716961e-03 1.884358e+00 -3.217972e-02 7.387547e-02
9.999898e-01 -6.246231e-04 1.543099e-03 -4.198486e-03 1.903820e+00 -3.092045e-02 6.535888e-02
9.999920e-01 -2.087665e-05 -8.965484e-04 -3.891085e-03 1.879085e+00 -1.853360e-02 8.683504e-02
9.999891e-01 -1.020640e-04 3.245993e-04 -4.662891e-03 1.913627e+00 -2.883500e-02 5.698073e-02
9.999867e-01 9.807723e-04 6.234055e-04 -5.024791e-03 1.899083e+00 -3.235394e-02 6.881845e-02
9.999879e-01 7.228524e-04 1.699666e-03 -4.562839e-03 1.897149e+00 -3.102069e-02 6.892938e-02
9.999871e-01 1.676946e-04 4.264692e-04 -5.059855e-03 1.897513e+00 -3.112574e-02 7.352663e-02
9.999858e-01 -2.476813e-03 1.011570e-03 -4.596100e-03 1.928782e+00 -2.672197e-02 8.086887e-02
9.999868e-01 1.814743e-03 -7.424130e-04 -4.746112e-03 1.916625e+00 -2.102219e-02 5.102396e-02
9.999895e-01 1.101313e-03 1.912942e-03 -4.025602e-03 1.918675e+00 -2.753034e-02 8.674531e-02
9.999917e-01 -1.639670e-06 -7.760405e-04 -4.006363e-03 1.933625e+00 -2.995480e-02 6.536973e-02
9.999765e-01 5.437985e-03 -1.840963e-03 -3.740033e-03 1.918423e+00 -3.356761e-02 5.836860e-02
9.999921e-01 1.719260e-03 1.180971e-05 -3.568655e-03 1.936080e+00 -3.284693e-02 4.129853e-02
9.999926e-01 4.664379e-04 1.112990e-03 -3.664135e-03 1.939890e+00 -1.627705e-02 2.920737e-02
9.999877e-01 -2.083222e-03 -8.506837e-04 -4.419078e-03 1.946904e+00 -2.951097e-02 5.517084e-02
9.999892e-01 -7.286047e-04 1.151917e-03 -4.451859e-03 1.932036e+00 -2.304552e-02 2.921914e-02
9.999896e-01 -1.498716e-03 -4.427745e-04 -4.288249e-03 1.928623e+00 -2.903450e-02 7.807054e-02
9.999907e-01 1.386612e-03 -1.270713e-03 -3.879092e-03 1.962577e+00 -1.822342e-02 4.723206e-02
9.999951e-01 2.239642e-03 1.827212e-04 -2.192282e-03 1.942542e+00 -1.595731e-02 3.113162e-02
9.999940e-01 9.969719e-04 1.902956e-03 -2.722258e-03 1.953745e+00 -2.725022e-02 4.005512e-02
9.999943e-01 -5.699048e-04 3.593803e-04 -3.305808e-03 1.962882e+00 -2.213863e-02 4.436076e-02
9.999887e-01 -1.757525e-03 1.004307e-03 -4.304027e-03 1.970099e+00 -2.489319e-02 3.337770e-02
9.999907e-01 2.014688e-04 4.921063e-04 -4.284243e-03 1.943527e+00 -1.203296e-02 3.065174e-02
9.999768e-01 -3.242845e-03 3.375698e-03 -4.959489e-03 1.938304e+00 -2.499912e-02 5.093290e-02
9.999872e-01 -2.219049e-03 8.701804e-04 -4.472155e-03 1.965017e+00 -2.165268e-02 5.300865e-02
9.999920e-01 4.745102e-04 7.177199e-04 -3.901329e-03 1.971796e+00 -2.018280e-02 5.432551e-02
9.999936e-01 5.695374e-04 8.557123e-04 -3.440543e-03 1.951562e+00 -2.167001e-02 4.864058e-02
9.999945e-01 3.321936e-04 8.628709e-04 -3.198965e-03 2.001284e+00 -3.076683e-02 7.459999e-02
9.999980e-01 5.518998e-04 7.818664e-04 -1.779264e-03 1.988327e+00 -1.606781e-02 3.715784e-02
9.999968e-01 -1.816889e-04 -1.783767e-03 -1.785259e-03 1.979980e+00 -2.478083e-02 7.086578e-02
9.999984e-01 8.494240e-04 8.865699e-04 -1.269635e-03 2.002582e+00 -1.465972e-02 3.030927e-02
9.999941e-01 -2.586867e-03 1.435437e-03 -1.766620e-03 1.998566e+00 -1.651185e-02 6.612911e-02
9.999985e-01 -4.869014e-04 -8.341580e-04 -1.414772e-03 2.012924e+00 -1.628251e-02 5.134261e-02
9.999986e-01 1.248366e-03 -9.572362e-04 -5.091685e-04 2.000618e+00 -1.879262e-02 5.426965e-02
9.999960e-01 2.622372e-03 -9.703990e-04 -3.470633e-04 1.995113e+00 -2.635860e-02 6.156905e-02
9.999976e-01 -1.417935e-03 1.666520e-03 -1.256048e-04 2.017247e+00 -7.698421e-03 3.569350e-02
9.999994e-01 -8.969484e-04 3.418819e-04 -4.967159e-04 1.994626e+00 -1.636139e-02 3.954938e-02
9.999960e-01 -2.685496e-03 -4.485775e-06 -8.644130e-04 2.009918e+00 -2.197199e-02 6.711020e-02
9.999994e-01 1.078245e-04 -1.057927e-03 -3.391838e-04 1.995039e+00 -1.861456e-02 5.483376e-02
9.999996e-01 1.717159e-04 -7.979575e-04 -3.707693e-04 2.018021e+00 -2.301754e-02 5.249942e-02
9.999985e-01 1.676295e-03 4.730876e-04 -1.184569e-04 2.046655e+00 -1.969770e-02 3.930064e-02
9.999984e-01 -6.214014e-04 1.692617e-03 -1.170127e-04 2.026387e+00 -1.092374e-02 5.009289e-02
9.999985e-01 -1.673876e-03 3.117683e-04 -2.961655e-04 2.049509e+00 -1.484181e-02 6.817805e-02
9.999962e-01 -2.408673e-03 -1.351626e-03 2.172619e-04 2.017400e+00 -1.846492e-02 6.292176e-02
9.999954e-01 -2.902823e-03 -2.116849e-04 8.204357e-04 2.033782e+00 -1.922947e-02 5.762963e-02
9.999990e-01 -6.275308e-04 7.415828e-04 9.933340e-04 2.027728e+00 -1.278843e-03 6.680956e-02
9.999944e-01 -2.216393e-03 2.502851e-03 3.919376e-04 2.026467e+00 -2.429168e-02 3.521052e-02
9.999996e-01 -6.767880e-04 3.307718e-04 4.472214e-04 2.021276e+00 -4.878314e-03 1.038608e-01
9.999913e-01 -3.392058e-03 2.266010e-03 8.088379e-04 2.019885e+00 3.232064e-03 5.687602e-02
9.999968e-01 -2.139942e-03 -1.294825e-03 -2.217491e-04 2.037836e+00 -2.232157e-02 9.458274e-02
9.999982e-01 -1.746533e-03 6.213616e-04 4.057411e-04 2.022260e+00 -4.508418e-03 1.017563e-01
9.999991e-01 -1.092667e-03 -7.000107e-04 4.305631e-04 2.016313e+00 -2.885932e-02 7.698771e-02
9.999993e-01 2.344290e-04 9.272734e-04 6.424471e-04 2.023758e+00 -8.568549e-03 8.604221e-02
9.999986e-01 -1.359074e-03 -7.272932e-04 6.753910e-04 2.018865e+00 -1.659642e-02 1.140936e-01
9.999959e-01 2.223944e-03 -1.806435e-03 2.152646e-04 2.016577e+00 -1.080641e-02 7.775581e-02
9.999973e-01 -1.821480e-03 -1.322279e-03 5.794691e-04 2.031046e+00 -3.694338e-02 1.289084e-01
9.999989e-01 6.952347e-04 -1.225290e-03 5.017013e-04 2.019885e+00 -1.040459e-02 8.143514e-02
9.999981e-01 -1.781335e-03 3.644999e-04 6.631717e-04 2.007995e+00 -2.476857e-02 8.272816e-02
9.999999e-01 -5.457939e-05 -4.227302e-04 1.822846e-04 2.009920e+00 -1.411267e-02 1.078116e-01
9.999991e-01 1.274744e-03 -3.127250e-04 3.030459e-04 2.013865e+00 -2.450645e-02 8.061226e-02
9.999942e-01 -3.361364e-03 -2.023293e-04 4.449296e-04 2.018152e+00 -1.300450e-02 1.071520e-01
9.999993e-01 -9.678199e-04 -6.480041e-04 8.118658e-05 2.022884e+00 -2.059617e-02 9.078126e-02
9.999954e-01 -2.000337e-03 -2.219480e-03 4.907168e-04 2.016696e+00 -1.749801e-02 1.298895e-01
9.999953e-01 2.933002e-03 -8.385115e-04 8.404624e-05 2.011427e+00 -2.744400e-02 8.120903e-02
9.999959e-01 2.709793e-03 -9.168252e-04 1.992494e-05 1.996734e+00 -3.387422e-02 1.034460e-01
9.999997e-01 -6.825489e-04 -2.193669e-04 1.812014e-04 2.002974e+00 -2.576984e-02 8.961616e-02
9.999990e-01 -1.037557e-03 -9.233822e-04 -2.249249e-04 2.000613e+00 -1.701180e-02 9.367936e-02
9.999900e-01 -4.437390e-03 -1.149168e-04 -5.951032e-04 1.984703e+00 -3.230109e-02 9.957165e-02
9.999998e-01 -2.515906e-05 -6.123890e-04 -2.417470e-04 1.997481e+00 -2.038142e-02 1.020940e-01
9.999986e-01 1.046988e-03 -7.315131e-04 -1.054642e-03 1.994314e+00 -2.527496e-02 9.507832e-02
9.999978e-01 1.624477e-03 1.300133e-03 -2.452730e-04 1.986375e+00 -2.474288e-02 8.660687e-02
9.999994e-01 -9.573728e-04 -3.073598e-05 -4.301051e-04 1.989208e+00 -3.494632e-02 9.928175e-02
9.999975e-01 -2.183134e-03 1.445645e-04 -4.685968e-04 2.007327e+00 -1.934637e-02 1.081652e-01
9.999978e-01 7.535830e-04 -1.644377e-03 -1.044999e-03 2.001484e+00 -3.303459e-02 1.095541e-01
9.999984e-01 1.491065e-03 -8.264080e-04 -5.829841e-04 1.998681e+00 -3.495912e-02 1.001177e-01
9.999943e-01 -2.095887e-03 -2.575767e-03 -5.509107e-04 1.981185e+00 -2.499871e-02 1.045978e-01
9.999983e-01 2.234882e-04 -1.737851e-03 -5.421498e-04 2.000231e+00 -2.469397e-02 9.776189e-02
9.999986e-01 -1.566742e-03 -2.337090e-04 -4.849587e-04 1.996470e+00 -3.187310e-02 1.117221e-01
9.999934e-01 3.305445e-03 1.476660e-03 -1.592193e-04 2.016161e+00 -3.303421e-02 7.067078e-02
9.999989e-01 4.314029e-04 9.891643e-04 -9.905734e-04 2.010888e+00 -3.279322e-02 1.000332e-01
9.999996e-01 -6.065729e-04 3.689148e-05 -5.909173e-04 2.017121e+00 -2.078929e-02 8.826432e-02
9.999944e-01 -3.031774e-03 -1.111093e-03 -9.007921e-04 2.008345e+00 -3.819560e-02 1.077790e-01
9.999991e-01 -8.244524e-04 1.017043e-03 1.064295e-04 2.012609e+00 -1.479327e-02 8.066916e-02
9.999979e-01 -1.694326e-03 5.727715e-04 -9.780743e-04 2.005622e+00 -2.731143e-02 1.044852e-01
9.999979e-01 1.254666e-03 1.614402e-03 -1.199054e-04 2.032995e+00 -1.317967e-02 9.208402e-02
9.999963e-01 -2.474604e-03 4.581178e-04 -1.001462e-03 2.014894e+00 -4.259899e-02 1.218857e-01
9.999987e-01 -1.412922e-03 -5.346451e-04 -5.344796e-04 2.023952e+00 -2.947148e-02 9.779880e-02
9.999988e-01 -1.369316e-03 -6.192966e-04 -5.019125e-04 2.009314e+00 -2.666604e-02 1.186995e-01
9.999982e-01 1.377319e-03 -1.112709e-03 -7.094758e-04 2.017875e+00 -3.294094e-02 1.210402e-01
9.999957e-01 2.441563e-03 -1.321313e-03 -8.991675e-04 2.026017e+00 -3.518660e-02 1.017633e-01
9.999961e-01 2.400468e-03 -1.358966e-03 -5.374094e-04 1.993319e+00 -4.239195e-02 1.102301e-01
9.999935e-01 2.772793e-03 -2.031735e-03 -1.109166e-03 2.026817e+00 -3.413350e-02 9.469016e-02
9.999923e-01 2.396939e-03 -2.763387e-03 -1.420423e-03 2.021434e+00 -3.992693e-02 7.803522e-02
9.999932e-01 -5.159995e-05 -3.239794e-03 -1.727705e-03 2.012880e+00 -3.446765e-02 7.765557e-02
9.999991e-01 -2.788359e-04 -6.924125e-04 -1.097471e-03 2.001826e+00 -2.696239e-02 6.450801e-02
9.999979e-01 -9.809072e-04 6.634745e-04 -1.645235e-03 1.990091e+00 -3.078028e-02 8.121152e-02
9.999968e-01 3.810687e-04 1.367718e-03 -2.104678e-03 1.996478e+00 -4.305490e-02 6.343483e-02
9.999927e-01 2.873407e-04 -2.687899e-03 -2.694913e-03 2.017885e+00 -3.532119e-02 9.285659e-02
9.999950e-01 8.435514e-04 -2.152789e-03 -2.154269e-03 1.996189e+00 -2.524330e-02 5.233663e-02
9.999974e-01 -6.042436e-04 -5.126905e-04 -2.140507e-03 1.989067e+00 -4.627900e-02 7.594905e-02
9.999962e-01 1.680019e-03 -1.577810e-04 -2.171809e-03 1.972520e+00 -2.393867e-02 6.622964e-02
9.999967e-01 4.220688e-04 9.601545e-04 -2.324129e-03 1.970046e+00 -3.538369e-02 4.857104e-02
9.999948e-01 1.256507e-03 -5.790715e-04 -2.900046e-03 1.964251e+00 -3.028612e-02 5.817687e-02
9.999953e-01 -7.450509e-04 1.058205e-03 -2.783802e-03 1.945724e+00 -3.148514e-02 3.598210e-02
9.999953e-01 2.486505e-04 3.921193e-04 -3.027011e-03 1.948677e+00 -2.146641e-02 5.054615e-02
9.999935e-01 -1.844931e-03 -1.859852e-05 -3.098264e-03 1.902915e+00 -3.887286e-02 6.803120e-02
9.999915e-01 2.224991e-03 -5.725854e-04 -3.418220e-03 1.910922e+00 -3.446712e-02 4.205665e-02
9.999908e-01 1.888746e-03 -1.422053e-03 -3.576752e-03 1.918141e+00 -3.404099e-02 6.887290e-02
9.999888e-01 3.396319e-03 7.364302e-05 -3.284665e-03 1.896606e+00 -3.135744e-02 6.151715e-03
9.999925e-01 6.943426e-04 4.813588e-05 -3.805190e-03 1.886552e+00 -3.959982e-02 5.861998e-02
9.999920e-01 9.031563e-04 -1.043038e-04 -3.896353e-03 1.868785e+00 -3.763409e-02 3.196217e-02
9.999915e-01 2.495131e-04 -1.353302e-03 -3.892537e-03 1.862871e+00 -2.458859e-02 1.770228e-02
9.999904e-01 1.242222e-03 -4.974028e-04 -4.156524e-03 1.862895e+00 -3.453499e-02 4.069455e-02
9.999871e-01 1.317211e-03 5.295705e-06 -4.916440e-03 1.852847e+00 -4.276416e-02 1.503062e-02
9.999795e-01 2.109447e-03 -3.912414e-04 -6.030856e-03 1.852076e+00 -4.059537e-02 1.127973e-02
9.999803e-01 1.123253e-03 -3.542366e-04 -6.167269e-03 1.849057e+00 -3.891931e-02 1.961879e-02
9.999743e-01 2.758663e-03 6.112139e-05 -6.619529e-03 1.837474e+00 -3.224536e-02 3.469529e-03
9.999727e-01 2.797386e-03 7.723515e-04 -6.796859e-03 1.852375e+00 -3.925640e-02 1.161487e-02
9.999706e-01 1.925756e-03 6.817542e-04 -7.391097e-03 1.826750e+00 -5.320264e-02 -3.909962e-04
9.999674e-01 2.320006e-03 8.119375e-05 -7.735897e-03 1.847723e+00 -3.319882e-02 2.842178e-03
9.999655e-01 1.040819e-03 -6.240931e-05 -8.235207e-03 1.821055e+00 -4.064945e-02 -2.492825e-02
9.999622e-01 3.061090e-05 -2.900955e-05 -8.694416e-03 1.822918e+00 -4.215922e-02 -4.864795e-03
9.999593e-01 1.853135e-03 -3.103188e-04 -8.827956e-03 1.800870e+00 -2.129337e-02 -2.953253e-02
9.999543e-01 1.196856e-03 2.107094e-03 -9.252189e-03 1.795139e+00 -3.730836e-02 -2.452275e-02
9.999563e-01 1.473950e-03 7.246382e-04 -9.200346e-03 1.778354e+00 -3.027910e-02 -4.823401e-03
9.999560e-01 1.906974e-03 6.273301e-04 -9.163535e-03 1.756711e+00 -4.377279e-02 -3.223294e-02
9.999575e-01 4.038957e-05 -2.114526e-04 -9.214737e-03 1.747990e+00 -4.527609e-02 -2.079961e-02
9.999496e-01 3.721403e-03 2.449252e-03 -9.001065e-03 1.747693e+00 -2.416262e-02 -5.987490e-02
9.999516e-01 -1.000784e-03 1.935789e-03 -9.593776e-03 1.721354e+00 -3.653856e-02 -1.523455e-02
9.999480e-01 -2.163261e-03 -9.187844e-04 -9.926356e-03 1.710674e+00 -2.551695e-02 -3.115342e-02
9.999519e-01 2.043486e-03 -1.525115e-04 -9.590200e-03 1.696930e+00 -3.550379e-02 -3.829083e-02
9.999384e-01 -1.040218e-03 2.437309e-03 -1.077979e-02 1.697958e+00 -2.957892e-02 -2.334852e-02
9.999496e-01 1.481801e-03 1.529015e-03 -9.808866e-03 1.683373e+00 -3.399775e-02 -4.503813e-02
9.999531e-01 2.500311e-03 3.074167e-03 -8.838086e-03 1.684156e+00 -2.758735e-02 -7.068840e-03
9.999631e-01 -6.108625e-05 8.247649e-04 -8.548265e-03 1.700166e+00 -4.098063e-02 -4.858662e-02
9.999591e-01 1.420149e-03 -2.329227e-04 -8.928579e-03 1.692484e+00 -3.223090e-02 -3.567229e-02
9.999639e-01 2.312699e-04 -3.424284e-04 -8.491480e-03 1.701097e+00 -4.101658e-02 -2.003558e-02
9.999605e-01 1.836359e-03 2.449471e-03 -8.344023e-03 1.705666e+00 -3.031035e-02 -5.160508e-02
9.999647e-01 5.021233e-04 2.685681e-03 -7.948963e-03 1.699573e+00 -2.466718e-02 -2.340891e-02
9.999649e-01 -9.741596e-04 1.928731e-03 -8.099798e-03 1.715016e+00 -3.020675e-02 -4.910609e-02
9.999656e-01 -8.246618e-04 -1.007638e-03 -8.196752e-03 1.709053e+00 -3.746974e-02 -2.487464e-02
9.999641e-01 -3.854357e-04 -3.908020e-04 -8.457885e-03 1.723003e+00 -1.930990e-02 -4.324944e-02
9.999569e-01 7.355158e-04 9.506482e-04 -9.201914e-03 1.728023e+00 -3.269074e-02 -3.893845e-02
9.999479e-01 5.404772e-04 1.954892e-03 -1.000734e-02 1.723899e+00 -3.897182e-02 -4.183836e-02
9.999494e-01 1.139503e-03 1.023657e-03 -9.944982e-03 1.730560e+00 -3.179588e-02 -3.523555e-02
9.999530e-01 1.417687e-03 8.694404e-05 -9.593181e-03 1.736868e+00 -3.755279e-02 -4.315089e-02
9.999631e-01 1.621777e-04 1.845536e-04 -8.587025e-03 1.739554e+00 -2.599334e-02 -2.486853e-02
9.999660e-01 -1.052073e-03 3.948378e-04 -8.170105e-03 1.745656e+00 -3.155975e-02 -5.866075e-02
9.999667e-01 1.216913e-03 1.799966e-03 -7.869818e-03 1.730336e+00 -1.945453e-02 -1.904315e-02
9.999589e-01 5.934278e-04 3.367532e-03 -8.398969e-03 1.721490e+00 -4.001362e-02 -4.892738e-02
9.999617e-01 1.016447e-03 9.405920e-04 -8.639602e-03 1.737338e+00 -3.941720e-02 -4.599864e-02
9.999484e-01 -1.412578e-03 -4.063086e-03 -9.197772e-03 1.756301e+00 -3.794628e-02 -2.745605e-02
9.999435e-01 2.994581e-03 -5.793338e-04 -1.018500e-02 1.761124e+00 -2.117824e-02 -5.001767e-02
9.999139e-01 3.653456e-03 6.357761e-03 -1.088541e-02 1.741482e+00 -3.793810e-02 -3.467092e-02
9.999325e-01 -1.468791e-03 4.649308e-03 -1.054387e-02 1.742847e+00 -5.525774e-02 -5.051132e-02
9.999525e-01 1.321981e-03 -2.605466e-04 -9.651341e-03 1.767033e+00 -3.815034e-02 -3.016810e-02
9.999460e-01 3.409846e-03 -8.238332e-04 -9.784532e-03 1.746690e+00 -4.104040e-02 -2.164350e-02
9.999361e-01 2.851286e-03 3.488579e-03 -1.036903e-02 1.755541e+00 -4.386362e-02 -5.253485e-02
9.999453e-01 -3.048268e-04 1.001493e-03 -1.040578e-02 1.743130e+00 -4.492011e-02 -3.942248e-02
9.999460e-01 2.182312e-03 1.517331e-03 -1.003933e-02 1.738071e+00 -4.984949e-02 -3.796253e-02
9.999430e-01 -8.230100e-04 -3.873980e-03 -9.913628e-03 1.749626e+00 -4.303218e-02 -4.764429e-03
9.999438e-01 3.652548e-03 4.874619e-04 -9.937084e-03 1.750536e+00 -2.363235e-02 -3.148874e-02
9.998935e-01 5.300230e-03 9.123629e-03 -1.007970e-02 1.697534e+00 -3.124247e-02 -1.679473e-02
9.999242e-01 -5.906395e-03 -6.424602e-04 -1.078548e-02 1.715710e+00 -6.209807e-02 -1.623789e-02
9.999325e-01 2.344014e-03 -6.179122e-03 -9.554562e-03 1.729628e+00 -5.051527e-02 -2.323540e-02
9.999322e-01 6.595705e-03 1.578962e-03 -9.460521e-03 1.729555e+00 -1.591772e-02 8.449738e-03
9.999482e-01 2.916389e-04 2.387426e-03 -9.884310e-03 1.737326e+00 -5.047031e-02 -3.318539e-02
9.999400e-01 1.313314e-03 5.713783e-03 -9.256529e-03 1.715222e+00 -4.293763e-02 2.081106e-02
9.999674e-01 -5.626959e-04 1.415835e-03 -7.933520e-03 1.718174e+00 -4.639718e-02 7.931138e-03
9.999671e-01 2.283407e-03 -7.690642e-04 -7.750841e-03 1.723838e+00 -5.063899e-02 -1.341059e-03
9.999642e-01 1.210321e-03 -1.802168e-04 -8.376475e-03 1.744074e+00 -3.143463e-02 1.867775e-02
9.999576e-01 -2.463063e-04 2.024104e-03 -8.971830e-03 1.770155e+00 -3.719339e-02 -4.734556e-03
9.999539e-01 -2.298238e-03 -1.538335e-03 -9.200285e-03 1.744034e+00 -4.082382e-02 2.044963e-02
9.999459e-01 1.234547e-03 -3.693444e-03 -9.645829e-03 1.761838e+00 -4.276062e-02 2.432896e-02
9.999323e-01 2.992594e-03 3.366334e-03 -1.073099e-02 1.774964e+00 -3.191838e-02 1.141917e-02
9.999396e-01 -1.600144e-04 3.367427e-03 -1.045726e-02 1.730987e+00 -4.584735e-02 3.098692e-02
9.999573e-01 -7.189368e-04 -4.578029e-04 -9.199779e-03 1.758890e+00 -3.888340e-02 1.428969e-02
9.999540e-01 2.020764e-03 -6.470647e-04 -9.353299e-03 1.781091e+00 -3.968385e-02 3.170722e-02
9.999467e-01 1.075599e-03 2.265690e-03 -1.001320e-02 1.772136e+00 -3.960878e-02 3.687901e-02
9.999432e-01 -1.033399e-03 3.675313e-03 -9.953687e-03 1.758081e+00 -4.815358e-02 2.475075e-02
9.999576e-01 -3.841204e-04 -1.362735e-03 -9.104818e-03 1.791403e+00 -3.085476e-02 3.020551e-02
9.999471e-01 3.257469e-03 -3.376414e-03 -9.154312e-03 1.787227e+00 -2.226751e-02 3.691729e-02
9.999446e-01 1.471164e-03 -1.665747e-04 -1.042597e-02 1.777014e+00 -5.274314e-02 4.973972e-02
9.999382e-01 -1.236107e-03 3.510505e-03 -1.047014e-02 1.754937e+00 -4.339146e-02 3.426741e-02
9.999513e-01 -4.832758e-04 8.328653e-04 -9.825165e-03 1.774442e+00 -4.299381e-02 4.857306e-02
9.999525e-01 7.117243e-04 -1.172411e-03 -9.645757e-03 1.824360e+00 -4.431657e-02 5.995364e-02
9.999456e-01 1.829492e-03 3.607851e-03 -9.609395e-03 1.758386e+00 -5.026078e-02 6.565008e-02
9.999422e-01 -4.165318e-03 -8.486392e-04 -9.878061e-03 1.788817e+00 -4.139774e-02 1.162128e-02
9.999514e-01 1.396538e-03 2.624247e-03 -9.404555e-03 1.778646e+00 -4.626380e-02 2.531755e-02
9.999050e-01 7.562345e-03 -3.106005e-03 -1.109358e-02 1.805882e+00 -2.192356e-02 1.419908e-01
9.998924e-01 -7.572887e-04 -1.894655e-03 -1.452989e-02 1.784455e+00 -4.243941e-02 7.099621e-02
9.998928e-01 1.623076e-03 1.819169e-03 -1.444075e-02 1.810517e+00 -5.780269e-02 6.550493e-02
9.999166e-01 -2.937965e-03 2.548843e-03 -1.231372e-02 1.815175e+00 -4.583686e-02 9.428006e-02
9.999454e-01 4.258779e-03 3.101645e-03 -9.019532e-03 1.812211e+00 -2.831234e-02 1.142740e-01
9.999599e-01 -3.266158e-04 -1.352122e-03 -8.847617e-03 1.812893e+00 -3.628583e-02 7.898980e-02
9.999399e-01 5.420988e-03 2.774577e-03 -9.114832e-03 1.780478e+00 -3.518375e-02 1.300904e-01
9.999533e-01 -1.936957e-03 -1.004540e-04 -9.467338e-03 1.807706e+00 -5.447491e-02 5.618388e-02
9.999378e-01 4.263331e-03 2.556495e-03 -9.983262e-03 1.821095e+00 -1.703613e-02 1.886015e-01
9.999454e-01 -8.623432e-04 -1.448669e-03 -1.030783e-02 1.793209e+00 -6.478556e-02 7.788416e-02
9.999285e-01 2.571908e-03 2.245555e-03 -1.146372e-02 1.788740e+00 -2.252354e-02 1.587859e-01
9.999270e-01 -1.199461e-03 -1.136728e-03 -1.196951e-02 1.788179e+00 -6.235831e-02 9.712184e-02
9.999244e-01 2.507326e-03 3.236418e-04 -1.203875e-02 1.794580e+00 -4.585044e-02 1.630457e-01
9.999249e-01 7.541586e-04 6.965487e-04 -1.221410e-02 1.746539e+00 -2.752273e-02 1.132580e-01
9.999189e-01 2.656507e-03 -4.850554e-04 -1.244845e-02 1.755319e+00 -4.268099e-02 1.809089e-01
9.999234e-01 1.356226e-03 4.404413e-04 -1.229524e-02 1.724177e+00 -3.601480e-02 1.268169e-01
9.999232e-01 1.194165e-03 1.330361e-03 -1.226364e-02 1.709203e+00 -3.563070e-02 1.667206e-01
9.999267e-01 -6.375177e-04 2.078322e-03 -1.190814e-02 1.702938e+00 -4.467515e-02 1.494420e-01
9.999355e-01 2.554332e-03 2.026040e-03 -1.087887e-02 1.686186e+00 -3.621414e-02 1.987933e-01
9.999392e-01 1.153509e-03 1.491158e-03 -1.086226e-02 1.672044e+00 -3.941274e-02 1.629437e-01
9.999403e-01 2.661269e-03 2.005234e-03 -1.040134e-02 1.667891e+00 -4.432906e-02 1.870404e-01
9.999490e-01 8.579070e-04 2.033327e-03 -9.857053e-03 1.653784e+00 -3.241309e-02 2.290664e-01
9.999577e-01 1.192155e-03 2.461178e-03 -8.780157e-03 1.652871e+00 -4.410596e-02 1.781033e-01
9.999638e-01 2.856815e-03 1.049725e-03 -7.944853e-03 1.654755e+00 -3.904298e-02 2.192206e-01
9.999593e-01 -4.510990e-06 1.693983e-03 -8.864616e-03 1.631961e+00 -3.092282e-02 2.227274e-01
9.999623e-01 5.546432e-04 -1.771593e-04 -8.666589e-03 1.630828e+00 -4.082771e-02 2.312236e-01
9.999603e-01 3.485066e-04 -3.048785e-04 -8.899138e-03 1.617208e+00 -4.474015e-02 2.204653e-01
9.999638e-01 5.698301e-04 7.085116e-04 -8.456392e-03 1.617358e+00 -5.204853e-04 3.654757e-01
9.999606e-01 3.115068e-03 7.973730e-04 -8.279093e-03 1.656091e+00 -6.194554e-02 1.477977e-01
9.999578e-01 -1.441475e-03 -4.675428e-04 -9.057930e-03 1.643490e+00 -3.439159e-02 3.005929e-01
9.999653e-01 2.435317e-03 -1.047418e-03 -7.899583e-03 1.633925e+00 -1.788108e-02 2.590987e-01
9.999621e-01 -5.070156e-04 4.092140e-04 -8.682446e-03 1.634272e+00 -4.377761e-02 2.542076e-01
9.999688e-01 -7.513695e-05 1.524479e-03 -7.754280e-03 1.614437e+00 -2.321397e-02 2.883700e-01
9.999685e-01 1.412607e-03 1.473081e-03 -7.665828e-03 1.655824e+00 -3.967333e-02 2.972281e-01
9.999765e-01 4.242793e-04 8.749212e-04 -6.793953e-03 1.644715e+00 -3.590779e-02 2.729423e-01
9.999710e-01 4.383689e-03 1.590269e-04 -6.218702e-03 1.646781e+00 -2.914216e-02 2.859371e-01
9.999719e-01 -2.454371e-03 -4.429840e-04 -7.069082e-03 1.620324e+00 -2.117533e-02 3.010147e-01
9.999786e-01 -5.146877e-04 4.874784e-04 -6.501331e-03 1.633726e+00 -3.155643e-02 2.766211e-01
9.999773e-01 2.121179e-04 -5.736321e-04 -6.714368e-03 1.632535e+00 -3.334373e-02 3.308570e-01
9.999708e-01 3.476710e-03 8.887325e-04 -6.752811e-03 1.643967e+00 -2.477148e-02 2.816496e-01
9.999559e-01 2.280869e-03 -1.076667e-03 -9.043801e-03 1.625845e+00 -4.636149e-02 3.048887e-01
9.999416e-01 -2.609908e-03 -1.377267e-04 -1.048852e-02 1.633932e+00 -2.887884e-02 3.143478e-01
9.999507e-01 3.479917e-04 1.648503e-03 -9.790025e-03 1.659115e+00 -5.004840e-02 2.754701e-01
9.999505e-01 -2.425320e-03 -8.608634e-04 -9.604305e-03 1.631308e+00 -4.414393e-02 3.844375e-01
9.999601e-01 -1.641171e-03 5.664186e-03 -6.710475e-03 1.655999e+00 -5.331625e-03 2.555102e-01
9.999015e-01 1.110608e-02 -5.349986e-03 -6.708466e-03 1.722634e+00 -9.104131e-02 3.472056e-01
9.999299e-01 -5.296484e-03 4.091025e-03 -9.771572e-03 1.584048e+00 4.611727e-04 3.405265e-01
9.998986e-01 1.301940e-02 2.057614e-03 -5.393806e-03 1.706288e+00 -1.105837e-02 4.512378e-01
9.999679e-01 -1.882765e-03 -1.706112e-03 -7.605858e-03 1.677476e+00 -3.723796e-02 2.708044e-01
9.999593e-01 -5.444801e-03 3.837591e-03 -6.088828e-03 1.672614e+00 -2.071640e-02 4.595093e-01
9.999412e-01 -7.950180e-03 5.271911e-03 -5.156302e-03 1.658576e+00 -3.852055e-02 3.296739e-01
9.999710e-01 5.406331e-03 3.811221e-03 -3.783416e-03 1.711583e+00 -5.165838e-02 4.310830e-01
9.999869e-01 5.460229e-04 -2.104485e-03 -4.622598e-03 1.720841e+00 -2.816281e-02 4.193956e-01
9.999736e-01 1.457140e-03 -5.070495e-03 -4.990104e-03 1.709688e+00 -2.984188e-02 3.850614e-01
9.999781e-01 1.497852e-03 -3.487230e-03 -5.414086e-03 1.728508e+00 -2.557269e-02 4.055268e-01
9.999724e-01 -2.539556e-03 -4.555383e-03 -5.297033e-03 1.720253e+00 -1.902719e-02 3.969770e-01
9.999748e-01 4.450496e-03 4.048918e-03 -3.789323e-03 1.767974e+00 -2.493431e-02 3.766135e-01
9.999848e-01 2.506099e-03 -3.330982e-03 -3.609187e-03 1.758249e+00 -2.698996e-02 4.019984e-01
9.999863e-01 -1.892998e-03 3.280691e-03 -3.622253e-03 1.744250e+00 -1.486827e-02 3.968684e-01
9.999934e-01 1.547318e-03 -2.052317e-03 -2.580291e-03 1.789328e+00 -3.105195e-02 4.016693e-01
9.999901e-01 -2.988902e-03 1.717981e-03 -2.818261e-03 1.783151e+00 -1.478649e-02 4.145999e-01
9.999898e-01 3.945001e-03 -1.234851e-03 -1.796414e-03 1.780530e+00 -2.704415e-02 3.929455e-01
9.999919e-01 -2.438896e-03 1.143819e-03 -3.010900e-03 1.806030e+00 -2.708462e-02 4.036100e-01
9.999979e-01 1.713914e-03 6.417884e-04 -9.085836e-04 1.817270e+00 -3.453406e-03 4.530090e-01
9.999982e-01 4.376271e-04 -7.014576e-04 -1.738751e-03 1.829692e+00 -3.831001e-02 3.903150e-01
9.999956e-01 -2.973937e-04 2.874607e-03 -6.907177e-04 1.847125e+00 -3.399375e-03 4.435529e-01
9.999903e-01 1.990462e-03 -3.877714e-03 -6.239288e-04 1.843461e+00 -1.626606e-02 4.304761e-01
9.999943e-01 -2.483216e-03 1.851500e-03 -1.388790e-03 1.849014e+00 -1.268557e-02 4.177972e-01
9.999999e-01 -3.438103e-04 -2.421935e-04 7.311321e-05 2.592485e-01 -1.948790e-02 6.275398e-02
