1.0 0.0 0.0 0.0 0.0 0.0 0.0
9.999999e-01 -1.615849e-05 -2.937895e-05 3.640911e-04 -1.268546e-02 3.087010e-03 -1.137256e-04
1.000000e+00 1.713102e-05 -2.285971e-06 -4.636823e-05 4.788737e-04 4.557973e-03 9.289075e-04
1.000000e+00 3.875641e-05 8.345920e-05 1.501044e-04 1.145567e-03 1.200194e-03 -2.146225e-03
1.000000e+00 -8.129614e-05 -1.181363e-04 -1.670158e-04 -6.278776e-03 -2.244879e-03 3.117346e-03
1.000000e+00 5.280691e-05 1.002059e-04 -1.708221e-05 4.263314e-04 8.860351e-04 -3.629045e-03
1.000000e+00 4.276042e-05 -4.862396e-05 3.725056e-05 2.971140e-03 -1.094772e-03 1.462242e-03
1.000000e+00 -3.646044e-05 1.614436e-05 4.098731e-05 2.534695e-03 5.821097e-04 -9.925636e-04
1.000000e+00 1.955546e-05 -1.043212e-04 5.263623e-05 -5.386059e-03 9.107480e-04 2.756016e-03
1.000000e+00 -2.525517e-05 5.847744e-05 -2.274753e-04 2.365465e-03 -4.704157e-03 -2.602455e-03
9.999999e-01 -5.297618e-05 7.532669e-05 2.330541e-04 -4.045494e-03 1.030179e-02 3.501800e-03
1.000000e+00 -1.244659e-05 -3.277936e-05 -3.050257e-04 8.640144e-04 -6.572908e-03 -2.717495e-03
1.000000e+00 3.146774e-05 -1.291626e-05 1.944837e-04 2.216432e-03 1.687286e-04 7.085978e-04
1.000000e+00 -2.104203e-05 -7.550449e-07 -1.396957e-04 6.355943e-04 -5.503510e-03 -2.615016e-03
1.000000e+00 2.839194e-05 7.610231e-05 1.310883e-04 4.349454e-03 8.244702e-03 3.559604e-03
1.000000e+00 6.298527e-05 -1.997124e-04 5.919427e-05 -2.092472e-03 -1.544821e-02 -2.469407e-03
1.000000e+00 -1.146398e-04 1.713678e-04 -1.827047e-04 -3.930144e-04 1.346233e-02 9.942994e-04
9.999999e-01 1.307819e-04 -7.193517e-05 2.587471e-04 1.105573e-03 -2.369757e-03 -1.468645e-03
1.000000e+00 -8.594893e-05 3.021980e-05 -2.163404e-04 3.339373e-04 -3.664600e-03 2.450061e-03
1.000000e+00 -4.894791e-05 -2.865351e-05 1.898187e-05 -4.473370e-03 -2.467034e-03 -2.873614e-03
1.000000e+00 5.665492e-05 1.669295e-05 -3.723563e-05 2.865239e-03 -3.618934e-05 5.954860e-04
1.000000e+00 -7.974527e-06 -1.086211e-04 2.162779e-05 -6.923365e-03 1.823557e-03 3.712792e-03
1.000000e+00 -5.339730e-06 7.460559e-05 1.448746e-04 8.394973e-03 6.369275e-03 -1.160642e-03
1.000000e+00 9.875437e-05 1.867976e-05 4.084448e-05 -2.017999e-03 9.213171e-04 -1.769289e-03
1.000000e+00 -6.186610e-05 3.443663e-05 -6.402048e-05 -2.451237e-03 -3.775958e-04 -1.451692e-03
1.000000e+00 1.503420e-05 -2.446233e-05 5.550430e-05 4.567859e-03 -1.621377e-03 1.370407e-03
1.000000e+00 -2.298645e-05 2.406189e-05 -1.670049e-04 3.213363e-03 5.522655e-04 -1.552008e-04
1.000000e+00 1.413762e-05 -2.321266e-05 7.552650e-06 4.630420e-04 1.827569e-03 8.123771e-04
1.000000e+00 -5.070294e-06 -2.652122e-05 1.023087e-04 -2.808592e-03 -4.655481e-03 -1.247776e-03
1.000000e+00 -5.753875e-05 3.348283e-05 -4.285935e-05 4.052868e-03 2.018823e-03 8.801472e-04
1.000000e+00 -1.146504e-05 -1.429893e-05 -2.812575e-05 -5.340071e-03 -4.327258e-03 1.006003e-03
1.000000e+00 1.112100e-04 -1.605321e-05 3.687800e-05 -2.236163e-03 -2.292338e-04 -2.679996e-04
1.000000e+00 -6.306524e-05 5.364641e-05 -1.244628e-04 2.464503e-03 4.617241e-03 -7.387647e-04
1.000000e+00 3.028795e-05 3.069075e-05 2.128948e-04 1.763183e-03 1.290218e-03 9.609021e-04
1.000000e+00 1.491665e-05 8.937664e-06 -4.932691e-05 1.598634e-03 -6.665696e-05 -1.740919e-03
1.000000e+00 -8.315650e-05 -6.860902e-05 -2.346113e-05 -1.708554e-04 5.372095e-04 1.669693e-03
1.000000e+00 -4.274019e-05 1.522232e-05 -2.278896e-04 -3.309788e-03 -1.159508e-02 -2.775612e-03
1.000000e+00 3.559308e-05 9.279174e-06 2.133213e-04 4.320077e-04 1.356010e-02 1.938158e-03
1.000000e+00 3.683268e-05 -2.973626e-05 1.518610e-05 1.131714e-03 -7.261358e-03 1.094071e-03
1.000000e+00 3.288375e-05 2.335639e-05 1.189261e-05 3.450710e-03 7.787350e-03 -2.857073e-04
1.000000e+00 -4.677887e-05 -1.987714e-05 -5.394671e-05 -2.669024e-04 -8.192840e-03 -2.254325e-03
1.000000e+00 -2.160550e-05 4.414071e-05 -4.512402e-05 -7.164149e-04 4.312036e-03 1.597796e-03
1.000000e+00 -7.573392e-05 -2.610033e-05 8.329807e-05 2.184726e-03 -1.008882e-03 1.870854e-03
1.000000e+00 1.985305e-04 -4.441495e-05 1.083885e-04 -6.965462e-04 4.219573e-03 -3.246522e-03
1.000000e+00 -8.563670e-05 -8.902656e-08 -1.123496e-04 -2.260971e-03 -3.056579e-03 8.919654e-04
1.000000e+00 1.887691e-05 4.186890e-05 -3.528060e-05 -3.196114e-03 5.928814e-04 3.327170e-03
1.000000e+00 1.235387e-05 3.500477e-06 2.106859e-04 5.485859e-03 -8.014400e-05 -2.579474e-03
1.000000e+00 1.412517e-06 -2.478555e-05 -6.058485e-05 -3.661668e-03 2.031773e-03 2.860863e-04
1.000000e+00 -1.820154e-05 3.422433e-05 -2.159285e-04 -3.102919e-03 -1.640062e-03 -1.595250e-03
1.000000e+00 -5.125814e-05 2.488948e-05 1.924014e-04 7.918881e-04 7.048566e-04 1.941835e-03
1.000000e+00 3.568273e-05 -1.946637e-05 -2.118093e-04 2.376491e-03 -6.583031e-03 -1.579804e-03
1.000000e+00 4.835304e-05 -2.455738e-05 1.284013e-04 1.385000e-03 4.868541e-03 1.890439e-03
1.000000e+00 -2.122182e-05 3.734469e-05 6.855142e-05 2.851948e-03 3.876939e-03 -3.652004e-03
1.000000e+00 -1.201616e-05 1.676016e-05 -4.293340e-05 -5.167017e-03 -3.294028e-03 4.021760e-03
1.000000e+00 8.128444e-05 -1.008141e-04 -5.660241e-05 1.352695e-03 -2.565958e-03 -1.607200e-03
1.000000e+00 -6.577401e-05 -5.813808e-06 -2.518686e-05 5.187586e-03 2.968060e-03 9.166474e-04
1.000000e+00 2.469096e-05 5.894287e-05 1.060514e-04 -2.765768e-03 1.058867e-03 -1.743277e-03
1.000000e+00 -7.056032e-05 6.153507e-05 9.962489e-05 1.639878e-03 1.120297e-03 3.181380e-03
1.000000e+00 7.657267e-05 -1.250447e-04 -1.200869e-04 -1.093563e-03 6.522820e-04 -3.233536e-03
1.000000e+00 -6.585470e-05 9.589959e-05 -9.406515e-05 -2.328246e-03 -6.704565e-03 6.337054e-05
1.000000e+00 -4.811805e-05 -7.166454e-05 1.068155e-05 -6.715292e-04 1.813173e-03 -9.906662e-04
1.000000e+00 6.632696e-06 3.575236e-05 2.217519e-04 1.759622e-03 2.637143e-03 3.193125e-03
1.000000e+00 9.868483e-05 -1.274064e-05 -1.200415e-04 -3.109934e-03 2.327624e-03 -3.205580e-03
1.000000e+00 -2.448864e-05 2.434806e-05 2.311176e-05 1.505360e-03 -1.187040e-03 1.512036e-03
1.000000e+00 -9.472550e-06 3.771704e-06 -8.030768e-05 4.778109e-03 -1.471763e-03 1.840119e-04
1.000000e+00 -5.493310e-05 5.224754e-05 -4.917741e-05 -6.226472e-03 -7.958679e-04 4.316654e-04
1.000000e+00 4.205607e-05 -9.451317e-05 1.741729e-04 7.293370e-03 6.173188e-03 -3.293666e-04
1.000000e+00 -6.541889e-06 1.216162e-04 -2.910271e-05 -6.193791e-04 -2.106629e-03 -1.908576e-03
1.000000e+00 -3.193681e-05 -1.174279e-04 -8.974932e-05 8.130361e-03 -4.120219e-05 1.963945e-03
1.000000e+00 -2.739790e-05 2.813291e-05 -5.836766e-06 -1.306618e-02 -5.610594e-03 -1.263866e-03
1.000000e+00 2.941532e-05 -7.105906e-05 8.624065e-05 2.333201e-03 4.496488e-03 2.422200e-03
1.000000e+00 7.088556e-05 9.455975e-05 -7.735390e-05 2.815428e-04 1.468092e-04 -2.222861e-03
1.000000e+00 2.255287e-06 -8.081166e-05 1.044790e-04 -2.300900e-04 1.013824e-03 1.864501e-03
1.000000e+00 -7.237780e-05 9.985879e-06 -1.026625e-05 -3.236218e-03 -6.795554e-03 -1.689487e-03
1.000000e+00 9.395573e-05 -6.048207e-05 1.439906e-05 1.872534e-03 2.308653e-03 2.982675e-03
1.000000e+00 -7.871277e-05 1.280721e-04 -7.889345e-05 -9.756086e-04 1.331464e-03 -4.692216e-03
1.000000e+00 -8.193705e-06 3.437921e-05 6.557918e-06 2.045333e-03 3.312580e-03 2.137532e-03
1.000000e+00 3.285562e-05 -4.499231e-05 -1.095783e-04 -6.315125e-03 -4.662198e-03 -1.022262e-03
1.000000e+00 -3.906862e-05 3.158783e-05 1.284268e-04 6.360852e-03 6.305020e-03 3.381212e-03
1.000000e+00 1.070839e-04 -2.703139e-05 -8.464637e-05 2.179482e-04 -5.061052e-03 -5.058774e-03
1.000000e+00 1.356586e-05 -2.995050e-05 -1.753174e-05 -5.086241e-03 -6.807902e-03 2.059167e-03
1.000000e+00 -2.253118e-05 -4.327528e-05 1.316033e-04 9.072958e-03 3.477249e-03 -4.010529e-06
1.000000e+00 -6.947266e-05 4.318300e-05 -6.904879e-05 -2.164326e-03 4.863951e-03 2.354817e-03
1.000000e+00 4.294841e-05 3.055955e-05 -1.222645e-04 -3.808864e-03 -1.336497e-03 -2.454497e-03
1.000000e+00 -2.258775e-05 2.006897e-06 1.170667e-04 -2.378952e-04 1.528179e-03 1.038469e-03
1.000000e+00 -4.376112e-05 -7.057199e-05 -1.756987e-04 -1.828648e-03 -7.428040e-03 9.322279e-04
1.000000e+00 -7.603019e-05 7.573899e-05 1.391481e-04 4.317551e-03 2.908751e-03 -1.648752e-04
1.000000e+00 1.160283e-04 -1.935607e-05 1.301442e-04 1.155857e-03 2.744100e-03 -1.242418e-03
1.000000e+00 2.691360e-05 2.248971e-05 7.699487e-06 -4.189028e-03 5.367141e-03 1.134308e-03
1.000000e+00 1.105255e-05 -1.341109e-04 -1.547473e-04 5.249699e-04 -1.233496e-02 9.067256e-06
1.000000e+00 -2.451384e-05 1.506540e-04 1.516512e-04 2.262075e-03 1.150322e-02 -2.116727e-03
1.000000e+00 1.379678e-05 -4.392988e-05 -1.600416e-05 -3.442703e-03 -4.033545e-03 8.292786e-05
1.000000e+00 -6.750542e-05 1.815223e-05 8.763750e-06 5.511140e-03 5.406423e-04 1.421618e-03
1.000000e+00 9.642323e-05 2.968173e-05 4.237857e-05 -1.042687e-03 3.356105e-03 -2.338446e-03
1.000000e+00 -9.191619e-05 -4.833899e-05 -7.727058e-05 -1.308827e-03 -3.255745e-03 3.359876e-03
1.000000e+00 1.462448e-05 -4.847110e-05 -1.600837e-04 -1.057995e-02 -5.884823e-03 -2.243275e-03
1.000000e+00 5.637052e-05 5.286989e-05 1.673516e-04 7.997754e-03 4.056464e-03 1.765368e-03
1.000000e+00 -1.516007e-05 -8.913981e-05 -6.266306e-05 -5.053085e-03 -1.598458e-03 9.302301e-04
1.000000e+00 -9.246052e-05 9.320216e-05 -1.318313e-05 1.045172e-02 1.310384e-03 -1.167394e-03
1.000000e+00 1.053219e-04 -3.558029e-05 -1.496761e-04 -9.335391e-03 1.153557e-03 -1.197992e-03
1.000000e+00 -2.355477e-05 3.680013e-05 9.967063e-05 3.293069e-03 1.333929e-03 3.812358e-03
1.000000e+00 -4.070010e-05 -2.983499e-05 8.362493e-06 1.149513e-03 2.941611e-03 -2.251417e-03
1.000000e+00 -4.647178e-06 5.118786e-05 7.517684e-05 -2.356628e-03 -5.032066e-03 -1.246782e-03
1.000000e+00 7.842954e-05 -7.155275e-05 -1.077106e-04 2.550179e-03 -1.839305e-03 5.376561e-04
1.000000e+00 -8.272994e-05 5.763005e-05 4.552582e-05 3.727324e-04 6.852202e-03 1.803056e-03
1.000000e+00 -1.724353e-05 -7.497747e-05 1.278145e-04 1.929999e-03 -4.596570e-03 -8.699708e-04
1.000000e+00 9.130185e-05 8.218516e-05 -1.908448e-05 -3.572351e-03 2.294014e-03 -2.130160e-03
1.000000e+00 -5.194532e-05 -1.227623e-04 -1.413418e-04 -1.432333e-03 -5.817106e-03 1.671101e-03
1.000000e+00 6.618316e-05 9.653126e-05 1.068400e-04 5.820085e-03 4.888222e-03 -8.319441e-04
1.000000e+00 -3.669781e-05 -6.238844e-05 -1.447026e-04 -1.204432e-02 -6.914939e-03 1.987881e-03
1.000000e+00 -4.616161e-06 -7.611591e-06 1.633533e-04 4.449368e-03 2.343589e-03 -3.431304e-03
1.000000e+00 -4.961213e-05 2.036877e-05 -5.688513e-05 -8.392881e-03 -5.303971e-03 2.928614e-03
1.000000e+00 1.474101e-05 6.985235e-05 2.808834e-05 1.516055e-02 8.291957e-03 -2.823511e-03
1.000000e+00 -1.155194e-05 -5.021734e-05 -6.154750e-05 -3.393949e-03 -1.093158e-03 2.733729e-03
1.000000e+00 4.770570e-05 7.856787e-06 9.427622e-05 1.472360e-03 1.360759e-03 -3.522012e-03
1.000000e+00 1.484729e-05 -3.271792e-05 -4.523443e-06 -2.245965e-04 -9.359725e-03 3.693460e-03
1.000000e+00 -5.076110e-05 3.510810e-05 -1.612678e-04 -5.853212e-03 4.410024e-03 -1.540010e-03
1.000000e+00 2.823478e-05 -3.048294e-05 1.838056e-05 3.579588e-03 -9.300810e-04 1.750169e-03
1.000000e+00 8.334495e-05 8.013166e-05 1.439834e-04 4.450764e-03 7.969910e-03 -5.398990e-03
1.000000e+00 -9.556506e-05 -8.878416e-06 8.318728e-05 -5.865196e-03 -1.234211e-03 6.436597e-03
1.000000e+00 1.638035e-06 -7.652366e-05 -1.159926e-04 3.684467e-03 -2.872448e-03 -3.103071e-03
1.000000e+00 -9.420158e-05 3.974285e-05 -2.667333e-05 -1.353511e-05 2.639074e-03 1.280412e-03
1.000000e+00 9.748320e-05 -3.151905e-05 8.118591e-05 -1.131290e-05 1.928470e-03 -1.071877e-03
1.000000e+00 7.247781e-06 3.892045e-05 -1.349596e-04 -6.953344e-03 -7.939388e-04 2.404893e-03
1.000000e+00 -8.844163e-06 4.478857e-05 3.190735e-05 1.077190e-02 3.152996e-03 -3.174296e-03
1.000000e+00 -2.986996e-05 1.432216e-06 7.757071e-05 -4.444467e-03 -2.930555e-03 -7.912756e-04
1.000000e+00 6.597144e-05 -1.058263e-04 4.154526e-05 2.765736e-03 -1.926057e-03 2.394892e-03
1.000000e+00 -6.843984e-06 5.583352e-05 -7.924505e-05 -8.907803e-03 -6.210013e-03 6.110179e-04
1.000000e+00 1.022478e-05 -8.981550e-05 -1.217290e-04 5.192868e-03 2.626180e-03 1.464567e-04
1.000000e+00 -8.252926e-06 9.297466e-05 5.428970e-05 7.535960e-04 9.522174e-04 -2.209861e-03
1.000000e+00 -5.236356e-05 -7.415774e-05 1.201930e-05 -3.469420e-03 -2.926159e-03 2.245289e-03
1.000000e+00 5.672539e-06 1.395017e-04 1.560853e-04 2.824324e-03 4.213412e-03 -1.951829e-03
1.000000e+00 -1.644642e-05 -2.007636e-05 -3.052452e-04 -1.935533e-03 -4.424519e-03 -3.947952e-05
1.000000e+00 4.317844e-05 -5.784439e-05 1.163247e-04 2.624141e-03 3.832156e-03 -8.950792e-04
1.000000e+00 3.842865e-05 -2.655172e-05 1.027110e-04 2.923095e-03 2.427019e-03 1.827058e-03
1.000000e+00 -6.677440e-05 4.709215e-05 2.893879e-05 -4.471182e-03 -2.901027e-03 1.125148e-03
1.000000e+00 4.519162e-06 -8.513211e-06 3.046066e-05 4.873778e-03 2.411047e-03 -2.153794e-03
1.000000e+00 3.161892e-05 -4.627985e-05 -1.820880e-05 8.759068e-05 -9.499737e-04 1.034517e-03
1.000000e+00 2.290083e-05 4.739777e-06 -5.549523e-05 -1.864240e-03 -2.181208e-03 6.201657e-04
1.000000e+00 -7.315058e-05 1.143065e-04 -1.924830e-05 -6.357633e-03 2.125988e-03 -1.744455e-03
1.000000e+00 2.281522e-05 -8.095571e-05 -7.826501e-05 1.107527e-03 -1.069690e-03 9.352837e-04
1.000000e+00 1.372815e-05 1.285918e-05 1.412631e-04 4.103140e-03 7.303758e-03 -8.004286e-04
1.000000e+00 4.540346e-06 -7.098357e-05 2.140124e-05 4.019445e-04 -1.404732e-02 1.947120e-03
9.999999e-01 4.907962e-05 8.953032e-05 -2.650752e-04 -4.057111e-03 6.208657e-03 -6.250211e-04
1.000000e+00 -1.070959e-04 -2.400193e-06 -6.105127e-05 -3.549592e-03 1.628429e-04 -8.456403e-04
1.000000e+00 6.138542e-05 -7.445841e-05 9.894800e-05 3.367684e-03 -3.573173e-03 1.176271e-03
9.999999e-01 -5.513825e-05 5.729368e-05 2.703684e-04 3.715866e-03 5.342439e-03 -9.029015e-04
1.000000e+00 -5.362954e-05 1.367680e-05 -1.875201e-04 7.285909e-04 -5.719582e-03 -9.323740e-04
1.000000e+00 1.130630e-04 -7.951578e-05 5.933115e-05 -4.507245e-03 -1.168335e-03 2.765362e-03
1.000000e+00 -1.106031e-05 1.544797e-05 -2.229164e-04 -2.071271e-03 -6.432726e-03 -3.270005e-03
1.000000e+00 4.699972e-05 3.417242e-05 2.077736e-04 5.090045e-03 1.228715e-02 2.891042e-03
1.000000e+00 3.188638e-05 -2.753928e-05 3.453700e-05 3.943169e-03 -2.314091e-03 -2.056602e-03
1.000000e+00 -1.061862e-04 6.623283e-05 3.699374e-05 9.307083e-04 1.037824e-02 2.128705e-03
1.000000e+00 1.185281e-04 -1.056164e-04 -8.097589e-05 -3.659926e-04 -9.933861e-03 -3.376750e-03
1.000000e+00 -1.525097e-04 9.535320e-05 2.741557e-05 -7.592714e-03 -1.640211e-03 3.461784e-03
1.000000e+00 -4.492093e-05 -6.447488e-05 -1.413183e-04 2.532907e-04 -9.263881e-04 -1.964755e-03
1.000000e+00 -3.752580e-06 5.585832e-05 1.039079e-04 5.406902e-03 2.240302e-03 2.374958e-03
1.000000e+00 9.501748e-05 -3.093393e-05 -7.780416e-05 -2.824409e-03 -8.350949e-04 -4.180170e-03
1.000000e+00 -4.054787e-05 2.321544e-05 -6.440766e-05 2.690973e-03 1.556411e-03 5.155795e-03
1.000000e+00 6.068610e-05 -8.531287e-06 8.080781e-05 1.998364e-03 5.597626e-03 -3.339027e-03
1.000000e+00 -1.433475e-05 3.519645e-05 5.034516e-05 -6.191107e-04 -8.227837e-03 -9.102451e-05
1.000000e+00 -1.030604e-05 -4.419658e-05 3.208398e-05 -4.267642e-04 9.279282e-03 -1.111804e-03
1.000000e+00 1.505640e-05 1.004009e-04 1.459245e-04 -7.712448e-04 2.156026e-04 6.592295e-04
1.000000e+00 -2.666462e-05 -1.657891e-04 -1.591716e-04 -2.400170e-04 -8.518379e-03 6.562283e-04
1.000000e+00 3.494592e-05 1.295378e-04 3.997301e-05 -1.284102e-03 1.207845e-03 -2.129353e-03
1.000000e+00 -5.993338e-05 -9.921250e-05 1.446887e-05 4.800131e-04 2.496614e-03 2.260636e-03
1.000000e+00 7.487029e-05 9.233901e-05 1.190528e-04 2.819092e-03 8.869767e-04 -4.206822e-04
1.000000e+00 -1.076583e-05 -3.999617e-05 -1.045368e-04 -2.077694e-04 -3.333624e-04 3.642858e-04
1.000000e+00 3.591411e-05 5.854665e-05 -7.378082e-05 -2.715245e-03 -1.086332e-03 -1.369546e-03
1.000000e+00 -8.973017e-05 -7.585650e-05 1.593470e-05 1.331419e-03 7.602336e-03 2.147368e-03
1.000000e+00 6.910178e-05 6.745201e-05 4.211992e-05 -4.965091e-04 -3.577122e-03 -3.035242e-03
1.000000e+00 -2.120834e-05 -7.568834e-05 -1.351344e-04 -4.796895e-03 5.354877e-04 4.568116e-03
1.000000e+00 1.121111e-06 8.217934e-05 1.667594e-04 9.755943e-04 -3.042213e-03 -6.166495e-03
1.000000e+00 -4.818440e-05 -7.933519e-06 -2.406504e-05 7.287570e-03 1.425281e-03 4.598930e-03
1.000000e+00 2.847236e-05 -9.474034e-05 1.272417e-05 -1.110384e-02 -5.018881e-03 -7.660118e-04
1.000000e+00 -3.389699e-05 2.175572e-05 -5.055435e-05 8.648863e-03 7.943262e-03 2.235243e-03
1.000000e+00 4.934848e-05 4.688922e-05 -2.911344e-05 -2.291749e-03 -3.311270e-03 -5.353119e-03
1.000000e+00 -2.775879e-05 9.350440e-06 2.768110e-05 3.225795e-03 3.198501e-03 3.340482e-03
1.000000e+00 4.730645e-07 2.519280e-06 -9.848374e-05 -3.613197e-03 -8.472323e-03 -5.271801e-04
1.000000e+00 -1.013713e-05 -4.910483e-05 -6.028382e-05 3.214585e-04 1.951677e-03 7.390386e-04
1.000000e+00 3.948615e-05 1.094451e-05 1.149329e-05 2.127355e-04 3.037205e-03 -6.782654e-04
1.000000e+00 -9.260775e-05 -6.222320e-05 2.408472e-05 -1.364684e-03 -7.708227e-03 2.609539e-03
1.000000e+00 1.425264e-04 8.674955e-05 1.145984e-04 2.935291e-03 7.122804e-03 -2.618240e-03
1.000000e+00 -5.313351e-05 2.411679e-05 -2.939217e-05 -1.298768e-03 5.733684e-04 1.876780e-04
1.000000e+00 9.668401e-06 -9.989661e-05 1.186114e-04 8.248069e-04 8.708355e-04 4.474899e-04
1.000000e+00 -7.605245e-05 6.115759e-05 -3.849532e-05 1.712202e-03 -1.416633e-03 2.591540e-04
1.000000e+00 1.044657e-04 -2.447187e-05 1.281235e-05 -3.572797e-03 1.436914e-03 -1.470369e-03
1.000000e+00 -6.892441e-06 -9.100292e-06 2.236900e-05 1.011043e-03 2.257126e-04 2.110350e-03
1.000000e+00 -2.839129e-05 7.639438e-05 -6.226161e-05 -1.555489e-03 1.180639e-02 -2.500256e-03
1.000000e+00 -5.957120e-05 -7.796919e-06 9.676924e-05 2.064456e-04 -1.532061e-02 1.959620e-03
1.000000e+00 9.176435e-05 -7.071213e-05 3.652881e-05 3.729178e-03 -1.640409e-03 -2.996339e-04
1.000000e+00 -2.578560e-05 9.413001e-05 -8.407911e-05 -6.522950e-03 5.586067e-03 -1.362358e-03
1.000000e+00 5.315730e-05 -9.603585e-05 4.785376e-05 2.187432e-03 -2.269975e-03 2.137120e-04
1.000000e+00 1.690299e-05 3.155383e-05 -5.267639e-05 2.684218e-03 3.912976e-03 2.543329e-03
1.000000e+00 -3.722794e-05 3.164889e-05 -3.764145e-05 -4.701538e-03 2.122204e-03 -3.181079e-03
1.000000e+00 -1.518533e-04 4.841966e-06 -5.247047e-05 3.443772e-03 -3.164829e-03 1.036336e-03
1.000000e+00 2.109127e-04 -8.488786e-05 1.787826e-04 1.885894e-03 -2.869055e-03 1.430774e-03
1.000000e+00 -7.458142e-05 7.379904e-05 -2.526467e-04 -2.257244e-03 -9.785284e-04 4.849423e-04
1.000000e+00 -1.523857e-05 4.213724e-06 8.538243e-05 3.972899e-03 1.665786e-03 -2.976459e-03
1.000000e+00 1.523557e-05 -1.246515e-05 1.144678e-04 4.465610e-03 5.220137e-03 9.707346e-05
1.000000e+00 -4.523799e-05 -4.800664e-05 -4.643639e-05 -3.380920e-03 -5.512735e-03 1.712321e-03
1.000000e+00 -4.012608e-05 9.033134e-05 -1.372529e-04 -4.988098e-03 -1.811419e-04 -1.945079e-03
1.000000e+00 7.308468e-05 -6.282611e-05 3.179058e-05 -1.038407e-03 1.270828e-04 2.074973e-03
1.000000e+00 -1.510517e-05 1.262667e-05 -2.841965e-05 1.994369e-03 -6.560311e-03 -2.935912e-03
1.000000e+00 5.508500e-07 -5.114606e-05 -2.697442e-05 -2.842529e-04 -1.278934e-03 3.463058e-03
1.000000e+00 -6.502660e-05 1.096462e-04 8.167013e-05 -3.466787e-03 7.778857e-03 -2.446904e-03
1.000000e+00 -1.445522e-05 -1.390264e-04 -8.121088e-05 2.870660e-03 -4.298094e-03 2.863304e-03
1.000000e+00 5.458071e-05 1.078311e-04 1.276943e-04 1.256575e-03 4.480057e-03 -3.025382e-03
1.000000e+00 2.022440e-05 -4.803113e-05 -9.028385e-05 -4.699442e-03 -5.849238e-03 3.429083e-03
1.000000e+00 -6.785245e-06 4.585692e-05 5.805214e-05 4.354044e-03 7.920303e-03 -2.328573e-03
1.000000e+00 3.504852e-05 -3.241867e-05 -7.072453e-05 -2.213042e-03 -4.194632e-03 1.413018e-03
1.000000e+00 7.296333e-05 -1.040406e-05 -1.160477e-05 5.405424e-04 -2.114899e-03 -2.148403e-03
1.000000e+00 -1.950481e-04 2.413970e-05 4.229199e-05 -2.913721e-03 -1.112678e-03 3.486157e-03
1.000000e+00 9.837476e-05 -2.560647e-05 1.917770e-05 3.115329e-03 6.196795e-03 -2.710904e-03
1.000000e+00 -5.418500e-05 2.629522e-05 -1.038559e-04 -1.868025e-03 -6.487913e-03 1.202766e-03
1.000000e+00 9.360342e-05 -4.119073e-05 1.442742e-04 2.363428e-03 2.347624e-03 -1.746756e-03
1.000000e+00 -1.046338e-04 5.913103e-05 -5.551947e-05 3.377724e-04 -3.130169e-03 2.914866e-03
1.000000e+00 4.128859e-05 -2.036830e-05 1.039959e-04 3.394556e-03 1.158277e-02 -4.043839e-03
1.000000e+00 -2.310908e-05 4.225888e-05 -6.206200e-05 -6.924960e-03 -8.236310e-03 3.152443e-03
1.000000e+00 8.062227e-05 -7.946531e-05 8.253767e-05 2.454480e-03 4.531015e-04 -1.189587e-03
1.000000e+00 1.576438e-05 7.217420e-05 -1.204233e-04 -2.100737e-03 -3.948963e-03 5.838640e-04
1.000000e+00 6.424760e-06 -7.186849e-05 1.796189e-04 5.103699e-04 5.387315e-03 -1.254640e-03
1.000000e+00 -2.100929e-05 6.666978e-05 -8.353318e-05 -3.918217e-04 -5.726385e-03 -2.438218e-04
1.000000e+00 -7.104082e-05 -8.169170e-05 -9.336774e-05 7.430140e-04 5.373884e-04 2.075162e-03
1.000000e+00 5.652151e-05 1.024623e-04 2.086765e-04 2.598359e-03 1.130163e-02 -1.460636e-03
1.000000e+00 -3.862672e-05 -7.781244e-05 -2.327446e-04 -6.668239e-03 -1.020968e-02 -2.502471e-04
1.000000e+00 -4.555047e-05 1.146051e-04 8.620720e-05 7.953049e-03 1.024360e-02 -1.676722e-04
1.000000e+00 5.619622e-05 -1.130205e-04 -1.046437e-04 -6.448758e-03 -8.774304e-03 2.537225e-03
1.000000e+00 7.248869e-06 5.680482e-05 1.008896e-04 2.549266e-03 8.988676e-04 -1.468739e-03
1.000000e+00 5.217877e-05 -2.339847e-05 -1.414672e-04 7.143162e-05 -6.477829e-04 -8.176590e-04
1.000000e+00 -6.788584e-05 8.872848e-06 1.089412e-04 1.701012e-04 -1.139786e-04 -1.230274e-03
1.000000e+00 3.695304e-05 -5.771906e-06 -5.712728e-05 5.642556e-04 4.058561e-03 4.372037e-04
1.000000e+00 1.547530e-05 -1.443701e-05 -8.384014e-05 8.463264e-04 -3.121252e-03 1.282077e-03
1.000000e+00 -4.654747e-05 -3.719782e-05 2.238368e-04 -6.538212e-03 -9.249578e-05 2.544615e-04
1.000000e+00 -8.391744e-06 1.064651e-04 -1.310224e-05 9.529363e-03 6.533833e-03 -1.781908e-03
1.000000e+00 3.416947e-06 -4.600780e-05 -1.258174e-04 -1.213751e-03 -3.923923e-03 7.438750e-05
1.000000e+00 -6.534344e-05 1.612809e-05 3.669718e-05 -2.637703e-03 -1.843720e-03 1.978851e-03
1.000000e+00 5.643169e-05 -5.759508e-05 3.731986e-05 3.371286e-03 8.750215e-05 -2.933652e-04
1.000000e+00 7.703230e-05 6.180638e-05 1.054502e-04 -1.039136e-03 2.013634e-04 -2.587598e-03
1.000000e+00 -3.622349e-05 -5.500009e-05 -1.110483e-04 -4.698140e-03 -3.128300e-03 2.255078e-03
1.000000e+00 -4.206918e-05 6.329273e-05 -3.056767e-06 6.230454e-03 3.351798e-03 -8.501299e-04
1.000000e+00 -3.800054e-05 -7.507844e-05 6.458356e-05 -3.218866e-03 2.657961e-05 1.570635e-03
1.000000e+00 1.143717e-04 1.758587e-05 -4.199738e-05 -3.106206e-03 7.071141e-04 -4.202798e-04
1.000000e+00 1.116619e-05 6.072532e-05 1.872479e-04 7.885577e-03 -1.994172e-03 -1.923674e-03
1.000000e+00 -7.895587e-05 8.442551e-06 -1.748780e-04 7.144176e-04 5.992710e-03 -3.087376e-04
1.000000e+00 -4.851977e-05 -6.248101e-05 2.497035e-05 -5.607109e-03 -2.450851e-03 2.889979e-03
1.000000e+00 3.903659e-05 1.223160e-05 -3.085225e-06 3.739442e-03 -9.551546e-04 -1.335022e-03
1.000000e+00 4.800976e-05 1.954996e-05 -5.098982e-05 -7.766637e-03 -3.890404e-04 3.601222e-04
1.000000e+00 -1.511795e-05 3.904321e-06 5.936500e-05 6.011915e-03 3.414966e-03 -4.967978e-04
1.000000e+00 8.518517e-05 3.522198e-05 1.689435e-04 -3.723251e-03 5.321206e-03 1.267949e-03
1.000000e+00 -1.274274e-04 -5.477436e-05 -2.254012e-04 3.041168e-03 -7.427431e-03 -1.661543e-03
1.000000e+00 4.069832e-05 -3.176819e-05 7.783688e-05 -6.164743e-03 5.449661e-05 2.980827e-03
1.000000e+00 -3.493299e-05 4.334902e-05 -2.367819e-04 5.010285e-03 -1.089695e-02 -4.343120e-03
1.000000e+00 2.091134e-05 -2.228173e-05 2.101125e-04 2.388940e-03 1.095955e-02 3.737593e-03
1.000000e+00 3.069661e-05 4.864983e-06 -1.767685e-04 -2.254785e-04 -4.067040e-03 -3.047002e-03
1.000000e+00 -8.385683e-05 3.400054e-05 1.977031e-04 5.132123e-03 8.597411e-03 3.930834e-03
1.000000e+00 6.669129e-05 -1.272950e-05 -1.746721e-04 -5.480993e-03 -2.718215e-03 -3.990252e-03
1.000000e+00 -9.840416e-05 5.575666e-05 9.583384e-05 -1.690537e-03 -1.117928e-03 9.922917e-04
1.000000e+00 7.710422e-05 -8.956613e-05 6.348512e-05 4.665543e-03 -2.481311e-03 -1.015721e-04
1.000000e+00 -6.220255e-06 5.784573e-05 -8.236030e-05 -6.252567e-03 -1.374829e-03 2.181809e-03
1.000000e+00 5.928116e-05 -7.710987e-05 5.239451e-05 7.535876e-04 4.874657e-04 -1.732573e-03
1.000000e+00 -8.682501e-05 4.284682e-05 -5.209885e-05 1.416057e-03 -5.210621e-03 4.444855e-04
1.000000e+00 7.865294e-05 -1.794963e-05 9.581287e-05 -5.080567e-03 5.795079e-03 9.882175e-06
1.000000e+00 -5.436443e-05 2.604630e-05 2.190302e-05 8.348989e-03 6.464007e-04 -1.971103e-03
1.000000e+00 6.920350e-05 -9.148440e-06 -8.080337e-05 2.435300e-03 7.001485e-03 3.216863e-03
1.000000e+00 -5.848649e-05 -1.365150e-05 4.343526e-05 -9.412800e-03 -1.307844e-02 -1.083819e-03
1.000000e+00 5.405587e-05 -3.458267e-05 -7.490710e-05 -6.985021e-04 6.208740e-03 1.777994e-03
1.000000e+00 -6.652240e-06 7.206483e-05 4.640833e-05 2.969248e-03 -2.022457e-03 -2.964061e-03
1.000000e+00 -6.726974e-05 -2.085738e-05 -6.502875e-05 -2.609442e-03 -9.569891e-04 1.855297e-03
1.000000e+00 2.249661e-05 -3.219539e-05 1.916964e-04 6.418594e-05 -1.257633e-03 -2.459532e-03
1.000000e+00 1.361673e-05 2.712750e-05 -1.270100e-04 7.090860e-03 5.207031e-03 2.606202e-03
1.000000e+00 6.318766e-05 -8.092627e-06 -2.290196e-05 1.130796e-03 -5.647105e-04 -1.247974e-03
1.000000e+00 -1.840414e-04 -2.816127e-05 4.843789e-05 -4.175697e-03 -1.354996e-03 1.752472e-03
1.000000e+00 9.646441e-05 7.606679e-06 3.498517e-06 1.601190e-03 1.555454e-03 -2.876491e-03
1.000000e+00 5.302744e-05 -1.742537e-05 1.125530e-04 -9.348404e-04 -2.401468e-03 3.388107e-03
1.000000e+00 -3.573363e-05 2.544629e-05 -1.550635e-04 -3.461889e-03 1.842778e-04 -1.736784e-03
1.000000e+00 -3.467282e-05 -2.964132e-05 -1.300834e-05 -6.311326e-04 -1.004059e-02 3.791258e-04
1.000000e+00 -5.322287e-06 2.812647e-05 -6.850041e-05 2.544700e-03 1.065984e-02 -1.551779e-03
1.000000e+00 -1.827301e-05 6.465980e-05 1.618604e-04 3.808393e-03 2.526663e-04 1.696215e-03
1.000000e+00 1.080884e-04 -6.736791e-05 -6.361895e-05 -3.665636e-03 -1.054909e-03 -1.377679e-05
1.000000e+00 -5.712264e-05 3.310131e-05 -4.261424e-05 -2.725314e-03 2.649372e-04 -8.613776e-04
1.000000e+00 -2.407315e-05 -6.546780e-05 -5.766283e-05 3.577689e-03 -6.167622e-03 -1.387735e-03
1.000000e+00 -3.957157e-05 1.238842e-05 -4.677862e-05 -4.687056e-03 -1.999784e-03 1.820351e-03
1.000000e+00 1.018926e-04 5.837772e-06 5.120606e-06 3.855067e-03 5.103052e-03 -3.644719e-04
1.000000e+00 4.259105e-05 5.326049e-05 7.908424e-05 -6.845247e-04 3.080579e-03 6.285409e-05
1.000000e+00 -1.029194e-04 -9.623131e-05 -9.572455e-05 -4.362411e-05 -4.529088e-03 -3.184248e-04
1.000000e+00 -9.974530e-06 7.176050e-05 4.653807e-05 -5.024248e-03 1.487985e-03 1.539195e-03
1.000000e+00 2.780507e-05 -6.559575e-05 8.568896e-06 1.263421e-03 -1.715260e-03 -1.730110e-03
1.000000e+00 -2.512133e-05 1.841719e-05 8.090198e-06 5.225436e-03 2.182566e-03 9.040355e-04
1.000000e+00 4.131334e-05 1.023303e-05 -7.655717e-06 -4.242629e-03 -2.202743e-03 -7.208026e-04
1.000000e+00 6.308633e-05 7.662141e-05 1.703184e-04 1.143654e-03 7.244404e-03 6.321490e-04
1.000000e+00 -5.177146e-05 -8.034847e-05 -1.017804e-04 -1.804513e-03 -1.708352e-03 -1.154352e-03
1.000000e+00 5.916892e-05 8.661294e-05 1.161107e-06 -8.801983e-04 1.709880e-04 4.611985e-05
1.000000e+00 -6.936714e-05 -8.794649e-05 -1.106819e-04 3.292821e-03 -6.804557e-03 1.960574e-04
1.000000e+00 2.368248e-06 4.827391e-05 9.734177e-05 1.525709e-03 -1.079626e-03 -1.032218e-04
1.000000e+00 -4.646188e-05 -8.487630e-05 -6.893133e-05 -2.994657e-03 6.131742e-04 1.332955e-03
1.000000e+00 6.832516e-05 8.420625e-05 4.388169e-05 -3.556540e-03 3.408162e-03 -2.077387e-03
1.000000e+00 -6.825958e-06 -1.024728e-04 6.902744e-06 1.366655e-03 2.263971e-04 3.787250e-03
1.000000e+00 -1.390584e-04 6.547520e-05 -1.997239e-04 1.484896e-03 -9.262526e-03 -1.480006e-03
1.000000e+00 8.366432e-05 2.727161e-05 3.110641e-04 2.227214e-03 1.347899e-02 3.213295e-04
1.000000e+00 2.282991e-05 2.575723e-05 -1.351674e-04 9.857499e-04 -5.001363e-03 -3.527385e-03
1.000000e+00 -8.765652e-05 -1.290557e-05 5.474767e-05 -2.358442e-03 4.745799e-03 3.656129e-03
1.000000e+00 7.834650e-05 4.426773e-06 4.740443e-05 4.901668e-03 -1.496504e-03 -2.430656e-03
1.000000e+00 -7.816883e-05 -2.536926e-05 -3.088949e-05 -5.223994e-03 4.954587e-04 1.810710e-03
1.000000e+00 1.503147e-04 1.502276e-05 8.355212e-05 5.243903e-03 -8.911037e-04 -2.187914e-03
1.000000e+00 -9.260240e-05 -9.017891e-05 -1.501891e-04 -3.218777e-03 -4.578317e-05 3.132126e-03
1.000000e+00 -7.309599e-06 5.687218e-05 1.116957e-04 2.740931e-03 5.432417e-03 -1.947751e-03
1.000000e+00 -2.983585e-05 1.806055e-05 2.118742e-05 4.426291e-03 -1.794725e-04 2.650891e-03
1.000000e+00 1.188053e-04 1.955222e-05 4.134198e-05 -5.638371e-03 -1.573120e-03 -4.176767e-03
1.000000e+00 -2.368392e-05 -2.912619e-05 -1.396275e-06 -2.594327e-03 -6.312885e-03 2.943951e-03
1.000000e+00 -7.181139e-05 1.572946e-05 -1.792279e-04 -1.197635e-04 4.246733e-03 -1.652479e-03
1.000000e+00 2.126075e-05 1.582147e-05 -5.653625e-05 -7.736008e-04 -1.014233e-02 2.154206e-03
1.000000e+00 6.834047e-05 9.645198e-07 6.507787e-05 5.554484e-04 4.268500e-03 -2.702562e-03
1.000000e+00 -5.685810e-05 2.373440e-05 3.314528e-05 6.804959e-03 -8.102080e-04 2.115612e-03
1.000000e+00 -2.690118e-05 3.322294e-05 -5.509100e-05 -8.537847e-03 1.726308e-03 -1.911528e-03
1.000000e+00 1.064009e-04 4.157104e-06 8.120206e-05 5.496800e-03 1.967797e-03 6.404101e-04
1.000000e+00 -2.277870e-05 -1.910808e-05 3.109322e-05 -1.959412e-03 -4.524507e-03 -1.331005e-03
1.000000e+00 -4.241455e-05 4.953019e-05 -1.340051e-04 2.049121e-03 5.354037e-03 2.317013e-03
1.000000e+00 -2.608366e-05 -5.634440e-05 2.099487e-04 -7.138168e-04 -4.769904e-03 -1.267782e-03
1.000000e+00 3.808069e-05 6.829220e-05 -1.467346e-04 -5.662280e-04 -7.815337e-04 1.126447e-03
1.000000e+00 1.176891e-04 -5.191173e-05 4.658450e-05 1.382553e-03 4.117298e-03 -4.780434e-04
1.000000e+00 -1.336052e-05 9.682675e-05 -1.322399e-04 -7.294974e-03 -4.744609e-03 -1.071109e-03
1.000000e+00 -1.560926e-05 -4.409700e-05 1.169049e-04 4.821277e-03 5.883629e-03 5.322293e-04
1.000000e+00 -3.253493e-05 9.590528e-06 -9.719401e-05 -2.690350e-03 -9.957295e-03 4.851613e-04
1.000000e+00 2.307383e-05 -5.377587e-05 4.563390e-05 -1.923023e-03 2.122596e-03 2.003711e-03
1.000000e+00 -8.688989e-05 9.856950e-05 5.538943e-05 7.664140e-03 7.524850e-03 -2.905666e-03
1.000000e+00 7.580195e-05 -5.453348e-05 -2.050138e-07 1.900655e-04 6.187230e-03 1.129455e-03
1.000000e+00 8.318108e-06 7.178270e-05 -6.482718e-06 -2.550083e-03 -4.928418e-03 -2.701200e-03
1.000000e+00 -6.544980e-05 -6.871163e-05 7.324340e-05 3.259488e-03 -5.213134e-04 3.230922e-03
1.000000e+00 4.346426e-05 1.973356e-05 -5.387180e-05 5.025343e-04 -4.892097e-03 -2.036717e-03
1.000000e+00 -2.852457e-06 -5.133820e-05 -1.452484e-05 -1.450199e-03 -1.329972e-03 1.252291e-03
1.000000e+00 2.968750e-06 -3.702989e-06 1.244378e-04 1.136624e-03 2.566192e-03 1.223328e-03
1.000000e+00 -4.759964e-05 3.955966e-05 -1.568920e-04 -1.098997e-03 3.178609e-03 -8.984207e-04
1.000000e+00 4.712034e-05 1.219539e-05 -4.813824e-05 -3.577444e-03 -4.612244e-03 -1.423780e-03
1.000000e+00 -5.742670e-05 -5.170969e-06 2.737971e-05 1.205667e-03 4.213509e-03 1.017652e-03
1.000000e+00 4.317326e-05 1.743357e-05 -5.732413e-06 6.651451e-03 -3.828281e-03 -8.515025e-04
1.000000e+00 -7.353366e-05 1.267107e-06 4.068329e-05 -4.261731e-03 4.488199e-03 -1.273618e-04
1.000000e+00 -1.966645e-05 1.716011e-05 4.747357e-05 -3.556885e-03 -3.711729e-03 4.602944e-04
1.000000e+00 7.218967e-05 1.456931e-05 7.142555e-06 -2.256250e-03 3.703433e-03 4.636103e-04
1.000000e+00 3.533929e-05 -4.810489e-05 1.613500e-05 4.212326e-03 -1.996938e-03 -4.688772e-04
1.000000e+00 5.591877e-05 1.111881e-05 -2.280854e-05 -1.323148e-04 7.722026e-04 1.405791e-03
1.000000e+00 -7.994860e-05 -1.578272e-05 8.267318e-05 2.352495e-03 1.332393e-03 -1.243089e-03
1.000000e+00 -5.752551e-05 9.817405e-06 -1.974060e-04 -2.559205e-03 -3.900799e-03 1.115970e-03
1.000000e+00 8.424799e-05 2.350916e-06 -7.054547e-05 -1.606480e-04 2.950098e-03 -3.016369e-03
1.000000e+00 2.917518e-05 7.393369e-06 2.189715e-04 -1.961094e-03 -1.435643e-04 2.140389e-03
1.000000e+00 2.006969e-05 4.219696e-06 -3.476634e-06 4.876875e-03 3.765068e-03 -5.882704e-04
1.000000e+00 -1.061538e-04 3.686268e-06 -6.047121e-05 -6.370718e-03 1.218495e-03 2.072116e-03
1.000000e+00 7.466246e-05 -5.102210e-05 8.138730e-05 7.466610e-03 -2.274762e-03 -2.601679e-03
1.000000e+00 -3.944238e-05 2.711225e-05 2.730660e-06 -1.324823e-03 -1.692778e-04 2.785162e-03
1.000000e+00 4.171735e-05 -4.699224e-05 3.407382e-05 -6.373549e-04 -1.236426e-03 -1.306270e-03
1.000000e+00 -1.068796e-04 7.739918e-05 -1.524566e-04 1.365642e-03 -2.420364e-03 6.914739e-04
1.000000e+00 8.226680e-05 -6.639454e-05 1.173264e-05 3.831586e-03 -2.468041e-03 -2.683285e-03
1.000000e+00 -3.263922e-06 9.144821e-06 -9.123887e-05 1.244368e-04 3.863622e-04 5.100844e-03
1.000000e+00 -8.069111e-06 -7.222036e-06 6.411623e-05 -3.006506e-03 -3.695864e-04 -3.177748e-03
1.000000e+00 -8.448884e-05 5.869836e-05 -4.494958e-05 -4.048763e-03 -1.714308e-03 -1.092541e-04
1.000000e+00 6.921238e-05 -2.230393e-05 5.187267e-05 1.693615e-03 2.496595e-03 -8.575537e-04
1.000000e+00 3.438676e-05 5.176273e-05 1.669725e-04 1.703941e-03 6.021876e-03 6.580579e-04
1.000000e+00 7.181042e-05 -5.547135e-05 -1.534294e-04 -5.189575e-04 -3.609014e-03 -1.346485e-03
1.000000e+00 -1.295239e-04 5.282960e-05 1.175989e-04 5.739113e-03 5.124859e-03 1.726702e-04
1.000000e+00 9.429570e-05 -8.200319e-05 -3.054430e-05 -5.998063e-03 -7.126563e-04 1.961101e-03
1.000000e+00 -3.376247e-05 4.285696e-05 -2.799378e-05 1.403478e-03 -4.865058e-03 -1.576528e-04
1.000000e+00 4.681061e-05 -2.747864e-05 2.138934e-04 3.503507e-04 4.075225e-03 -3.041967e-04
1.000000e+00 -9.557391e-05 5.925530e-05 -2.681499e-04 1.056741e-03 -2.569226e-03 -1.571447e-03
1.000000e+00 1.034467e-05 -5.616401e-05 1.190599e-04 -8.477737e-03 3.127651e-03 2.937447e-03
1.000000e+00 7.352843e-05 -3.809251e-06 -1.654361e-04 -7.608747e-04 -9.540264e-03 -1.031913e-03
1.000000e+00 -3.699030e-05 -2.066523e-05 4.737320e-05 3.363940e-03 2.178364e-03 7.963828e-04
1.000000e+00 -9.559831e-05 4.259468e-05 2.392082e-05 -4.522345e-03 2.369354e-03 -2.072281e-03
1.000000e+00 6.886619e-05 -1.015157e-04 -1.689662e-05 8.513396e-03 1.659793e-03 2.503382e-03
1.000000e+00 2.442125e-05 1.398616e-04 -8.665267e-05 -4.221063e-03 2.463481e-03 -2.194495e-03
1.000000e+00 3.328040e-05 -3.345218e-05 1.990670e-04 1.980537e-03 -6.643019e-03 4.446540e-04
1.000000e+00 5.231070e-06 -5.838421e-06 -7.414334e-05 -1.503042e-03 -1.351567e-03 -2.656764e-03
1.000000e+00 -2.067371e-05 4.019437e-05 -1.240689e-04 2.011634e-03 8.746821e-03 2.798094e-03
1.000000e+00 -7.346874e-05 -6.567414e-05 2.057179e-04 -9.733398e-04 -5.449279e-03 -1.085063e-03
1.000000e+00 5.857931e-05 1.707497e-05 -5.544915e-05 1.493403e-03 1.575844e-03 2.844589e-03
1.000000e+00 7.880136e-05 -2.506675e-05 1.040580e-05 5.302214e-04 2.087648e-03 -4.075728e-03
1.000000e+00 -1.254580e-04 2.825613e-05 -7.183881e-05 2.620685e-04 -3.907828e-03 3.295757e-03
1.000000e+00 9.620246e-05 -3.142477e-05 1.205357e-04 -2.251037e-03 3.940549e-03 -2.231305e-03
1.000000e+00 -4.893061e-05 8.613978e-05 7.771900e-05 2.782445e-03 5.700871e-03 1.606799e-04
9.999999e-01 -3.271994e-05 -1.177432e-04 -2.568394e-04 2.303077e-03 -8.487240e-03 6.402954e-04
1.000000e+00 5.334013e-05 9.237805e-05 1.296288e-04 -8.671471e-04 6.694660e-03 -5.080044e-04
1.000000e+00 -3.256628e-06 -3.735312e-05 1.287132e-05 -4.815453e-03 -8.451472e-03 1.704969e-03
1.000000e+00 -1.422568e-04 -1.172390e-05 -4.797539e-05 -3.190857e-04 1.250964e-03 -7.395855e-04
1.000000e+00 1.406317e-04 -1.689445e-05 6.275703e-05 7.902574e-03 4.193291e-03 -6.245524e-04
1.000000e+00 -1.015316e-04 4.639187e-05 -1.329619e-04 -3.184958e-03 -6.686360e-03 7.547728e-04
1.000000e+00 1.008031e-04 -1.965377e-05 9.871212e-05 -2.394650e-03 6.685025e-03 -3.251433e-04
1.000000e+00 -2.395392e-05 1.155111e-05 -5.407920e-05 2.798765e-03 -3.197214e-03 -9.239111e-04
1.000000e+00 2.459817e-05 2.107111e-05 9.746975e-06 2.059692e-03 6.032741e-03 -3.985053e-04
1.000000e+00 -6.603587e-06 -1.165916e-05 6.574937e-05 -9.529667e-04 -1.246194e-03 3.054167e-03
1.000000e+00 -7.263163e-05 -3.522631e-05 -1.068514e-04 -2.478867e-03 -7.019441e-03 -2.079971e-03
1.000000e+00 1.034727e-05 4.741505e-05 5.131611e-05 1.495092e-03 3.794782e-03 -6.433243e-04
1.000000e+00 9.172079e-05 -2.778279e-05 4.674629e-05 -1.320811e-03 2.814790e-03 -9.356540e-05
1.000000e+00 -4.181327e-05 3.922239e-06 -1.442967e-04 -2.750769e-04 -1.188391e-02 7.754129e-04
1.000000e+00 -2.917657e-05 2.342367e-05 2.561181e-04 -1.583091e-03 1.195040e-02 -4.482559e-04
1.000000e+00 1.078218e-04 7.623927e-06 6.928725e-05 -3.513073e-03 -2.045747e-03 1.376953e-04
9.999999e-01 1.632944e-05 -5.376995e-05 -3.881900e-04 1.550700e-03 -2.165549e-03 4.641561e-04
1.000000e+00 -4.147211e-05 -2.544714e-05 1.181792e-04 2.139464e-03 -6.008187e-03 7.382081e-04
1.000000e+00 2.332070e-05 -2.860259e-05 6.338807e-05 -6.381103e-03 4.876574e-03 -8.446244e-04
1.000000e+00 -1.343421e-05 7.232654e-05 8.465966e-05 6.280977e-03 4.392755e-03 -3.771601e-04
1.000000e+00 -1.007259e-04 -1.009072e-07 -1.759300e-04 -1.168961e-03 2.602213e-03 1.427663e-03
1.000000e+00 1.011734e-05 6.302570e-05 3.957643e-05 -5.224698e-03 -8.175328e-03 -2.441297e-03
1.000000e+00 -4.445891e-05 -1.227833e-04 5.891299e-05 6.216639e-03 3.330527e-03 3.272878e-03
1.000000e+00 1.390382e-04 4.818240e-05 8.122925e-05 8.979698e-03 2.541080e-03 -2.642455e-03
1.000000e+00 -7.431672e-05 1.567480e-05 -1.032003e-04 -1.168604e-02 -2.229157e-03 3.222458e-04
1.000000e+00 1.342451e-06 1.832171e-05 1.636427e-05 7.052061e-03 -1.925728e-03 3.341614e-04
1.000000e+00 -1.909831e-05 -6.112705e-05 8.321095e-05 -4.481943e-03 3.340242e-03 8.757833e-04
1.000000e+00 5.020507e-05 4.465593e-05 -1.043074e-04 3.037415e-03 -4.502830e-03 -3.912073e-03
1.000000e+00 -3.841750e-05 6.723548e-06 1.595416e-04 -2.791138e-04 7.396010e-03 5.429613e-03
1.000000e+00 8.587253e-05 -4.735774e-05 -1.144671e-04 1.620534e-03 -4.128357e-03 -3.438753e-03
1.000000e+00 -6.842073e-05 -1.200977e-05 -1.089156e-05 -8.983622e-04 -1.207584e-03 3.415520e-03
1.000000e+00 9.585838e-05 3.476805e-06 6.691127e-05 9.213619e-04 2.730685e-04 -3.747191e-03
1.000000e+00 -2.146398e-04 5.467335e-05 -1.579713e-04 -2.359795e-03 -1.609631e-03 3.859594e-03
1.000000e+00 1.189384e-04 -8.966953e-05 -9.094409e-05 1.455947e-03 -2.204188e-03 -3.677476e-03
1.000000e+00 -1.558766e-05 6.651528e-05 1.758917e-04 -2.616933e-03 1.517634e-03 2.777545e-03
1.000000e+00 6.196103e-05 -3.918594e-06 8.062198e-05 2.039641e-03 7.022212e-03 -4.387854e-03
1.000000e+00 -3.179448e-05 5.103137e-05 -2.233699e-05 3.159253e-03 -4.262012e-04 3.497630e-03
1.000000e+00 -2.923850e-05 -1.537158e-04 2.780315e-05 -5.613930e-03 -4.062589e-03 -4.304267e-04
1.000000e+00 2.898057e-05 1.534584e-04 -2.253594e-05 -4.748845e-04 2.277545e-03 -2.408514e-04
1.000000e+00 3.563465e-06 -1.161345e-04 1.225103e-06 3.650781e-03 1.676788e-03 -1.103467e-03
1.000000e+00 -1.025009e-04 4.492882e-05 -1.776287e-05 1.865843e-03 -7.436383e-04 2.575510e-03
1.000000e+00 1.083437e-04 -5.867586e-05 7.438592e-05 -4.968053e-03 -1.819020e-03 -1.996181e-03
1.000000e+00 -9.260201e-05 3.495004e-05 -2.097746e-05 -3.608246e-03 2.800226e-03 1.548594e-03
1.000000e+00 8.162791e-05 -4.576168e-05 -1.318848e-04 3.752085e-03 -6.131028e-04 -8.431009e-04
1.000000e+00 -1.776100e-04 1.176774e-05 -8.280376e-05 -3.103929e-03 -1.246172e-03 3.347131e-04
1.000000e+00 1.817956e-04 -5.617027e-05 9.125372e-05 9.273486e-04 -3.428940e-03 -8.648626e-05
1.000000e+00 -9.514846e-05 1.800144e-05 7.567273e-05 -1.341752e-03 4.512886e-03 2.150677e-05
1.000000e+00 1.247858e-05 -4.330921e-05 -1.552943e-04 4.189001e-03 -3.741335e-03 1.347922e-03
1.000000e+00 -2.483019e-05 5.790471e-05 -4.793430e-05 -9.972973e-04 3.447061e-03 -1.720949e-04
1.000000e+00 7.086906e-05 -3.638762e-05 8.043545e-05 -1.786958e-04 -1.796035e-03 -1.820813e-03
1.000000e+00 -3.074497e-05 5.864480e-05 -9.411961e-05 -3.771174e-03 -2.668812e-03 1.005612e-03
1.000000e+00 9.875456e-05 -8.340578e-05 4.106372e-05 4.356117e-03 3.087440e-03 5.017170e-04
1.000000e+00 -1.087659e-04 1.006755e-04 -3.898667e-06 3.912119e-03 5.869710e-03 -2.631169e-03
1.000000e+00 -2.429838e-06 -1.019094e-04 2.284463e-04 -2.618662e-03 -3.966086e-03 3.009319e-03
1.000000e+00 2.927558e-05 1.082805e-04 -3.548474e-05 -2.284459e-03 -1.064580e-03 -1.339293e-03
1.000000e+00 -4.092882e-05 -8.759400e-05 -1.391756e-04 -1.668177e-03 -6.260521e-04 -6.611754e-04
1.000000e+00 1.733610e-05 5.983298e-06 1.615936e-05 4.889513e-03 4.078522e-03 1.937095e-03
1.000000e+00 -2.525381e-05 -1.262313e-05 9.863530e-05 2.538157e-03 -5.799582e-03 -5.363328e-05
1.000000e+00 -6.261905e-06 5.600718e-05 -2.130984e-05 -7.646753e-03 4.391433e-03 -2.609469e-03
1.000000e+00 6.019325e-05 -7.635998e-05 -1.300821e-05 2.307657e-03 -7.105193e-03 2.457183e-03
1.000000e+00 -3.709969e-05 7.194164e-05 -1.757265e-04 -5.968880e-03 1.930388e-03 -1.475178e-03
1.000000e+00 9.485025e-06 -5.038762e-05 4.798518e-05 8.399016e-03 -4.551186e-05 1.430829e-03
1.000000e+00 3.038507e-06 2.856187e-05 1.365702e-04 -7.016402e-03 1.891886e-03 -1.615070e-03
1.000000e+00 3.215881e-05 -1.806360e-05 -2.970082e-05 5.446733e-03 1.224436e-03 2.688468e-04
1.000000e+00 -8.519990e-05 1.352098e-05 2.809447e-05 5.507304e-03 2.539595e-03 1.083206e-03
1.000000e+00 3.952932e-05 -2.911282e-05 -3.719677e-06 -3.765349e-03 -5.678590e-03 -2.925463e-04
1.000000e+00 6.981770e-05 2.252147e-05 -6.277701e-05 -6.727089e-03 7.152351e-04 -2.571832e-03
1.000000e+00 -7.722093e-05 -3.046766e-05 -3.623103e-05 2.426304e-03 -4.339717e-03 2.172918e-03
1.000000e+00 8.498944e-05 2.440439e-05 4.893594e-05 -1.841636e-03 5.550068e-03 -4.901761e-04
1.000000e+00 -1.385460e-04 9.721536e-06 6.108269e-05 9.733286e-04 -1.039395e-03 1.376926e-03
1.000000e+00 1.112621e-04 -1.062179e-05 -1.085226e-04 3.291911e-03 3.465825e-03 -3.888355e-03
1.000000e+00 -7.596309e-05 -7.482266e-05 -1.357631e-04 -3.442430e-03 -9.441701e-03 5.878780e-03
1.000000e+00 3.464579e-05 4.812242e-05 9.434824e-05 3.629216e-03 6.574155e-03 -3.753625e-03
1.000000e+00 -5.668652e-05 1.029858e-04 2.976094e-05 -1.070230e-02 -9.089774e-04 1.322839e-03
1.000000e+00 5.917056e-05 -1.348509e-04 7.994902e-06 8.780467e-03 -2.759284e-03 -1.160515e-03
1.000000e+00 -1.270467e-05 7.421442e-05 -1.043604e-05 -1.882434e-03 1.727869e-03 1.078360e-03
1.000000e+00 -1.648715e-06 -5.158681e-05 5.821486e-05 4.030140e-03 -4.068600e-04 -1.602996e-03
1.000000e+00 -7.321323e-05 3.893001e-05 -1.580627e-04 -6.375035e-03 2.654186e-03 2.520670e-03
1.000000e+00 9.436608e-06 -3.139293e-05 5.348440e-05 3.653002e-03 -2.912808e-03 -1.807157e-03
1.000000e+00 8.519374e-05 7.880428e-05 6.409955e-05 4.781146e-03 9.747510e-03 2.088356e-03
1.000000e+00 -3.096133e-05 -6.698481e-05 1.262218e-04 -4.912688e-03 -4.317888e-03 -1.450242e-03
1.000000e+00 -1.789128e-05 5.408120e-06 -1.002018e-04 5.966709e-05 -9.295722e-04 4.601426e-04
1.000000e+00 -3.053717e-05 -1.690194e-05 1.091475e-04 -4.581725e-03 -2.016284e-03 -4.572539e-05
1.000000e+00 2.130085e-05 1.431982e-05 -2.308382e-04 3.227414e-03 -7.649766e-03 -1.526322e-05
1.000000e+00 3.705620e-05 -1.315581e-05 2.711581e-05 -2.699273e-03 7.595936e-03 8.866415e-04
1.000000e+00 -4.648605e-05 2.194081e-05 1.286253e-05 3.782435e-03 -4.150208e-03 -2.163665e-03
1.000000e+00 7.347676e-05 -1.078693e-05 3.015478e-04 5.971082e-03 1.390164e-02 2.208146e-03
1.000000e+00 9.736072e-06 4.857670e-05 -1.814494e-04 -3.768925e-03 -8.058049e-03 -1.296280e-03
1.000000e+00 -1.209557e-04 -7.437226e-05 -5.455055e-05 -2.604919e-03 1.326850e-03 1.782869e-03
1.000000e+00 8.682710e-05 4.800339e-05 -1.485894e-05 -4.736950e-03 -4.410975e-03 -3.213526e-03
1.000000e+00 4.842915e-05 -1.316020e-05 -2.971775e-05 -6.471696e-04 -1.937836e-04 3.151181e-03
1.000000e+00 -1.034285e-05 3.125825e-05 1.441090e-04 8.517703e-03 4.234681e-03 -4.128308e-03
1.000000e+00 -1.009271e-04 5.372332e-05 4.474992e-05 -2.099296e-03 3.016782e-03 2.936586e-03
1.000000e+00 5.399477e-05 -7.002603e-05 -3.057725e-05 -1.247901e-03 -4.398536e-03 -2.298329e-03
1.000000e+00 -8.282678e-05 -3.285586e-05 -1.342507e-05 3.360924e-04 1.267468e-03 2.069629e-03
1.000000e+00 1.044936e-04 1.621896e-05 -8.745364e-05 1.469886e-03 -3.754301e-04 8.353157e-04
1.000000e+00 -1.351969e-04 4.310434e-06 1.162890e-04 2.480575e-03 6.751572e-04 -1.131223e-04
1.000000e+00 1.297095e-04 -4.253178e-05 -1.756596e-04 -6.426682e-03 -1.164276e-03 -1.803836e-03
1.000000e+00 -8.780390e-05 1.015307e-04 8.640944e-05 5.619018e-03 -1.925244e-03 1.813146e-03
1.000000e+00 9.250403e-05 -5.917309e-05 3.215955e-05 -5.405203e-03 2.080223e-03 -2.295591e-03
1.000000e+00 -1.779641e-05 -2.425990e-05 -5.365545e-05 5.651394e-03 1.649665e-03 4.390448e-04
1.000000e+00 6.037774e-05 3.175795e-05 1.784848e-04 -9.435226e-04 3.586138e-03 7.811192e-05
1.000000e+00 -9.879093e-05 3.948049e-05 -1.467300e-04 9.333546e-04 -4.074535e-03 -1.148733e-04
1.000000e+00 2.462594e-05 -6.241977e-05 -5.408757e-05 -8.652799e-03 -2.255484e-04 1.594843e-03
1.000000e+00 4.724418e-05 3.097246e-05 1.227737e-05 3.448267e-03 4.941763e-04 -2.166143e-03
1.000000e+00 -6.117930e-06 -5.870587e-06 1.279137e-04 -1.657657e-04 -2.408332e-03 3.999795e-04
1.000000e+00 -4.342749e-05 -9.566298e-06 -5.379064e-05 -4.946518e-03 -5.314627e-04 2.350155e-03
1.000000e+00 9.674807e-05 -3.270441e-05 -3.015090e-05 5.588656e-03 3.060804e-03 -2.489997e-03
1.000000e+00 -8.851243e-05 3.310268e-05 -2.576646e-05 -1.467191e-03 -3.498746e-03 1.346634e-03
1.000000e+00 1.646713e-05 -1.402233e-05 -4.181515e-05 2.184425e-03 -3.683714e-04 -1.616806e-03
1.000000e+00 6.553278e-05 3.047132e-05 9.959026e-05 -1.263118e-03 1.025813e-03 1.582186e-03
1.000000e+00 4.139806e-06 -5.604173e-05 5.916293e-05 1.818586e-03 4.128969e-03 -8.168889e-04
1.000000e+00 -1.121395e-04 -1.354206e-05 -1.769240e-05 2.013995e-03 -6.746232e-03 1.892227e-03
1.000000e+00 5.324933e-05 1.416258e-04 -1.802092e-04 -5.999576e-03 5.906576e-03 -2.748447e-03
1.000000e+00 3.364790e-05 -4.498939e-05 5.199508e-05 2.437049e-03 -5.007629e-03 1.052333e-03
1.000000e+00 -1.478815e-05 -1.008168e-04 -7.301916e-05 1.775806e-03 8.794294e-04 6.260255e-04
1.000000e+00 -5.796543e-06 9.243894e-05 -9.011891e-06 2.532351e-03 -1.131006e-03 -2.919489e-03
1.000000e+00 -9.020889e-05 -3.640174e-05 4.023999e-05 -1.868062e-03 3.608131e-03 2.227959e-03
1.000000e+00 -8.384801e-06 6.832496e-05 -8.886357e-05 -4.363112e-03 -6.388782e-03 -1.423638e-03
1.000000e+00 1.538059e-05 -1.226053e-04 2.937755e-05 3.129161e-03 1.748864e-03 3.324983e-03
1.000000e+00 4.429715e-05 1.308091e-04 1.316000e-04 2.151874e-04 3.893983e-03 -3.453326e-03
1.000000e+00 -1.126688e-05 -1.245982e-04 -4.785336e-05 -1.083211e-03 -6.173720e-03 2.937396e-03
1.000000e+00 2.115798e-05 4.256562e-05 -6.491759e-05 -1.261575e-03 4.185130e-03 -1.640291e-03
1.000000e+00 1.248090e-05 -3.258543e-05 1.612586e-04 4.840990e-03 -1.513970e-03 5.722143e-04
1.000000e+00 2.461135e-05 4.117170e-05 6.550457e-05 -9.842526e-04 5.525021e-03 -1.230181e-03
1.000000e+00 1.483009e-05 -1.269386e-05 -8.826922e-06 -6.139762e-03 -7.981538e-03 2.975865e-03
1.000000e+00 -6.310242e-05 3.000460e-05 -4.414376e-05 6.208509e-03 8.571738e-03 -2.370131e-03
1.000000e+00 -8.097217e-05 -2.457736e-05 -1.774266e-04 -8.105435e-04 -4.648329e-03 3.451614e-03
1.000000e+00 2.070685e-04 -1.593562e-06 1.290384e-04 -1.774223e-03 -3.508897e-03 -4.771437e-03
1.000000e+00 -1.259519e-04 4.937748e-05 -7.116745e-05 -7.593052e-04 3.885164e-03 2.165292e-03
1.000000e+00 2.691445e-05 -1.082280e-04 3.530284e-05 2.610751e-03 -4.673460e-03 3.650454e-04
1.000000e+00 -6.512723e-05 8.800680e-05 -3.306192e-05 -5.041363e-04 4.327484e-03 1.139152e-03
1.000000e+00 -6.561307e-06 -5.734044e-06 -3.971327e-05 3.195344e-04 1.153074e-03 -4.504799e-03
1.000000e+00 4.952833e-05 -1.134148e-05 8.927511e-05 -2.340924e-03 4.897612e-05 4.173328e-03
1.000000e+00 2.116160e-06 -8.232050e-05 4.778228e-05 -1.259544e-03 -1.794227e-03 -2.423357e-04
1.000000e+00 7.458629e-06 1.404110e-04 2.792839e-05 4.830993e-03 3.612898e-03 -5.496942e-04
1.000000e+00 3.875457e-05 -1.047213e-04 8.654022e-05 -1.721672e-03 1.976091e-03 -7.586260e-05
1.000000e+00 -5.906881e-05 3.271991e-05 -1.960818e-04 -4.427165e-04 -5.949086e-03 1.744020e-04
1.000000e+00 1.827130e-05 -3.890060e-05 -4.878261e-05 1.942128e-04 1.086071e-03 -8.371761e-04
1.000000e+00 2.097779e-05 5.827846e-05 1.602605e-04 3.976919e-03 -1.315259e-04 2.555865e-04
9.999999e-01 -3.850366e-05 -2.564467e-05 -3.347206e-04 -5.145110e-03 -5.592408e-03 -8.748901e-04
1.000000e+00 3.786931e-05 1.990100e-05 1.914495e-04 8.906152e-04 8.530233e-03 6.252730e-04
1.000000e+00 -8.657171e-05 -4.111526e-06 1.131123e-04 6.460908e-04 3.614358e-03 1.248227e-03
1.000000e+00 8.658259e-05 4.839786e-05 -1.247966e-04 -2.165120e-03 -4.825218e-03 -3.776121e-03
1.000000e+00 -1.113638e-05 -6.897728e-05 1.009410e-05 3.528057e-03 -5.149092e-03 2.880711e-03
1.000000e+00 -8.797563e-06 -1.764441e-05 6.653519e-05 -2.657211e-04 3.339944e-03 -8.604952e-04
1.000000e+00 -1.122241e-05 3.154442e-06 -6.915843e-05 -4.500014e-03 3.657780e-03 1.374703e-03
1.000000e+00 1.280199e-06 4.817786e-05 4.532047e-05 6.194119e-03 -3.099800e-03 -3.044538e-03
1.000000e+00 6.354653e-06 -2.682904e-05 1.180666e-05 -2.750598e-03 2.074160e-03 2.490720e-03
1.000000e+00 2.827303e-05 4.225268e-05 -8.621087e-05 -5.049096e-05 -1.737575e-03 -1.578172e-03
1.000000e+00 -4.815389e-05 -4.649291e-05 3.070513e-05 -4.605087e-03 -4.403643e-03 2.691000e-03
1.000000e+00 -8.117259e-05 3.391953e-05 -5.847585e-05 1.779187e-03 3.234014e-04 -3.146318e-03
1.000000e+00 7.899093e-05 -2.623848e-05 1.855617e-04 5.849607e-03 8.372122e-03 2.389586e-03
1.000000e+00 1.359972e-05 3.582802e-05 -9.710096e-06 -2.725111e-03 -1.082520e-03 -1.001761e-03
1.000000e+00 7.813833e-06 -5.686538e-05 8.358593e-05 -2.261581e-04 -5.371018e-04 1.044874e-03
1.000000e+00 9.845621e-05 7.599896e-05 -1.134335e-04 6.584050e-03 2.913429e-03 -2.806483e-03
1.000000e+00 -1.264920e-04 -2.694218e-05 1.161815e-04 -5.897337e-03 -5.122821e-03 1.389195e-03
1.000000e+00 -1.253482e-05 -2.751236e-05 -1.773437e-04 -6.460529e-03 -1.478283e-03 1.861341e-03
1.000000e+00 8.974421e-06 3.929233e-05 1.037289e-04 1.003859e-02 3.277488e-03 4.867911e-04
1.000000e+00 6.685242e-05 -5.352076e-05 -1.837076e-04 -7.892414e-03 -3.227106e-03 -2.959520e-03
1.000000e+00 -3.416351e-05 6.638737e-05 6.950823e-05 5.026606e-03 -1.365240e-03 2.417278e-03
1.000000e+00 -2.852290e-05 -7.138192e-05 1.740813e-06 -1.803922e-03 -1.830457e-03 -1.493299e-03
1.000000e+00 -1.021686e-04 5.889164e-05 -8.508141e-06 -1.574347e-03 1.670652e-03 7.772456e-04
1.000000e+00 1.669298e-04 -6.713519e-05 4.364854e-05 -9.123277e-04 -2.324598e-04 8.606473e-05
1.000000e+00 -8.168115e-05 8.507129e-05 1.345556e-04 -2.299368e-03 5.604985e-03 1.561602e-03
1.000000e+00 1.193512e-05 -3.670145e-05 -1.910679e-04 -1.029439e-03 -4.302883e-03 -3.215675e-03
1.000000e+00 -9.497811e-06 -3.871564e-06 1.762864e-04 8.645357e-03 5.840135e-03 2.371146e-03
1.000000e+00 1.229691e-04 -1.161008e-05 -6.279202e-05 8.687897e-04 -2.154754e-04 -2.541764e-03
1.000000e+00 -1.622397e-04 4.791150e-05 -7.873905e-05 -2.320034e-03 -1.640261e-03 2.031507e-03
1.000000e+00 1.136030e-04 -4.923408e-05 5.837693e-06 2.613964e-03 -2.573278e-03 -1.665863e-03
1.000000e+00 -2.646569e-05 3.863348e-05 2.830664e-04 1.054466e-04 8.571959e-03 2.273376e-03
1.000000e+00 7.213606e-05 -5.327224e-05 -1.832063e-04 -1.236953e-03 -8.139509e-04 -1.133075e-03
1.000000e+00 -1.434754e-04 5.140339e-05 -1.446534e-04 5.368220e-04 -1.018939e-02 -1.372291e-04
1.000000e+00 6.596111e-05 -6.941359e-05 1.184539e-04 4.523135e-04 6.944312e-03 8.293822e-05
1.000000e+00 -1.215270e-04 2.695061e-05 4.538192e-06 -7.053844e-03 -6.397011e-03 8.169064e-05
1.000000e+00 8.890694e-05 -5.760530e-05 1.813473e-05 1.375767e-03 1.581459e-03 8.731823e-04
1.000000e+00 3.633606e-05 1.704192e-04 -6.882830e-05 -6.204029e-05 7.778478e-03 -4.465033e-04
1.000000e+00 -4.019602e-05 -1.388638e-04 1.498214e-05 -1.800955e-03 -9.606274e-03 -1.258799e-03
1.000000e+00 -3.934940e-05 8.111150e-05 2.694557e-05 6.448512e-03 6.407433e-03 1.234216e-03
1.000000e+00 9.363851e-05 -6.772525e-05 -4.195879e-05 4.263266e-03 9.432445e-04 5.603082e-04
1.000000e+00 -1.716904e-05 9.102943e-05 -7.700961e-06 -6.085342e-03 -3.455171e-03 -1.685730e-03
1.000000e+00 -6.463525e-05 -7.460893e-05 -3.724076e-05 -2.553104e-04 1.135695e-03 7.317702e-05
1.000000e+00 1.066473e-04 -1.433231e-05 -2.910010e-05 -5.426544e-03 -2.973079e-03 4.602810e-05
1.000000e+00 1.090970e-05 2.369528e-05 9.670852e-06 6.143759e-03 3.999332e-03 4.827268e-04
1.000000e+00 -5.279153e-05 2.156302e-05 6.055072e-05 4.302745e-03 -5.366181e-03 -1.818526e-04
1.000000e+00 -9.064791e-05 9.944666e-07 8.675182e-05 -5.208451e-03 5.451750e-03 1.075635e-03
1.000000e+00 5.513732e-05 -8.234468e-05 -2.075906e-05 -1.118423e-03 -3.583160e-03 -1.062699e-03
1.000000e+00 3.057736e-05 6.766833e-05 -9.539940e-05 4.934946e-03 2.415085e-03 2.999626e-03
1.000000e+00 7.122021e-05 3.857217e-05 6.687925e-05 -3.751666e-03 5.035026e-03 -4.053067e-03
1.000000e+00 -3.123840e-05 -1.451662e-05 1.124872e-04 -1.548115e-04 1.884815e-03 2.414500e-03
1.000000e+00 5.525030e-05 -7.611465e-05 -1.744208e-04 -1.605848e-03 -1.233444e-02 -1.111577e-03
1.000000e+00 -1.414375e-04 5.629004e-05 5.372535e-05 -4.866290e-03 1.152342e-03 2.221128e-03
1.000000e+00 2.211476e-05 -4.546812e-05 -1.878905e-05 7.542597e-03 5.142253e-03 -9.772704e-04
1.000000e+00 -3.825266e-05 4.440182e-05 -3.436088e-06 2.547773e-03 1.524510e-03 3.151442e-04
1.000000e+00 1.094091e-04 -2.422198e-05 4.401957e-05 -4.071375e-03 -4.600583e-03 -2.575887e-03
1.000000e+00 -4.216389e-05 3.481577e-05 1.452553e-04 2.579429e-03 6.446690e-03 3.136641e-03
1.000000e+00 1.054177e-04 -1.291139e-05 -4.623861e-05 -3.698883e-03 -4.727658e-03 -3.417138e-03
1.000000e+00 -1.625168e-04 1.461067e-05 -1.789422e-06 7.056181e-03 6.915014e-03 3.201258e-03
1.000000e+00 3.436547e-05 -8.090378e-06 -6.572377e-05 -3.046852e-03 -8.356297e-03 -4.674583e-03
1.000000e+00 -1.833389e-05 4.102835e-05 2.529313e-05 3.484421e-03 5.152352e-03 3.173677e-03
1.000000e+00 4.097418e-05 -5.300612e-05 -7.324814e-05 -9.646385e-03 -4.031385e-03 -4.948095e-04
1.000000e+00 1.501210e-05 -1.986930e-05 4.414205e-05 6.446506e-03 -2.165539e-03 1.892779e-03
1.000000e+00 1.930732e-05 -4.954379e-05 -1.059823e-04 -2.895357e-03 -1.914965e-03 -1.408283e-03
1.000000e+00 -3.563759e-05 1.046124e-04 5.975691e-05 -7.061854e-04 3.872133e-03 5.930109e-04
1.000000e+00 2.842147e-05 -1.045877e-04 -2.493049e-04 -1.243020e-03 -1.008264e-02 -4.329490e-04
1.000000e+00 -1.096402e-05 8.389429e-05 2.013796e-04 5.119817e-04 1.207308e-02 -1.850502e-03
1.000000e+00 -1.017704e-04 -1.621672e-05 3.941738e-05 4.765456e-03 -1.171315e-03 6.331059e-04
1.000000e+00 9.257547e-05 5.765072e-05 -5.694178e-05 -6.494993e-03 -3.988001e-04 1.336638e-03
1.000000e+00 2.462721e-05 -3.249387e-05 1.817286e-04 7.024305e-03 9.629669e-04 -1.608655e-03
1.000000e+00 -1.632291e-05 6.287161e-05 -6.481259e-06 -8.014935e-03 4.032947e-03 -6.500290e-04
1.000000e+00 6.661789e-06 -9.956745e-05 -5.562306e-05 -1.581584e-03 -7.375304e-03 6.164798e-04
1.000000e+00 -3.108099e-05 4.541636e-05 9.205761e-08 1.087595e-02 4.489708e-03 8.300515e-04
1.000000e+00 5.570616e-05 -3.359437e-05 1.518639e-04 2.616039e-03 8.476508e-03 -7.649892e-04
1.000000e+00 -9.211849e-05 4.313054e-05 -1.691972e-04 -7.019625e-03 -1.483173e-02 -2.937884e-04
