1.0 0.0 0.0 0.0 0.0 0.0 0.0
9.999989e-01 1.441274e-03 2.379993e-04 3.771228e-04 7.373162e-02 -4.732281e-03 2.687893e-02
9.999953e-01 -1.268312e-03 -2.746805e-03 4.978784e-04 4.670886e-01 3.791298e-03 5.463692e-02
9.999997e-01 1.715422e-04 -5.042536e-04 4.459370e-04 3.860671e-01 6.944270e-03 -2.838825e-02
9.999988e-01 -1.085754e-03 1.084666e-03 2.681179e-04 4.080811e-02 -2.086528e-03 4.451583e-03
9.999990e-01 1.404053e-03 -1.494491e-05 3.159400e-04 1.218120e-01 4.305044e-03 6.459120e-03
9.999993e-01 2.668693e-04 -1.131726e-03 -6.097359e-05 -1.632993e-01 1.579115e-02 -2.443527e-02
9.999979e-01 1.212019e-03 -1.606488e-03 -3.073068e-04 1.353816e-01 -3.051285e-03 -1.085981e-02
9.999987e-01 -7.564676e-04 -1.438538e-03 -2.032653e-04 8.992340e-02 -4.278867e-03 -7.993055e-03
9.999953e-01 -2.247921e-04 -3.006593e-03 -5.583241e-04 9.544357e-03 -5.357408e-03 3.915200e-02
9.999964e-01 -1.807753e-03 1.967659e-03 2.409739e-04 -8.478260e-02 1.760067e-03 -1.431045e-02
9.999997e-01 -7.544369e-05 -5.672916e-04 -3.749548e-04 -8.311479e-02 -7.494042e-03 -5.949292e-03
9.999992e-01 2.983718e-04 1.132547e-03 -3.938165e-04 -2.781778e-01 -1.750336e-03 -3.831298e-03
9.999994e-01 -8.670280e-04 3.024025e-04 -5.618833e-04 -4.785047e-01 -1.016743e-02 -1.328118e-02
9.999997e-01 4.112224e-04 -5.257996e-04 -4.213880e-04 -2.114740e-02 5.676085e-03 4.567986e-02
9.999991e-01 4.880947e-04 1.141790e-03 -5.657716e-04 1.178594e-01 -2.560455e-02 -2.391579e-02
9.999989e-01 1.349045e-03 6.409265e-04 -1.503481e-04 -9.410808e-02 -1.571823e-02 2.668992e-02
9.999990e-01 -1.315688e-03 4.551247e-04 -6.964608e-05 -1.630345e-01 -2.405238e-03 -5.066501e-03
9.999992e-01 2.841444e-04 -1.156083e-03 3.160393e-04 -1.614594e-01 1.353092e-02 3.882614e-02
9.999980e-01 -1.289330e-03 1.375213e-03 -6.472136e-04 1.232854e-02 -1.499287e-02 -9.563570e-03
9.999971e-01 -1.144422e-03 2.092341e-03 -1.918303e-05 2.394444e-01 -2.112666e-02 9.049387e-03
9.999999e-01 3.299393e-04 -9.852198e-06 1.908563e-04 -2.018157e-02 -1.123116e-02 -1.958696e-02
9.999987e-01 9.516826e-04 1.205489e-03 4.670596e-04 1.363133e-01 9.646296e-04 1.973842e-02
9.999998e-01 -4.969983e-04 2.882274e-04 4.454309e-04 2.527875e-04 2.358212e-02 1.133122e-02
9.999999e-01 2.222871e-04 -1.636749e-04 3.656640e-04 2.117749e-01 1.286719e-02 -8.907198e-03
9.999994e-01 -5.236009e-04 -9.133916e-04 1.726369e-04 4.104671e-01 -1.603274e-03 -2.985404e-02
9.999997e-01 -5.227263e-04 -5.216381e-04 -3.632828e-05 2.739715e-02 5.150037e-03 -4.491977e-02
9.999980e-01 -1.332564e-03 1.351076e-03 6.793451e-04 1.543494e-01 5.907094e-03 -1.949140e-02
9.999990e-01 -1.186461e-03 5.397967e-05 8.121907e-04 9.877216e-02 3.853766e-02 -2.731225e-02
9.999992e-01 1.531363e-04 -6.453965e-04 1.064692e-03 1.663733e-01 4.666399e-02 1.590417e-02
9.999982e-01 1.868159e-03 -3.296930e-05 -9.575707e-05 5.980960e-01 -3.020286e-02 -6.385270e-02
9.999985e-01 -7.453753e-04 1.570755e-03 -2.898562e-05 5.344112e-01 -2.286927e-02 -6.243358e-02
9.999998e-01 -4.903689e-04 -1.097586e-04 3.732567e-04 1.015642e+00 -5.450119e-03 -5.507615e-02
9.999996e-01 -1.100923e-04 -4.207685e-05 9.087980e-04 1.134432e+00 1.809320e-02 -5.723945e-02
9.999977e-01 -6.814274e-04 1.752123e-03 1.071441e-03 1.116370e+00 -6.813691e-03 -6.570535e-02
9.999959e-01 -1.460233e-03 2.205814e-03 1.126574e-03 1.062399e+00 -4.066177e-03 -6.970079e-02
9.999964e-01 -1.466600e-03 2.158895e-03 5.370956e-04 9.986964e-01 -2.152506e-02 -8.723895e-02
9.999954e-01 1.926816e-03 2.324379e-03 -1.809698e-04 1.023751e+00 -4.216163e-03 -1.125301e-01
9.999991e-01 -1.775514e-04 1.331048e-03 2.347772e-04 8.651846e-01 -6.231769e-03 -5.420430e-02
9.999968e-01 7.871039e-04 2.267818e-03 -7.338569e-04 5.501553e-01 -2.073302e-02 -8.243097e-02
9.999990e-01 -7.246686e-04 4.865682e-04 1.080058e-03 6.774336e-01 1.006632e-02 -4.599373e-02
9.999968e-01 -7.843839e-04 2.389713e-03 4.136918e-04 8.777346e-01 2.082052e-02 -7.831148e-02
9.999940e-01 5.283273e-04 3.404594e-03 3.325896e-04 6.766776e-01 -1.375303e-02 -3.285109e-02
9.999931e-01 -1.647368e-03 3.271407e-03 5.512774e-04 7.732321e-01 -3.273139e-02 -4.350867e-02
9.999945e-01 1.285650e-03 2.909349e-03 9.723140e-04 9.277304e-01 -1.771925e-02 -4.861127e-02
9.999915e-01 1.217294e-03 3.894231e-03 6.534277e-04 7.091756e-01 1.330485e-02 -5.461285e-02
9.999995e-01 -8.952280e-04 3.315204e-04 3.692629e-05 7.037311e-01 -2.536516e-02 -3.868323e-02
9.999917e-01 1.844355e-03 3.612716e-03 4.219220e-04 8.647093e-01 1.048965e-02 -3.781138e-02
9.999986e-01 4.163627e-05 1.106678e-03 1.244214e-03 8.827652e-01 -3.066627e-03 -1.154092e-03
9.999975e-01 -1.460132e-03 1.644788e-03 4.803660e-04 9.004839e-01 -4.347912e-02 -2.372506e-02
9.999957e-01 -2.875470e-03 5.073063e-04 -1.844761e-04 8.913640e-01 -3.632323e-02 -1.225666e-02
9.999874e-01 4.465644e-03 1.678120e-03 1.531637e-03 8.828266e-01 -1.390658e-02 2.023116e-02
9.999928e-01 -1.554012e-04 3.761932e-03 5.612241e-04 8.288280e-01 -3.587128e-02 -2.211574e-02
9.999940e-01 2.886771e-04 3.377757e-03 6.425620e-04 1.042117e+00 -3.306212e-02 2.114473e-02
9.999964e-01 2.751181e-05 2.289337e-03 1.411679e-03 9.728127e-01 -3.708636e-02 1.541999e-02
9.999973e-01 -1.850276e-03 1.279042e-03 6.849256e-04 1.101813e+00 -2.914998e-02 4.109068e-02
9.999985e-01 3.634920e-04 6.814103e-04 1.517866e-03 1.084849e+00 -3.369595e-02 2.926218e-02
9.999985e-01 -1.020874e-03 -2.504257e-04 1.410258e-03 1.148743e+00 -4.184956e-02 4.995869e-02
9.999865e-01 4.408850e-03 1.245501e-03 2.458730e-03 1.152343e+00 -6.497830e-03 6.045388e-02
9.999968e-01 -3.689116e-04 1.080818e-03 2.254507e-03 1.112057e+00 -3.410627e-02 8.075651e-02
9.999952e-01 2.207815e-03 3.056639e-04 2.173689e-03 1.220243e+00 -2.138635e-02 9.289296e-02
9.999936e-01 2.639499e-03 1.688755e-03 1.719607e-03 1.207603e+00 -3.788030e-02 1.113846e-01
9.999974e-01 1.823105e-03 9.129137e-04 9.911357e-04 1.471807e+00 -1.726343e-02 1.221227e-01
9.999972e-01 -4.339982e-04 -5.939511e-04 2.254841e-03 2.362302e+00 -8.147123e-03 1.988718e-01
9.999964e-01 -6.362904e-04 -1.794098e-03 1.902790e-03 2.517196e+00 -3.867206e-03 2.245856e-01
9.999963e-01 8.629374e-04 -8.450575e-04 2.460482e-03 2.630498e+00 -2.764212e-02 2.522727e-01
9.999963e-01 -1.846852e-04 8.374077e-04 2.587552e-03 2.580784e+00 -2.401875e-02 2.174499e-01
9.999951e-01 -1.713382e-03 5.789115e-04 2.567762e-03 2.591134e+00 -1.968183e-02 2.313089e-01
9.999917e-01 -3.462276e-03 -3.231193e-04 2.144307e-03 2.531478e+00 -2.172180e-02 2.185745e-01
9.999949e-01 -2.019346e-04 -1.129915e-04 3.194912e-03 2.578964e+00 -1.561590e-02 2.038416e-01
9.999919e-01 1.298938e-03 1.210441e-03 3.605461e-03 2.543980e+00 -2.421147e-02 2.182481e-01
9.999937e-01 -7.325735e-04 1.345336e-03 3.206138e-03 2.560864e+00 -1.220053e-02 1.883678e-01
9.999949e-01 -6.725547e-04 5.848006e-05 3.117109e-03 2.565578e+00 -1.587664e-02 2.292641e-01
9.999951e-01 -1.742511e-03 -1.241324e-03 2.252700e-03 2.550855e+00 -1.874783e-02 1.988046e-01
9.999963e-01 6.638235e-04 -6.245248e-04 2.553007e-03 2.537553e+00 -1.792374e-02 2.098662e-01
9.999978e-01 -7.448220e-04 -3.322696e-04 1.961636e-03 2.542265e+00 -2.796407e-02 1.811685e-01
9.999960e-01 1.016979e-03 -1.336788e-03 2.284488e-03 2.526624e+00 -1.727442e-02 2.020950e-01
9.999976e-01 -8.933185e-04 3.033430e-04 1.967259e-03 2.538391e+00 -1.787485e-02 1.797369e-01
9.999966e-01 -1.108287e-03 -6.074833e-04 2.247015e-03 2.539222e+00 -8.954147e-03 1.874931e-01
9.999970e-01 -1.583712e-03 -2.632983e-04 1.824399e-03 2.550753e+00 -2.768559e-02 1.939282e-01
9.999988e-01 -1.795072e-05 4.742228e-04 1.494185e-03 2.537730e+00 -2.548405e-02 1.602564e-01
9.999973e-01 -1.386292e-03 6.182920e-04 1.747224e-03 2.508194e+00 -1.987571e-02 1.599687e-01
9.999991e-01 3.188221e-04 -1.077252e-03 7.441487e-04 2.576597e+00 -3.238241e-02 1.792768e-01
9.999963e-01 2.236289e-03 -1.945576e-04 1.504791e-03 2.533461e+00 -2.042736e-02 1.510922e-01
9.999989e-01 -1.302649e-03 -3.772076e-05 6.975777e-04 2.527409e+00 -2.464438e-02 1.468891e-01
9.999966e-01 -1.351544e-03 1.852943e-03 1.256210e-03 2.480525e+00 -2.276760e-02 1.781385e-01
9.999981e-01 5.376316e-04 -1.248048e-03 1.439178e-03 2.484550e+00 -2.847842e-02 1.815375e-01
9.999951e-01 8.768758e-04 2.222237e-03 2.002529e-03 2.506838e+00 -2.841697e-02 1.611045e-01
9.999986e-01 3.655222e-04 1.776250e-04 1.632994e-03 2.541734e+00 -2.184378e-02 1.824552e-01
9.999971e-01 -1.893832e-03 5.598054e-04 1.321668e-03 2.445026e+00 -1.825315e-02 1.619087e-01
9.999984e-01 -1.372786e-03 1.038823e-03 5.694869e-04 2.528665e+00 -3.472776e-02 1.869470e-01
9.999965e-01 -6.134024e-04 -2.390153e-03 9.293031e-04 2.470183e+00 -2.351623e-02 1.755847e-01
9.999954e-01 1.682256e-03 2.427785e-03 7.489949e-04 2.539821e+00 -2.435721e-02 1.576445e-01
9.999998e-01 2.583761e-04 5.546913e-04 2.522600e-04 2.461081e+00 -2.861917e-02 1.400059e-01
9.999953e-01 2.829397e-03 -7.459116e-04 9.499223e-04 2.431328e+00 -8.521755e-03 2.261415e-01
9.999995e-01 -5.607186e-04 4.812885e-04 6.439079e-04 2.408455e+00 -2.046354e-02 1.757296e-01
9.999979e-01 1.071899e-03 1.404526e-03 1.047896e-03 2.566831e+00 -1.817851e-02 1.958572e-01
9.999968e-01 -2.837012e-04 2.210513e-03 1.166648e-03 2.431890e+00 -1.894536e-02 2.248178e-01
9.999926e-01 -2.557632e-03 2.511131e-03 1.403275e-03 2.302572e+00 -1.729917e-02 1.792383e-01
9.999830e-01 5.465230e-03 2.230497e-04 2.032806e-03 2.345958e+00 -1.292020e-02 2.130860e-01
9.999743e-01 6.781602e-03 1.081948e-04 2.309452e-03 2.209722e+00 -7.978064e-03 2.104598e-01
9.999919e-01 -3.558603e-03 1.882260e-03 -9.043498e-05 2.067832e+00 -2.381429e-02 2.329829e-01
9.999920e-01 -3.983865e-03 4.844131e-04 1.661859e-04 1.404031e+00 -2.754107e-02 1.100618e-01
9.999975e-01 -4.322317e-04 1.903115e-03 1.020127e-03 1.490579e+00 -2.873081e-02 1.268045e-01
9.999985e-01 -3.773146e-05 7.587409e-04 1.568046e-03 1.389216e+00 -2.863567e-02 1.430684e-01
9.999928e-01 3.010217e-03 6.025573e-04 2.211268e-03 1.311305e+00 -1.826293e-02 1.497520e-01
9.999944e-01 -9.401044e-04 2.788349e-03 1.553926e-03 1.315917e+00 -1.810592e-02 1.151637e-01
9.999990e-01 4.397785e-04 -1.501135e-04 1.353435e-03 1.240452e+00 -2.005038e-02 1.516277e-01
9.999979e-01 -1.201014e-03 5.394717e-04 1.565783e-03 1.192020e+00 -2.223103e-02 1.174304e-01
9.999970e-01 7.017544e-04 -1.805614e-04 2.329612e-03 1.169086e+00 -7.876298e-03 1.405989e-01
9.999983e-01 -1.023483e-03 9.545285e-04 1.177573e-03 1.059666e+00 -2.923894e-02 7.375541e-02
9.999954e-01 1.914036e-03 1.007643e-03 2.110522e-03 1.075738e+00 -8.929446e-03 1.193775e-01
9.999943e-01 -2.739784e-03 1.700909e-03 9.730630e-04 1.082713e+00 -1.398007e-02 1.081134e-01
9.999994e-01 -9.736379e-04 -2.749017e-04 3.182151e-04 9.284964e-01 9.831420e-04 8.986264e-02
9.999994e-01 -3.824888e-04 -1.048008e-03 -9.600307e-05 8.170494e-01 -3.729298e-03 8.535140e-02
9.999995e-01 -6.351299e-04 -2.106984e-04 -7.292990e-04 8.624293e-01 -3.748383e-03 7.217854e-02
9.999983e-01 1.428849e-04 -1.774849e-03 3.960929e-04 8.630107e-01 -4.858473e-03 9.002583e-02
9.999984e-01 1.459907e-03 -7.280063e-04 -8.207073e-04 6.984749e-01 -3.765449e-03 7.536434e-02
9.999985e-01 -1.712853e-03 2.975684e-05 -1.869957e-04 7.375086e-01 -5.180807e-03 7.508148e-02
9.999946e-01 3.215904e-03 4.707437e-04 -5.944437e-04 6.688289e-01 -6.525757e-03 6.653623e-02
9.999970e-01 -2.223009e-03 8.804063e-04 -5.834774e-04 6.203731e-01 -1.635218e-02 5.523065e-02
9.999973e-01 1.831371e-03 -1.422635e-03 -1.642099e-04 5.497208e-01 -1.364399e-02 4.950246e-02
9.999955e-01 -2.264781e-03 1.356801e-03 -1.420681e-03 6.462008e-01 -1.367379e-02 6.844407e-02
9.999994e-01 3.135724e-04 -6.927038e-04 -8.099364e-04 4.450235e-01 -3.385484e-02 6.345464e-02
9.999981e-01 -3.508921e-04 1.897580e-03 -3.408425e-04 4.347949e-01 -3.243834e-02 1.037065e-02
9.999996e-01 7.517052e-04 -4.400470e-04 8.071728e-06 3.221112e-01 -2.900879e-02 6.437322e-02
9.999966e-01 -1.428496e-03 2.103924e-03 -5.403888e-04 3.921150e-01 -3.574403e-02 1.020536e-02
9.999996e-01 -6.092037e-04 -4.437024e-04 -5.036799e-04 4.458673e-01 -2.515653e-02 3.529320e-02
9.999967e-01 2.093334e-03 1.500665e-03 1.617025e-04 2.610075e-01 -3.238617e-02 2.784020e-02
9.999988e-01 -1.191171e-03 5.179431e-04 -7.859718e-04 1.588870e-01 -4.515626e-02 2.129984e-02
9.999986e-01 5.771881e-04 -8.503813e-04 1.370491e-03 2.914464e-01 -1.116218e-02 3.827201e-02
9.999996e-01 -2.512367e-04 7.352743e-04 -4.870795e-04 8.149814e-02 -4.191671e-02 3.056215e-02
9.999981e-01 5.975169e-04 -1.500905e-03 1.085431e-03 7.686325e-02 -2.644884e-02 1.930234e-02
9.999991e-01 7.168572e-04 1.019894e-03 -3.331290e-04 -1.130914e-01 -4.119576e-02 -1.314443e-02
9.999993e-01 4.461379e-04 -9.632057e-04 4.496852e-04 -2.103950e-01 -1.744970e-02 7.915585e-03
9.999983e-01 5.253365e-04 -1.326800e-03 -1.157545e-03 -1.775639e-01 -5.537322e-02 -2.843338e-02
9.999985e-01 9.063569e-04 1.393226e-03 -3.743962e-04 2.313117e-01 -1.071881e-02 3.321722e-02
9.999979e-01 -1.382813e-03 -1.548359e-03 3.673339e-05 1.454890e-02 -3.336274e-02 1.946517e-02
9.999979e-01 -7.331252e-04 1.514503e-03 -1.110732e-03 -2.800117e-02 -4.729402e-02 2.212295e-02
9.999991e-01 -3.580798e-04 -7.244268e-04 1.063564e-03 -1.445493e-01 -1.886767e-02 -1.313772e-02
9.999964e-01 2.558645e-03 1.351856e-04 -7.996115e-04 -1.142038e-01 -4.763980e-02 -1.935193e-02
9.999960e-01 -2.441776e-03 -2.903657e-04 -1.418343e-03 -1.986536e-01 -5.525669e-02 -4.023207e-02
9.999985e-01 1.099388e-03 -7.263477e-04 1.140518e-03 -3.830164e-02 -2.605960e-02 -5.517856e-03
9.999971e-01 -1.137948e-03 -8.837857e-04 1.924922e-03 -1.613737e-01 -1.005344e-02 5.716141e-04
9.999965e-01 -2.111934e-03 1.559580e-03 -3.638415e-04 -2.006480e-01 -6.994745e-02 -6.821045e-02
9.999977e-01 1.375091e-03 1.438239e-03 7.868262e-04 -2.029489e-02 -3.041244e-02 -3.640007e-03
9.999915e-01 2.188113e-04 -2.031336e-03 3.587709e-03 -5.574009e-02 -1.156053e-02 -4.921201e-05
9.999817e-01 3.175367e-04 2.544882e-04 6.042221e-03 2.713943e-02 4.997437e-02 2.035469e-03
9.999742e-01 6.178678e-04 -3.094440e-03 6.456514e-03 3.861487e-02 1.870562e-01 3.800250e-02
9.999862e-01 1.594256e-03 -3.034541e-03 3.969492e-03 -2.534566e-02 6.579660e-02 4.142725e-02
9.999978e-01 -1.322214e-03 -4.698518e-04 1.551362e-03 -6.014114e-02 3.173037e-02 -3.528679e-03
9.999948e-01 -2.601500e-03 8.422590e-04 1.708210e-03 -1.828713e-02 1.466560e-02 -8.819036e-03
9.999953e-01 1.577356e-03 -1.678073e-03 2.018505e-03 -4.275802e-02 9.021038e-02 9.280179e-03
9.999348e-01 -3.246974e-03 1.085608e-02 -1.427669e-03 -1.551990e-01 -1.298287e-02 -7.437159e-02
9.999712e-01 6.206390e-03 -4.263464e-03 9.496669e-04 -9.564064e-02 7.316469e-02 2.843287e-02
9.999830e-01 2.444837e-03 5.108032e-03 1.434192e-03 1.102376e-01 9.740692e-02 -7.388779e-02
9.999884e-01 -2.728584e-03 3.208274e-04 -3.939174e-03 1.667379e-01 1.820160e-02 3.836058e-02
9.999915e-01 3.698534e-03 1.080544e-03 -1.445000e-03 2.417870e-01 -1.090168e-01 -4.905072e-02
9.999873e-01 4.924012e-03 -4.380680e-04 9.407733e-04 8.274982e-02 2.528950e-02 1.299801e-03
9.997929e-01 -4.342908e-03 6.220316e-03 -1.888242e-02 4.422269e-01 -6.297189e-02 -2.102710e-02
9.997660e-01 -7.744574e-03 -2.010654e-02 -1.937409e-03 1.983042e-01 -1.578376e-02 1.666406e-01
9.999986e-01 -3.829157e-04 1.549394e-03 -5.029049e-04 1.044248e-01 1.720926e-03 1.701189e-02
9.999401e-01 3.353515e-03 1.041321e-02 -3.482919e-04 2.630471e-01 2.987645e-02 3.886270e-02
9.999992e-01 1.124117e-03 -1.706903e-04 5.998019e-04 3.014150e-01 2.502514e-02 4.326288e-02
9.999965e-01 7.480015e-04 2.533499e-03 -1.099164e-04 2.186105e-01 2.539313e-02 1.044318e-01
9.999970e-01 1.883186e-03 -7.110869e-04 -1.441117e-03 3.897488e-01 -6.581155e-02 2.204488e-02
9.999977e-01 3.095764e-04 6.453575e-04 -2.005844e-03 5.552936e-01 -7.013200e-02 1.020050e-01
9.999985e-01 1.133718e-03 8.560135e-04 -9.961096e-04 4.910959e-01 -6.513631e-02 7.405816e-02
9.999966e-01 -2.500622e-03 5.112585e-04 -4.762921e-04 5.052988e-01 -5.628554e-02 5.701269e-02
9.999986e-01 3.063645e-04 9.266492e-04 -1.343938e-03 5.138045e-01 -6.400337e-02 8.168327e-02
9.999992e-01 1.192545e-03 -2.541499e-04 2.413950e-04 6.623838e-01 -8.530594e-02 7.866285e-02
9.999999e-01 1.877808e-04 -1.095040e-04 -4.765456e-04 5.523448e-01 -6.109433e-02 9.808617e-02
9.999989e-01 1.923577e-04 1.488283e-03 1.034142e-04 5.598634e-01 -5.032438e-02 6.891735e-02
9.999978e-01 -1.848849e-03 5.385813e-04 -7.886595e-04 5.887119e-01 -7.012046e-02 1.023697e-01
9.999968e-01 2.443441e-03 -5.627187e-04 1.917072e-04 4.630785e-01 -5.457861e-02 8.121352e-02
9.999968e-01 -9.271201e-04 2.118719e-03 1.089603e-03 6.610968e-01 -1.888483e-02 5.975170e-02
9.999948e-01 -4.638662e-04 2.136002e-03 2.367161e-03 9.768468e-01 -2.333524e-02 1.519894e-01
9.999981e-01 1.067740e-03 1.639147e-03 -2.360850e-04 1.247152e+00 -4.075880e-02 2.168770e-01
9.999976e-01 1.000722e-04 1.245103e-03 -1.778502e-03 1.370737e+00 -5.022561e-02 2.241638e-01
9.999934e-01 3.041342e-03 4.297901e-04 -1.927134e-03 1.367372e+00 -5.839820e-02 2.526162e-01
9.999936e-01 -2.310550e-03 5.677081e-04 2.667519e-03 1.726181e+00 -5.306209e-03 2.635380e-01
9.999967e-01 2.928233e-05 -2.281419e-05 2.561736e-03 1.979518e+00 2.190789e-02 3.015988e-01
9.999933e-01 -2.544105e-03 4.473246e-04 2.564181e-03 2.300386e+00 -3.696717e-03 3.506346e-01
9.999954e-01 -1.280171e-03 -1.121777e-03 2.507764e-03 2.445375e+00 -2.846586e-03 3.692136e-01
9.999939e-01 1.211417e-04 1.868304e-03 2.957132e-03 2.536186e+00 -3.210398e-02 3.561810e-01
9.999968e-01 -1.403137e-05 7.967186e-04 2.400454e-03 2.592945e+00 -3.649703e-02 3.816602e-01
9.999932e-01 6.344310e-04 1.204721e-03 3.410983e-03 2.551018e+00 -2.458218e-02 3.659079e-01
9.999960e-01 5.057361e-05 2.186050e-04 2.838951e-03 2.542381e+00 -2.115128e-02 3.980048e-01
9.999957e-01 -2.026527e-03 -4.967896e-04 2.039503e-03 2.545946e+00 -3.597625e-02 3.762261e-01
9.999953e-01 -2.212189e-03 -1.495521e-03 1.517642e-03 2.527337e+00 -2.638033e-02 3.569704e-01
9.999943e-01 2.002610e-03 -1.259694e-03 2.406458e-03 2.520585e+00 -9.799041e-03 3.821307e-01
9.999980e-01 6.819046e-05 -4.873889e-05 1.997475e-03 2.499789e+00 -2.045074e-02 3.719528e-01
9.999972e-01 -1.878802e-03 5.893239e-04 1.307921e-03 2.536338e+00 -4.087510e-02 3.181626e-01
9.999990e-01 -3.562038e-04 -2.630680e-04 1.351016e-03 2.535487e+00 -1.904057e-02 3.669150e-01
9.999972e-01 -5.388050e-04 1.483809e-03 1.756516e-03 2.515352e+00 -1.960530e-02 3.714829e-01
9.999973e-01 -5.527728e-04 -2.010294e-03 1.083900e-03 2.540165e+00 -2.839552e-02 3.737762e-01
9.999970e-01 1.566030e-03 8.083589e-04 1.709929e-03 2.563114e+00 -3.478695e-02 3.221939e-01
9.999984e-01 -8.353361e-04 5.358793e-04 1.464162e-03 2.524089e+00 -1.702219e-02 3.592292e-01
9.999984e-01 -8.587773e-04 1.165270e-03 1.077734e-03 2.531392e+00 -2.681634e-02 3.454887e-01
9.999980e-01 -1.293032e-03 -8.906267e-04 1.272007e-03 2.533908e+00 -2.406787e-02 3.754258e-01
9.999957e-01 2.117490e-03 -1.057456e-03 1.753102e-03 2.514694e+00 -2.488614e-02 3.490281e-01
9.999954e-01 -1.531575e-03 2.341473e-03 1.143372e-03 2.538774e+00 -3.293642e-02 3.131392e-01
9.999965e-01 7.581648e-04 -1.841688e-03 1.771274e-03 2.514338e+00 -1.728394e-02 3.771714e-01
9.999965e-01 1.294692e-04 1.999018e-03 1.739665e-03 2.495138e+00 -2.498494e-02 3.367311e-01
9.999964e-01 -1.669603e-03 -1.705846e-03 1.175670e-03 2.187292e+00 -2.417110e-02 3.097565e-01
9.999979e-01 1.174031e-03 -3.368457e-04 1.615549e-03 1.897727e+00 -2.732571e-02 2.680610e-01
9.999945e-01 -3.060354e-03 1.247619e-03 1.933417e-04 1.693044e+00 -5.201167e-02 1.991658e-01
9.999984e-01 -7.955174e-04 -5.983398e-04 1.479299e-03 1.882897e+00 -2.642772e-02 2.401084e-01
9.999978e-01 -7.459403e-04 9.297472e-04 1.763442e-03 1.725676e+00 -3.307168e-02 2.279811e-01
9.999960e-01 1.711103e-03 -1.262511e-03 1.862850e-03 1.628641e+00 -2.927620e-02 2.374985e-01
9.999979e-01 -1.514677e-03 -3.922380e-04 1.301160e-03 1.683873e+00 -3.126386e-02 2.362544e-01
9.999985e-01 -1.468345e-03 -5.146643e-04 8.155928e-04 1.653794e+00 -4.027560e-02 2.014323e-01
9.999988e-01 -2.803824e-04 -8.450927e-04 1.223615e-03 1.675514e+00 -2.534471e-02 2.142273e-01
9.999977e-01 -1.989027e-03 -2.885887e-04 7.188163e-04 1.674157e+00 -3.267275e-02 1.935407e-01
9.999979e-01 -1.139428e-03 -1.502648e-03 8.010405e-04 1.650229e+00 -3.049521e-02 2.101914e-01
9.999970e-01 1.580540e-03 -1.166483e-03 1.454067e-03 1.688623e+00 -2.967351e-02 1.932966e-01
9.999984e-01 1.194760e-03 -9.174393e-05 1.312661e-03 1.634719e+00 -2.499337e-02 1.900930e-01
9.999990e-01 -1.039370e-03 2.626545e-04 8.887142e-04 1.481690e+00 -3.169321e-02 1.515305e-01
9.999994e-01 -2.673095e-04 -2.384477e-04 1.080818e-03 1.497691e+00 -2.513469e-02 1.769101e-01
9.999997e-01 -1.098468e-04 4.189413e-04 6.460813e-04 1.465201e+00 -3.201079e-02 1.701488e-01
9.999994e-01 -3.463142e-04 -6.906325e-04 7.325970e-04 1.485020e+00 -3.399958e-02 1.547399e-01
9.999995e-01 -1.991866e-04 6.913401e-04 6.331458e-04 1.381258e+00 -4.596492e-02 1.426725e-01
9.999994e-01 -7.320017e-04 -5.309374e-04 5.717144e-04 1.394664e+00 -2.119156e-02 1.548343e-01
9.999998e-01 -1.024349e-04 -1.644816e-04 5.296607e-04 1.399331e+00 -3.545871e-02 1.623222e-01
9.999983e-01 1.270112e-03 -1.111190e-03 8.087827e-04 1.337223e+00 -3.489342e-02 1.581738e-01
9.999998e-01 -4.461567e-04 -5.007708e-04 2.345610e-05 1.314420e+00 -3.981625e-02 1.527767e-01
9.999981e-01 -1.436735e-03 1.292890e-03 -1.147299e-04 1.249390e+00 -4.640897e-02 1.251871e-01
9.999998e-01 -6.038477e-04 -4.268771e-04 -9.412893e-06 1.223006e+00 -2.967815e-02 1.445857e-01
9.999962e-01 -2.656950e-03 -3.283838e-04 -6.103542e-04 1.315049e+00 -4.917540e-02 1.238492e-01
9.999991e-01 1.338704e-03 -7.543074e-07 2.956530e-04 1.270098e+00 -4.624164e-02 1.199635e-01
9.999998e-01 4.215485e-04 -5.137545e-04 -7.759174e-05 1.245229e+00 -4.958701e-02 1.333821e-01
9.999996e-01 -3.522055e-04 -8.081825e-04 -8.629875e-05 1.264102e+00 -4.471167e-02 1.341833e-01
9.999999e-01 2.308821e-04 3.531371e-04 -2.054739e-05 1.196584e+00 -5.248886e-02 1.348853e-01
9.999992e-01 -1.231727e-03 -2.105565e-04 1.054597e-04 1.235825e+00 -5.491590e-02 1.159188e-01
9.999996e-01 5.927376e-04 4.824209e-04 5.201923e-04 1.259134e+00 -4.782978e-02 1.314774e-01
9.999999e-01 -1.497705e-04 1.765876e-04 5.146981e-04 1.271508e+00 -5.842831e-02 1.166300e-01
9.999998e-01 5.154041e-05 9.021627e-05 5.948324e-04 1.336635e+00 -5.336238e-02 1.443429e-01
9.999989e-01 -9.163727e-04 -3.719173e-04 1.093618e-03 1.310202e+00 -4.061509e-02 1.578300e-01
9.999995e-01 -1.994599e-04 -3.730503e-04 9.373561e-04 1.271825e+00 -5.302688e-02 1.200566e-01
9.999998e-01 -6.013099e-04 -1.169707e-04 8.296736e-05 1.182076e+00 -5.776799e-02 9.651824e-02
9.999995e-01 -6.357283e-04 2.554186e-04 7.605518e-04 1.319883e+00 -4.968357e-02 1.397669e-01
9.999985e-01 1.231184e-03 -8.036703e-04 9.634495e-04 1.177274e+00 -5.688145e-02 1.226022e-01
9.999999e-01 8.146606e-05 1.218736e-04 5.265209e-04 1.309736e+00 -5.371325e-02 1.058525e-01
9.999997e-01 4.405481e-04 1.993584e-04 6.353676e-04 1.232872e+00 -4.704134e-02 1.453895e-01
9.999997e-01 -3.111511e-04 -4.774139e-04 5.563256e-04 1.191725e+00 -5.368242e-02 1.191253e-01
9.999989e-01 6.409961e-04 -1.297095e-03 4.129190e-04 1.205848e+00 -4.956100e-02 1.349175e-01
9.999993e-01 4.428415e-04 -8.864060e-05 1.124690e-03 1.256164e+00 -5.363515e-02 9.765549e-02
9.999999e-01 -2.654309e-04 -4.141902e-05 2.173329e-04 1.185582e+00 -5.265445e-02 1.194452e-01
9.999985e-01 -1.710061e-03 3.641559e-04 -1.868818e-04 1.106558e+00 -5.445808e-02 1.020438e-01
9.999971e-01 1.868356e-03 -1.026660e-03 1.113963e-03 1.083619e+00 -5.894216e-02 9.042155e-02
9.999989e-01 -1.294100e-03 4.933477e-04 4.891198e-04 1.099783e+00 -6.042919e-02 9.058901e-02
9.999990e-01 -5.118809e-04 -8.182516e-04 1.052917e-03 1.097957e+00 -4.593369e-02 1.256687e-01
9.999995e-01 -7.794882e-05 4.455233e-04 9.514991e-04 1.065564e+00 -5.027201e-02 9.696137e-02
9.999973e-01 -1.447275e-03 -1.527876e-03 9.662052e-04 1.059372e+00 -5.139739e-02 1.010208e-01
9.999991e-01 -5.950627e-04 1.861817e-04 1.169027e-03 1.040274e+00 -4.876476e-02 7.341274e-02
9.999982e-01 1.001248e-03 -3.635353e-04 1.590527e-03 1.104771e+00 -3.857680e-02 9.567761e-02
9.999919e-01 -3.875245e-03 -5.622661e-04 8.733069e-04 1.091464e+00 -3.265728e-02 1.028900e-01
9.999984e-01 5.238672e-04 -5.281572e-04 1.625584e-03 1.090118e+00 -4.120691e-02 6.001809e-02
9.999967e-01 1.410990e-03 1.232794e-04 2.159301e-03 1.094970e+00 -2.895650e-02 9.012214e-02
9.999968e-01 4.576633e-04 -1.021465e-03 2.279721e-03 1.146844e+00 -1.774847e-02 1.008949e-01
9.999985e-01 -1.406781e-06 -1.399086e-03 1.042913e-03 1.151515e+00 -2.831162e-02 9.982017e-02
9.999822e-01 -5.857513e-03 -1.010537e-03 -5.314159e-04 1.164804e+00 -2.561724e-02 9.498846e-02
9.999975e-01 5.290647e-04 -1.983996e-03 8.318488e-04 1.430391e+00 -2.053789e-02 1.150039e-01
9.999989e-01 -1.320799e-03 -7.263300e-04 -5.556841e-05 1.343568e+00 -2.985470e-02 9.410073e-02
9.999969e-01 8.549466e-04 -2.282992e-03 5.969003e-04 1.392465e+00 -2.437499e-02 1.118351e-01
9.999961e-01 -2.441656e-03 1.394795e-03 1.297987e-04 1.529543e+00 -1.591990e-02 6.675822e-02
9.999979e-01 -4.192983e-04 -1.950538e-03 4.220355e-04 1.417858e+00 -2.185134e-02 1.018791e-01
9.999995e-01 2.795909e-05 4.168650e-04 9.602084e-04 1.399016e+00 -1.077619e-02 8.827045e-02
9.999990e-01 -7.769840e-04 -6.988445e-04 9.475640e-04 1.352485e+00 -1.350121e-02 7.814498e-02
9.999972e-01 -9.671350e-04 2.035108e-03 7.823706e-04 1.252566e+00 -1.060987e-02 3.613177e-02
9.999990e-01 -1.205683e-03 -6.480684e-04 -2.195006e-04 1.378990e+00 -3.891191e-02 5.687839e-02
9.999997e-01 3.925935e-05 5.082783e-04 6.378281e-04 1.432681e+00 -1.269487e-02 9.017819e-02
9.999997e-01 -2.296252e-04 -4.221304e-05 7.914485e-04 1.450289e+00 -1.235417e-02 8.482426e-02
9.999996e-01 -1.130658e-04 7.832085e-04 3.976571e-04 1.415608e+00 -3.287713e-02 6.693964e-02
9.999983e-01 -1.488747e-03 1.017678e-03 4.734398e-04 1.282985e+00 -9.440092e-03 6.262088e-02
9.999977e-01 1.295743e-03 1.310328e-03 1.072101e-03 1.302309e+00 -1.686543e-02 7.420153e-02
9.999976e-01 -1.993893e-03 7.644603e-04 5.044957e-04 1.437791e+00 -1.853211e-02 5.878690e-02
9.999992e-01 -5.823707e-05 2.189550e-04 1.261601e-03 1.474527e+00 -2.575200e-02 6.657092e-02
9.999987e-01 -3.563916e-04 4.346909e-04 1.487586e-03 1.620242e+00 -3.568128e-02 7.311808e-02
9.999975e-01 1.432515e-03 -3.649424e-05 1.740977e-03 1.590039e+00 -1.262611e-02 1.019783e-01
9.999991e-01 -6.574349e-04 3.637698e-04 1.143086e-03 1.587057e+00 -2.351415e-02 9.066355e-02
9.999989e-01 6.554364e-04 -3.163531e-05 1.325421e-03 1.521503e+00 -2.113833e-02 9.613530e-02
9.999993e-01 2.635750e-04 -1.077976e-03 4.280473e-04 1.604547e+00 -2.714387e-02 1.273185e-01
9.999988e-01 6.677161e-04 -6.292802e-04 1.284734e-03 1.721561e+00 -1.337536e-02 1.314457e-01
9.999989e-01 -4.331872e-05 -7.887796e-04 1.272471e-03 1.708450e+00 -3.103774e-02 8.073583e-02
9.999995e-01 4.491449e-04 2.034922e-04 8.885206e-04 1.460984e+00 -2.313276e-02 8.647139e-02
9.999992e-01 -1.013005e-03 7.012746e-04 2.815112e-04 1.311794e+00 -2.920845e-02 6.051087e-02
9.999991e-01 -8.322638e-04 3.352422e-04 9.330141e-04 1.438307e+00 -3.365672e-02 8.900461e-02
9.999994e-01 -7.507323e-04 -7.678040e-04 -1.506907e-04 1.294358e+00 -3.014421e-02 5.700636e-02
9.999994e-01 -2.134026e-05 -6.271392e-04 8.531862e-04 1.320989e+00 -1.748629e-02 7.373035e-02
9.999990e-01 -1.117723e-03 -5.658493e-04 7.013854e-04 1.266328e+00 -1.762750e-02 8.746754e-02
9.999992e-01 -1.049741e-03 4.760659e-04 4.708137e-04 1.282684e+00 -2.926575e-02 5.090499e-02
9.999977e-01 6.576846e-04 1.739701e-03 1.058027e-03 1.323450e+00 -3.219941e-02 7.072507e-02
9.999993e-01 -1.119693e-03 1.006662e-04 4.201291e-04 1.151549e+00 -3.444654e-02 2.632477e-02
9.999977e-01 2.001036e-03 -3.478218e-05 8.056195e-04 1.056312e+00 -2.469752e-02 5.751494e-02
9.999995e-01 -1.002533e-03 1.245770e-04 2.745815e-04 1.152660e+00 -2.471793e-02 4.632694e-02
9.999989e-01 3.900005e-04 -1.412235e-03 -9.429960e-05 1.072824e+00 -3.098928e-02 6.737779e-02
9.999998e-01 -4.076059e-04 -2.652098e-04 -3.520240e-04 1.069682e+00 -2.807595e-02 4.485829e-02
9.999954e-01 2.946517e-03 -7.216371e-04 -2.996146e-05 9.898957e-01 -3.461554e-02 8.837446e-02
9.999958e-01 -2.749611e-03 -7.425634e-04 -6.279110e-04 1.099809e+00 -3.703594e-02 3.168677e-02
9.999970e-01 2.422419e-03 1.492632e-04 2.437666e-04 9.894074e-01 -3.915446e-02 6.693047e-02
9.999969e-01 -2.465551e-03 -4.427226e-04 -6.894945e-05 1.090754e+00 -3.622363e-02 3.759273e-02
9.999958e-01 1.094021e-03 -2.615180e-03 5.407414e-04 1.064248e+00 -2.577087e-02 8.881999e-02
9.999992e-01 4.723952e-04 -8.510524e-04 7.421317e-04 1.002150e+00 -3.118410e-02 6.477904e-02
9.999982e-01 -3.405187e-04 -1.853638e-03 3.374583e-04 1.063742e+00 -3.591273e-02 5.705681e-02
9.999962e-01 -2.724460e-03 -3.451454e-04 1.850960e-04 1.006781e+00 -3.792828e-02 2.476391e-02
9.999995e-01 -8.318154e-04 3.348366e-04 4.590583e-04 9.963902e-01 -2.892366e-02 4.739919e-02
9.999996e-01 -4.281023e-04 5.529621e-04 5.155385e-04 1.006955e+00 -3.775224e-02 1.797031e-02
9.999974e-01 1.812068e-03 -1.026861e-03 9.361143e-04 1.040005e+00 -3.576172e-02 4.485421e-02
9.999986e-01 -7.435655e-04 1.375849e-03 6.822132e-04 1.040257e+00 -3.734477e-02 8.013584e-03
9.999988e-01 7.844840e-04 -8.432161e-04 9.657699e-04 9.386614e-01 -3.049554e-02 6.859775e-02
9.999994e-01 -7.506323e-06 -6.186417e-04 8.477624e-04 9.461237e-01 -3.093967e-02 7.000910e-03
9.999993e-01 6.425458e-04 1.334813e-04 9.848458e-04 9.822731e-01 -3.035703e-02 2.495295e-02
9.999980e-01 -1.182011e-03 -1.427920e-03 7.010187e-04 9.894164e-01 -3.183057e-02 4.346589e-02
9.999843e-01 3.850805e-03 -3.901484e-03 1.170468e-03 1.000479e+00 -1.749207e-02 1.087161e-01
9.999717e-01 2.743837e-03 -6.902883e-03 1.174865e-03 1.078123e+00 -1.141791e-02 1.223828e-01
9.999652e-01 3.905392e-03 -7.284915e-03 1.157455e-03 1.103824e+00 -3.911103e-03 1.633779e-01
9.999717e-01 1.238683e-03 -7.346513e-03 1.037658e-03 1.115038e+00 -6.032729e-04 1.730027e-01
9.999711e-01 4.382655e-03 -5.999509e-03 1.642879e-03 1.154418e+00 -2.754324e-03 1.103870e-01
9.999868e-01 2.260235e-03 -4.406121e-03 1.371587e-03 1.228247e+00 -9.594560e-03 1.369619e-01
9.999872e-01 2.126142e-03 -4.361043e-03 1.465987e-03 1.216531e+00 3.526673e-04 1.080472e-01
9.999763e-01 1.405681e-03 -6.671110e-03 9.423411e-04 1.341528e+00 -2.267050e-02 8.246577e-02
9.999887e-01 1.059901e-03 -4.568838e-03 8.299891e-04 1.282487e+00 8.551196e-03 1.027825e-01
9.999815e-01 -1.222026e-04 -6.077092e-03 2.627784e-04 1.429257e+00 1.870837e-03 1.009655e-01
9.999876e-01 3.000724e-03 -3.969101e-03 3.464772e-04 1.299252e+00 1.227246e-02 1.301762e-01
9.999754e-01 1.565699e-04 -6.994698e-03 5.514560e-04 1.445396e+00 8.986893e-03 1.094012e-01
9.999934e-01 1.883544e-03 -2.908354e-03 1.121357e-03 1.596377e+00 3.618231e-02 7.731282e-02
9.999935e-01 -2.309892e-03 2.612196e-03 9.055621e-04 2.213476e+00 -7.450199e-03 -1.904843e-02
9.999971e-01 -1.859922e-03 1.124046e-03 9.982341e-04 2.249498e+00 -1.493434e-02 -3.980534e-02
9.999922e-01 3.396334e-03 1.744181e-03 1.034577e-03 2.222392e+00 -2.110858e-02 1.330010e-02
9.999973e-01 7.888058e-05 2.110463e-03 9.743931e-04 2.226349e+00 -2.519905e-02 -2.702492e-02
9.999919e-01 -6.055947e-04 3.947404e-03 4.716628e-04 2.206909e+00 -3.475302e-02 2.278081e-02
9.999914e-01 -3.779440e-03 1.102092e-03 1.278006e-03 2.221720e+00 -1.536724e-02 2.737664e-02
9.999975e-01 1.104589e-03 -1.133897e-03 1.549867e-03 2.192926e+00 2.327992e-02 7.167081e-02
9.999956e-01 -2.265655e-04 2.888046e-03 6.766075e-04 2.244106e+00 -1.603505e-02 1.528052e-02
9.999846e-01 4.278320e-03 -2.841408e-03 2.118153e-03 2.140116e+00 9.845574e-03 9.719760e-02
9.999944e-01 -1.281857e-03 2.749022e-03 1.417492e-03 2.059826e+00 -9.031407e-03 5.895565e-02
9.999925e-01 -1.206531e-03 -3.228377e-03 1.763135e-03 2.080977e+00 -4.528733e-03 7.666487e-02
9.999984e-01 5.773931e-04 9.632069e-04 1.394540e-03 1.938133e+00 -4.854039e-02 5.348061e-02
9.999869e-01 -3.804216e-03 7.884454e-04 3.346653e-03 1.427177e+00 -1.623398e-02 4.751785e-02
9.999986e-01 -8.944064e-05 8.415172e-04 1.459622e-03 1.207032e+00 -3.898910e-02 2.421052e-03
9.999670e-01 -2.768660e-03 -7.365754e-03 2.033134e-03 1.210522e+00 -3.054714e-02 7.697417e-02
9.999936e-01 -2.989824e-03 1.341548e-03 1.413599e-03 1.061280e+00 -1.862965e-02 2.418474e-02
9.999915e-01 2.084458e-03 -3.391734e-03 1.057064e-03 9.328043e-01 -1.225251e-02 -2.673375e-02
9.999995e-01 8.963666e-04 3.368264e-04 1.443913e-04 8.429462e-01 -1.728117e-02 1.415719e-02
9.999922e-01 -3.434728e-03 1.686248e-03 9.743354e-04 8.942624e-01 -6.721032e-03 -1.471704e-02
9.999938e-01 -2.590193e-05 -3.422984e-03 8.783618e-04 8.602827e-01 -1.932550e-02 1.958614e-02
9.999993e-01 -7.141684e-04 -1.129872e-04 9.573218e-04 8.957300e-01 -6.374650e-03 1.169878e-02
9.999988e-01 1.102337e-04 -5.055307e-04 1.416318e-03 9.484114e-01 -1.162536e-02 -2.723736e-02
9.999977e-01 -1.805414e-03 -8.937348e-04 7.141512e-04 9.530346e-01 -1.490358e-02 8.571328e-03
9.999987e-01 -1.281540e-03 -6.371519e-04 7.947245e-04 8.406515e-01 -1.017915e-02 -3.597231e-03
9.999885e-01 3.834960e-05 -4.682613e-03 1.075644e-03 9.041553e-01 -8.173653e-03 5.619864e-02
9.999995e-01 -8.518618e-04 -3.094454e-04 4.295229e-04 9.876837e-01 -1.286299e-02 -1.586253e-02
9.999972e-01 -5.928000e-04 -2.118271e-03 8.452202e-04 8.931217e-01 -9.214405e-03 -7.696526e-03
9.999996e-01 -5.379010e-04 -1.273414e-04 6.804529e-04 9.692507e-01 -7.510844e-03 -1.328211e-02
9.999997e-01 -2.083654e-04 -5.419975e-05 7.307893e-04 9.269073e-01 -8.725875e-03 -3.036066e-02
9.999992e-01 -4.265884e-04 -1.088529e-03 5.673555e-04 8.520284e-01 -1.055766e-02 1.022012e-02
9.999981e-01 -9.568805e-05 -1.824831e-03 6.525807e-04 8.889848e-01 -8.969771e-03 -1.865967e-02
9.999992e-01 7.203761e-04 8.734577e-04 4.898577e-04 8.702594e-01 2.123751e-03 -3.366983e-02
9.999968e-01 -9.028273e-04 -2.359077e-03 -2.753879e-04 9.380135e-01 -9.039327e-03 -6.635129e-03
9.999990e-01 -9.605896e-04 -8.833413e-04 -4.616860e-04 7.808818e-01 -9.380610e-03 -3.657089e-02
9.999970e-01 -8.281446e-04 -2.292477e-03 -2.097620e-04 8.760595e-01 -1.375062e-02 1.876580e-02
9.999999e-01 1.055242e-04 -2.201220e-04 3.589956e-04 9.042659e-01 -4.384950e-03 -5.145650e-02
9.999930e-01 -1.629318e-03 -3.346191e-03 2.163630e-04 8.809037e-01 -1.797058e-02 2.400437e-02
9.999949e-01 7.762576e-04 3.086515e-03 2.991722e-04 8.799610e-01 -1.244063e-02 -8.660539e-02
9.999960e-01 -7.634777e-04 -2.724457e-03 -1.386402e-04 8.689582e-01 -1.614180e-02 7.120987e-03
9.999997e-01 -7.473751e-04 3.924106e-04 -5.917511e-05 9.435888e-01 -1.490556e-02 -4.543398e-02
9.999988e-01 -2.160352e-04 -1.491416e-03 1.163601e-04 9.034455e-01 -1.553089e-02 -1.683625e-02
9.999999e-01 2.010155e-04 1.311373e-04 4.224949e-04 8.472138e-01 -1.502568e-02 -5.250985e-02
9.999995e-01 -2.633695e-04 8.707832e-04 4.074527e-04 8.146324e-01 -1.128596e-02 -4.221392e-02
9.999996e-01 6.500073e-04 -4.632436e-04 3.454799e-04 6.963988e-01 -9.567596e-03 -1.545521e-02
9.999996e-01 -5.489556e-04 5.912392e-04 3.107606e-04 8.292173e-01 -1.015078e-02 -5.650193e-02
9.999935e-01 -1.276773e-03 -3.353295e-03 3.713881e-04 9.253055e-01 -1.629353e-02 -8.861517e-03
9.999999e-01 2.220107e-04 3.426298e-04 1.863104e-04 7.181563e-01 -1.026305e-02 -4.373104e-02
9.999997e-01 -9.898275e-05 -7.769880e-04 4.218665e-05 7.738847e-01 -1.226604e-02 -2.869121e-02
9.999994e-01 -8.569481e-04 -7.091117e-04 4.382827e-05 6.432999e-01 -1.263804e-02 -2.499515e-02
9.999999e-01 1.291035e-04 2.813099e-04 2.310525e-04 7.648237e-01 -6.633100e-03 -3.288400e-02
9.999967e-01 -2.552169e-03 9.671272e-05 6.833492e-06 6.172725e-01 -1.308474e-03 -1.280487e-01
9.999998e-01 2.115304e-04 -5.737711e-04 -1.583355e-04 3.448080e-01 -1.903048e-02 -7.899703e-04
9.999962e-01 1.613110e-03 2.249620e-03 -2.352418e-04 3.738760e-01 -8.891450e-03 -2.320263e-02
9.999993e-01 3.080739e-04 -1.132352e-03 -9.510822e-05 4.727509e-01 -1.985660e-02 1.569676e-02
9.999994e-01 8.325449e-04 7.154130e-04 5.320544e-06 3.125301e-01 -1.104288e-02 -9.719293e-03
9.999996e-01 -2.123070e-04 -8.280921e-04 -2.072693e-04 4.991605e-01 -1.478111e-02 -5.313915e-03
9.999999e-01 -4.180153e-04 -2.871952e-04 -2.555509e-05 4.750823e-01 -1.832438e-02 -6.050270e-03
9.999990e-01 1.204792e-03 6.742429e-04 -6.696320e-05 4.391596e-01 -1.670542e-02 -1.746368e-02
1.000000e+00 -7.635597e-05 1.335050e-04 1.496950e-04 4.966850e-01 -1.819178e-02 -1.221583e-02
9.999993e-01 -4.652704e-04 -8.413459e-04 6.187877e-04 3.591280e-01 -1.521065e-02 -5.734392e-03
9.999994e-01 -2.695668e-04 -6.944720e-04 7.786180e-04 4.021923e-01 -8.341530e-03 -2.248947e-02
9.999999e-01 4.897157e-05 5.210405e-04 3.009891e-05 4.289037e-01 -1.896114e-02 -2.038086e-02
9.999987e-01 6.834255e-04 -1.249099e-03 7.945809e-04 4.531190e-01 -5.668013e-03 3.960112e-03
9.999970e-01 6.004220e-04 2.359198e-03 1.064684e-04 3.707235e-01 -5.834765e-03 -2.357002e-02
9.999995e-01 1.647373e-04 -9.881452e-04 4.359078e-05 3.463208e-01 -1.094749e-02 -4.372229e-03
9.999977e-01 4.376444e-05 2.153939e-03 -4.252284e-05 2.992980e-01 -8.241493e-03 -2.382507e-02
9.999977e-01 1.048393e-04 -2.119999e-03 -1.274390e-04 2.904485e-01 -1.099789e-02 3.860334e-02
9.999987e-01 -2.451756e-04 1.480266e-03 -5.119899e-04 1.931273e-01 -2.558416e-03 -3.300322e-02
9.999997e-01 -1.678692e-04 -5.795422e-04 -3.971535e-04 2.850621e-01 -5.711328e-03 -7.607374e-03
9.999986e-01 1.369413e-03 8.863080e-04 -4.385724e-04 8.654586e-02 -9.096859e-03 -1.389662e-02
9.999997e-01 -2.645085e-04 7.297500e-05 -6.763586e-04 1.893497e-01 -1.521238e-02 3.087169e-03
9.999963e-01 -9.726873e-04 -2.525652e-03 -3.653022e-04 2.018837e-01 -1.767769e-02 2.488528e-02
9.999943e-01 1.184343e-03 3.112726e-03 -6.121835e-04 1.055838e-01 -1.433584e-02 -3.002416e-02
9.999999e-01 3.739641e-04 -1.182578e-04 1.683716e-04 2.703665e-02 -1.744708e-02 1.009983e-02
9.999991e-01 4.676106e-04 1.258249e-03 1.783210e-05 -2.239022e-02 -1.119368e-02 -9.461402e-03
9.999997e-01 6.129152e-04 -3.885018e-04 4.288823e-05 -2.950785e-02 -1.124790e-02 1.178734e-02
9.999997e-01 -6.403566e-04 2.194066e-04 -3.350182e-04 -6.804863e-03 -1.402334e-02 -1.927865e-02
9.999992e-01 4.645907e-04 1.077558e-03 -3.303977e-04 -5.346194e-02 -1.017650e-02 3.991993e-04
9.999998e-01 -3.162656e-04 -5.801027e-04 5.953833e-05 -6.985243e-02 -1.659231e-02 2.083042e-02
9.999996e-01 -8.680543e-05 1.158326e-04 8.400922e-04 -4.208616e-02 -1.598533e-02 8.578846e-03
9.999985e-01 1.498166e-04 -9.966528e-04 1.411856e-03 -7.853250e-02 -8.497245e-03 -9.148838e-04
9.999985e-01 3.730265e-04 1.568858e-03 6.054251e-04 -6.771215e-02 -2.429886e-04 -1.513060e-02
9.999997e-01 -1.776909e-04 -7.670373e-04 2.653999e-04 -7.063785e-02 -2.702283e-03 8.328235e-03
9.999998e-01 -4.499310e-04 4.843844e-04 -1.301947e-04 -4.669886e-02 5.157049e-03 -1.707229e-02
9.999979e-01 -7.596636e-04 -1.848726e-03 -3.888752e-04 -3.573752e-02 -1.645654e-03 1.147891e-02
9.999993e-01 8.320240e-05 1.027747e-03 -6.732849e-04 -5.568818e-02 6.819383e-03 -1.621941e-02
9.999996e-01 3.690928e-04 4.875851e-04 -6.350076e-04 -1.604235e-01 -1.506170e-03 1.272196e-02
9.999991e-01 -9.073575e-04 -9.732187e-04 -3.715649e-04 -4.902812e-02 -4.798024e-03 -1.143831e-02
9.999991e-01 4.462617e-04 1.281139e-03 -1.522712e-04 -5.007010e-02 -1.268567e-02 -4.520147e-03
9.999999e-01 4.218891e-04 2.596961e-04 5.821325e-05 -3.126916e-02 -4.289633e-03 -9.256397e-03
9.999987e-01 -1.008238e-04 1.604294e-03 -7.585725e-05 -9.531146e-02 -4.949697e-03 -1.206072e-02
9.999997e-01 3.038528e-04 -5.835578e-04 4.452799e-04 -1.393914e-01 -7.361912e-03 1.005508e-02
9.999995e-01 6.122221e-04 3.416914e-04 7.215618e-04 -9.143675e-02 5.949630e-03 -5.815836e-03
9.999985e-01 -7.255759e-04 -1.097699e-03 1.119060e-03 -8.803757e-02 7.352384e-03 1.429478e-02
9.999996e-01 -3.956569e-04 -4.123120e-05 7.792438e-04 -7.876394e-02 1.347315e-02 -6.751993e-03
9.999992e-01 2.241705e-04 9.780329e-04 7.859325e-04 -7.454452e-02 1.881871e-02 -4.649084e-03
9.999995e-01 2.115712e-04 -8.329588e-04 4.245240e-04 -1.116156e-01 1.400995e-02 1.228623e-02
9.999998e-01 -5.751849e-04 6.543532e-05 2.539983e-04 -4.994684e-02 2.237863e-02 -9.053981e-04
1.000000e+00 1.691692e-04 -1.730631e-04 1.575831e-04 -4.384298e-02 2.687425e-02 9.160794e-03
9.999997e-01 -7.779631e-05 -5.886926e-04 4.734135e-04 -3.633505e-02 3.094382e-02 -3.647832e-03
9.999996e-01 -6.978808e-04 4.482808e-04 -1.537113e-04 -5.101589e-02 3.314603e-02 -7.332621e-03
9.999998e-01 2.810919e-04 -4.518449e-04 -1.411200e-04 -3.250581e-02 2.939481e-02 2.420632e-02
9.999998e-01 -4.890859e-04 -2.874605e-04 -2.105656e-04 -1.105652e-01 3.719658e-02 2.833541e-03
9.999992e-01 1.462435e-04 -1.128096e-03 -5.252562e-04 -2.273917e-03 1.961538e-02 1.895801e-02
9.999998e-01 -2.422699e-04 8.904789e-05 -6.502267e-04 4.634479e-03 2.482719e-02 -8.564013e-03
9.999996e-01 3.792836e-04 7.651796e-04 -3.395687e-04 2.263498e-02 1.691392e-02 -3.515806e-03
9.999996e-01 -5.315013e-04 -4.621706e-04 -5.268107e-04 -2.171800e-02 1.959861e-02 2.695491e-03
9.999998e-01 8.455397e-05 4.787751e-04 -4.580332e-04 -7.897497e-03 1.085936e-02 7.186338e-03
9.999997e-01 6.906281e-04 9.145848e-05 -4.023743e-04 1.363739e-02 1.369646e-02 9.913930e-04
9.999993e-01 6.110597e-05 1.031823e-03 -4.487094e-04 -4.770535e-02 8.615629e-03 1.487529e-03
9.999966e-01 -1.164803e-03 -2.330047e-03 -3.855888e-04 -3.920518e-02 4.473039e-03 5.187853e-03
9.999975e-01 4.949846e-04 2.140100e-03 -1.604043e-04 -4.672360e-02 1.599390e-03 -1.552911e-02
9.999996e-01 -7.071059e-05 -7.999091e-04 -3.094814e-04 5.928690e-02 -5.621021e-03 4.783179e-03
9.999998e-01 5.980505e-04 -2.620866e-04 -2.226977e-04 1.056319e-01 -3.075299e-03 2.453096e-04
9.999994e-01 6.267979e-04 8.831244e-04 -3.964992e-04 1.113111e-01 7.838687e-04 -2.092449e-02
9.999998e-01 -2.446801e-04 -1.019411e-04 -4.621159e-04 1.087746e-01 2.728814e-03 -1.812711e-02
9.999992e-01 -4.724965e-04 -1.136508e-03 -1.939211e-04 -7.333977e-02 5.122292e-03 3.046999e-02
9.999998e-01 2.259919e-04 6.236682e-04 3.335052e-05 3.026650e-02 3.991435e-03 -1.782770e-02
9.999995e-01 6.681150e-04 -4.176033e-04 -5.913943e-04 1.414618e-02 -1.441361e-02 -6.090553e-04
9.999998e-01 -5.599824e-04 1.696838e-04 -3.845230e-04 2.324654e-02 -1.153293e-02 -1.671021e-03
9.999997e-01 7.023922e-04 -8.379489e-06 -2.561859e-04 -1.067923e-02 -7.096633e-03 3.778180e-03
9.999996e-01 -6.328140e-04 1.133926e-04 -5.449453e-04 8.530252e-02 -1.444094e-02 -2.124037e-02
9.999980e-01 3.018554e-04 -1.985108e-03 -2.734177e-04 6.520104e-02 -1.950255e-02 1.911369e-02
9.999989e-01 -2.486166e-04 1.359161e-03 -4.561486e-04 7.380723e-03 -2.366056e-02 -1.186554e-02
9.999988e-01 1.159704e-03 1.055615e-03 -1.619346e-04 -1.915606e-02 -2.212349e-02 -9.833310e-03
9.999998e-01 -5.620063e-04 3.131998e-04 -2.654689e-04 1.542707e-02 -2.412659e-02 1.411401e-03
9.999998e-01 -5.524734e-04 -3.623743e-04 4.315696e-05 4.033345e-02 -2.800349e-02 7.245538e-03
9.999996e-01 3.628986e-04 -4.457778e-04 7.045111e-04 8.448061e-02 -1.792937e-02 1.333580e-02
9.999998e-01 -3.518834e-04 2.042045e-04 5.339324e-04 -1.137654e-03 -1.569527e-02 -8.742323e-03
9.999999e-01 4.251192e-05 8.607302e-05 3.567172e-04 3.233619e-02 -1.416301e-02 -1.160179e-03
9.999998e-01 -4.121051e-04 -3.488784e-04 6.276360e-05 -2.405861e-02 -1.270774e-02 -2.220147e-03
9.999990e-01 1.175579e-03 8.058410e-04 1.847305e-04 -5.107732e-02 -1.436182e-02 4.252817e-03
9.999999e-01 2.737733e-04 2.619797e-04 -3.745471e-04 -6.956490e-02 -1.780811e-02 -2.953664e-03
9.999998e-01 -3.535370e-04 5.845088e-04 6.478720e-05 3.503363e-04 -8.561183e-03 -9.554763e-03
9.999999e-01 5.878502e-05 1.607679e-05 2.980615e-04 -3.314860e-02 -1.173197e-02 2.666635e-03
1.000000e+00 -4.048147e-05 1.453899e-04 -1.912005e-04 -5.816987e-03 -1.535357e-02 -1.509406e-03
9.999986e-01 6.743999e-04 1.423289e-03 4.810409e-04 5.378123e-02 -6.963740e-03 -2.088237e-04
9.999983e-01 -8.450470e-04 -1.671961e-03 2.032613e-05 3.854089e-05 -1.947787e-02 4.160478e-03
9.999994e-01 8.506069e-04 4.234254e-04 6.128905e-04 -3.147455e-02 -1.641822e-03 -7.923920e-03
9.999995e-01 -9.925539e-04 -1.287779e-04 -1.843908e-04 4.965148e-02 -6.316977e-03 8.553708e-03
9.999963e-01 3.459587e-04 -2.562185e-03 8.669615e-04 -3.559592e-02 7.968244e-04 1.283812e-03
9.999932e-01 4.349078e-04 3.612445e-03 -6.421088e-04 -5.010505e-04 -8.578495e-03 -1.065858e-02
9.999980e-01 4.450193e-04 -1.902716e-03 3.448948e-04 -2.729558e-02 -8.596756e-03 1.908585e-02
9.999997e-01 4.918118e-05 7.840305e-04 -1.686839e-04 -6.883681e-02 -5.067576e-03 -1.814829e-02
9.999988e-01 -6.346715e-04 -1.364429e-03 1.947929e-04 -6.734885e-02 -2.557425e-03 1.521067e-02
9.999961e-01 2.374569e-04 2.742662e-03 -4.325922e-04 -2.111463e-02 -4.655908e-03 -3.184119e-02
9.999992e-01 -7.634408e-04 -9.739156e-04 3.256848e-04 -7.327090e-02 -3.129966e-03 1.422678e-02
9.999996e-01 7.218017e-04 -4.998997e-04 -1.670950e-04 -7.501688e-02 -6.362312e-03 1.422786e-02
9.999997e-01 -6.193246e-04 5.154286e-04 -1.512688e-04 -1.002785e-01 -3.263113e-03 -4.115270e-03
9.999996e-01 -6.277455e-05 -8.570166e-04 -9.833851e-05 -7.312386e-02 -3.648294e-03 6.995040e-03
9.999991e-01 3.749723e-04 1.220208e-03 -3.261175e-04 -1.136876e-01 -4.219117e-03 -1.558966e-02
9.999997e-01 -1.202491e-04 -8.066757e-04 1.022111e-04 -1.526064e-01 2.732957e-03 1.604054e-02
9.999995e-01 7.087247e-05 9.529481e-04 -8.431103e-05 -4.368729e-03 -3.667443e-03 -2.212861e-04
9.999993e-01 -3.790772e-04 -1.078294e-03 1.108652e-04 -3.859256e-02 -5.516956e-03 -3.183479e-04
9.999979e-01 5.398194e-04 1.989376e-03 -1.669360e-05 -1.227222e-01 1.304703e-03 -5.175093e-03
9.999978e-01 -8.204141e-04 -1.902055e-03 3.028771e-04 -1.365256e-01 -6.276557e-03 1.921510e-02
9.999968e-01 6.485604e-04 2.430254e-03 1.615031e-04 -1.074950e-01 5.886503e-04 -2.479237e-02
9.999992e-01 -4.742737e-04 -1.021894e-03 5.430940e-04 -6.175226e-02 -2.047059e-03 1.115056e-02
9.999992e-01 5.475786e-04 1.075770e-03 -2.191456e-04 -5.522914e-02 -3.610437e-03 -1.167871e-02
9.999972e-01 -6.940980e-04 -2.252507e-03 2.802877e-04 9.615527e-02 1.842780e-03 2.400919e-02
9.999993e-01 3.016966e-04 1.159767e-03 6.453719e-05 4.918844e-02 2.013837e-03 -2.142250e-02
9.999995e-01 -1.504901e-04 -6.392061e-04 7.547621e-04 7.662649e-02 8.421474e-03 6.809510e-03
9.999998e-01 1.539507e-04 -6.371646e-04 -4.730723e-05 -1.154982e-02 -8.093370e-03 7.183914e-03
9.999996e-01 5.406096e-04 5.904875e-04 3.626208e-04 -4.655223e-02 9.664412e-03 -7.429562e-03
9.999996e-01 2.331995e-05 9.095712e-04 -1.746027e-04 -8.223580e-02 7.320938e-03 -9.575783e-03
9.999999e-01 -2.245144e-04 1.015552e-04 3.927528e-04 1.264323e-01 1.372197e-02 -6.110237e-04
9.999997e-01 -5.812683e-04 -5.434463e-04 -9.860425e-05 -2.508653e-02 3.784479e-03 1.144849e-02
9.999991e-01 1.118596e-04 -1.292713e-03 8.440269e-07 -1.292688e-03 1.025009e-02 1.152548e-02
9.999996e-01 -4.701797e-05 8.733289e-04 -2.828797e-05 -2.425659e-02 1.129560e-02 -9.030368e-04
9.999994e-01 3.876716e-04 -9.843277e-04 9.775116e-05 2.691461e-02 1.092217e-02 -3.682688e-03
9.999997e-01 -4.105466e-04 5.306683e-04 -3.782100e-04 4.198491e-02 6.099803e-03 -7.236337e-03
9.999997e-01 2.935693e-04 -6.825614e-04 1.082453e-04 -5.149854e-02 8.795536e-03 2.186331e-02
9.999995e-01 2.251816e-04 8.919598e-04 3.116420e-04 -7.862434e-02 2.657013e-02 -1.831784e-02
9.999975e-01 -1.067703e-03 -1.940625e-03 -2.476044e-04 -8.680339e-03 3.431913e-03 1.590499e-02
9.999996e-01 1.812102e-04 8.161642e-04 8.646736e-05 -4.422523e-02 1.285713e-02 -2.510587e-03
1.000000e+00 -1.725375e-04 1.764248e-06 -2.033237e-04 -3.550769e-03 6.278367e-03 7.998234e-03
1.000000e+00 -1.817789e-05 -2.891992e-04 -7.873821e-05 -8.489995e-03 8.434226e-03 1.205738e-03
1.000000e+00 4.217836e-07 6.430774e-05 8.712736e-05 -7.218232e-02 1.174860e-02 -6.347144e-03
9.999997e-01 4.020951e-04 5.722652e-04 -3.656968e-04 2.839188e-02 5.852738e-03 3.181047e-03
9.999999e-01 -3.694542e-05 -1.743528e-04 -4.251591e-04 -1.494635e-02 4.918671e-03 -1.824916e-03
9.999999e-01 2.477854e-04 2.165007e-04 -1.165066e-04 1.405276e-02 2.986661e-03 -2.004142e-04
9.999984e-01 -7.912799e-04 -1.593693e-03 -1.800358e-04 -3.382130e-02 2.375988e-03 1.725389e-03
9.999992e-01 1.579484e-04 1.272257e-03 -8.392651e-05 -6.947771e-02 1.023099e-02 6.989991e-04
9.999998e-01 -3.177111e-04 -5.521778e-04 -3.096667e-04 -1.260932e-02 -8.239093e-03 -4.801598e-04
9.999999e-01 -3.225590e-04 9.007666e-05 -1.665762e-04 -1.209077e-02 -3.511411e-03 8.888517e-03
9.999990e-01 7.624772e-04 1.154784e-03 7.991592e-05 -5.940278e-02 4.314011e-04 3.884547e-03
9.999999e-01 -3.310357e-04 1.250034e-04 -8.173071e-05 -6.805516e-02 2.054579e-03 -2.601949e-02
9.999995e-01 -6.341300e-04 -7.453011e-04 -4.003952e-04 -8.845516e-02 -1.162160e-02 2.621182e-02
9.999997e-01 7.731350e-04 -1.053676e-04 1.059870e-04 -5.035852e-02 2.902477e-03 -1.256714e-02
9.999997e-01 -1.735027e-04 6.981520e-04 -1.990228e-04 -5.204913e-02 -6.212983e-03 -1.026880e-02
9.999999e-01 3.659516e-04 -2.775698e-04 8.787473e-06 3.407617e-02 -2.437390e-03 1.279946e-02
9.999999e-01 4.711889e-05 5.114684e-04 3.637248e-05 2.668629e-02 -2.400788e-03 -2.303998e-03
9.999997e-01 -5.551998e-04 -5.745660e-04 1.283696e-04 1.398095e-02 -8.900891e-03 -5.293166e-03
9.999999e-01 1.603436e-04 3.940526e-04 2.795460e-04 -9.262493e-04 -8.687297e-03 5.002303e-03
9.999993e-01 6.254988e-04 4.565200e-04 9.028801e-04 -2.701797e-02 4.976690e-03 -2.273342e-03
9.999999e-01 4.494438e-04 1.427872e-04 1.787521e-04 -6.091645e-02 -4.235450e-03 1.508170e-02
9.999996e-01 -3.930440e-04 -7.516324e-04 2.938026e-04 -5.780825e-02 2.082676e-03 9.696229e-03
9.999998e-01 -5.189183e-04 -4.462232e-04 1.341448e-04 2.116851e-02 6.128309e-03 -1.313399e-02
9.999998e-01 6.068865e-04 4.945924e-05 -1.540133e-04 2.929378e-03 -8.133410e-04 6.570055e-03
1.000000e+00 -4.339151e-06 -2.182192e-04 -4.337031e-05 -5.264793e-02 6.511952e-03 -1.580072e-03
9.999994e-01 7.766642e-04 7.527807e-04 -2.270830e-04 -3.642588e-02 9.740939e-03 -3.688455e-03
9.999998e-01 -1.210258e-04 4.840465e-04 -4.710816e-04 -6.644008e-03 1.386834e-03 -1.262047e-02
1.000000e+00 -1.248834e-04 -6.625913e-05 9.131863e-05 2.491503e-02 1.035237e-02 1.961874e-03
9.999999e-01 2.637817e-04 1.053667e-04 1.633787e-04 2.455950e-02 -9.341486e-04 1.939282e-03
9.999994e-01 5.182195e-04 1.002749e-03 -9.665991e-05 -1.116465e-02 7.846789e-03 -2.391427e-03
9.999989e-01 -1.022762e-03 -1.005696e-03 4.675346e-04 4.836736e-02 1.046846e-02 -1.690286e-02
9.999998e-01 3.491478e-04 5.305604e-04 -2.259475e-04 -7.656534e-05 8.994622e-04 1.021133e-02
9.999999e-01 -1.132568e-04 -5.073148e-04 1.436081e-04 1.350737e-02 7.564812e-03 -8.432597e-03
9.999994e-01 -2.758433e-04 -9.672456e-04 -4.170820e-04 2.571013e-02 5.002220e-03 1.429998e-02
9.999999e-01 -3.031520e-04 5.511926e-05 -8.852176e-05 3.068986e-02 8.809144e-03 -2.078901e-03
9.999999e-01 -1.985177e-04 -4.901397e-04 -2.504025e-04 3.020514e-02 -2.815353e-03 -5.178209e-04
9.999999e-01 -3.218617e-04 2.907936e-04 -2.239170e-04 5.503214e-02 -8.019724e-03 8.957988e-03
9.999995e-01 6.832129e-04 1.101339e-04 6.730309e-04 1.911493e-02 5.141154e-03 -6.447382e-03
9.999995e-01 5.553567e-04 7.925109e-04 -3.239301e-05 4.408748e-02 -7.651618e-04 -4.091042e-03
9.999959e-01 2.700827e-03 -7.529165e-04 5.711348e-04 5.104361e-03 -1.179905e-05 1.158611e-01
9.999994e-01 5.179278e-04 9.410126e-04 -5.956256e-05 -2.548593e-02 1.974076e-03 4.502126e-03
9.999999e-01 -5.101889e-05 -3.629423e-04 1.187005e-04 -1.897989e-02 1.321574e-03 6.438770e-03
9.999986e-01 -8.865794e-05 -1.695968e-03 -6.085088e-05 -1.157749e-02 3.422718e-03 1.563322e-02
9.999996e-01 1.092473e-04 7.246054e-04 -5.149518e-04 8.333577e-02 5.748453e-03 -1.492265e-02
1.000000e+00 4.524612e-05 2.748582e-04 2.250442e-05 1.289602e-02 5.382522e-03 -1.251164e-02
9.999999e-01 2.914576e-04 -4.822142e-05 -8.641929e-05 8.017638e-02 2.881226e-03 -7.043843e-03
9.999998e-01 1.912011e-04 6.268134e-04 -7.644598e-05 1.142757e-01 -2.961962e-04 -9.816468e-03
9.999997e-01 7.645758e-04 2.536018e-04 -1.502353e-04 5.813032e-02 -7.357386e-05 -2.359001e-03
9.999998e-01 -4.058320e-04 4.822296e-04 -1.466940e-04 4.411946e-02 2.293030e-03 -6.185469e-03
9.999999e-01 -8.161609e-05 -4.100481e-04 4.922364e-05 7.792423e-02 -1.813465e-03 2.055033e-03
9.999998e-01 -4.279927e-04 3.918418e-04 -1.855648e-04 1.136899e-02 -3.090303e-03 -9.885459e-03
9.999999e-01 4.459160e-04 -7.976360e-05 -4.112346e-05 -2.739596e-02 -1.865432e-03 3.683445e-03
9.999984e-01 -1.477083e-04 -1.802655e-03 -1.073946e-05 2.447099e-02 -2.010227e-03 2.929301e-02
9.999986e-01 1.551194e-04 1.637080e-03 -2.753686e-04 4.160043e-02 -6.792008e-03 -2.822256e-02
9.999994e-01 2.577117e-04 -1.022197e-03 -2.310123e-04 1.218554e-02 -2.661782e-03 1.640907e-02
9.999981e-01 9.492728e-04 1.698275e-03 1.731794e-05 -2.326761e-02 2.164030e-03 -1.540432e-02
9.999988e-01 -1.287902e-03 -7.056807e-04 -4.308475e-04 -2.650805e-02 -1.944317e-03 7.895170e-04
9.999999e-01 2.687085e-04 3.944129e-05 1.875360e-04 -1.876281e-02 1.317324e-03 5.375563e-03
1.000000e+00 -2.278308e-04 7.113817e-05 -8.978041e-05 -2.182457e-02 -7.065020e-03 1.691853e-02
9.999994e-01 6.887138e-04 -7.237520e-04 -5.321287e-04 1.083747e-02 -1.217692e-02 1.196015e-02
9.999977e-01 1.020840e-03 1.874237e-03 -1.391689e-04 1.334094e-02 -1.294646e-02 -1.657026e-02
9.999998e-01 -3.620521e-04 -3.318949e-04 3.923588e-04 -8.171622e-03 -1.010378e-02 1.048753e-02
9.999977e-01 -8.696723e-05 -2.152232e-03 1.315065e-04 5.867440e-02 -1.558483e-02 3.965870e-03
9.999996e-01 -8.637760e-04 8.842900e-05 3.131645e-05 5.713744e-02 -1.295709e-02 -2.507546e-02
9.999989e-01 -1.316086e-03 2.022555e-04 6.611339e-04 2.001518e-01 -1.884930e-03 -3.357973e-02
9.999982e-01 -1.854884e-03 -3.258968e-05 4.740487e-04 2.268920e-01 1.437426e-03 -7.411092e-02
9.999966e-01 -1.870513e-03 -1.605659e-03 -8.299882e-04 3.285355e-01 -3.142398e-02 -5.357833e-02
9.999612e-01 -5.058798e-03 -7.201739e-03 -4.663189e-04 3.928660e-01 -3.445886e-02 -5.719719e-02
9.999932e-01 -6.377492e-04 2.874601e-03 -2.225947e-03 1.491516e-01 -8.488122e-02 -4.230136e-02
9.998707e-01 -7.799620e-03 -1.394314e-02 -1.815644e-03 5.262309e-01 -1.218762e-01 -8.047944e-02
9.998808e-01 8.701507e-03 1.257761e-02 -2.133177e-03 7.399277e-01 -9.712129e-02 -1.241006e-01
9.999873e-01 4.862121e-03 -5.087987e-04 -1.188578e-03 1.977198e+00 -3.171620e-03 -1.324871e-01
9.999915e-01 3.051304e-03 1.436572e-03 -2.397324e-03 2.129000e+00 -3.790406e-02 -1.375667e-01
9.999939e-01 3.042026e-03 -4.199911e-04 -1.632043e-03 2.168827e+00 -1.869332e-02 -8.415163e-02
9.999966e-01 2.404564e-03 7.651443e-05 -9.867651e-04 2.073753e+00 2.491631e-03 -1.105400e-01
9.999919e-01 2.555710e-03 -2.657578e-03 -1.592104e-03 2.155893e+00 4.582034e-04 -7.662350e-02
9.999986e-01 1.643038e-03 2.737125e-04 -7.680487e-05 2.262438e+00 -1.881703e-02 -7.422006e-02
9.999975e-01 1.954052e-03 4.425334e-05 -1.127521e-03 2.204129e+00 -3.066693e-02 -7.426951e-02
9.999989e-01 1.375101e-03 -3.697885e-04 -4.123717e-04 2.422243e+00 -3.126810e-02 -6.681726e-02
9.999983e-01 6.640188e-04 1.029441e-03 1.357626e-03 2.465495e+00 5.208471e-03 -4.840055e-02
9.999972e-01 2.188871e-03 -4.781339e-04 -8.634291e-04 2.720842e+00 -3.419618e-02 -7.639976e-02
9.999965e-01 2.263745e-03 -1.343362e-04 1.343418e-03 2.876638e+00 1.320631e-04 -5.409442e-02
9.999987e-01 -7.008574e-04 -1.316105e-03 5.992702e-04 3.102004e+00 -1.081873e-02 -6.060379e-02
9.999998e-01 2.266813e-05 6.602712e-04 1.625902e-04 3.138721e+00 -2.897195e-02 -6.928277e-02
9.999990e-01 -1.438970e-03 3.926089e-05 2.433232e-05 3.236822e+00 -3.079123e-02 -6.155546e-02
9.999988e-01 7.622254e-04 -1.317502e-03 1.043819e-04 3.186348e+00 -4.029661e-02 -8.323806e-02
1.000000e+00 3.367949e-04 5.337842e-05 2.138619e-04 3.220177e+00 -3.833378e-02 -7.072411e-02
9.999995e-01 -9.904783e-04 1.668548e-04 7.641857e-05 3.211574e+00 -3.849901e-02 -7.596117e-02
9.999992e-01 8.789794e-04 9.009769e-04 2.907957e-04 3.196701e+00 -1.037740e-02 -7.347876e-02
9.999994e-01 -9.904260e-04 -3.578934e-04 2.599840e-04 3.155090e+00 -1.826499e-02 -7.656954e-02
9.999993e-01 1.155842e-03 -2.805204e-04 -2.183184e-05 3.183814e+00 -3.335481e-02 -6.373703e-02
9.999998e-01 -5.063969e-04 6.446476e-05 1.900956e-04 3.166128e+00 -4.169457e-02 -7.127263e-02
9.999996e-01 3.361543e-04 6.792513e-04 -4.361488e-04 3.186513e+00 -3.177156e-02 -6.313219e-02
9.999997e-01 5.638882e-04 5.974606e-04 -8.757977e-05 3.157615e+00 -2.236354e-02 -7.936516e-02
9.999991e-01 -9.548258e-04 9.317423e-04 -1.480424e-04 2.646670e+00 9.126195e-04 -7.168988e-02
