1.0 0.0 0.0 0.0 0.0 0.0 0.0
9.999948e-01 1.561449e-04 1.521941e-03 -2.848717e-03 1.550900e+00 -4.491245e-02 -2.419042e-02
9.999998e-01 4.948935e-05 1.481910e-04 -5.731440e-04 1.450606e+00 -8.424352e-03 -1.375232e-02
9.999981e-01 -1.194714e-03 1.189687e-03 -9.560959e-04 1.435568e+00 -2.187437e-02 -2.210101e-02
9.999934e-01 6.206264e-04 2.524063e-03 -2.549448e-03 1.545097e+00 -3.092813e-02 -1.177638e-02
9.999992e-01 -1.845599e-04 -1.122359e-03 4.798487e-04 1.428413e+00 5.444895e-03 -6.998267e-03
9.999993e-01 8.134487e-04 8.838043e-05 -9.001854e-04 1.463653e+00 -2.486761e-02 -1.626882e-02
9.999994e-01 1.095853e-03 8.782483e-05 -1.336232e-04 1.491456e+00 -2.850966e-03 -1.053583e-02
9.999995e-01 4.057714e-04 -6.595270e-04 5.394301e-04 1.415326e+00 -8.928855e-04 -7.762186e-03
9.999999e-01 -1.031335e-05 3.351571e-04 -3.643984e-04 1.454345e+00 -1.855307e-02 3.322892e-03
9.999989e-01 -1.205311e-03 -8.789233e-04 3.038171e-04 1.485358e+00 -1.294967e-03 -2.198128e-02
9.999997e-01 -1.648016e-04 7.328271e-04 7.461543e-05 1.496566e+00 -7.329629e-03 6.998873e-03
9.999997e-01 5.001159e-04 -5.486093e-04 -2.837595e-04 1.524934e+00 -2.673368e-02 -1.872166e-02
9.999995e-01 -7.923688e-04 5.240062e-04 -3.271607e-04 1.456712e+00 -3.022442e-03 -4.775271e-03
9.999982e-01 -3.442079e-04 -1.886573e-03 -1.206679e-04 1.499133e+00 -2.436845e-02 -1.752698e-02
9.999998e-01 3.677550e-05 3.748125e-04 -5.829164e-04 1.483780e+00 -1.548079e-02 1.035801e-03
9.999991e-01 1.527460e-04 -1.340448e-03 4.487084e-05 1.522829e+00 -1.010658e-02 -2.410423e-02
9.999991e-01 1.051752e-04 1.260158e-03 -4.226687e-04 1.521493e+00 -1.991009e-02 -1.311571e-02
9.999985e-01 -1.669105e-03 -4.405188e-04 1.149759e-05 1.522692e+00 -1.314545e-02 -2.591471e-02
9.999997e-01 2.106794e-04 6.192238e-04 -4.340510e-04 1.526232e+00 -2.563312e-02 -3.340335e-03
9.999997e-01 -7.677633e-04 -1.689062e-04 -1.270649e-04 1.531073e+00 -2.219458e-02 -2.977003e-02
9.999995e-01 9.069516e-04 2.911016e-04 7.054043e-06 1.532580e+00 -2.159651e-02 -1.441921e-02
9.999994e-01 -8.456371e-04 6.410907e-04 3.722560e-05 1.550248e+00 -1.198057e-02 -2.918230e-02
9.999997e-01 7.488886e-04 9.933166e-05 -1.111646e-04 1.542520e+00 -2.102950e-02 -3.935140e-03
9.999990e-01 -2.136327e-04 1.355988e-03 7.610233e-05 1.571488e+00 -1.765242e-02 -2.014595e-02
1.000000e+00 -7.901213e-05 1.040826e-05 -1.617204e-04 1.561101e+00 -2.298663e-02 -1.537273e-02
9.999997e-01 -9.298947e-05 8.254800e-04 -4.842479e-05 1.573617e+00 -1.495418e-02 -1.180948e-02
9.999997e-01 -8.037407e-04 -1.306962e-04 -3.112696e-06 1.576875e+00 -2.039479e-02 -5.111554e-03
9.999997e-01 -6.624632e-05 -7.757711e-04 -8.497163e-06 1.580279e+00 -1.991880e-02 -2.859540e-02
9.999998e-01 8.601709e-05 -6.502519e-04 4.789033e-05 1.579492e+00 -1.308420e-02 3.245109e-03
9.999998e-01 5.987030e-04 3.617760e-04 -1.033797e-04 1.594925e+00 -2.103717e-02 -1.631991e-02
9.999997e-01 6.798175e-04 3.203010e-04 5.333124e-05 1.618329e+00 -1.123362e-02 -2.901143e-02
9.999993e-01 -2.089602e-04 -1.145749e-03 -1.721825e-04 1.605255e+00 -1.845331e-02 4.786053e-03
9.999998e-01 -2.489139e-04 5.952884e-04 3.424893e-05 1.610748e+00 -2.441770e-02 -4.271888e-02
1.000000e+00 1.119766e-04 -1.330261e-04 -2.803840e-04 1.614765e+00 -1.714589e-02 8.442724e-03
1.000000e+00 1.047742e-04 -5.434851e-05 -1.778282e-04 1.615887e+00 -1.657924e-02 -1.586257e-02
9.999992e-01 1.077468e-03 6.309707e-04 -1.479805e-04 1.631568e+00 -1.916820e-02 -2.115198e-02
9.999997e-01 -4.463897e-04 -1.050885e-04 -6.574096e-04 1.650650e+00 -1.768878e-02 -2.494753e-04
9.999996e-01 3.216155e-04 1.360368e-04 -7.369815e-04 1.627116e+00 -1.884866e-02 -4.047062e-02
9.999991e-01 -7.768027e-05 -7.199679e-04 -1.147532e-03 1.641192e+00 -2.390215e-02 2.115547e-02
9.999991e-01 3.601756e-04 5.016454e-04 -1.211700e-03 1.635163e+00 -2.005501e-02 -4.072362e-02
9.999991e-01 7.518290e-04 -2.524990e-04 -1.094893e-03 1.619330e+00 -1.513477e-02 -7.070445e-03
9.999988e-01 -1.030801e-03 -1.177262e-04 -1.187278e-03 1.637008e+00 -1.694485e-02 -3.418878e-03
9.999993e-01 -1.374932e-05 -5.769032e-06 -1.168704e-03 1.629147e+00 -2.168318e-02 -1.990073e-02
9.999991e-01 1.660527e-04 -6.521249e-04 -1.201943e-03 1.633808e+00 -1.958964e-02 -1.524111e-02
9.999974e-01 1.471030e-03 -1.410215e-03 -1.046552e-03 1.646658e+00 -1.200405e-02 -2.404605e-02
9.999991e-01 -3.797917e-04 9.055408e-04 -8.985048e-04 1.601311e+00 -1.502270e-02 -1.077821e-02
9.999961e-01 -2.609614e-03 -4.782490e-04 -8.630761e-04 1.634784e+00 -1.559049e-02 -2.569813e-02
9.999992e-01 -1.009892e-03 3.090642e-04 -7.293089e-04 1.626818e+00 -1.771869e-02 -2.226328e-02
9.999996e-01 1.056860e-04 2.966376e-04 -9.031881e-04 1.642426e+00 -3.347804e-02 -2.185971e-02
9.999995e-01 8.576247e-04 1.649278e-04 -4.639628e-04 1.638145e+00 -1.002436e-02 -2.322598e-02
9.999994e-01 -5.554623e-04 -6.472341e-04 -6.870445e-04 1.631721e+00 -1.462449e-02 -2.289092e-02
9.999995e-01 3.632152e-04 -5.110402e-04 -8.461495e-04 1.670522e+00 -9.682220e-03 -2.061297e-02
9.999998e-01 1.792191e-04 3.671426e-04 -5.470105e-04 1.656818e+00 -1.578985e-02 -2.391188e-02
9.999993e-01 9.071005e-04 2.969592e-04 -7.117643e-04 1.650894e+00 -2.200708e-02 -2.892328e-02
9.999996e-01 -2.393065e-04 6.651489e-04 -6.197361e-04 1.668639e+00 -1.930267e-02 -1.959735e-02
9.999995e-01 -4.004518e-04 -6.705328e-04 -6.043747e-04 1.653245e+00 -2.127238e-02 -1.359212e-02
9.999987e-01 -1.165423e-03 6.905217e-04 -8.499787e-04 1.643736e+00 -2.009996e-02 -2.588588e-02
9.999997e-01 2.216977e-04 -5.153598e-04 -5.198990e-04 1.663941e+00 -2.051846e-02 -3.097492e-02
9.999997e-01 1.853225e-04 5.007737e-04 -6.020280e-04 1.675780e+00 -1.812527e-02 -2.271877e-02
9.999991e-01 8.653349e-04 -5.224710e-04 -8.901533e-04 1.651120e+00 -1.124149e-02 -2.924835e-02
9.999996e-01 -4.908467e-04 -6.509168e-05 -7.052588e-04 1.656430e+00 -2.243030e-02 -3.125959e-02
9.999991e-01 -3.771937e-04 -1.184649e-03 -4.515991e-04 1.652319e+00 -6.047921e-03 -1.555003e-02
9.999993e-01 -6.154941e-04 9.298529e-04 -4.438020e-04 1.622522e+00 -2.343077e-02 -2.856574e-02
9.999996e-01 -3.055634e-04 -6.873782e-04 -4.350070e-04 1.647776e+00 -8.434629e-03 -3.035165e-02
9.999998e-01 4.942498e-04 3.815212e-04 -1.772784e-04 1.645049e+00 -2.505329e-02 -4.441809e-02
9.999999e-01 -2.757481e-04 1.281321e-05 -1.932472e-04 1.657849e+00 -1.250941e-02 -2.408412e-02
9.999996e-01 -6.373344e-04 3.402901e-04 -4.269484e-04 1.620919e+00 -2.389547e-02 -3.600624e-02
9.999998e-01 -5.674790e-04 -3.924585e-04 -7.137913e-05 1.638731e+00 -5.624048e-03 -2.477594e-02
9.999984e-01 1.533721e-03 -8.275132e-04 -4.541476e-04 1.619770e+00 -2.659751e-02 -4.507290e-02
9.999981e-01 1.950918e-03 -2.435696e-04 -8.005202e-06 1.650452e+00 -9.234326e-03 -2.855975e-02
9.999998e-01 -3.460039e-04 -5.897091e-04 -8.315375e-05 1.622863e+00 -1.784718e-02 -3.577611e-02
9.999963e-01 -2.680939e-03 -4.682914e-04 1.260356e-04 1.587256e+00 4.355834e-03 -3.082932e-02
9.999995e-01 5.293058e-04 -8.163630e-04 -1.530130e-04 1.606210e+00 -1.729830e-02 -3.045839e-02
9.999980e-01 1.929220e-03 4.014240e-04 1.358892e-04 1.631436e+00 -2.673338e-03 -5.655821e-02
1.000000e+00 1.630758e-04 1.155917e-04 5.434059e-05 1.607333e+00 -2.086814e-02 -1.317868e-02
9.999992e-01 -7.578456e-04 -3.514343e-04 1.011600e-03 1.617178e+00 -3.748725e-03 -4.745130e-02
9.999993e-01 -9.976088e-04 -5.567736e-04 2.422413e-04 1.605498e+00 -2.035644e-02 -3.393937e-02
9.999990e-01 8.325642e-04 5.505788e-04 9.246583e-04 1.616655e+00 -8.522706e-03 -3.926980e-02
9.999991e-01 9.063825e-04 6.156760e-04 7.931674e-04 1.587703e+00 -2.565001e-02 -3.962812e-02
9.999997e-01 -3.540062e-04 3.283535e-04 5.669292e-04 1.577583e+00 -1.181235e-02 -3.570682e-02
9.999992e-01 -3.030771e-04 4.842400e-05 1.185703e-03 1.596678e+00 -9.428427e-03 -3.643543e-02
9.999997e-01 1.288236e-04 -6.823832e-04 4.584219e-04 1.594175e+00 -2.942043e-02 -2.273670e-02
9.999991e-01 5.066560e-05 -5.079109e-04 1.189048e-03 1.576963e+00 -5.993769e-03 -4.672512e-02
9.999994e-01 -1.784134e-04 -5.835759e-04 9.383900e-04 1.599307e+00 -1.441807e-02 -3.267883e-02
9.999999e-01 -4.528089e-04 -9.143025e-05 1.948882e-04 1.579321e+00 -1.618051e-02 -4.380204e-02
9.999982e-01 1.006509e-03 1.578232e-03 2.555780e-04 1.590585e+00 -2.632391e-02 -2.111249e-02
9.999996e-01 7.768574e-04 -9.533009e-05 4.461974e-04 1.540525e+00 -1.136127e-03 -4.382806e-02
9.999989e-01 -1.383871e-03 2.112535e-04 5.224291e-04 1.561207e+00 -1.566912e-02 -2.574949e-02
9.999948e-01 -2.540813e-03 -1.974294e-03 -4.107566e-05 1.594742e+00 -1.689117e-02 -5.703879e-02
9.999984e-01 1.666311e-03 -6.717408e-04 -1.091892e-04 1.548239e+00 -2.159696e-02 -2.075659e-02
9.999987e-01 1.485090e-03 -5.529393e-04 8.980108e-05 1.557601e+00 -4.908025e-04 -4.057690e-02
9.999993e-01 5.394371e-04 -9.838663e-04 -2.420338e-04 1.509851e+00 -1.142010e-02 -5.383133e-02
9.999995e-01 -5.970538e-04 -4.446590e-05 -8.108751e-04 1.543473e+00 -1.502263e-02 -4.837095e-02
9.999996e-01 -3.698017e-04 -1.514491e-04 -7.851644e-04 1.519964e+00 -1.957220e-02 -4.395746e-02
9.999996e-01 -4.486252e-05 4.145596e-04 -8.122966e-04 1.547750e+00 -2.039794e-02 -4.972481e-02
9.999988e-01 7.288943e-04 1.221358e-03 -6.545714e-04 1.549870e+00 -1.593049e-02 -4.136953e-02
9.999996e-01 1.513560e-04 7.901583e-04 -4.472323e-04 1.485760e+00 -1.380953e-02 -4.036143e-02
9.999992e-01 -1.044113e-03 -2.473657e-04 -7.388892e-04 1.512908e+00 -2.222690e-02 -4.628665e-02
9.999987e-01 -1.367448e-03 8.070071e-04 8.780006e-05 1.525513e+00 -1.609005e-02 -4.744408e-02
9.999996e-01 8.463445e-04 -3.025610e-04 4.848663e-05 1.523410e+00 -7.675123e-03 -3.013059e-02
9.999979e-01 6.950401e-04 1.927185e-03 -2.256477e-04 1.489642e+00 -1.380188e-02 -4.467818e-02
9.999991e-01 7.336096e-04 1.110936e-03 2.789549e-04 1.519257e+00 -1.511538e-02 -2.169038e-02
9.999989e-01 -6.322639e-04 1.244508e-03 4.270184e-04 1.487303e+00 -1.968902e-02 -3.393268e-02
9.999979e-01 -1.281948e-03 -1.612403e-03 1.901235e-04 1.477191e+00 -1.092575e-02 -3.335395e-02
9.999996e-01 7.357658e-04 5.526948e-04 1.928985e-04 1.503329e+00 -1.253008e-02 -1.903625e-02
9.999998e-01 2.942678e-04 -3.370996e-04 4.231493e-04 1.450710e+00 -1.121899e-02 -3.392622e-02
9.999979e-01 1.784455e-03 9.050774e-04 -3.326421e-04 1.461413e+00 -2.199709e-02 -2.999250e-02
9.999991e-01 6.574968e-04 9.449662e-04 6.898763e-04 1.489588e+00 -1.176017e-02 -2.591533e-02
9.999998e-01 7.232905e-05 5.346670e-04 4.688583e-04 1.439979e+00 -1.248247e-02 -9.587848e-03
9.999956e-01 -2.717080e-03 1.039512e-03 -6.513851e-04 1.417922e+00 -1.669649e-02 -3.833621e-02
9.999992e-01 2.285419e-04 -1.240513e-03 -1.651181e-04 1.407128e+00 -1.287809e-02 -7.245887e-03
9.999986e-01 -5.124571e-04 1.567713e-03 -2.166324e-04 1.423082e+00 -1.461634e-02 -1.409055e-02
9.999951e-01 1.655748e-03 -2.438254e-03 -1.030816e-03 1.391722e+00 -1.505740e-02 -2.763437e-02
9.999958e-01 -1.358733e-03 2.335868e-03 -1.035054e-03 1.383573e+00 -1.529609e-02 -3.657326e-02
9.999966e-01 -4.901518e-04 -2.519885e-03 -4.265288e-04 1.362551e+00 -1.907394e-02 -3.414397e-03
9.999960e-01 -4.019172e-05 2.574507e-03 -1.155110e-03 1.356373e+00 -1.469320e-02 -3.858281e-02
9.999980e-01 6.872286e-04 -1.875664e-03 -1.178101e-04 1.327552e+00 -1.470568e-02 4.109108e-03
9.999930e-01 1.710816e-03 3.251294e-03 -6.450716e-04 1.317267e+00 -1.231000e-02 -4.041248e-02
9.999961e-01 -7.734069e-04 -2.693840e-03 -1.542338e-05 1.337278e+00 -9.153738e-03 -1.002534e-02
9.999982e-01 -1.370817e-03 1.202442e-03 -4.250395e-04 1.293745e+00 -1.778230e-02 -3.942043e-02
9.999983e-01 3.954983e-04 -1.689424e-03 -6.391712e-04 1.255452e+00 -1.283398e-02 -1.009139e-02
9.999995e-01 6.038548e-04 7.039042e-04 -1.462824e-04 1.277216e+00 -4.794057e-03 -1.030409e-02
1.000000e+00 1.506255e-05 -2.740838e-04 8.874618e-05 1.241679e+00 -2.534196e-02 -2.321668e-02
9.999986e-01 -1.267306e-03 1.012647e-03 -3.667088e-04 1.233195e+00 -6.134446e-03 -1.883093e-02
9.999993e-01 -1.119753e-03 2.554993e-04 -2.899093e-04 1.213248e+00 -1.833896e-02 -3.333655e-02
9.999986e-01 9.646336e-04 7.373448e-04 -1.140140e-03 1.155638e+00 -1.533891e-02 5.672615e-04
9.999996e-01 5.307026e-05 -6.168657e-04 -7.188433e-04 1.183794e+00 -6.976650e-03 -4.557484e-02
9.999986e-01 9.616702e-04 8.501102e-04 -1.104055e-03 1.157150e+00 -2.936760e-02 7.458689e-03
9.999991e-01 -7.535660e-04 7.924908e-04 -7.593021e-04 1.133560e+00 -5.823633e-03 -4.019841e-02
9.999998e-01 1.946570e-04 -6.446086e-04 -7.387732e-05 1.144789e+00 -1.388965e-02 7.201626e-03
9.999997e-01 -6.043579e-06 7.130639e-04 -1.771240e-04 1.125646e+00 -4.812157e-03 -4.141532e-02
9.999991e-01 4.591486e-04 -1.142165e-03 -5.327458e-04 1.106897e+00 -2.016207e-02 7.913915e-03
9.999992e-01 1.980310e-04 1.243669e-03 -9.712766e-05 1.106031e+00 -2.145001e-03 -3.028089e-02
9.999988e-01 1.102410e-04 -1.331416e-03 -7.164563e-04 1.099153e+00 -2.390741e-02 4.074618e-03
9.999989e-01 -2.643938e-04 1.435062e-03 8.514483e-05 1.096399e+00 -7.614625e-03 -6.189250e-03
9.999992e-01 -8.853890e-04 -2.187964e-04 -8.156562e-04 1.061412e+00 -2.087616e-02 -2.281654e-02
9.999991e-01 -8.972900e-04 9.971341e-04 -3.275646e-04 1.061036e+00 -9.372881e-03 -8.039139e-03
9.999999e-01 2.011153e-04 -2.642937e-04 -2.124831e-04 1.094036e+00 -9.807198e-03 -1.680365e-02
9.999988e-01 1.378916e-03 -6.885023e-04 -2.903423e-04 1.028043e+00 -1.230923e-02 -4.331308e-03
9.999996e-01 5.316317e-04 6.511627e-04 8.393215e-06 1.053549e+00 -1.088798e-02 9.812860e-03
9.999993e-01 -7.072115e-04 -9.688472e-04 -2.367932e-05 1.040298e+00 -2.218603e-02 -3.402452e-02
9.999984e-01 -1.239189e-03 1.261099e-03 1.037715e-04 9.998805e-01 -1.114300e-02 9.957668e-03
9.999980e-01 -2.314364e-05 -1.987757e-03 -1.292219e-04 1.012447e+00 -1.009914e-03 -2.559750e-02
9.999988e-01 1.206449e-04 1.551987e-03 -3.257786e-04 9.695684e-01 -1.484882e-02 -5.898734e-03
9.999981e-01 -1.815096e-03 5.846790e-04 3.498307e-04 9.910490e-01 -6.979946e-03 -1.502737e-02
9.999999e-01 4.677089e-05 3.421616e-04 3.253469e-04 9.732126e-01 -1.077179e-02 -1.118469e-02
9.999998e-01 -5.401777e-04 -2.459244e-04 1.434202e-05 9.522838e-01 -1.638986e-02 -1.848703e-02
9.999993e-01 1.110751e-03 2.077468e-04 -4.031409e-06 9.746685e-01 -3.047133e-03 -1.489800e-03
9.999993e-01 5.547871e-04 -1.013288e-03 1.719275e-05 9.090228e-01 -1.881186e-02 -3.012955e-02
9.999988e-01 1.446525e-03 6.011169e-04 -2.205329e-04 9.102779e-01 -4.211148e-03 7.485987e-03
9.999987e-01 2.204687e-04 -1.570493e-03 2.618889e-04 9.127599e-01 -2.081889e-02 -2.805991e-02
9.999991e-01 5.357458e-04 1.123372e-03 5.567787e-04 9.212192e-01 -6.494215e-04 6.821662e-03
9.999994e-01 -3.567948e-04 -9.546268e-04 3.576788e-04 8.697541e-01 -1.674183e-02 -3.235025e-02
9.999999e-01 4.180003e-04 6.067631e-05 3.932093e-05 8.622583e-01 -1.470060e-03 1.433699e-02
9.999992e-01 2.404383e-04 -8.032357e-04 8.854696e-04 8.529156e-01 -1.199711e-02 -1.269942e-02
9.999997e-01 4.432698e-05 4.614748e-04 6.402577e-04 8.591316e-01 1.601406e-03 -2.458735e-02
9.999990e-01 -7.857034e-04 1.941711e-04 1.131203e-03 8.141710e-01 -6.866917e-03 1.648200e-03
9.999982e-01 1.087855e-04 -9.002839e-04 1.673608e-03 8.303103e-01 -3.499716e-03 -2.920196e-02
9.999975e-01 -6.588019e-04 1.023242e-04 2.123904e-03 8.069692e-01 4.000269e-03 3.666672e-03
9.999968e-01 8.852971e-05 -1.106461e-03 2.293812e-03 8.002087e-01 -9.163254e-03 -1.341706e-02
9.999965e-01 -4.415915e-04 7.928595e-04 2.486873e-03 7.810648e-01 -9.706831e-03 -2.300600e-02
9.999952e-01 -6.659893e-04 -1.828128e-03 2.400817e-03 7.983282e-01 8.203766e-03 -3.618400e-03
9.999974e-01 -1.896772e-04 -4.627742e-04 2.242196e-03 7.284695e-01 -3.601382e-04 -3.155036e-02
9.999972e-01 -1.094586e-03 8.756160e-05 2.075444e-03 7.625182e-01 -7.803035e-03 8.460555e-03
9.999957e-01 1.319111e-05 1.226730e-03 2.662791e-03 7.320206e-01 -6.868206e-03 -3.032413e-02
9.999961e-01 -1.133883e-03 1.308900e-04 2.534065e-03 7.226039e-01 -4.261091e-03 3.069991e-03
9.999957e-01 -5.638834e-04 1.197759e-05 2.870263e-03 7.208747e-01 6.878179e-03 -3.964634e-02
9.999963e-01 -2.931484e-04 9.405855e-05 2.720216e-03 7.145459e-01 -5.281522e-03 -9.900699e-03
9.999946e-01 5.091526e-04 -1.514547e-03 2.853463e-03 7.027259e-01 -2.348449e-03 -2.783198e-02
9.999958e-01 1.148474e-03 3.953389e-04 2.636926e-03 7.091713e-01 -1.837783e-03 -4.272061e-03
9.999960e-01 2.595679e-04 4.771508e-04 2.751645e-03 6.656158e-01 -5.129331e-03 4.017536e-04
9.999960e-01 7.421197e-04 8.066733e-04 2.627772e-03 6.892636e-01 -5.687095e-03 -3.583957e-02
9.999960e-01 -1.148611e-03 1.032141e-03 2.384752e-03 6.960691e-01 -8.849312e-03 -1.319409e-02
9.999953e-01 1.040637e-03 -1.391010e-03 2.534734e-03 6.450343e-01 5.486152e-03 -1.343622e-02
9.999966e-01 9.261979e-04 -1.976942e-04 2.417877e-03 6.814593e-01 1.699533e-03 -2.036044e-02
9.999960e-01 1.443837e-03 -5.890062e-04 2.354652e-03 6.863300e-01 -6.278489e-03 2.007376e-02
9.999966e-01 -2.478288e-04 4.259710e-04 2.557641e-03 6.489085e-01 -1.435515e-03 -3.963903e-02
9.999984e-01 -4.044960e-04 -7.049632e-04 1.625293e-03 6.523896e-01 6.788028e-03 9.619192e-03
9.999969e-01 -1.833204e-03 1.790549e-04 1.669447e-03 6.631519e-01 -9.683407e-03 -7.702737e-03
9.999979e-01 -1.096898e-03 -7.126928e-04 1.558072e-03 6.483585e-01 6.685452e-04 -1.641318e-02
9.999962e-01 -1.658092e-03 1.601046e-03 1.494084e-03 6.342628e-01 -2.648742e-03 -1.428582e-02
9.999956e-01 -7.575169e-04 -2.361360e-03 1.616896e-03 6.740130e-01 -2.256275e-03 -2.441549e-02
9.999992e-01 -3.868990e-04 7.563167e-04 9.534768e-04 6.572655e-01 -1.124424e-03 -2.007776e-02
9.999953e-01 9.532558e-04 -2.658923e-03 1.172665e-03 6.459125e-01 -4.677654e-03 1.178252e-02
9.999972e-01 3.388846e-04 2.257822e-03 6.642512e-04 6.818603e-01 -3.413759e-04 -3.309038e-02
9.999984e-01 8.918971e-04 -1.462681e-03 4.842678e-04 6.546463e-01 -1.301617e-02 -1.100312e-02
9.999983e-01 -5.303777e-04 1.737780e-03 3.375333e-04 6.416059e-01 5.761524e-04 -4.230684e-02
9.999974e-01 6.830832e-04 -2.178395e-03 2.697816e-05 6.743435e-01 -1.015015e-02 6.631968e-03
9.999984e-01 8.832453e-04 -1.472515e-03 -4.327227e-04 6.395139e-01 9.147134e-04 -5.038227e-02
9.999969e-01 5.024580e-04 -1.820025e-03 -1.636425e-03 6.576511e-01 -7.871930e-03 6.300174e-03
9.999977e-01 -9.508257e-04 -6.145530e-04 -1.839193e-03 6.848350e-01 -1.690363e-02 -3.439856e-02
9.999953e-01 1.253240e-03 2.023568e-03 -1.937526e-03 6.552114e-01 -1.373216e-02 -1.055179e-02
9.999976e-01 -4.834518e-05 6.942215e-05 -2.174265e-03 6.546343e-01 -9.601984e-03 -1.593248e-02
9.999974e-01 -5.962933e-04 -2.176029e-04 -2.191804e-03 6.716852e-01 -9.894856e-03 -1.466928e-02
9.999981e-01 -2.524270e-04 -1.025186e-03 -1.595370e-03 6.594607e-01 -1.225740e-02 -1.798433e-02
9.999981e-01 -5.949520e-04 1.248107e-03 -1.375982e-03 6.573783e-01 -1.895286e-02 -3.429677e-02
9.999983e-01 -5.924848e-04 1.171512e-03 -1.323343e-03 6.984161e-01 -6.291786e-03 -2.435444e-03
9.999981e-01 4.081171e-04 1.095673e-03 -1.534274e-03 6.423580e-01 -1.362050e-02 -2.008885e-02
9.999987e-01 2.531410e-05 -5.218833e-04 -1.496540e-03 6.889449e-01 -1.394185e-02 -3.460901e-02
9.999988e-01 2.256647e-05 6.029849e-04 -1.421166e-03 6.846938e-01 -5.816870e-03 -1.218358e-02
9.999986e-01 -5.614112e-04 -3.201778e-04 -1.488518e-03 6.631669e-01 -3.141221e-03 -2.825884e-02
9.999988e-01 8.430751e-04 4.700205e-04 -1.224156e-03 6.932353e-01 -1.429111e-02 -5.898621e-03
9.999990e-01 -5.075820e-06 -4.913284e-06 -1.429483e-03 6.732398e-01 -8.841254e-03 -2.510743e-02
9.999983e-01 6.055507e-04 2.155029e-04 -1.748053e-03 6.657232e-01 -9.438691e-03 -1.116078e-02
9.999984e-01 2.743029e-04 5.415267e-04 -1.666285e-03 6.976003e-01 -7.813496e-03 -2.441520e-02
9.999971e-01 -8.933995e-04 -1.163523e-03 -1.923592e-03 6.730643e-01 -1.682935e-02 1.272636e-02
9.999988e-01 4.324491e-04 5.152770e-04 -1.411399e-03 6.651348e-01 -1.095341e-02 -5.229484e-02
9.999986e-01 1.750442e-04 2.698174e-04 -1.654518e-03 6.842452e-01 -1.428439e-02 -3.052934e-03
9.999987e-01 -1.323886e-04 2.421346e-04 -1.564694e-03 6.786916e-01 -1.139383e-02 -6.236839e-03
9.999988e-01 4.306764e-04 3.121886e-04 -1.486781e-03 6.653644e-01 -5.436314e-03 -3.512433e-02
9.999985e-01 -6.317695e-04 -8.367152e-04 -1.332326e-03 6.729261e-01 -9.861370e-03 -8.890256e-03
9.999988e-01 9.259580e-05 -3.752391e-04 -1.491809e-03 6.575511e-01 -1.182679e-02 -2.017601e-02
9.999988e-01 -7.335901e-04 -2.777256e-04 -1.300783e-03 6.480386e-01 -1.117263e-02 9.156314e-03
9.999985e-01 9.836047e-04 8.321653e-04 -1.163502e-03 6.520388e-01 -1.178953e-02 -5.359386e-02
9.999969e-01 7.605826e-04 -1.991731e-03 -1.253267e-03 6.596766e-01 -3.154647e-03 -6.594563e-03
9.999980e-01 3.696131e-04 1.307694e-03 -1.502332e-03 6.329973e-01 -1.463294e-02 -6.184284e-03
9.999985e-01 1.467071e-04 -1.175812e-03 -1.233335e-03 6.511420e-01 -1.139821e-02 -2.041881e-02
9.999991e-01 3.352723e-04 6.651246e-04 -1.156198e-03 6.595017e-01 -9.070504e-03 -1.260304e-02
9.999980e-01 -1.036822e-03 1.186603e-03 -1.220750e-03 6.088742e-01 -9.321627e-03 -2.371887e-02
9.999988e-01 -3.071777e-04 -1.258901e-03 -9.017753e-04 6.530294e-01 -1.547756e-02 1.424816e-02
9.999994e-01 -7.956585e-04 2.729532e-04 -7.164498e-04 6.180513e-01 -4.842679e-03 -5.969839e-02
9.999993e-01 -6.839246e-04 1.592096e-04 -9.577675e-04 6.421927e-01 -9.168570e-03 6.909102e-03
9.999996e-01 -4.962804e-04 5.203048e-05 -7.175979e-04 6.256041e-01 -7.022586e-03 -3.253615e-02
9.999991e-01 2.573188e-04 1.045983e-03 -7.979947e-04 6.409413e-01 -1.890718e-02 1.336498e-03
9.999992e-01 -7.686845e-04 -8.576337e-04 -4.899772e-04 6.473083e-01 -2.973752e-03 -3.093042e-02
9.999996e-01 3.681961e-04 -4.625076e-05 -7.437129e-04 6.334550e-01 -1.292463e-02 -5.059212e-03
9.999991e-01 -9.038286e-04 -8.247836e-04 -4.994767e-04 6.374837e-01 -7.496218e-03 -3.156710e-02
9.999988e-01 -1.122064e-03 1.083192e-03 -2.087067e-04 6.421143e-01 -9.826037e-03 -2.659329e-02
9.999985e-01 -1.726228e-03 -2.639268e-04 -2.946137e-05 6.546354e-01 -1.159037e-02 2.749518e-03
9.999995e-01 -5.273542e-04 5.856189e-04 5.202086e-04 6.473708e-01 1.900594e-03 -4.450058e-02
9.999979e-01 4.731330e-04 -1.775650e-03 9.379358e-04 6.710016e-01 1.623046e-03 -6.186820e-03
9.999991e-01 1.203692e-03 9.688123e-06 6.113304e-04 6.889093e-01 3.092153e-04 -2.869901e-02
9.999984e-01 7.910612e-04 -1.315129e-03 8.995944e-04 6.660663e-01 -2.282279e-03 -1.144871e-02
9.999993e-01 -2.630502e-04 7.793672e-04 8.535407e-04 6.765617e-01 -5.376933e-03 -4.212361e-02
9.999995e-01 2.203988e-04 2.403074e-04 1.005794e-03 7.061251e-01 -5.026155e-03 8.557957e-04
9.999994e-01 -3.652852e-04 3.181811e-04 1.031218e-03 7.162546e-01 -5.683670e-03 -5.154419e-02
9.999993e-01 9.726798e-04 3.576995e-05 6.459427e-04 7.106069e-01 -1.237119e-02 -2.497289e-02
9.999993e-01 5.526249e-04 6.228864e-04 7.878171e-04 7.152205e-01 1.899718e-03 -2.459465e-02
9.999993e-01 8.583714e-04 -5.192131e-05 7.873144e-04 7.379950e-01 -2.906746e-03 5.087640e-03
9.999989e-01 2.444363e-04 1.352062e-03 5.087971e-04 7.112610e-01 -1.251572e-02 -3.850154e-02
9.999999e-01 -1.205230e-04 -1.500330e-05 5.534342e-04 7.354194e-01 -3.118362e-03 1.585419e-03
9.999990e-01 2.285964e-04 1.233998e-03 6.487827e-04 7.105314e-01 -1.452053e-02 -3.116395e-02
9.999998e-01 -2.710468e-04 -4.385450e-04 3.672861e-04 7.296952e-01 -8.657680e-03 -2.151025e-02
9.999998e-01 1.595675e-04 4.758340e-04 3.930294e-04 7.285028e-01 -5.815760e-03 -1.441238e-02
1.000000e+00 -4.973109e-05 -2.498796e-05 3.611341e-04 7.216932e-01 -1.276039e-02 -2.259730e-02
9.999999e-01 -1.927770e-04 1.798168e-04 1.720791e-04 7.181994e-01 -1.169453e-02 -1.864909e-02
9.999998e-01 3.840002e-04 2.765504e-04 3.369651e-04 7.377666e-01 -1.097197e-02 -1.625103e-02
9.999988e-01 3.740401e-04 1.486774e-03 1.708543e-04 7.174257e-01 -7.424332e-03 -1.733826e-02
9.999987e-01 -2.756687e-04 -1.597141e-03 4.672815e-05 7.284425e-01 -7.437406e-03 -1.244041e-02
9.999997e-01 5.325371e-04 1.233682e-04 -4.928805e-04 7.065004e-01 -1.087921e-02 -1.476896e-02
9.999997e-01 -5.205072e-04 -7.307371e-05 -5.844295e-04 7.185593e-01 -9.791300e-03 -2.186011e-02
9.999992e-01 6.346274e-04 -2.450492e-04 -1.006891e-03 7.234611e-01 -1.648525e-02 -1.000073e-02
9.999993e-01 9.594302e-05 5.709741e-04 -1.040369e-03 7.292271e-01 -1.344688e-02 -9.701666e-03
9.999991e-01 3.085161e-04 -6.423212e-04 -1.148906e-03 6.940112e-01 -1.352563e-02 -2.376017e-02
9.999991e-01 -1.043612e-04 -5.831898e-05 -1.327029e-03 7.165490e-01 -9.185599e-03 -1.447711e-02
9.999985e-01 -2.025332e-04 -6.434146e-04 -1.614720e-03 7.280251e-01 -1.565452e-02 7.548887e-03
9.999975e-01 -9.224299e-04 6.691086e-04 -1.919374e-03 7.203311e-01 -1.547809e-02 -4.553474e-02
9.999980e-01 -6.349282e-04 -3.763979e-05 -1.928109e-03 7.175634e-01 -1.645371e-02 -4.356301e-04
9.999988e-01 -1.926999e-04 2.024714e-04 -1.539412e-03 7.478996e-01 -1.820472e-02 -2.842723e-02
9.999994e-01 -2.419841e-04 5.595270e-04 -8.683704e-04 7.186970e-01 -4.830353e-03 -4.500786e-03
9.999995e-01 -4.881180e-04 -7.706989e-04 -4.932269e-04 7.381850e-01 -1.273575e-02 -2.665916e-02
1.000000e+00 -5.232414e-05 1.644647e-04 -2.860220e-04 7.285520e-01 -5.121115e-03 -1.853934e-02
9.999996e-01 -3.832326e-04 -6.800732e-04 -4.895315e-04 7.156335e-01 -1.318846e-02 -1.342873e-02
9.999995e-01 8.541239e-04 3.650240e-04 -4.369873e-04 7.349250e-01 -7.856050e-03 -2.407839e-02
9.999997e-01 1.819893e-04 5.960093e-04 -4.323193e-04 7.462496e-01 -9.130000e-03 -1.624307e-02
9.999994e-01 -1.690759e-05 -1.061480e-03 -6.087220e-06 7.401385e-01 -1.025166e-02 -2.378530e-02
9.999992e-01 -4.227506e-04 1.194891e-03 -1.265161e-04 7.431603e-01 -1.551567e-02 -2.986691e-02
9.999991e-01 -3.961548e-04 -1.279777e-03 -2.055829e-04 7.371578e-01 -7.635321e-03 -6.855169e-03
1.000000e+00 2.372128e-04 -1.700794e-04 -1.916020e-04 7.353561e-01 -1.206366e-02 -2.999674e-02
9.999999e-01 -2.775046e-04 -2.756446e-04 -1.309421e-04 7.424822e-01 -1.146358e-03 -1.353427e-02
1.000000e+00 -1.576103e-04 -1.000520e-04 -1.775519e-04 7.710670e-01 -9.709012e-03 -2.476369e-02
9.999996e-01 -7.299600e-04 4.643833e-04 -4.819648e-05 7.486987e-01 -1.051101e-02 -2.771795e-02
9.999995e-01 -3.153591e-04 -8.259347e-04 -3.597092e-04 7.671446e-01 -1.222040e-02 -1.815741e-02
9.999996e-01 -3.762964e-04 7.073990e-04 -3.111536e-04 7.651008e-01 -1.298443e-02 -1.747562e-02
9.999999e-01 -3.691216e-04 -4.136923e-05 -2.942019e-04 7.737144e-01 -1.149237e-02 -2.263106e-02
9.999997e-01 -7.792804e-04 -2.430961e-04 -1.529896e-06 7.697736e-01 -7.056074e-04 -3.831054e-02
9.999998e-01 5.201555e-04 -1.603751e-05 -2.121412e-04 7.589478e-01 -1.673426e-02 -1.821483e-02
9.999999e-01 -4.484541e-04 3.297067e-04 -1.184954e-04 7.726198e-01 -8.496934e-03 -3.740116e-02
9.999999e-01 3.893583e-04 -2.551259e-04 -1.924967e-04 7.956510e-01 -1.331229e-02 -1.675427e-02
9.999999e-01 -2.082057e-04 -2.832330e-04 -1.965886e-04 7.788167e-01 -1.078567e-02 -3.210589e-02
1.000000e+00 8.148892e-05 2.218102e-04 -7.854285e-05 7.989411e-01 -1.983495e-03 -2.888452e-02
1.000000e+00 4.850391e-05 -3.291577e-04 1.188442e-05 7.877409e-01 -1.800655e-02 -2.302884e-02
9.999997e-01 -6.458785e-04 -1.813812e-04 2.010283e-04 7.952897e-01 -6.897200e-03 -3.177551e-02
9.999998e-01 5.745831e-04 -2.737821e-04 6.749045e-05 7.931288e-01 -3.362754e-03 -1.063908e-02
9.999999e-01 -1.494644e-04 3.898053e-04 9.656282e-05 8.053427e-01 -1.515587e-02 -3.708664e-02
1.000000e+00 1.361132e-04 -7.308032e-05 2.411042e-04 8.065486e-01 -3.832568e-03 -3.026852e-02
9.999998e-01 -2.747973e-04 -5.635582e-04 2.149213e-04 8.331107e-01 -9.377805e-03 -1.522010e-02
9.999995e-01 2.941178e-04 9.325066e-04 2.410940e-04 8.114918e-01 -1.155366e-02 -2.817100e-02
9.999998e-01 -1.084431e-04 4.178880e-04 5.143907e-04 8.164393e-01 -8.122679e-03 -3.934296e-02
9.999994e-01 1.791546e-04 -1.055426e-03 1.148921e-04 8.340495e-01 -1.091101e-02 -2.165456e-02
9.999996e-01 -7.841102e-04 -1.175559e-04 3.762694e-04 8.321542e-01 -1.219323e-03 -3.137412e-02
9.999998e-01 -5.915613e-05 -5.213514e-04 4.161132e-04 8.453246e-01 -1.301921e-02 -3.327716e-02
9.999997e-01 7.872157e-04 -2.303969e-04 1.675395e-04 8.453324e-01 -3.925618e-03 -3.182558e-02
9.999996e-01 7.653433e-04 -5.240314e-04 6.517365e-05 8.357053e-01 -9.038596e-03 -3.031362e-02
9.999997e-01 3.614334e-04 -5.679819e-04 3.000669e-04 8.536392e-01 -9.644111e-03 -2.930427e-02
9.999997e-01 7.155812e-04 -2.549344e-04 4.415686e-05 8.488938e-01 -1.168923e-02 -2.441173e-02
9.999994e-01 -4.731643e-04 -8.539839e-04 5.626218e-04 8.665599e-01 5.728973e-03 -4.085915e-02
9.999996e-01 4.564090e-04 -7.049804e-04 1.126373e-05 8.774151e-01 -1.479237e-02 -2.500262e-02
9.999999e-01 -2.800879e-04 -3.480551e-04 1.911310e-04 8.856840e-01 -3.685303e-03 -4.804976e-02
9.999994e-01 4.145949e-04 -9.101714e-04 4.028494e-04 8.742571e-01 -4.087692e-03 -7.842802e-03
9.999992e-01 -1.096061e-03 -1.803020e-05 6.056480e-04 8.657763e-01 -4.946715e-03 -5.737752e-02
9.999998e-01 6.067683e-04 1.072109e-04 2.290631e-04 8.839484e-01 -7.665148e-03 -3.858294e-02
9.999997e-01 1.225066e-05 -7.978542e-04 2.941227e-04 9.095284e-01 -9.618242e-03 -1.918215e-02
9.999995e-01 2.632908e-04 9.016711e-04 4.557107e-04 9.139778e-01 -1.984987e-03 -5.867080e-02
9.999998e-01 -8.047480e-05 -4.189516e-04 3.805583e-04 8.815152e-01 -1.044586e-02 -3.620824e-02
9.999997e-01 5.925170e-04 3.526263e-05 4.071618e-04 9.074690e-01 -8.928164e-03 -4.018699e-02
9.999996e-01 1.854183e-04 -8.426417e-04 3.478656e-04 9.225514e-01 -1.445519e-02 -2.855625e-02
9.999996e-01 5.011479e-04 -6.754555e-04 9.614745e-05 9.062311e-01 5.601647e-04 -4.551484e-02
9.999999e-01 -3.524034e-04 1.587756e-04 1.542968e-04 9.215764e-01 -7.092683e-03 -3.183467e-02
9.999992e-01 -5.827666e-04 -1.075904e-03 2.887399e-05 9.149924e-01 -5.021750e-03 -5.525146e-02
9.999996e-01 -2.762487e-04 -8.377325e-04 1.294563e-04 9.311843e-01 -5.179414e-03 -2.741325e-02
9.999997e-01 -2.300952e-04 -7.055735e-04 -3.010274e-04 9.391620e-01 -1.314085e-02 -5.832922e-02
9.999998e-01 6.840110e-04 -6.110922e-05 2.246858e-04 9.414792e-01 -6.839978e-03 -3.342107e-02
9.999998e-01 8.500724e-05 -7.034986e-04 2.259112e-05 9.394080e-01 -6.484024e-03 -5.964999e-02
9.999995e-01 8.029003e-04 1.094364e-04 -5.428258e-04 9.375428e-01 -1.457259e-02 -5.091933e-02
9.999997e-01 -6.697214e-06 -7.624445e-04 4.356738e-05 9.593626e-01 1.066207e-04 -4.848400e-02
9.999995e-01 3.541830e-04 -7.512819e-04 -4.552149e-04 9.571458e-01 -8.920203e-03 -4.173701e-02
9.999987e-01 -1.575060e-03 -3.897753e-05 -6.113789e-05 9.547860e-01 -6.837024e-03 -4.453949e-02
9.999991e-01 2.975453e-04 -1.308599e-03 -2.861219e-04 9.782918e-01 -9.548287e-03 -5.000253e-02
9.999994e-01 -2.520320e-04 1.075171e-03 -5.965156e-05 9.561887e-01 -8.800233e-03 -7.093533e-02
9.999992e-01 4.085390e-04 -1.158036e-03 -2.944594e-04 9.811508e-01 -6.309810e-03 -3.971524e-02
9.999990e-01 6.976282e-06 1.400490e-03 -1.378008e-04 9.556945e-01 -1.272622e-02 -6.493230e-02
9.999999e-01 -1.294397e-04 -4.284325e-04 2.344539e-04 9.553170e-01 -1.167689e-02 -5.287923e-02
9.999994e-01 -3.868135e-04 9.698072e-04 -3.949213e-05 9.808036e-01 -7.974793e-03 -5.694812e-02
9.999997e-01 2.548595e-05 -7.760391e-04 1.996471e-04 9.672370e-01 -9.323648e-03 -5.696723e-02
9.999996e-01 -4.049841e-05 9.269104e-04 9.217761e-05 9.766896e-01 -8.961845e-03 -5.497653e-02
9.999993e-01 -2.585012e-04 -1.036328e-03 4.639016e-04 9.603825e-01 -9.139125e-04 -5.279747e-02
9.999995e-01 4.565565e-05 9.617025e-04 1.687759e-04 9.545249e-01 -1.431806e-02 -6.236076e-02
9.999989e-01 1.888558e-05 -1.436430e-03 3.930748e-04 9.754032e-01 -3.001471e-03 -5.551023e-02
9.999997e-01 5.706720e-04 1.555077e-04 4.139438e-04 9.369067e-01 -4.871877e-03 -5.933526e-02
9.999996e-01 2.293072e-04 -4.245506e-04 7.953211e-04 9.493344e-01 -7.801109e-03 -6.018633e-02
9.999998e-01 5.626984e-04 -1.636330e-04 3.789400e-04 9.428294e-01 -6.398234e-03 -5.067621e-02
9.999992e-01 -2.276267e-04 -4.183844e-04 1.138830e-03 9.444426e-01 1.004753e-03 -6.120250e-02
9.999993e-01 1.000686e-03 1.368634e-04 6.042668e-04 9.333765e-01 -1.476114e-02 -4.468624e-02
9.999994e-01 -1.508555e-04 5.118001e-04 9.424225e-04 9.022585e-01 -1.005931e-02 -6.025719e-02
9.999996e-01 6.369966e-04 -3.901179e-04 4.700431e-04 9.241180e-01 -3.824142e-03 -5.182330e-02
9.999995e-01 -7.375979e-04 3.023638e-05 7.407854e-04 9.306168e-01 -9.050644e-03 -5.110429e-02
9.999998e-01 1.681394e-04 -2.963491e-04 5.879600e-04 9.037526e-01 -4.085285e-03 -5.248739e-02
9.999999e-01 -3.645576e-04 -2.440878e-04 2.649110e-04 8.959242e-01 -1.114329e-02 -5.499631e-02
9.999998e-01 3.791431e-04 -4.851925e-04 5.770943e-05 9.251620e-01 -5.399153e-04 -6.302307e-02
9.999999e-01 -1.589930e-04 -4.973666e-04 -1.503327e-04 9.004587e-01 -1.250017e-02 -4.899970e-02
9.999997e-01 -1.066061e-04 -6.818443e-04 -3.109922e-04 8.698755e-01 -6.559921e-03 -6.330079e-02
9.999993e-01 -2.892329e-04 -9.883959e-04 -5.264508e-04 8.735099e-01 -4.927489e-03 -4.403390e-02
9.999997e-01 -1.359296e-04 1.659776e-04 -6.908470e-04 9.124655e-01 -8.937768e-03 -6.770457e-02
9.999999e-01 2.825175e-04 -1.096530e-05 -1.000103e-04 8.849587e-01 -9.618833e-03 -4.985470e-02
9.999997e-01 -9.732317e-05 -7.667336e-04 2.740954e-05 8.591683e-01 -9.079969e-03 -5.789107e-02
9.999998e-01 -3.944920e-04 3.501454e-04 4.881056e-05 8.746204e-01 -6.055397e-03 -6.044538e-02
9.999996e-01 -8.224303e-04 -2.837103e-04 -8.301944e-05 8.550175e-01 -4.201025e-03 -5.396882e-02
9.999999e-01 -1.972747e-04 -4.809977e-05 -1.626944e-04 8.928049e-01 -7.958598e-03 -6.207559e-02
9.999993e-01 -1.066556e-03 5.991291e-04 7.027895e-05 8.752366e-01 -2.867909e-03 -6.246826e-02
9.999996e-01 4.550904e-04 -7.940687e-04 2.782920e-05 8.542478e-01 -4.630586e-03 -5.504137e-02
9.999996e-01 -6.821892e-04 5.407919e-04 1.300787e-04 8.569671e-01 -6.710700e-03 -6.909767e-02
9.999998e-01 2.550571e-04 -6.250322e-04 8.477622e-05 8.534203e-01 -7.283192e-03 -5.245364e-02
9.999998e-01 -2.411779e-04 5.960826e-04 -1.268724e-04 8.649423e-01 -6.540125e-03 -6.601418e-02
9.999998e-01 6.140079e-04 -2.979197e-04 3.371659e-05 8.603764e-01 3.245885e-04 -5.571886e-02
1.000000e+00 6.163566e-06 1.011882e-04 -2.777171e-04 8.952606e-01 -1.374426e-02 -6.931139e-02
9.999999e-01 2.420596e-04 -3.507064e-04 1.818509e-05 8.338937e-01 -5.793265e-03 -5.365059e-02
9.999999e-01 3.885902e-05 -3.102499e-04 2.259281e-04 8.680672e-01 1.254999e-03 -6.734794e-02
9.999999e-01 4.405097e-04 -9.818514e-06 -2.583628e-04 8.327831e-01 -1.588940e-02 -4.811430e-02
9.999998e-01 2.022067e-04 3.935998e-04 2.123890e-04 8.524535e-01 2.934232e-03 -6.993815e-02
9.999999e-01 1.219419e-04 -4.856127e-04 -8.582211e-05 8.367373e-01 -8.548282e-03 -5.536237e-02
9.999999e-01 -5.820681e-04 1.026613e-04 -1.633493e-04 8.390325e-01 -8.579120e-03 -6.132789e-02
9.999995e-01 3.015108e-04 -8.909028e-04 -3.706050e-04 8.272360e-01 -9.411416e-03 -5.636046e-02
9.999996e-01 2.972751e-05 -3.576029e-04 -8.212936e-04 8.394815e-01 -7.616464e-03 -6.149047e-02
9.999991e-01 1.691894e-04 -1.203354e-03 -4.687475e-04 8.213117e-01 -1.937215e-04 -6.502429e-02
9.999997e-01 1.549932e-04 -2.389927e-05 -7.665662e-04 8.235893e-01 -4.454722e-03 -4.844992e-02
1.000000e+00 -4.806864e-06 1.536062e-05 -2.899719e-04 8.136937e-01 -6.027904e-03 -7.116883e-02
9.999999e-01 -8.122999e-05 3.139031e-04 -1.133387e-04 8.207533e-01 -1.068659e-02 -6.110248e-02
9.999998e-01 -3.953233e-04 -5.202964e-04 5.715040e-05 8.063955e-01 -9.763723e-04 -7.342095e-02
1.000000e+00 -1.510978e-04 -1.440789e-04 -6.831327e-05 8.123777e-01 -7.288401e-03 -5.222565e-02
9.999998e-01 -3.338076e-04 -4.958632e-04 2.493971e-04 8.008455e-01 -2.934473e-03 -5.967156e-02
9.999999e-01 2.694292e-04 1.327002e-04 -1.680860e-05 7.905188e-01 -6.156301e-04 -6.050469e-02
9.999998e-01 -3.102245e-04 5.160404e-04 2.249174e-04 7.989632e-01 -1.272693e-02 -5.321254e-02
1.000000e+00 1.343846e-04 1.143870e-04 -3.296200e-06 7.885685e-01 -8.479743e-04 -6.543604e-02
9.999999e-01 -1.671081e-04 3.543119e-04 1.630783e-04 7.902164e-01 -1.017277e-02 -6.418402e-02
9.999999e-01 2.521031e-04 2.828880e-04 7.536473e-05 8.116604e-01 -4.699055e-03 -5.083400e-02
1.000000e+00 -2.204793e-04 2.139434e-04 -2.936187e-05 8.087924e-01 -6.965107e-03 -7.024416e-02
9.999998e-01 -2.663987e-04 -4.486839e-04 1.799339e-04 8.136975e-01 -6.618673e-03 -5.326692e-02
9.999995e-01 -9.364561e-04 3.190494e-04 -2.693518e-05 8.053488e-01 -5.687588e-03 -6.856455e-02
9.999993e-01 -2.822209e-04 -1.035385e-03 3.351265e-04 8.189520e-01 1.238167e-05 -5.602943e-02
9.999997e-01 5.542305e-04 6.145914e-04 -6.902710e-05 8.161510e-01 -3.298592e-03 -6.371143e-02
9.999995e-01 -1.563179e-04 -9.704484e-04 -2.700058e-04 8.201451e-01 -6.446803e-03 -6.985376e-02
9.999996e-01 3.856311e-05 -3.542248e-04 -8.488460e-04 8.345970e-01 -1.153102e-02 -6.437764e-02
9.999998e-01 -4.332951e-04 -2.531951e-04 -4.634254e-04 8.340627e-01 -5.179212e-03 -5.300979e-02
9.999997e-01 1.180644e-05 -1.843062e-05 -7.818886e-04 8.688048e-01 -5.507972e-03 -7.082670e-02
9.999997e-01 4.890951e-04 -3.635530e-04 -4.222338e-04 8.423496e-01 -6.935629e-03 -7.226714e-02
9.999992e-01 3.768855e-04 9.189444e-04 -7.960934e-04 8.776933e-01 -9.707163e-03 -6.253494e-02
9.999992e-01 -4.700111e-04 -1.100366e-03 -3.940791e-04 8.644592e-01 -1.398614e-02 -8.093561e-02
9.999994e-01 -4.648323e-05 9.458677e-04 -5.305254e-04 8.964200e-01 9.645591e-04 -5.811190e-02
9.999998e-01 -4.133056e-04 -4.246614e-04 -9.563985e-05 8.874114e-01 -7.847054e-03 -7.692463e-02
1.000000e+00 -2.336288e-04 6.819498e-05 3.487083e-05 9.091575e-01 -3.835474e-03 -6.529861e-02
9.999998e-01 -4.376716e-04 -2.325687e-04 3.940605e-04 8.821695e-01 -6.315492e-03 -7.999108e-02
9.999995e-01 5.640646e-04 -8.372445e-04 2.054706e-05 9.336033e-01 4.130556e-03 -6.746708e-02
9.999998e-01 2.809861e-05 5.863050e-04 1.055563e-04 9.210448e-01 -7.349024e-04 -8.358083e-02
9.999994e-01 6.980500e-04 -7.665968e-04 3.359601e-04 9.183377e-01 -8.353443e-03 -7.846662e-02
9.999999e-01 -1.520247e-04 3.850276e-04 5.904881e-06 9.293261e-01 -1.072087e-02 -6.319256e-02
9.999998e-01 4.327508e-04 -3.185160e-04 1.772209e-04 9.402848e-01 5.712696e-04 -8.101795e-02
9.999999e-01 1.022700e-04 -7.142450e-05 3.420925e-04 9.268290e-01 -2.933567e-03 -7.317069e-02
9.999999e-01 2.093286e-04 -4.890188e-04 1.708997e-04 9.358676e-01 -9.103004e-03 -7.308047e-02
9.999998e-01 1.477178e-04 -5.923010e-04 1.714328e-04 9.446950e-01 1.335327e-03 -8.813253e-02
9.999999e-01 3.964676e-04 2.167622e-04 3.633900e-04 9.214962e-01 -7.007374e-03 -6.613524e-02
9.999989e-01 1.299209e-03 -4.179214e-04 5.685586e-04 9.295965e-01 -6.810586e-03 -8.402243e-02
9.999998e-01 3.881081e-04 5.489348e-04 1.422283e-04 9.441560e-01 -3.822819e-03 -8.168880e-02
9.999997e-01 1.621194e-04 -6.276012e-04 4.216514e-04 9.282339e-01 -3.035183e-03 -6.235559e-02
9.999995e-01 -8.022210e-04 3.806198e-04 4.675557e-04 9.246041e-01 -8.322928e-03 -7.208678e-02
9.999998e-01 -1.934113e-04 -3.887770e-04 4.975565e-04 9.090022e-01 -5.459846e-03 -8.101938e-02
1.000000e+00 -5.804181e-05 -2.726627e-04 1.727154e-04 9.365237e-01 -1.522917e-04 -8.515620e-02
9.999999e-01 -1.752689e-04 -1.587764e-04 4.224369e-04 8.974926e-01 -8.316267e-03 -6.115611e-02
9.999997e-01 2.376460e-04 9.588509e-05 7.508571e-04 9.086052e-01 -2.738461e-03 -9.163290e-02
9.999998e-01 1.636323e-04 5.499878e-04 3.278653e-04 9.067621e-01 -1.040861e-02 -6.838298e-02
9.999993e-01 6.298133e-04 -9.555335e-04 8.692627e-05 9.043135e-01 -3.950697e-03 -8.480811e-02
1.000000e+00 1.113950e-04 1.871514e-04 -8.890707e-05 8.860796e-01 -1.134303e-02 -7.074016e-02
9.999998e-01 -3.979647e-04 -2.727581e-04 -1.893671e-04 8.789413e-01 -2.297475e-03 -7.518003e-02
9.999995e-01 -1.004809e-03 1.960416e-05 -3.016931e-04 8.661905e-01 -8.249303e-03 -7.550868e-02
9.999993e-01 -3.764259e-04 4.258916e-04 -9.797098e-04 8.927516e-01 -1.516979e-02 -6.864704e-02
9.999967e-01 5.859778e-04 -2.170227e-03 -1.287688e-03 8.432972e-01 -1.353237e-02 -8.637026e-02
9.999963e-01 7.045234e-04 7.643898e-04 -2.488125e-03 8.226866e-01 -2.713900e-02 -5.878641e-02
9.999946e-01 -8.443872e-04 -5.633242e-04 -3.130755e-03 8.715649e-01 -4.882039e-03 -8.661381e-02
9.999952e-01 -4.366072e-04 7.956414e-04 -2.984646e-03 8.445580e-01 -2.979648e-02 -7.597346e-02
9.999958e-01 -8.736510e-04 8.879811e-05 -2.757777e-03 8.423234e-01 -7.418339e-04 -7.879335e-02
9.999934e-01 1.310461e-05 -2.932401e-04 -3.609559e-03 8.269283e-01 -1.502580e-02 -7.665073e-02
9.999944e-01 -8.603950e-04 7.428906e-04 -3.149713e-03 8.344706e-01 -1.527364e-02 -6.996513e-02
9.999939e-01 -9.615643e-04 -9.613313e-04 -3.221971e-03 8.266697e-01 -8.532292e-03 -8.218338e-02
9.999936e-01 1.664367e-04 -3.499038e-04 -3.560375e-03 8.215350e-01 -1.696210e-02 -7.611963e-02
9.999942e-01 2.181469e-04 1.574288e-06 -3.409437e-03 8.259599e-01 -7.563180e-03 -7.418248e-02
9.999922e-01 1.232768e-03 -1.142769e-03 -3.561246e-03 8.249539e-01 -6.444562e-03 -8.300088e-02
9.999923e-01 4.372708e-06 1.359544e-03 -3.686618e-03 8.019295e-01 -2.437600e-02 -7.019166e-02
9.999932e-01 -5.666193e-04 -9.848031e-04 -3.501064e-03 8.183262e-01 -1.241074e-02 -8.324470e-02
9.999918e-01 -8.806956e-04 1.159809e-03 -3.772034e-03 7.913377e-01 -1.336177e-02 -7.519916e-02
9.999945e-01 -7.095021e-04 -4.262546e-04 -3.229878e-03 7.907168e-01 -1.081518e-02 -7.040237e-02
9.999916e-01 -8.776083e-05 2.692793e-03 -3.088950e-03 7.967357e-01 -1.529591e-02 -7.443628e-02
9.999955e-01 -4.521700e-04 6.303649e-05 -2.973666e-03 7.837452e-01 -1.087550e-02 -7.872084e-02
9.999928e-01 1.561022e-03 7.162308e-05 -3.452586e-03 7.676654e-01 -7.639360e-03 -8.704030e-02
9.999930e-01 -1.709495e-03 -4.189706e-05 -3.320084e-03 7.694211e-01 -1.073421e-02 -6.499082e-02
9.999938e-01 1.979806e-04 -7.595470e-04 -3.455490e-03 7.639564e-01 -1.541215e-02 -5.669255e-02
9.999942e-01 -1.721239e-04 7.817678e-04 -3.302134e-03 7.276361e-01 -2.524472e-03 -1.018949e-01
9.999922e-01 1.131373e-03 -2.219758e-04 -3.773039e-03 7.673094e-01 -1.276840e-02 -4.173234e-02
9.999919e-01 -4.454450e-04 1.912107e-03 -3.516763e-03 7.283015e-01 -1.518344e-02 -8.256475e-02
9.999938e-01 8.330909e-04 8.353829e-05 -3.428228e-03 7.420622e-01 -9.067311e-03 -5.274973e-02
9.999924e-01 -1.527977e-03 -3.979543e-04 -3.572319e-03 7.297132e-01 -9.888353e-03 -8.100562e-02
9.999939e-01 3.843550e-04 8.051642e-04 -3.378623e-03 7.289902e-01 -1.347639e-02 -5.189220e-02
9.999939e-01 -9.396122e-04 7.245766e-04 -3.292123e-03 7.201625e-01 -1.078658e-02 -7.524658e-02
9.999945e-01 7.759309e-04 3.480701e-04 -3.209165e-03 7.102904e-01 -9.980691e-03 -5.751840e-02
9.999929e-01 -2.594851e-04 1.610132e-03 -3.398457e-03 7.196476e-01 -1.273395e-02 -7.545139e-02
9.999944e-01 1.049561e-03 -1.622065e-04 -3.160414e-03 6.822922e-01 -1.599427e-02 -4.006225e-02
9.999940e-01 -4.280755e-04 1.263738e-03 -3.203685e-03 6.837704e-01 -1.494244e-02 -7.037431e-02
9.999951e-01 -3.002914e-04 -8.954346e-04 -2.996573e-03 6.844444e-01 -1.396115e-02 -4.503889e-02
9.999958e-01 1.948444e-04 1.033732e-03 -2.692995e-03 6.529176e-01 6.233397e-03 -7.433709e-02
9.999956e-01 -3.515161e-04 -1.841274e-04 -2.934694e-03 6.374128e-01 -2.130142e-02 -3.686947e-02
9.999950e-01 2.261985e-04 2.995618e-04 -3.149437e-03 6.353001e-01 -8.893818e-03 -6.033384e-02
9.999956e-01 -3.726448e-04 -6.534732e-04 -2.867866e-03 6.207328e-01 -9.282754e-03 -4.601764e-02
9.999961e-01 -4.477734e-04 4.530263e-04 -2.728650e-03 6.040645e-01 -1.694831e-02 -6.658800e-02
9.999981e-01 1.224401e-04 1.052948e-04 -1.967088e-03 5.957899e-01 -1.953075e-03 -3.174954e-02
9.999977e-01 -6.893619e-04 4.817268e-04 -1.973915e-03 5.827687e-01 -8.326183e-03 -6.071411e-02
9.999970e-01 1.217551e-04 -1.445448e-03 -1.975373e-03 5.604550e-01 8.135906e-04 -5.122474e-02
9.999983e-01 -3.807435e-04 5.450409e-04 -1.690255e-03 5.452981e-01 -1.234083e-02 -4.850789e-02
9.999975e-01 2.636464e-05 -1.010057e-03 -2.004663e-03 5.512291e-01 -2.591963e-05 -3.188007e-02
9.999978e-01 -7.319233e-04 1.010406e-03 -1.690696e-03 5.228712e-01 -1.351862e-02 -6.065491e-02
9.999978e-01 2.922547e-04 2.791863e-04 -2.041461e-03 5.227266e-01 -1.106098e-02 -4.002577e-02
9.999980e-01 -1.764140e-06 6.518284e-04 -1.885214e-03 4.995662e-01 -9.645008e-03 -4.590955e-02
9.999984e-01 -2.951060e-04 6.864949e-04 -1.617125e-03 4.990744e-01 -7.048362e-03 -3.232357e-02
9.999968e-01 -2.284015e-04 2.072924e-03 -1.474298e-03 4.753838e-01 -8.800567e-03 -4.254796e-02
9.999968e-01 -1.366130e-05 1.982135e-03 -1.592179e-03 4.772314e-01 -1.536280e-02 -3.126747e-02
9.999959e-01 -9.074268e-04 2.397725e-03 -1.280110e-03 4.660479e-01 -1.394180e-02 -4.362126e-02
9.999991e-01 7.887177e-04 -4.614385e-04 -9.711524e-04 4.363293e-01 9.906786e-04 -4.059523e-02
9.999981e-01 -1.077654e-03 1.337068e-03 -9.926386e-04 4.397812e-01 -1.639859e-02 -4.682490e-03
9.999986e-01 9.081619e-05 1.596118e-03 -4.787877e-04 4.342986e-01 5.883535e-03 -4.309997e-02
9.999947e-01 -1.021598e-03 3.089149e-03 -2.993742e-04 4.157135e-01 -2.055366e-02 -2.186123e-02
9.999988e-01 6.239053e-04 1.385816e-03 4.419285e-04 4.086836e-01 2.148391e-03 -8.093212e-03
9.999955e-01 -3.353969e-04 2.736883e-03 1.161406e-03 4.012215e-01 -5.224164e-04 -4.943312e-02
9.999978e-01 8.352785e-04 1.655157e-04 1.896125e-03 3.880969e-01 1.751707e-02 5.820562e-03
9.999966e-01 6.711212e-04 4.593523e-04 2.478071e-03 3.647577e-01 -4.136215e-03 -4.332788e-02
9.999954e-01 -5.548600e-04 8.270451e-05 2.990670e-03 3.846116e-01 2.388369e-03 1.091112e-03
9.999934e-01 -6.757795e-04 7.268172e-04 3.511031e-03 3.853852e-01 2.778465e-03 -1.166174e-02
9.999919e-01 -9.548834e-04 3.569424e-04 3.895363e-03 3.365354e-01 6.150798e-03 -2.954976e-02
9.999926e-01 -3.045335e-04 -4.744814e-04 3.796158e-03 3.809035e-01 1.906526e-02 -7.067099e-03
9.999896e-01 8.816930e-05 -1.780853e-04 4.556389e-03 3.482381e-01 7.530791e-03 -2.177826e-02
9.999892e-01 -2.318705e-04 -7.408230e-05 4.640653e-03 3.705585e-01 1.418351e-02 -1.134515e-03
9.999906e-01 -6.450939e-04 -2.127006e-04 4.276318e-03 3.536761e-01 7.496336e-03 -2.310246e-02
9.999884e-01 -3.365044e-04 8.216251e-04 4.725703e-03 3.589113e-01 2.084825e-03 -4.869561e-03
9.999854e-01 -3.122063e-05 -9.017200e-04 5.332601e-03 3.529410e-01 1.924458e-02 -2.563148e-02
9.999807e-01 8.316086e-04 4.036518e-04 6.145500e-03 3.455231e-01 1.812835e-02 -3.274184e-03
9.999798e-01 2.658598e-04 7.024704e-04 6.310242e-03 3.618415e-01 8.444303e-03 -2.807443e-02
9.999771e-01 6.036109e-04 -1.122733e-03 6.646179e-03 3.508352e-01 2.336583e-02 -4.374169e-03
9.999770e-01 -4.050212e-04 8.581997e-05 6.761870e-03 3.403819e-01 1.665769e-02 -1.871772e-02
9.999732e-01 7.622714e-04 -7.380131e-04 7.245928e-03 3.581081e-01 9.685855e-03 -7.292247e-03
9.999763e-01 3.836273e-05 9.411291e-05 6.876856e-03 3.588121e-01 8.952594e-03 -1.064098e-02
9.999732e-01 7.744006e-04 -9.889600e-04 7.207914e-03 3.410127e-01 2.046652e-02 -1.667499e-02
9.999721e-01 -6.408840e-04 1.477920e-03 7.302966e-03 3.623101e-01 1.130183e-02 -7.894817e-03
9.999702e-01 -4.101574e-04 -9.965039e-04 7.649904e-03 3.558713e-01 1.910698e-02 -2.345798e-02
9.999748e-01 1.539220e-04 5.590652e-04 7.070886e-03 3.458981e-01 5.693958e-03 -3.537674e-03
9.999666e-01 3.824208e-04 -9.318730e-04 8.111987e-03 3.541876e-01 1.918632e-02 -2.476731e-02
9.999720e-01 -2.633742e-05 7.260302e-04 7.448820e-03 3.613005e-01 1.281592e-02 5.533216e-04
