1.0 0.0 0.0 0.0 0.0 0.0 0.0
9.999976e-01 8.008287e-05 1.639774e-03 1.472535e-03 6.400285e-02 9.028408e-03 -1.819506e-02
9.999982e-01 -4.375100e-04 3.491282e-04 1.802690e-03 6.138029e-02 -3.694058e-03 4.048456e-03
9.999983e-01 -7.931363e-04 -1.025104e-04 1.671069e-03 6.583009e-02 2.576830e-03 -6.635012e-03
9.999967e-01 -6.144290e-04 -3.232151e-04 2.482838e-03 6.772052e-02 7.100069e-03 8.468160e-04
9.999962e-01 1.847584e-04 -8.798764e-04 2.609857e-03 6.757727e-02 3.029326e-03 -3.270129e-03
9.999950e-01 -4.308631e-05 -1.222682e-03 2.922025e-03 6.593153e-02 6.845066e-03 -2.051248e-03
9.999940e-01 2.046235e-04 -8.688181e-04 3.345261e-03 6.205371e-02 1.115228e-02 1.904970e-03
9.999932e-01 7.103938e-05 -1.084391e-03 3.508132e-03 7.208992e-02 1.657363e-02 -1.129352e-02
9.999936e-01 -5.325650e-07 -7.967874e-04 3.502982e-03 6.880807e-02 -6.038618e-03 1.035074e-02
9.999901e-01 -3.027929e-04 -4.497724e-04 4.402316e-03 7.539952e-02 2.202137e-02 -6.321032e-03
9.999928e-01 -2.233425e-04 1.141979e-04 3.800056e-03 7.809801e-02 1.250427e-02 -9.471105e-04
9.999927e-01 8.588739e-05 -2.805899e-04 3.814027e-03 8.410373e-02 -1.889451e-03 -1.555089e-03
9.999878e-01 1.567516e-03 2.423435e-03 4.007047e-03 9.899993e-02 2.855540e-03 1.802857e-03
9.999892e-01 -8.822442e-04 5.804965e-04 4.530584e-03 8.567264e-02 4.411869e-03 6.697640e-03
9.999927e-01 3.542237e-04 1.207389e-03 3.607331e-03 1.029203e-01 5.175251e-03 -8.868120e-04
9.999937e-01 7.542184e-04 -1.961386e-04 3.476987e-03 1.091261e-01 8.864121e-03 -1.689315e-02
9.999922e-01 2.033466e-03 -1.251140e-04 3.376251e-03 1.225434e-01 -1.828513e-03 5.841075e-03
9.999927e-01 1.192228e-04 -1.971234e-05 3.808462e-03 1.179999e-01 6.956703e-03 -3.464372e-03
9.999901e-01 -2.595564e-04 4.081004e-04 4.426601e-03 1.217430e-01 1.687908e-02 -8.214349e-03
9.999906e-01 4.693568e-04 7.536820e-04 4.234999e-03 1.319765e-01 2.564652e-04 2.088404e-03
9.999893e-01 1.569986e-03 -6.938915e-04 4.301188e-03 1.428850e-01 9.053157e-03 -6.951213e-03
9.999843e-01 -1.107940e-04 9.803526e-04 5.509123e-03 1.396125e-01 1.333837e-02 -5.040774e-03
9.999867e-01 -2.407907e-04 -5.466788e-04 5.119760e-03 1.434830e-01 4.988291e-03 1.059466e-02
9.999782e-01 4.974157e-04 8.869350e-04 6.518168e-03 1.450297e-01 6.634905e-03 -9.263277e-03
9.999759e-01 -1.668650e-05 2.424909e-03 6.512431e-03 1.565603e-01 -1.246864e-04 1.958107e-02
9.999791e-01 4.041689e-04 1.558156e-03 6.264806e-03 1.606158e-01 9.207705e-03 -1.485429e-02
9.999834e-01 -1.065362e-03 -1.306078e-04 5.668494e-03 1.599932e-01 1.361389e-02 -1.526805e-03
9.999885e-01 1.428368e-04 -1.892088e-03 4.396200e-03 1.863836e-01 1.285239e-02 -6.126877e-03
9.999878e-01 5.311354e-04 -1.831393e-03 4.543860e-03 1.761243e-01 1.614346e-02 -1.215694e-03
9.999928e-01 9.122247e-05 -1.128400e-03 3.624072e-03 1.770637e-01 1.461230e-02 -3.436204e-03
9.999940e-01 -2.533491e-04 1.397730e-04 3.427188e-03 1.947671e-01 5.538874e-03 1.766276e-03
9.999957e-01 1.427601e-04 1.656812e-03 2.415704e-03 1.967319e-01 2.858631e-03 1.270663e-03
9.999967e-01 -1.185829e-03 1.544814e-03 1.698626e-03 1.931632e-01 -7.950142e-03 8.649054e-03
9.999964e-01 -4.595966e-04 2.336751e-03 1.247880e-03 2.244396e-01 -1.752558e-02 -4.250610e-03
9.999996e-01 5.400647e-04 6.968460e-04 1.592217e-04 2.184169e-01 7.071281e-03 -8.751343e-03
9.999995e-01 8.604116e-04 -4.037500e-04 1.354362e-04 2.395491e-01 2.999545e-04 -4.793480e-03
9.999992e-01 -8.979398e-04 -8.311430e-04 -8.606765e-05 2.143101e-01 -2.600507e-03 -6.327265e-03
9.999983e-01 -1.097395e-03 -1.166291e-03 -8.895631e-04 2.372322e-01 -3.557235e-03 1.131652e-02
9.999972e-01 -1.577421e-03 -1.253399e-03 -1.230262e-03 2.548918e-01 9.315768e-03 -7.861859e-03
9.999982e-01 3.400678e-05 4.101008e-04 -1.847694e-03 2.554264e-01 -1.020297e-02 2.362759e-02
9.999970e-01 4.851077e-04 4.920334e-04 -2.343853e-03 2.631108e-01 -3.941463e-03 -1.391027e-02
9.999975e-01 3.696918e-04 4.010242e-04 -2.162914e-03 2.883208e-01 -1.279606e-02 -2.000872e-03
9.999971e-01 4.693632e-04 4.387296e-04 -2.299703e-03 2.862994e-01 -7.272461e-03 -7.856242e-03
9.999974e-01 8.403078e-05 -2.835097e-04 -2.260761e-03 2.987874e-01 -1.647437e-02 -5.691837e-03
9.999979e-01 2.613276e-04 -2.074337e-06 -2.055310e-03 2.978785e-01 -8.529143e-03 1.930520e-02
9.999972e-01 5.369988e-04 8.011848e-04 -2.166924e-03 3.173332e-01 -9.711784e-03 -1.415072e-02
9.999969e-01 -6.969454e-05 5.452726e-04 -2.422335e-03 3.329936e-01 -3.355938e-03 3.686158e-03
9.999984e-01 -2.532288e-04 -1.786901e-04 -1.756567e-03 3.271240e-01 -1.779304e-02 -9.352239e-03
9.999987e-01 3.892804e-05 5.404728e-04 -1.539371e-03 3.496078e-01 -7.574099e-03 4.181893e-03
9.999990e-01 -3.178853e-04 -4.140970e-04 -1.359619e-03 3.423525e-01 -7.912712e-03 -1.060413e-02
9.999985e-01 5.277278e-04 -3.186887e-04 -1.592200e-03 3.671687e-01 -8.915638e-03 4.917531e-03
9.999992e-01 -2.765668e-04 2.802153e-04 -1.172681e-03 3.661783e-01 9.358716e-04 1.177705e-02
9.999986e-01 -6.583214e-04 1.821420e-04 -1.524473e-03 3.810260e-01 -1.645806e-02 -1.364782e-02
9.999996e-01 -3.379463e-04 4.730214e-04 -6.552411e-04 3.661951e-01 -4.616592e-03 8.781516e-03
9.999995e-01 3.169063e-04 1.684262e-04 -9.358839e-04 3.769130e-01 -4.502696e-03 -6.515532e-03
9.999994e-01 6.983362e-04 -5.311015e-04 -6.650265e-04 4.053971e-01 -1.769954e-03 2.192488e-03
9.999997e-01 -2.883110e-04 3.513509e-04 -6.832984e-04 3.986005e-01 -1.052376e-02 5.807590e-03
9.999999e-01 -2.898638e-04 -1.364688e-04 -2.586068e-04 4.033502e-01 -7.936432e-03 -7.084895e-03
9.999995e-01 1.771155e-04 -9.050460e-04 -5.083162e-04 4.162049e-01 -9.855541e-03 -6.580125e-03
9.999989e-01 1.153130e-03 -4.263159e-04 -7.627420e-04 4.203809e-01 -4.460780e-03 2.133325e-02
9.999998e-01 1.637257e-04 4.276525e-04 -3.401132e-04 4.279936e-01 -2.763498e-03 -2.264989e-02
9.999991e-01 3.726585e-04 1.099422e-03 -5.821747e-04 4.312525e-01 -1.645957e-02 1.422180e-02
9.999984e-01 3.580431e-04 -1.557346e-03 -7.846963e-04 4.430634e-01 -1.240363e-03 -1.423887e-02
9.999980e-01 1.860906e-03 -4.343491e-04 -4.923998e-04 4.432289e-01 -2.279093e-04 5.126785e-03
9.999993e-01 -6.986908e-04 -3.347513e-05 -8.875532e-04 4.615791e-01 -4.944844e-03 4.330256e-03
9.999993e-01 -9.932330e-04 -4.548278e-04 -4.350569e-04 4.701553e-01 -1.147924e-03 -8.332549e-03
9.999999e-01 8.794864e-05 -2.566258e-04 -4.777020e-04 4.722808e-01 -2.613894e-03 6.812127e-03
9.999997e-01 1.985414e-04 -3.217266e-04 -5.350373e-04 4.794937e-01 -5.515374e-03 -1.389377e-02
9.999977e-01 -1.829011e-03 -5.527573e-04 -9.395042e-04 4.697913e-01 -1.294798e-02 1.266575e-02
9.999946e-01 -3.101272e-03 -1.010508e-03 -3.942516e-04 4.795367e-01 -2.049205e-03 2.222994e-03
9.999958e-01 -1.612855e-03 2.328125e-03 -5.827239e-04 4.921548e-01 -1.231150e-02 -7.276571e-03
9.999995e-01 3.750844e-04 2.007821e-04 -8.897864e-04 5.077564e-01 -1.312581e-02 -3.531238e-02
9.999949e-01 2.460141e-03 -1.692098e-03 -1.157486e-03 4.989642e-01 5.011023e-03 3.312605e-02
9.999917e-01 2.729860e-03 -2.678001e-03 -1.384649e-03 5.082236e-01 -3.164263e-03 -1.271313e-02
9.999922e-01 3.458903e-03 -8.118427e-04 -1.708363e-03 5.203187e-01 -8.923195e-03 5.935147e-03
9.999964e-01 1.997970e-03 1.071813e-03 -1.392914e-03 5.201120e-01 -4.592493e-03 1.370899e-02
9.999976e-01 -4.424000e-04 1.164402e-03 -1.799806e-03 5.136963e-01 -2.565738e-02 -5.864837e-02
9.999933e-01 -2.422859e-03 1.589345e-03 -2.236846e-03 5.133688e-01 -6.535802e-04 -7.671620e-03
9.999931e-01 -3.263221e-03 -3.542681e-04 -1.711623e-03 5.186485e-01 -1.587297e-02 4.632122e-02
9.999942e-01 -2.025913e-03 5.415530e-05 -2.733189e-03 5.185780e-01 -1.648211e-03 -3.580890e-02
9.999931e-01 1.180457e-03 -2.107463e-03 -2.810031e-03 5.352639e-01 -1.246589e-02 4.240629e-02
9.999947e-01 7.733467e-04 9.464250e-04 -3.019042e-03 5.391394e-01 -4.616294e-03 -3.336612e-02
9.999947e-01 -1.653716e-04 2.384416e-05 -3.254541e-03 5.444604e-01 -1.604330e-02 4.000205e-03
9.999933e-01 2.495934e-05 1.778456e-03 -3.189849e-03 5.340374e-01 -1.500575e-02 -4.185172e-03
9.999941e-01 8.976505e-04 -7.553066e-04 -3.214699e-03 5.479545e-01 -1.321221e-02 -9.148445e-03
9.999939e-01 -3.766482e-04 2.654016e-04 -3.474704e-03 5.430837e-01 -1.569679e-02 -3.828338e-03
9.999925e-01 -5.350897e-04 -1.648157e-03 -3.480284e-03 5.752180e-01 -1.547434e-02 6.131593e-03
9.999956e-01 -4.834736e-05 1.654846e-03 -2.446100e-03 5.467366e-01 -1.005709e-02 -1.045667e-02
9.999938e-01 -1.672977e-03 -2.583593e-04 -3.087204e-03 5.805140e-01 -2.495458e-02 -1.533111e-02
9.999937e-01 -1.031562e-03 7.311927e-04 -3.324969e-03 5.766826e-01 -1.228415e-02 1.716828e-03
9.999914e-01 5.505714e-04 -2.525116e-03 -3.255207e-03 5.934139e-01 -5.834154e-03 -8.749582e-03
9.999940e-01 -1.834540e-04 1.016904e-04 -3.443309e-03 6.093921e-01 -9.887628e-03 -1.074105e-03
9.999962e-01 -5.166708e-04 -1.417084e-04 -2.715769e-03 6.155767e-01 -1.459245e-02 -5.312984e-03
9.999945e-01 -7.604107e-04 1.408774e-03 -2.901992e-03 6.215609e-01 -1.187825e-02 -1.210640e-02
9.999960e-01 7.606157e-04 5.947165e-05 -2.720111e-03 6.240751e-01 -7.028110e-03 6.697913e-03
9.999922e-01 1.243329e-03 9.170934e-04 -3.642641e-03 6.335366e-01 -2.230505e-02 -3.277936e-02
9.999954e-01 6.075353e-04 -1.156617e-04 -2.981194e-03 6.465470e-01 -6.339027e-03 1.532600e-02
9.999953e-01 -4.770174e-04 1.449420e-03 -2.663615e-03 6.443449e-01 -1.543287e-02 2.289187e-03
9.999892e-01 -4.009674e-03 7.943414e-04 -2.203572e-03 6.630143e-01 -2.397924e-02 -2.619231e-02
9.999892e-01 -3.833167e-03 1.527457e-03 -2.130850e-03 6.642223e-01 -1.024534e-02 -5.400695e-03
9.999978e-01 -1.190413e-04 -9.187579e-04 -1.892847e-03 7.026025e-01 -2.153061e-02 1.570845e-02
9.999804e-01 4.887954e-03 3.526244e-03 -1.715807e-03 7.031117e-01 -5.581675e-03 -2.833739e-02
9.999818e-01 5.065099e-03 -2.986016e-03 -1.387054e-03 7.317150e-01 -1.176781e-02 -2.375577e-03
9.999909e-01 4.003832e-03 -3.737083e-06 -1.461212e-03 7.424066e-01 9.045275e-04 5.945742e-03
9.999988e-01 -9.359541e-04 5.483907e-04 -1.116833e-03 7.370270e-01 -1.104788e-02 1.018295e-02
9.999935e-01 -2.094738e-03 2.881415e-03 -5.636426e-04 7.406191e-01 -1.803977e-02 1.195382e-02
9.999931e-01 -3.238622e-03 -1.155441e-03 -1.375746e-03 7.688192e-01 -1.528208e-02 -6.884980e-03
9.999989e-01 -8.723139e-04 1.173536e-03 -4.408984e-04 7.717457e-01 -3.013226e-03 1.730311e-02
9.999981e-01 -5.067829e-04 -1.871336e-03 -2.694128e-04 7.668599e-01 -3.260784e-03 -1.582276e-03
9.999987e-01 1.498855e-03 1.964889e-04 -5.101513e-04 7.933675e-01 -1.395311e-02 6.779831e-03
9.999997e-01 4.437379e-04 -5.123926e-04 -3.621567e-04 8.042632e-01 -1.261001e-02 -1.628015e-03
9.999999e-01 2.546496e-04 6.132741e-05 -2.362711e-04 8.052657e-01 -1.064853e-02 -2.316786e-03
9.999995e-01 -3.270159e-04 7.946791e-04 -4.909049e-04 8.139521e-01 -1.000377e-02 4.661806e-03
9.999997e-01 5.257517e-04 -4.528773e-04 -3.907810e-04 8.207263e-01 -7.557987e-03 -2.806328e-03
9.999995e-01 8.288259e-04 9.736643e-05 -6.291896e-04 8.128483e-01 -1.196202e-02 5.580833e-03
9.999996e-01 7.106103e-04 2.827544e-04 -3.851332e-04 8.165038e-01 -3.008163e-03 1.822419e-03
9.999999e-01 2.158797e-04 -2.625791e-05 -4.212551e-04 8.433666e-01 -1.648578e-02 7.825957e-03
9.999999e-01 2.505727e-05 -2.152502e-04 -4.527383e-04 8.179401e-01 -1.173159e-02 -2.032463e-03
9.999998e-01 -9.103033e-05 2.625164e-04 -5.150718e-04 8.312175e-01 -1.816139e-02 8.055034e-03
9.999999e-01 8.007322e-05 2.042381e-04 -4.851432e-04 8.422836e-01 -5.631292e-03 8.443293e-03
9.999999e-01 1.585334e-04 -1.987248e-04 -2.977985e-04 8.395985e-01 -6.083468e-03 -1.179520e-03
9.999999e-01 2.744926e-04 2.113627e-04 -3.926457e-04 8.430027e-01 -1.485302e-02 8.666775e-03
9.999999e-01 -8.997372e-05 -2.073416e-04 -2.425790e-04 8.422253e-01 -1.016262e-02 3.419982e-03
9.999997e-01 -6.095541e-04 3.466545e-04 -2.520369e-04 8.588356e-01 -1.784634e-02 7.356100e-03
9.999998e-01 -5.028747e-04 -2.376421e-04 -3.913071e-04 8.574975e-01 -1.532452e-02 3.075886e-03
9.999999e-01 2.694725e-04 3.853480e-04 -3.649792e-04 8.594072e-01 -2.143065e-03 6.593147e-03
9.999998e-01 2.913678e-04 -2.271841e-04 -3.795271e-04 8.611773e-01 -1.921329e-02 4.734811e-03
9.999998e-01 5.095725e-04 9.490454e-05 -3.698622e-04 8.726470e-01 -2.347955e-03 1.593756e-03
9.999998e-01 8.353044e-05 -4.862710e-04 -3.217257e-04 8.552470e-01 -1.426214e-02 6.083253e-03
9.999997e-01 7.732073e-04 2.314986e-04 -1.888061e-04 8.852055e-01 -9.306828e-03 1.746796e-02
9.999997e-01 -3.058733e-04 5.945826e-04 -4.103623e-04 8.633098e-01 -1.056248e-02 -1.052605e-02
9.999999e-01 6.128705e-05 -4.640692e-04 -3.131979e-04 8.889929e-01 -1.190702e-02 1.948988e-02
9.999996e-01 -7.322254e-04 4.413516e-04 -3.959861e-04 8.820247e-01 -1.413493e-02 1.047965e-02
9.999999e-01 -9.395420e-05 1.973822e-04 -2.811418e-04 8.951660e-01 -7.811135e-03 -4.022603e-03
9.999998e-01 -3.517725e-04 3.875381e-04 -3.656372e-04 9.100094e-01 -1.394894e-02 2.384749e-02
9.999997e-01 -6.840783e-04 -3.011241e-04 1.458753e-05 8.938740e-01 1.034347e-03 -7.528354e-03
9.999993e-01 -5.824233e-04 1.018591e-03 -3.396540e-04 9.056794e-01 -1.606994e-02 1.270373e-02
9.999996e-01 -8.626457e-06 -8.617659e-04 -9.523852e-05 9.309383e-01 -1.268211e-02 4.638815e-03
9.999997e-01 1.205965e-04 6.251042e-04 -3.757859e-04 9.283849e-01 -1.957220e-02 1.864111e-03
9.999997e-01 6.213144e-04 -4.985750e-04 -1.769571e-04 9.376507e-01 -4.738632e-03 2.177901e-02
9.999999e-01 1.019854e-04 1.864054e-04 -4.390510e-04 9.344238e-01 -1.846586e-02 -1.012393e-02
9.999998e-01 1.471571e-04 -4.796289e-04 -7.923445e-07 9.431935e-01 -2.448046e-03 2.267636e-02
9.999999e-01 -3.439428e-04 -7.533828e-05 -3.053377e-04 9.508690e-01 -7.076937e-03 -4.220286e-03
9.999999e-01 -3.074989e-04 3.640006e-05 -3.032965e-04 9.636829e-01 -1.622409e-02 1.513164e-02
9.999999e-01 -6.672231e-05 -4.316950e-04 -2.521636e-04 9.547391e-01 -1.078313e-02 2.839583e-03
9.999999e-01 2.347750e-04 -1.083358e-04 -4.231895e-04 9.782902e-01 -7.420064e-03 3.857531e-03
9.999995e-01 7.384171e-04 -7.211687e-04 -1.237229e-04 9.611505e-01 -2.173028e-02 7.082443e-03
9.999992e-01 3.691335e-04 1.184640e-03 -3.103469e-04 9.907672e-01 -8.295899e-03 2.556455e-03
9.999993e-01 2.534720e-04 -1.161517e-03 -2.212228e-04 9.963174e-01 -1.369017e-02 1.169929e-02
9.999999e-01 -4.265783e-04 -1.243985e-04 -2.990229e-04 1.005680e+00 -6.093200e-03 7.209629e-03
9.999999e-01 -2.940441e-04 -2.303721e-04 -1.556331e-04 9.846822e-01 -8.422366e-03 5.998463e-03
9.999999e-01 -8.686919e-05 1.944137e-05 -4.559912e-04 1.026145e+00 -1.289435e-02 2.061125e-03
9.999998e-01 -3.268954e-04 -3.633946e-04 -2.025764e-04 9.967902e-01 -2.152223e-02 1.294721e-02
9.999996e-01 -1.155792e-04 5.704885e-04 -6.145175e-04 1.032523e+00 -1.447773e-02 -4.084084e-03
9.999999e-01 3.430155e-04 -2.496902e-04 -3.860842e-04 1.017251e+00 -1.735813e-02 8.437781e-03
9.999996e-01 -1.339034e-04 8.007256e-04 -3.114664e-04 1.042605e+00 -1.463505e-02 -1.330085e-03
9.999998e-01 -3.145763e-04 -1.621033e-04 -5.044589e-04 1.026738e+00 -2.928096e-03 8.807716e-03
9.999997e-01 -6.721523e-04 3.937675e-04 -3.593294e-04 1.051633e+00 -1.406544e-02 4.105140e-04
9.999999e-01 -2.190396e-04 -3.901182e-04 -2.101812e-04 1.051465e+00 -1.660191e-02 1.275902e-02
9.999997e-01 -4.224739e-04 3.440552e-04 -4.176869e-04 1.059408e+00 -8.569256e-03 -4.053672e-03
9.999999e-01 1.440243e-04 -2.595463e-04 -2.793570e-04 1.062879e+00 -2.780858e-02 6.807001e-03
9.999995e-01 -6.102744e-04 6.790298e-04 -3.723604e-04 1.047817e+00 2.465396e-03 1.836491e-03
9.999998e-01 -4.866819e-04 -2.504362e-04 -4.112343e-04 1.077352e+00 -2.125050e-02 -2.465061e-04
9.999997e-01 -3.542866e-04 5.554765e-04 -4.334334e-04 1.071685e+00 -1.338354e-02 6.968816e-03
9.999997e-01 -4.771092e-04 -4.422844e-04 -5.409972e-04 1.077442e+00 -1.044387e-02 -2.930323e-03
9.999998e-01 -1.187702e-04 6.015106e-04 -1.765500e-04 1.104579e+00 -1.198926e-02 6.226747e-03
9.999997e-01 -3.980387e-04 -6.165364e-04 -1.005130e-04 1.093458e+00 -1.690607e-02 -1.039802e-02
9.999997e-01 5.917234e-04 1.700022e-04 -5.154495e-04 1.110662e+00 -9.191359e-03 9.765636e-03
9.999997e-01 -2.126722e-04 7.156227e-04 -1.247291e-04 1.106122e+00 -1.534748e-02 -6.268595e-03
9.999998e-01 5.770655e-04 2.201133e-04 4.285054e-05 1.119469e+00 -1.347761e-02 2.142736e-04
9.999997e-01 -6.207197e-04 -2.090627e-04 3.279336e-04 1.117180e+00 -1.133243e-02 1.545823e-02
9.999996e-01 4.206842e-04 2.939560e-04 7.257126e-04 1.151106e+00 -1.358958e-02 -1.357579e-02
9.999995e-01 3.370045e-04 4.618440e-04 7.849459e-04 1.133184e+00 -4.614371e-03 1.650821e-02
9.999994e-01 4.539630e-04 -4.564696e-04 8.363769e-04 1.135106e+00 -9.849879e-03 -2.337915e-03
9.999992e-01 3.616578e-05 8.082247e-04 1.001509e-03 1.139839e+00 -9.808847e-03 1.108030e-03
9.999988e-01 9.264640e-07 -9.913826e-04 1.159468e-03 1.151575e+00 -9.245623e-03 1.486029e-02
9.999994e-01 1.272934e-05 5.781963e-04 9.687502e-04 1.155296e+00 -7.233291e-03 -7.697910e-03
9.999994e-01 1.425051e-04 -4.095462e-04 9.816145e-04 1.150900e+00 -1.780583e-02 1.908321e-02
9.999996e-01 -2.008656e-04 1.720937e-04 8.994903e-04 1.169888e+00 -1.040623e-02 -1.416875e-02
9.999990e-01 4.543814e-04 1.598810e-05 1.347242e-03 1.154116e+00 -6.412977e-03 2.974510e-02
9.999984e-01 6.777107e-04 -7.726685e-04 1.448391e-03 1.168040e+00 -5.865677e-03 -1.148569e-02
9.999996e-01 -1.481690e-04 1.984981e-04 8.850186e-04 1.167368e+00 -1.300366e-02 1.036438e-02
9.999989e-01 3.254841e-04 -4.255118e-04 1.400206e-03 1.188104e+00 -1.257886e-02 1.638715e-02
9.999993e-01 -6.749884e-04 2.799520e-04 9.364193e-04 1.174111e+00 -2.930537e-03 -1.167828e-02
9.999995e-01 -3.208227e-05 -2.724158e-04 9.768498e-04 1.169739e+00 -1.797298e-02 2.064937e-02
9.999994e-01 -3.150464e-05 -2.250031e-04 1.018009e-03 1.185028e+00 -9.246394e-03 -1.308026e-02
9.999995e-01 5.412160e-05 4.955871e-04 8.866644e-04 1.193007e+00 -8.223673e-03 1.706320e-02
9.999995e-01 -9.926358e-05 -9.211716e-04 3.610974e-04 1.188796e+00 -1.873795e-02 -7.770278e-03
9.999996e-01 -9.347849e-05 4.473800e-04 8.029893e-04 1.204807e+00 -5.163586e-03 1.592246e-02
9.999997e-01 2.146543e-04 -2.826420e-04 7.508225e-04 1.202528e+00 -8.966773e-03 -6.425704e-03
9.999995e-01 -4.273454e-04 8.979080e-04 2.377182e-04 1.198461e+00 -2.102319e-02 3.922408e-03
9.999997e-01 -2.071170e-04 -5.463731e-04 5.219310e-04 1.215309e+00 -6.068904e-03 1.507190e-03
9.999997e-01 -4.544072e-04 3.825017e-04 4.301217e-04 1.218659e+00 -8.783335e-03 -3.078381e-03
9.999992e-01 4.760941e-04 -1.158950e-03 2.278142e-04 1.218751e+00 -2.478190e-02 1.792272e-02
9.999998e-01 -1.025155e-04 2.500300e-04 5.629294e-04 1.217260e+00 -5.837197e-03 -1.553919e-02
9.999996e-01 -2.275171e-04 -8.095348e-04 1.136225e-04 1.217982e+00 -2.384008e-02 9.275598e-03
9.999997e-01 -2.145584e-04 -3.491259e-04 7.695971e-04 1.234107e+00 -2.276560e-03 -6.625353e-03
9.999993e-01 5.719301e-05 -1.026475e-03 6.006637e-04 1.218672e+00 -1.338011e-02 7.448418e-04
9.999998e-01 5.606022e-04 2.364020e-04 2.860517e-04 1.234309e+00 -1.985157e-02 -1.662246e-02
9.999990e-01 3.537382e-04 -1.322928e-03 3.505143e-04 1.236115e+00 2.935693e-03 1.600170e-02
9.999999e-01 -1.509874e-04 2.114796e-04 -1.968317e-04 1.224435e+00 -1.712590e-02 -2.261474e-02
9.999992e-01 -3.522322e-04 -1.044779e-03 -5.914243e-04 1.241828e+00 -2.046980e-02 8.018372e-04
9.999993e-01 -3.748721e-04 6.419338e-04 -8.832194e-04 1.253999e+00 -1.798374e-02 -5.442800e-03
9.999994e-01 -1.901833e-04 -4.083147e-04 -9.635629e-04 1.252071e+00 -1.927410e-02 -9.780243e-03
9.999992e-01 -2.657517e-04 8.334097e-04 -9.593339e-04 1.237728e+00 -1.894907e-02 -1.523282e-02
9.999994e-01 4.937311e-05 -7.136685e-04 -8.591234e-04 1.263681e+00 -6.207479e-03 -1.177008e-04
9.999985e-01 -7.118105e-04 1.481546e-03 -4.916684e-04 1.268931e+00 -2.022283e-02 -2.009064e-02
9.999995e-01 -1.799625e-04 -8.791635e-04 -4.486027e-04 1.283700e+00 -1.492002e-02 -7.127705e-04
9.999984e-01 4.704108e-04 1.603282e-03 -5.424709e-04 1.269371e+00 -2.392224e-02 -1.782145e-02
9.999996e-01 -2.468925e-04 -8.808002e-04 -1.670768e-04 1.264427e+00 -2.690922e-02 5.560606e-04
9.999987e-01 5.133027e-04 1.275605e-03 -8.504665e-04 1.277242e+00 -6.909457e-03 -1.679610e-02
9.999998e-01 -3.676390e-04 -5.012674e-04 -2.688763e-04 1.286933e+00 -1.366102e-02 -2.766718e-03
9.999997e-01 3.161150e-04 6.182470e-04 -3.545219e-04 1.273958e+00 -4.627483e-02 -8.521233e-04
9.999990e-01 -8.918732e-04 3.597407e-05 -1.078364e-03 1.297580e+00 -5.224124e-03 -1.773078e-02
9.999994e-01 4.486267e-04 1.857199e-05 -1.028392e-03 1.264530e+00 -4.487498e-02 1.086477e-02
9.999996e-01 -3.772552e-04 -3.681223e-04 -7.217256e-04 1.286543e+00 -1.068695e-03 -2.627633e-02
9.999994e-01 7.254453e-04 1.088585e-04 -7.791981e-04 1.294090e+00 -2.058832e-02 5.699252e-03
9.999998e-01 -1.932615e-04 -4.796067e-04 -4.790744e-04 1.281464e+00 -2.884635e-02 -9.331513e-03
9.999994e-01 5.350829e-04 -5.861556e-04 -7.090544e-04 1.302313e+00 -1.262198e-02 -3.415672e-03
9.999978e-01 -5.232379e-04 1.890916e-03 -7.190063e-04 1.289380e+00 -2.724580e-02 -8.729195e-03
9.999992e-01 3.197996e-04 -1.269396e-03 -9.007568e-05 1.301663e+00 -1.087233e-02 -4.996173e-03
9.999984e-01 -5.407106e-04 1.582397e-03 -6.683700e-04 1.308791e+00 -2.525953e-02 -4.000958e-03
9.999986e-01 2.677660e-04 -1.658560e-03 1.863444e-04 1.315279e+00 -8.820204e-03 -3.954760e-03
9.999985e-01 1.970518e-04 1.715359e-03 7.030107e-05 1.304211e+00 -2.160668e-02 -1.999492e-02
9.999977e-01 -4.340248e-04 -2.073058e-03 1.850261e-04 1.350451e+00 7.173438e-03 1.187828e-02
9.999991e-01 4.268509e-04 1.265595e-03 2.319179e-05 1.291526e+00 -2.535857e-02 -2.793407e-02
9.999975e-01 3.611110e-04 -2.184602e-03 1.788232e-04 1.323516e+00 -1.771433e-02 3.706952e-03
9.999997e-01 -2.609312e-05 7.047386e-04 4.012202e-04 1.319072e+00 -2.501219e-03 -8.680782e-03
9.999998e-01 -2.714006e-04 -4.647249e-04 2.679954e-04 1.324801e+00 -2.170562e-02 2.118145e-03
9.999997e-01 3.696477e-04 5.166005e-04 4.780654e-04 1.332152e+00 -5.157285e-03 -2.117673e-02
9.999993e-01 -9.561126e-04 -7.781436e-04 1.035114e-04 1.332341e+00 -7.503027e-03 4.884164e-03
9.999996e-01 -8.050593e-04 -2.143707e-04 1.947477e-04 1.325907e+00 -2.433212e-02 -2.755464e-02
9.999998e-01 4.511275e-05 -6.265152e-04 1.359954e-04 1.327303e+00 -8.766674e-03 -1.091124e-02
9.999989e-01 3.397168e-04 -1.409217e-03 1.201196e-04 1.346797e+00 -2.294867e-03 -1.106662e-02
1.000000e+00 1.181024e-05 1.315136e-04 7.325649e-05 1.340465e+00 -1.998579e-02 -3.042046e-02
9.999992e-01 -2.753184e-04 -1.199653e-03 -6.598744e-05 1.338408e+00 -7.367371e-03 -1.413521e-02
9.999996e-01 6.624739e-04 5.344639e-04 -4.554228e-05 1.359918e+00 -1.301765e-02 -1.443800e-02
9.999999e-01 3.389710e-04 2.859656e-04 1.426676e-04 1.343448e+00 -2.653612e-02 -2.332207e-02
9.999999e-01 -1.205929e-04 3.556286e-04 5.716744e-05 1.340312e+00 -1.468253e-02 -2.079193e-02
9.999995e-01 3.141664e-04 1.434138e-04 -9.430212e-04 1.344818e+00 -7.003534e-03 -1.650779e-02
9.999992e-01 -7.486721e-04 8.995296e-04 -4.133886e-04 1.354361e+00 -2.268963e-02 -1.651690e-02
9.999997e-01 -1.575052e-04 -1.899338e-04 -7.079995e-04 1.336864e+00 -1.189694e-02 -2.264543e-02
9.999997e-01 2.838625e-04 -2.060462e-04 -7.229517e-04 1.355743e+00 -2.524092e-02 -1.787091e-02
9.999992e-01 -9.492908e-04 2.810304e-04 -8.163023e-04 1.345837e+00 -1.772368e-02 -1.371410e-02
9.999990e-01 6.504515e-04 -7.904458e-04 -9.686259e-04 1.361309e+00 -4.882774e-03 -2.525581e-02
9.999985e-01 -5.424117e-04 1.162783e-03 -1.167430e-03 1.352783e+00 -2.412764e-02 -2.552832e-02
9.999993e-01 3.751895e-04 -7.741111e-04 -9.182961e-04 1.366225e+00 -1.377485e-02 -2.175519e-03
9.999974e-01 -2.833350e-04 1.916905e-03 -1.182308e-03 1.331678e+00 -2.484406e-02 -4.035343e-02
9.999988e-01 9.525191e-04 -1.044444e-03 -6.116984e-04 1.380256e+00 -1.091412e-02 1.622953e-02
9.999922e-01 3.300489e-04 3.838324e-03 -8.404399e-04 1.344227e+00 -2.818463e-02 -6.364195e-02
9.999966e-01 -1.954381e-03 -1.618435e-03 -5.982250e-04 1.347950e+00 -1.425533e-02 2.477854e-02
9.999964e-01 2.490440e-03 9.506183e-04 -4.484994e-04 1.379004e+00 -2.156674e-02 1.939336e-03
9.999997e-01 -3.658970e-04 -7.297109e-04 1.552912e-04 1.363462e+00 -1.015417e-02 -3.480098e-02
9.999973e-01 5.632109e-04 2.234687e-03 -3.302831e-04 1.357320e+00 -1.615245e-02 1.813853e-02
9.999968e-01 -1.582725e-03 -1.961681e-03 8.858659e-06 1.345769e+00 -1.469864e-02 -1.367367e-02
9.999948e-01 1.598647e-03 2.704554e-03 -7.731793e-04 1.346698e+00 -2.907959e-02 -9.191522e-03
9.999922e-01 -7.132268e-04 -3.878176e-03 -3.422313e-04 1.348252e+00 -1.345202e-02 2.019399e-02
9.999989e-01 -1.779963e-04 5.620994e-04 -1.390637e-03 1.354278e+00 -8.198031e-03 -2.244126e-02
9.999984e-01 -9.033885e-04 -5.805660e-04 -1.433078e-03 1.362582e+00 -1.218516e-02 9.920579e-04
9.999972e-01 1.568800e-03 8.440218e-04 -1.584207e-03 1.364162e+00 -3.683520e-02 -2.446707e-02
9.999986e-01 1.099079e-03 9.014980e-04 -8.026093e-04 1.373731e+00 1.915443e-03 1.866399e-02
9.999987e-01 1.238294e-03 3.092060e-04 -9.718786e-04 1.363417e+00 -2.945020e-02 -2.903057e-02
9.999980e-01 -1.398847e-03 7.103740e-04 -1.239196e-03 1.343514e+00 -2.502716e-02 4.086698e-03
9.999987e-01 3.917009e-04 -1.294164e-03 -9.015061e-04 1.357579e+00 -1.581157e-02 2.777726e-02
9.999985e-01 -2.462920e-04 1.429085e-03 -9.917008e-04 1.366617e+00 -1.925061e-02 -8.040709e-03
9.999975e-01 1.746788e-03 -7.603217e-04 -1.200362e-03 1.373999e+00 -1.308659e-02 6.250469e-03
9.999962e-01 -2.165455e-03 1.069281e-03 -1.350750e-03 1.352046e+00 -1.305444e-02 -2.224753e-02
9.999994e-01 4.605120e-04 -4.598158e-04 -8.299467e-04 1.368919e+00 -1.361118e-02 3.436186e-02
9.999978e-01 1.133341e-03 1.040951e-03 -1.455317e-03 1.381770e+00 -2.295482e-02 -2.383794e-02
9.999991e-01 6.343732e-04 -4.028369e-04 -1.123881e-03 1.373854e+00 -1.541211e-02 2.592137e-02
9.999983e-01 9.299716e-05 1.095868e-03 -1.496379e-03 1.376816e+00 -2.494012e-02 1.532562e-02
9.999896e-01 -3.989246e-03 1.785087e-03 -1.305019e-03 1.367377e+00 -3.243914e-02 -2.797494e-03
9.999966e-01 -1.153058e-03 1.774504e-03 -1.546505e-03 1.396440e+00 -1.726924e-02 2.425028e-02
9.999964e-01 -1.902682e-03 1.631738e-03 -9.777183e-04 1.351077e+00 -2.598215e-02 -6.786003e-03
9.999977e-01 2.005077e-03 9.948406e-05 -7.292345e-04 1.384739e+00 -2.390509e-02 2.000775e-02
9.999996e-01 5.301139e-04 2.224697e-04 -6.725867e-04 1.377322e+00 -1.971633e-02 1.031676e-02
9.999992e-01 6.726449e-04 3.149540e-04 -1.033208e-03 1.370344e+00 -1.914976e-02 -1.626012e-03
9.999993e-01 -8.855959e-07 -5.816335e-04 -1.012579e-03 1.377229e+00 -1.264737e-02 3.950053e-02
9.999979e-01 -1.864911e-03 2.391296e-05 -7.897749e-04 1.358536e+00 -1.739554e-02 -4.073419e-03
9.999992e-01 9.500350e-04 6.172164e-05 -7.701946e-04 1.362221e+00 -2.395266e-02 2.206740e-02
9.999988e-01 8.062161e-04 -9.862885e-04 -9.220032e-04 1.358435e+00 -2.089310e-02 5.185535e-03
9.999984e-01 1.003789e-03 9.482048e-04 -1.098773e-03 1.358007e+00 -3.152456e-03 2.640946e-02
9.999982e-01 -1.371157e-03 -1.044640e-03 -8.617370e-04 1.348884e+00 -3.834446e-02 1.473215e-02
9.999990e-01 -8.783319e-04 7.294730e-04 -8.884215e-04 1.327651e+00 -1.898257e-02 1.727667e-03
9.999965e-01 -2.414757e-03 5.947383e-04 -9.492817e-04 1.339914e+00 3.347074e-03 2.132780e-02
9.999990e-01 -8.890667e-04 -1.404190e-04 -1.047686e-03 1.337265e+00 -1.999054e-02 -2.494460e-03
9.999993e-01 -2.107358e-04 8.949178e-04 -7.721478e-04 1.331490e+00 -3.589321e-02 -6.925885e-04
9.999964e-01 2.392959e-03 -8.404510e-04 -9.391173e-04 1.354074e+00 -1.987680e-02 2.539857e-03
9.999993e-01 2.974297e-05 4.986646e-04 -1.061683e-03 1.346431e+00 -6.185909e-04 2.306868e-02
9.999996e-01 -3.468807e-04 -1.535564e-04 -8.126755e-04 1.358924e+00 -1.312727e-02 1.346509e-02
9.999989e-01 -7.684638e-04 3.364333e-04 -1.190126e-03 1.319039e+00 -5.132545e-02 -1.454854e-02
9.999950e-01 3.123914e-03 -9.280216e-06 -5.947038e-04 1.364412e+00 1.940206e-02 5.094260e-02
9.999982e-01 -1.367611e-03 -1.155801e-03 -7.141855e-04 1.337323e+00 -2.434566e-02 -1.238083e-03
9.999985e-01 -2.037154e-04 1.138419e-03 -1.286418e-03 1.338761e+00 -6.838253e-03 3.527548e-02
9.999961e-01 -2.214700e-03 -1.296339e-03 -1.122703e-03 1.333426e+00 -3.435289e-02 5.937232e-03
9.999988e-01 1.055783e-03 9.162187e-04 -7.337368e-04 1.343681e+00 -9.492292e-03 6.294502e-03
9.999982e-01 -1.624577e-03 -1.430601e-04 -9.610080e-04 1.357262e+00 -2.108322e-02 -1.508255e-02
9.999993e-01 6.429994e-04 7.410423e-04 -6.699555e-04 1.339779e+00 -1.715966e-02 3.134863e-02
9.999963e-01 -2.109053e-03 -1.412277e-03 -9.298770e-04 1.350757e+00 -1.000701e-02 -1.195897e-02
9.999973e-01 2.067683e-03 9.333944e-04 -4.946914e-04 1.363704e+00 -1.504333e-02 1.171621e-02
9.999991e-01 -6.544326e-04 -5.603113e-04 -1.025351e-03 1.340412e+00 -2.831791e-02 -9.317624e-03
9.999967e-01 2.266110e-03 -2.263017e-04 -1.169854e-03 1.364791e+00 -2.101136e-02 2.999960e-02
9.999996e-01 -1.540427e-04 6.635243e-04 -5.832937e-04 1.359637e+00 -1.348396e-02 -5.096860e-03
9.999993e-01 -2.207778e-04 -4.526430e-04 -1.043744e-03 1.349762e+00 -2.529679e-02 2.252682e-02
9.999993e-01 -8.252721e-04 7.149493e-04 -4.902433e-04 1.373508e+00 -3.416632e-03 4.178507e-04
9.999997e-01 -4.323917e-04 -2.211073e-04 -6.491513e-04 1.374912e+00 -1.763611e-02 -2.164196e-05
9.999994e-01 1.967745e-04 7.669023e-04 -7.755075e-04 1.358807e+00 -1.679140e-02 1.362292e-02
9.999987e-01 1.089418e-03 -8.750616e-04 -7.232067e-04 1.372776e+00 -1.471552e-02 2.576583e-02
9.999992e-01 1.135656e-04 1.098595e-03 -6.950879e-04 1.376223e+00 -2.644794e-02 1.132354e-02
9.999992e-01 -1.796274e-04 -8.630743e-04 -8.756118e-04 1.389729e+00 -1.006977e-02 4.209485e-04
9.999994e-01 -2.099004e-04 4.055892e-04 -9.678342e-04 1.379846e+00 -2.952349e-02 2.880262e-02
9.999998e-01 -1.681022e-04 -5.481053e-04 -4.528058e-04 1.405775e+00 -9.787276e-03 1.068063e-02
9.999995e-01 -1.500225e-04 -4.668685e-04 -9.106297e-04 1.378093e+00 -1.230341e-02 -1.124042e-03
9.999989e-01 1.363390e-04 9.637924e-04 -1.084914e-03 1.403795e+00 -3.163302e-02 2.292022e-02
9.999990e-01 -9.806654e-04 7.034816e-04 -6.651344e-04 1.393959e+00 -7.009270e-03 -6.011264e-03
9.999996e-01 -3.909974e-05 3.606768e-04 -8.734202e-04 1.409951e+00 -2.019974e-02 4.305089e-02
9.999995e-01 -7.646462e-04 3.779333e-04 -5.647871e-04 1.420907e+00 -1.412950e-02 -2.254708e-02
9.999987e-01 1.204037e-03 -4.429856e-04 -9.573028e-04 1.408785e+00 -2.918864e-02 2.851699e-02
9.999991e-01 1.481601e-04 8.208937e-04 -1.004943e-03 1.409794e+00 -1.930690e-02 1.209502e-02
9.999984e-01 1.079240e-03 -1.045918e-03 -9.861816e-04 1.432405e+00 -2.110922e-02 2.150384e-02
9.999985e-01 -8.857327e-04 5.088040e-04 -1.442931e-03 1.416032e+00 -9.415566e-03 2.385679e-02
9.999979e-01 -5.924673e-04 -1.472601e-03 -1.267517e-03 1.438341e+00 -1.432728e-02 -1.370249e-03
9.999978e-01 1.170519e-04 1.491135e-03 -1.474577e-03 1.442704e+00 -1.704245e-02 3.408869e-02
9.999990e-01 -7.844750e-04 5.914841e-04 -1.078936e-03 1.430102e+00 -2.713260e-02 -1.120378e-02
9.999970e-01 6.684084e-04 1.337641e-03 -1.964820e-03 1.458054e+00 -2.927850e-02 2.951951e-02
9.999987e-01 -6.520725e-04 -3.584547e-04 -1.400203e-03 1.448150e+00 -7.802709e-03 1.581776e-02
9.999988e-01 3.534461e-04 5.557507e-06 -1.498416e-03 1.461731e+00 -3.560138e-02 9.169133e-03
9.999989e-01 1.270642e-04 -1.486733e-04 -1.476870e-03 1.445548e+00 -1.800389e-02 3.159766e-02
9.999982e-01 5.066046e-04 -1.236315e-03 -1.366392e-03 1.473864e+00 -1.703141e-02 1.162201e-02
9.999986e-01 7.043924e-04 6.491141e-04 -1.384494e-03 1.466619e+00 -1.865908e-02 1.563694e-02
9.999977e-01 -5.595187e-05 -1.332514e-03 -1.696715e-03 1.464943e+00 -2.287786e-02 1.946940e-02
9.999988e-01 4.255892e-04 -1.527271e-04 -1.513158e-03 1.485630e+00 -9.151810e-03 2.039248e-02
9.999979e-01 5.769248e-04 -8.061419e-05 -1.947322e-03 1.482189e+00 -2.686818e-02 1.117846e-02
9.999980e-01 1.297201e-03 3.398657e-04 -1.493042e-03 1.490782e+00 -2.487724e-02 1.891165e-02
9.999985e-01 6.916482e-04 -1.057195e-03 -1.149684e-03 1.513829e+00 -2.507599e-03 1.147454e-02
9.999989e-01 -4.066174e-04 5.530835e-04 -1.287060e-03 1.490610e+00 -2.040592e-02 3.684014e-02
9.999972e-01 -5.476447e-05 -1.966931e-03 -1.336509e-03 1.515376e+00 -1.546939e-02 8.411929e-03
9.999988e-01 3.795549e-04 -1.643054e-04 -1.474836e-03 1.503950e+00 -3.060941e-02 2.179603e-02
9.999973e-01 -6.682316e-04 -1.749624e-03 -1.340467e-03 1.510590e+00 -7.753643e-03 9.319710e-03
9.999988e-01 9.885633e-04 -7.977086e-04 -9.432443e-04 1.529213e+00 -1.731038e-02 5.734851e-03
9.999993e-01 -6.502848e-04 -3.462520e-04 -9.257836e-04 1.512627e+00 -1.951663e-02 1.536591e-02
9.999992e-01 5.548023e-04 -4.024131e-04 -1.062196e-03 1.531920e+00 -1.479366e-02 5.853299e-03
9.999964e-01 -2.033194e-03 8.470264e-04 -1.513175e-03 1.543115e+00 -1.956791e-02 -1.508612e-02
9.999963e-01 1.232837e-03 -2.334729e-03 -7.271372e-04 1.545184e+00 -2.236238e-02 1.228218e-02
9.999996e-01 5.797872e-05 2.369976e-04 -8.272052e-04 1.527969e+00 -3.500946e-03 -5.716317e-03
9.999973e-01 -4.345700e-04 -2.116997e-03 -8.866277e-04 1.560642e+00 -2.164207e-02 -2.108097e-03
9.999993e-01 1.348758e-04 6.933340e-05 -1.117699e-03 1.554681e+00 -1.280308e-02 -2.549082e-02
9.999976e-01 9.895408e-04 -1.368618e-03 -1.425510e-03 1.549703e+00 -2.953051e-02 -1.020051e-02
9.999985e-01 9.603189e-04 1.081993e-03 -9.783196e-04 1.569343e+00 -6.055451e-03 -1.416748e-02
9.999991e-01 1.546432e-04 -1.621446e-04 -1.298418e-03 1.552889e+00 -3.035769e-02 -2.170277e-04
9.999986e-01 5.274787e-04 9.140424e-04 -1.267484e-03 1.582065e+00 -2.098165e-02 -2.106673e-02
9.999989e-01 -9.903318e-05 -2.355613e-04 -1.496484e-03 1.559555e+00 -2.117716e-02 3.485983e-04
9.999977e-01 7.884841e-04 5.176194e-04 -1.941234e-03 1.588860e+00 -2.357957e-02 7.743877e-03
9.999970e-01 -8.212087e-04 1.416274e-03 -1.820044e-03 1.566746e+00 -3.035809e-02 -9.803200e-03
9.999988e-01 3.786474e-06 3.832300e-04 -1.468237e-03 1.593676e+00 -7.435297e-03 9.190228e-03
9.999979e-01 1.062005e-03 9.480365e-04 -1.494683e-03 1.577175e+00 -4.140078e-02 -1.610843e-02
9.999982e-01 1.294379e-03 5.260651e-04 -1.270121e-03 1.594571e+00 -1.197591e-02 4.285839e-02
9.999978e-01 7.494565e-04 -9.469590e-04 -1.740972e-03 1.580682e+00 -1.486556e-02 -1.737718e-02
9.999993e-01 -4.487803e-04 -1.290946e-04 -1.110178e-03 1.604072e+00 -2.424421e-02 2.832162e-02
9.999973e-01 -6.593421e-04 -1.335305e-03 -1.763677e-03 1.576850e+00 -2.223314e-02 -1.567221e-03
9.999974e-01 1.501991e-03 4.878730e-04 -1.681747e-03 1.605203e+00 -1.481259e-02 1.954118e-02
9.999982e-01 -1.476516e-03 -5.899980e-04 -9.708074e-04 1.592458e+00 -1.888896e-02 1.741414e-02
9.999992e-01 9.319652e-04 -4.232250e-04 -7.911882e-04 1.611986e+00 -1.646003e-02 -5.295333e-03
9.999986e-01 2.131955e-04 1.590000e-03 -5.477894e-04 1.603120e+00 -1.421120e-02 1.725157e-02
9.999997e-01 6.846227e-04 -1.816113e-04 1.763126e-04 1.610330e+00 -7.392690e-03 1.551024e-02
9.999983e-01 -1.588674e-03 9.630721e-04 -2.625761e-04 1.593462e+00 -1.572897e-02 6.991353e-03
9.999997e-01 -2.946432e-04 -5.609386e-04 -2.273207e-04 1.616360e+00 -2.823333e-02 1.466775e-02
9.999996e-01 6.734678e-04 5.840045e-04 2.672501e-05 1.621728e+00 -1.318763e-02 8.721484e-06
9.999998e-01 1.814466e-04 6.034166e-04 -2.719036e-04 1.619190e+00 -2.499577e-02 2.310054e-02
9.999996e-01 4.892336e-04 -7.141248e-04 -3.382695e-04 1.603728e+00 -5.936983e-03 1.612615e-02
9.999987e-01 -1.080053e-03 1.147988e-03 -2.231043e-04 1.625804e+00 -1.345033e-02 9.164271e-03
9.999986e-01 2.499531e-04 -1.577960e-03 5.462218e-04 1.629775e+00 -2.141373e-02 3.255869e-02
9.999987e-01 -2.152576e-04 6.507405e-04 1.424509e-03 1.622999e+00 -1.386292e-02 -4.763096e-03
9.999994e-01 5.270508e-04 -7.796811e-04 5.833583e-04 1.612873e+00 -7.760106e-03 2.967597e-02
9.999997e-01 -1.730144e-04 3.990062e-04 6.590500e-04 1.635087e+00 -1.622377e-02 2.986735e-03
9.999989e-01 7.619522e-04 -7.449536e-04 9.905762e-04 1.617760e+00 -9.472078e-03 2.338371e-02
9.999990e-01 2.618269e-04 8.929851e-04 1.037616e-03 1.619354e+00 -1.385266e-02 6.061610e-03
9.999995e-01 1.607853e-04 -7.151648e-04 7.148699e-04 1.630759e+00 -1.712777e-02 1.901630e-02
9.999991e-01 3.433870e-04 6.218546e-04 1.128034e-03 1.608038e+00 -1.212732e-02 9.349991e-03
9.999989e-01 1.088374e-03 -7.977826e-04 6.170972e-04 1.639465e+00 -1.122317e-02 2.181158e-02
9.999997e-01 2.461578e-04 -4.758320e-04 5.231935e-04 1.602712e+00 -2.492015e-02 1.099136e-02
9.999997e-01 -3.889380e-04 -1.829846e-06 5.788025e-04 1.626802e+00 -5.232531e-04 2.853590e-02
9.999999e-01 2.529737e-04 -3.449414e-04 2.756474e-04 1.605506e+00 -2.835267e-02 1.072101e-02
9.999991e-01 -9.309250e-05 9.636369e-04 9.026082e-04 1.634504e+00 -8.660551e-03 1.187923e-02
9.999997e-01 -1.293142e-04 7.283630e-04 2.951645e-04 1.600532e+00 -1.853968e-02 2.859991e-02
9.999999e-01 -3.851731e-04 2.336736e-04 7.490628e-05 1.588525e+00 -2.574750e-02 1.280545e-04
9.999997e-01 5.286738e-04 1.978354e-04 4.973220e-04 1.612111e+00 -1.042350e-02 4.006960e-02
9.999997e-01 -3.842448e-04 6.014967e-04 6.958996e-06 1.598603e+00 -2.288312e-02 8.009140e-03
9.999996e-01 8.339361e-04 -2.549367e-04 -1.852953e-04 1.614354e+00 -1.055065e-02 2.927835e-02
9.999992e-01 2.223455e-04 1.210959e-03 -2.688832e-04 1.596187e+00 -1.495855e-02 1.822028e-02
9.999993e-01 1.034123e-04 -1.078604e-03 -4.896607e-04 1.570213e+00 -2.523556e-02 3.759820e-02
9.999995e-01 -1.275243e-04 8.761509e-04 -3.473922e-04 1.606475e+00 -2.117850e-02 2.012185e-02
9.999995e-01 -3.912834e-04 7.885067e-04 -5.098160e-04 1.608124e+00 -1.215262e-02 3.057529e-02
9.999992e-01 1.229439e-03 -1.181735e-04 -2.207259e-04 1.576273e+00 -2.592484e-02 2.391892e-02
9.999999e-01 6.922512e-05 2.772405e-05 -4.513208e-04 1.593884e+00 -1.953245e-02 3.759737e-02
9.999998e-01 1.000233e-04 -5.613699e-04 -2.566431e-04 1.591111e+00 -6.684226e-03 4.151954e-02
9.999980e-01 -1.280302e-03 1.213120e-03 -9.795774e-04 1.577317e+00 -4.062384e-02 2.062729e-02
9.999997e-01 6.373007e-04 2.306981e-06 -3.622822e-04 1.607994e+00 -2.082109e-02 4.559223e-02
9.999981e-01 1.091738e-04 1.818681e-03 -6.621026e-04 1.570260e+00 -1.650446e-02 2.600009e-02
9.999997e-01 -6.659378e-05 -1.273612e-05 -8.248811e-04 1.588835e+00 -2.619101e-02 4.568428e-02
9.999992e-01 3.258112e-04 -2.572892e-04 -1.166989e-03 1.578995e+00 -1.649985e-02 2.916905e-02
9.999992e-01 -2.171979e-05 7.049920e-05 -1.255676e-03 1.564616e+00 -3.273249e-02 4.665364e-02
9.999983e-01 9.329625e-04 1.020291e-03 -1.208096e-03 1.579020e+00 -1.006517e-02 4.763096e-02
9.999962e-01 -1.768563e-03 -1.581760e-03 -1.406318e-03 1.561447e+00 -3.789283e-02 2.945934e-02
9.999985e-01 1.365451e-03 2.699713e-04 -1.035647e-03 1.576605e+00 -1.394078e-02 5.797740e-02
9.999997e-01 9.191968e-06 -4.187294e-05 -7.700151e-04 1.558591e+00 -3.467312e-02 2.074801e-02
9.999994e-01 7.459800e-04 7.813550e-04 2.891257e-04 1.570979e+00 -4.222386e-04 6.310571e-02
9.999987e-01 -1.566868e-03 -3.264949e-04 -1.132105e-04 1.526916e+00 -1.974850e-02 2.328581e-02
9.999999e-01 4.077291e-04 2.854480e-04 -9.145506e-05 1.540122e+00 -2.730766e-02 4.714817e-02
9.999991e-01 1.100446e-03 -5.575913e-04 5.880398e-04 1.542725e+00 -1.274418e-02 3.458485e-02
9.999976e-01 1.178390e-03 1.750049e-03 4.903305e-04 1.532092e+00 -8.386848e-03 6.005500e-02
9.999991e-01 -1.326473e-03 1.812434e-04 2.778407e-04 1.527115e+00 -2.765442e-02 3.795529e-02
9.999995e-01 4.951372e-04 -6.521901e-04 6.333620e-04 1.538505e+00 -1.155466e-02 5.059904e-02
9.999999e-01 5.008968e-05 -2.114828e-04 3.096732e-04 1.514223e+00 3.199010e-04 5.205849e-02
9.999995e-01 -8.740602e-05 -6.470325e-04 7.207340e-04 1.529443e+00 -1.530149e-02 5.519286e-02
9.999997e-01 -5.314404e-04 -4.314319e-04 2.385703e-04 1.520446e+00 -1.487269e-02 3.312598e-02
9.999999e-01 3.337130e-04 1.216773e-04 3.580757e-04 1.527177e+00 -1.739713e-02 4.575003e-02
9.999995e-01 2.508605e-05 -9.226207e-04 3.090450e-04 1.518331e+00 -2.058740e-02 3.128569e-02
9.999991e-01 1.365771e-03 -3.199835e-05 4.005573e-05 1.495900e+00 -1.572933e-02 4.009284e-02
9.999992e-01 -8.692253e-04 -9.297860e-04 -9.929972e-05 1.491116e+00 -2.330656e-02 4.084853e-02
9.999997e-01 6.606360e-04 -1.855809e-04 -3.824142e-04 1.497400e+00 -1.245234e-02 3.783101e-02
9.999999e-01 -3.909824e-04 -5.063940e-05 -2.569022e-04 1.494229e+00 -2.059739e-02 2.779334e-02
9.999993e-01 5.223626e-05 -1.122790e-03 -3.835719e-04 1.476798e+00 -1.519956e-03 5.639692e-02
9.999992e-01 -8.633297e-04 -5.857608e-04 -6.726456e-04 1.495500e+00 -2.153623e-02 2.064685e-02
9.999998e-01 -4.139536e-04 -4.930993e-04 2.150454e-04 1.474079e+00 -1.220804e-02 3.701379e-02
9.999997e-01 5.219739e-04 -1.862130e-04 -5.039548e-04 1.471897e+00 -2.261556e-02 9.436949e-03
9.999991e-01 1.296806e-03 3.610242e-04 3.387321e-04 1.506269e+00 -1.561461e-02 3.560364e-02
9.999998e-01 -2.317478e-04 5.159692e-04 -3.356439e-04 1.442461e+00 -2.064556e-02 2.265611e-02
9.999995e-01 6.804676e-05 -9.578843e-04 -2.286302e-04 1.458970e+00 -6.050159e-03 3.428420e-02
9.999999e-01 -7.139729e-05 -3.961044e-04 1.926973e-04 1.455371e+00 -2.383327e-02 1.640505e-03
9.999949e-01 4.714646e-04 -3.147917e-03 2.376039e-04 1.433404e+00 1.261835e-03 7.006141e-02
9.999992e-01 -1.014147e-03 -6.881928e-04 1.276931e-04 1.434879e+00 -1.535249e-02 -3.292983e-03
9.999965e-01 1.705387e-03 -1.785166e-03 9.464417e-04 1.446432e+00 -7.386141e-03 5.182144e-03
9.999979e-01 -4.285820e-04 1.501869e-03 1.333076e-03 1.432510e+00 -2.217911e-02 4.247164e-03
9.999987e-01 4.506575e-04 -1.153117e-03 1.040999e-03 1.394720e+00 9.507594e-03 2.391545e-02
9.999999e-01 2.221459e-05 4.290324e-04 3.873251e-04 1.435350e+00 -2.962078e-02 6.151564e-03
9.999997e-01 -3.809143e-04 -5.317858e-04 3.544824e-04 1.397925e+00 -1.189421e-02 1.374068e-02
9.999996e-01 -1.708287e-04 -8.956334e-04 1.787864e-04 1.411439e+00 -4.418361e-03 -6.516511e-03
9.999985e-01 7.235083e-04 -1.521728e-03 4.975460e-04 1.406918e+00 -2.061879e-02 1.281146e-02
9.999997e-01 5.915936e-05 2.824394e-04 6.996481e-04 1.381998e+00 -1.650367e-02 -8.194704e-03
9.999989e-01 1.054890e-04 -1.060269e-03 1.033149e-03 1.416503e+00 -1.651854e-03 2.171372e-02
9.999998e-01 -5.382972e-04 3.032768e-04 2.138225e-04 1.390787e+00 -1.686130e-02 -1.603349e-02
9.999993e-01 3.326755e-04 -9.383221e-04 6.358196e-04 1.397017e+00 -1.144403e-02 2.601912e-03
9.999996e-01 -6.366703e-04 -1.262068e-05 6.792647e-04 1.401281e+00 -1.766394e-02 -6.665986e-03
9.999989e-01 4.257027e-04 -1.149336e-03 7.678172e-04 1.387126e+00 1.233967e-03 -1.141736e-02
9.999994e-01 8.120267e-04 1.983472e-04 7.585357e-04 1.408576e+00 -7.498460e-03 9.111682e-04
9.999993e-01 1.099642e-04 -8.298653e-04 7.368597e-04 1.386909e+00 -1.947421e-02 -1.592224e-02
9.999987e-01 -1.087278e-04 -1.204373e-03 1.103445e-03 1.392983e+00 -5.496454e-03 -8.611162e-03
9.999991e-01 -5.155478e-04 -8.605860e-04 8.397462e-04 1.373388e+00 -4.231285e-03 -7.763309e-03
9.999993e-01 -3.378846e-04 -9.476562e-04 7.330729e-04 1.397336e+00 -1.187873e-02 -2.077521e-02
9.999990e-01 3.792332e-04 -1.168585e-03 6.324944e-04 1.396054e+00 -1.012946e-02 -1.890113e-02
9.999995e-01 5.731164e-04 -1.548584e-04 7.369411e-04 1.387806e+00 -1.170440e-02 -2.132251e-02
9.999989e-01 3.991193e-04 -1.045214e-03 1.015160e-03 1.389047e+00 -3.107130e-03 -3.002402e-02
9.999994e-01 3.800597e-04 4.019051e-04 8.989464e-04 1.387003e+00 -7.684507e-03 -1.325628e-02
9.999995e-01 -1.954653e-04 4.716699e-04 8.789680e-04 1.382652e+00 -7.883451e-03 -3.263848e-02
9.999994e-01 4.584486e-04 -2.180719e-04 1.029155e-03 1.400399e+00 -2.290241e-02 -1.843424e-02
9.999996e-01 1.087415e-04 -3.173229e-04 7.600027e-04 1.378692e+00 -9.935652e-03 -2.953085e-02
9.999985e-01 -1.262771e-03 -8.006135e-04 8.525642e-04 1.387745e+00 -1.411384e-02 -3.359966e-02
9.999958e-01 -4.173017e-04 -2.625884e-03 1.132743e-03 1.387281e+00 -5.302975e-03 -1.612006e-02
9.999996e-01 4.351097e-04 -1.173623e-04 7.452440e-04 1.377044e+00 6.891866e-03 -5.658593e-02
9.999981e-01 1.487430e-03 -4.075889e-04 1.175400e-03 1.408622e+00 -1.396026e-02 -7.046368e-03
9.999966e-01 -1.517439e-03 -1.220468e-03 1.700596e-03 1.394868e+00 -5.316164e-03 -4.859693e-02
9.999992e-01 -9.346893e-04 9.633365e-05 9.148948e-04 1.423530e+00 -1.142825e-02 -2.387734e-02
9.999972e-01 1.195206e-03 -1.723519e-03 1.117421e-03 1.430128e+00 4.760526e-03 -6.482877e-02
9.999969e-01 1.640161e-03 1.165659e-03 1.498063e-03 1.413613e+00 -2.836225e-02 -1.928891e-02
9.999969e-01 -1.277312e-03 -5.030515e-04 2.088686e-03 1.432662e+00 1.752368e-02 -4.763241e-02
9.999975e-01 -5.271796e-04 6.591047e-04 2.066391e-03 1.443096e+00 -2.095818e-02 -4.828103e-02
9.999925e-01 -4.787352e-04 -2.871630e-03 2.530530e-03 1.430457e+00 5.302797e-03 -5.415474e-02
9.999941e-01 1.992051e-03 1.682127e-03 2.232135e-03 1.442697e+00 -1.225359e-02 -4.138997e-02
9.999937e-01 -1.332331e-03 -1.898356e-03 2.682972e-03 1.450739e+00 6.717959e-03 -5.675671e-02
9.999968e-01 1.309662e-03 -9.879039e-05 2.137804e-03 1.448601e+00 -1.681868e-02 -4.698934e-02
9.999954e-01 -2.619530e-04 -1.537099e-03 2.593580e-03 1.483534e+00 1.413748e-02 -7.070581e-02
9.999965e-01 1.096637e-03 -6.476816e-04 2.311363e-03 1.471535e+00 -1.547138e-02 -4.628947e-02
9.999972e-01 -8.561960e-04 -1.450061e-03 1.706252e-03 1.449332e+00 -2.168314e-03 -7.927087e-02
9.999956e-01 1.620476e-03 -1.474900e-03 1.979375e-03 1.480965e+00 1.176159e-03 -4.911267e-02
9.999976e-01 -5.742397e-04 -8.280035e-04 1.945395e-03 1.483881e+00 -2.411434e-03 -7.187328e-02
9.999978e-01 2.650225e-04 -1.103721e-03 1.731955e-03 1.477362e+00 -8.793530e-03 -4.609956e-02
9.999959e-01 -1.573074e-03 -1.432214e-03 1.950276e-03 1.476314e+00 -5.904185e-03 -1.001329e-01
9.999965e-01 1.680170e-03 -1.417120e-03 1.487007e-03 1.481527e+00 -6.064901e-03 -7.885197e-02
9.999977e-01 -8.983737e-05 2.021451e-04 2.132646e-03 1.484628e+00 -5.195287e-03 -9.137495e-02
9.999964e-01 2.867517e-04 -2.046663e-03 1.697702e-03 1.489804e+00 2.884719e-03 -8.077889e-02
9.999964e-01 2.143115e-04 -2.044274e-03 1.744945e-03 1.483638e+00 1.164853e-03 -1.061567e-01
9.999971e-01 8.578735e-04 -1.415797e-03 1.736875e-03 1.477945e+00 -7.311228e-03 -8.392719e-02
9.999977e-01 6.089506e-06 -6.701434e-04 2.051141e-03 1.488337e+00 -5.656539e-03 -1.072302e-01
9.999973e-01 -3.785694e-04 -1.449732e-03 1.737810e-03 1.477804e+00 -7.789043e-03 -8.663041e-02
9.999979e-01 3.531752e-04 1.178827e-04 2.014392e-03 1.481465e+00 5.118696e-03 -1.210568e-01
9.999973e-01 -3.914610e-04 6.088478e-04 2.214566e-03 1.505782e+00 -3.348441e-03 -1.099035e-01
9.999953e-01 1.060410e-04 5.557000e-04 3.034612e-03 1.495232e+00 -1.248543e-02 -9.820945e-02
9.999907e-01 -1.149733e-03 1.613786e-03 3.832711e-03 1.492372e+00 2.382723e-03 -1.149572e-01
9.999918e-01 -5.184804e-04 2.011025e-04 4.006454e-03 1.491230e+00 5.589629e-04 -1.002928e-01
9.999934e-01 -3.111392e-04 1.015367e-03 3.465828e-03 1.473935e+00 1.339912e-03 -1.089170e-01
9.999915e-01 1.646824e-03 -1.231656e-03 3.584633e-03 1.495733e+00 -9.039424e-03 -1.051571e-01
9.999944e-01 9.339597e-04 1.108805e-03 3.026309e-03 1.489736e+00 -8.738414e-03 -1.182566e-01
9.999955e-01 6.343163e-04 -8.230207e-04 2.823021e-03 1.467164e+00 -7.723614e-03 -7.609131e-02
9.999974e-01 -9.589591e-04 -8.531970e-06 2.087734e-03 1.489447e+00 1.076004e-03 -1.101545e-01
9.999978e-01 -8.979877e-04 -8.765720e-04 1.682420e-03 1.472079e+00 -1.339700e-02 -7.996802e-02
9.999974e-01 -1.128446e-03 1.233825e-04 1.990260e-03 1.481012e+00 -7.073992e-04 -1.181002e-01
9.999988e-01 4.267054e-04 -9.560453e-05 1.508764e-03 1.479789e+00 -1.787334e-02 -1.030738e-01
9.999982e-01 6.130391e-04 -2.805047e-04 1.782717e-03 1.481828e+00 -9.148132e-06 -1.155422e-01
9.999971e-01 1.389857e-03 1.750004e-04 1.983705e-03 1.499400e+00 -7.948831e-03 -9.959549e-02
9.999976e-01 -4.933133e-04 -5.245255e-04 2.083174e-03 1.486665e+00 3.740077e-03 -9.841629e-02
9.999980e-01 -6.145711e-04 1.658957e-04 1.890330e-03 1.496655e+00 -1.894979e-02 -1.018976e-01
9.999962e-01 -1.376763e-03 -6.839750e-05 2.398015e-03 1.485942e+00 6.080077e-03 -9.867187e-02
9.999980e-01 -3.170716e-04 2.167243e-04 1.985154e-03 1.506066e+00 -3.057004e-03 -1.172655e-01
9.999952e-01 -5.087342e-04 6.500958e-05 3.062757e-03 1.508601e+00 -6.698300e-03 -1.167311e-01
9.999958e-01 2.671191e-04 9.501698e-05 2.876977e-03 1.496086e+00 8.659119e-03 -1.081015e-01
9.999952e-01 4.930105e-04 -5.490746e-04 3.000477e-03 1.514626e+00 4.395265e-04 -1.198793e-01
9.999960e-01 1.118594e-03 -8.863508e-04 2.420365e-03 1.506579e+00 -1.207878e-02 -8.683878e-02
9.999961e-01 -7.661342e-04 3.734944e-04 2.671983e-03 1.539556e+00 3.026192e-03 -1.468431e-01
9.999952e-01 7.216957e-04 -9.501194e-04 2.873414e-03 1.518959e+00 -2.984296e-03 -7.804274e-02
9.999875e-01 -1.712763e-03 3.199465e-03 3.435920e-03 1.526314e+00 8.817954e-04 -1.483507e-01
9.999946e-01 -1.332062e-03 -8.449720e-04 2.895671e-03 1.524967e+00 -1.155710e-02 -9.478942e-02
9.999957e-01 -5.507695e-04 4.263764e-04 2.835897e-03 1.530637e+00 -1.229151e-02 -1.145043e-01
9.999918e-01 1.449833e-03 -1.231355e-03 3.576434e-03 1.545790e+00 1.121527e-02 -1.323169e-01
9.999951e-01 1.177832e-03 8.449751e-04 2.783599e-03 1.549078e+00 -1.442070e-02 -1.194270e-01
9.999953e-01 -2.355898e-04 -3.804142e-05 3.035083e-03 1.530420e+00 -6.684649e-03 -1.236707e-01
9.999948e-01 7.981224e-05 -6.609987e-06 3.226608e-03 1.536113e+00 -1.892878e-02 -1.013865e-01
9.999934e-01 -9.635316e-04 -3.082971e-05 3.507852e-03 1.551445e+00 7.465774e-03 -1.210539e-01
9.999948e-01 1.572276e-04 -9.835094e-04 3.073188e-03 1.538197e+00 -5.692391e-03 -1.063942e-01
9.999960e-01 4.258095e-05 -4.930815e-04 2.763886e-03 1.544046e+00 -5.134651e-03 -1.125100e-01
9.999975e-01 2.686115e-04 1.195079e-04 2.239243e-03 1.542458e+00 -1.687665e-02 -1.336774e-01
9.999957e-01 -2.326957e-04 -4.901570e-04 2.900504e-03 1.569739e+00 -2.811907e-03 -9.392822e-02
9.999954e-01 -9.119943e-05 4.617152e-04 2.989609e-03 1.565293e+00 -5.893520e-03 -1.467739e-01
9.999954e-01 -5.423756e-04 -3.489092e-04 2.954322e-03 1.556994e+00 4.010924e-04 -9.854208e-02
9.999964e-01 4.561533e-04 4.708292e-04 2.618147e-03 1.550818e+00 -9.670597e-03 -1.243160e-01
9.999952e-01 -8.069962e-05 -5.025813e-04 3.053304e-03 1.577611e+00 -1.373371e-02 -1.345952e-01
9.999939e-01 5.179136e-04 1.323363e-03 3.170904e-03 1.604909e+00 5.730689e-04 -1.007220e-01
9.999957e-01 3.797842e-04 -6.120858e-04 2.853097e-03 1.580640e+00 -1.151581e-02 -1.385476e-01
9.999932e-01 -7.903283e-04 1.797041e-03 3.134116e-03 1.603201e+00 1.901225e-03 -1.100530e-01
9.999947e-01 -1.674045e-04 -1.524016e-03 2.866408e-03 1.590201e+00 -1.816173e-02 -1.345093e-01
9.999953e-01 -1.852867e-04 7.923302e-04 2.986863e-03 1.611060e+00 1.330299e-04 -1.126780e-01
9.999941e-01 6.298307e-04 -1.271295e-03 3.138434e-03 1.608920e+00 -3.611395e-04 -1.058714e-01
9.999945e-01 1.083012e-03 4.357547e-04 3.104654e-03 1.625575e+00 -1.368369e-02 -1.405039e-01
9.999946e-01 -5.431511e-04 8.370073e-04 3.127622e-03 1.618106e+00 -1.099870e-02 -1.002322e-01
9.999938e-01 3.642743e-05 -1.172201e-03 3.332473e-03 1.638713e+00 -1.032073e-03 -1.229373e-01
9.999943e-01 -7.771867e-04 1.300459e-03 2.998887e-03 1.625668e+00 -2.947594e-03 -1.419371e-01
9.999948e-01 2.527044e-04 -1.159405e-03 3.017344e-03 1.661202e+00 -9.238468e-03 -1.115613e-01
9.999950e-01 4.393956e-04 1.010721e-03 2.975651e-03 1.640872e+00 -8.395813e-03 -1.201629e-01
9.999939e-01 -2.004848e-04 -1.903141e-03 2.929699e-03 1.655678e+00 -5.987817e-03 -1.276825e-01
9.999939e-01 1.519329e-03 1.488295e-03 2.776353e-03 1.665465e+00 -9.283309e-03 -1.149219e-01
9.999946e-01 -6.890311e-04 -7.955131e-05 3.214215e-03 1.671302e+00 -1.233068e-03 -1.257827e-01
9.999943e-01 8.640909e-04 1.064319e-03 3.070284e-03 1.672311e+00 -1.924142e-03 -1.230475e-01
9.999957e-01 -6.961903e-04 2.381220e-04 2.828878e-03 1.687513e+00 -9.286479e-03 -1.309863e-01
9.999943e-01 7.250087e-04 1.715325e-03 2.807143e-03 1.657278e+00 -6.412836e-03 -9.668199e-02
9.999951e-01 -7.063216e-04 -3.036598e-04 3.030718e-03 1.675441e+00 -1.106945e-02 -1.277203e-01
9.999958e-01 1.010289e-03 5.305517e-04 2.649437e-03 1.671511e+00 -1.089601e-02 -1.003547e-01
9.999961e-01 2.183998e-04 -4.190223e-04 2.750219e-03 1.692182e+00 -1.153476e-02 -9.442885e-02
9.999974e-01 2.992207e-04 -3.978117e-05 2.238469e-03 1.706440e+00 -1.624050e-02 -1.070133e-01
9.999965e-01 -9.571384e-05 1.758143e-04 2.649127e-03 1.692694e+00 2.491854e-04 -1.172317e-01
9.999960e-01 -2.430667e-04 8.412183e-04 2.679877e-03 1.738784e+00 -6.956560e-03 -1.191522e-01
9.999976e-01 9.555405e-05 -1.382793e-05 2.172476e-03 1.714177e+00 -1.366555e-02 -9.999102e-02
9.999966e-01 1.242486e-04 5.439649e-04 2.539127e-03 1.759322e+00 -2.351190e-04 -1.097174e-01
9.999966e-01 -5.438188e-04 1.010226e-03 2.356390e-03 1.766645e+00 -6.647174e-03 -1.249647e-01
9.999980e-01 7.434887e-04 1.771961e-04 1.855106e-03 1.731689e+00 -1.918987e-02 -9.593826e-02
9.999973e-01 4.229347e-04 8.408810e-04 2.121272e-03 1.759745e+00 -8.235970e-03 -8.867329e-02
9.999983e-01 2.305108e-04 1.079425e-04 1.818130e-03 1.754450e+00 -1.372077e-02 -9.047180e-02
9.999974e-01 7.159943e-04 1.789633e-04 2.180880e-03 1.787243e+00 -4.006297e-03 -1.014836e-01
9.999978e-01 -4.852653e-04 1.087106e-03 1.691959e-03 1.765384e+00 -8.305240e-03 -1.016494e-01
9.999981e-01 6.797779e-04 3.417933e-04 1.794939e-03 1.784414e+00 -1.510081e-02 -7.943669e-02
9.999979e-01 3.465069e-05 1.074012e-03 1.764162e-03 1.773842e+00 -2.160310e-02 -1.074615e-01
9.999988e-01 5.763059e-05 5.848372e-04 1.411167e-03 1.761106e+00 -2.797549e-03 -8.894188e-02
9.999982e-01 7.799306e-04 1.118901e-03 1.325266e-03 1.821183e+00 -1.829399e-02 -8.067084e-02
9.999980e-01 -7.695529e-04 1.743305e-04 1.847706e-03 1.797375e+00 -1.202736e-02 -9.399437e-02
9.999979e-01 1.641503e-04 1.652823e-03 1.188557e-03 1.778480e+00 -2.371502e-02 -8.273374e-02
9.999990e-01 -1.565286e-04 -8.207151e-04 1.162851e-03 1.807962e+00 -8.933150e-03 -6.775701e-02
9.999974e-01 4.844282e-04 2.079692e-03 7.421272e-04 1.771051e+00 -1.699612e-02 -9.232729e-02
9.999990e-01 1.337050e-04 -7.566453e-04 1.212289e-03 1.834655e+00 -3.906358e-03 -7.512581e-02
9.999990e-01 1.024011e-03 3.948702e-04 9.154400e-04 1.799178e+00 -1.764853e-02 -8.794636e-02
9.999996e-01 3.810765e-06 3.846899e-04 7.791705e-04 1.822116e+00 -1.919058e-02 -5.895011e-02
9.999995e-01 -6.158101e-04 -7.272482e-04 3.470876e-04 1.794034e+00 -1.181264e-02 -9.039674e-02
9.999994e-01 9.291034e-04 -5.999529e-04 1.841357e-04 1.816368e+00 -1.383227e-02 -7.592150e-02
9.999996e-01 -8.145760e-04 -2.093129e-04 8.631574e-05 1.802226e+00 -6.086460e-03 -7.828247e-02
9.999991e-01 -2.367393e-04 -7.593494e-04 -1.080077e-03 1.808465e+00 -1.520234e-02 -8.253430e-02
9.999981e-01 5.667227e-04 1.627534e-03 -9.698463e-04 1.812685e+00 -1.863082e-02 -8.123352e-02
9.999995e-01 -5.791963e-04 1.460775e-04 -7.760900e-04 1.799924e+00 -2.267712e-02 -8.673677e-02
9.999982e-01 9.041565e-04 1.590048e-03 -5.185505e-04 1.814458e+00 -4.492712e-03 -8.172404e-02
9.999995e-01 -1.587104e-04 1.614517e-04 -1.007483e-03 1.786832e+00 -2.708849e-02 -7.154817e-02
9.999977e-01 5.500616e-05 1.871415e-03 -1.060734e-03 1.813794e+00 -2.034200e-02 -5.638550e-02
9.999975e-01 -6.358506e-04 1.884173e-03 -9.702292e-04 1.786658e+00 -2.055378e-02 -8.326945e-02
9.999978e-01 2.107204e-04 1.895522e-03 -9.351201e-04 1.802578e+00 -1.525132e-02 -5.881331e-02
9.999992e-01 -2.821837e-04 1.761646e-04 -1.250336e-03 1.807380e+00 -3.126818e-02 -6.797921e-02
9.999980e-01 1.244683e-03 1.033992e-03 -1.160829e-03 1.793069e+00 -1.926078e-02 -6.122400e-02
9.999990e-01 -2.798046e-04 6.673760e-04 -1.215863e-03 1.807420e+00 -2.838760e-02 -5.705117e-02
9.999980e-01 1.459918e-03 6.566318e-04 -1.170129e-03 1.801360e+00 -1.268746e-02 -5.377712e-02
9.999986e-01 8.262984e-04 1.241211e-03 -6.867813e-04 1.800513e+00 -3.446700e-03 -2.561847e-02
9.999988e-01 -1.272489e-03 3.913160e-04 -7.966276e-04 1.817145e+00 -2.147060e-02 -4.389957e-02
9.999972e-01 -8.972542e-04 1.725658e-03 -1.352307e-03 1.802656e+00 -2.021767e-02 -4.088345e-02
9.999992e-01 -1.090831e-04 -7.707582e-04 -9.884870e-04 1.814400e+00 -2.722488e-02 -3.888420e-02
9.999974e-01 1.382235e-03 1.391769e-03 -1.127445e-03 1.814092e+00 -2.070367e-02 -3.434920e-02
9.999981e-01 -8.300356e-04 1.470774e-03 -1.015059e-03 1.820122e+00 -2.198362e-02 -3.893961e-02
9.999988e-01 4.644044e-04 4.902605e-04 -1.409644e-03 1.838191e+00 -2.251755e-02 -2.332293e-02
9.999973e-01 -1.546128e-03 6.845392e-05 -1.745224e-03 1.815071e+00 -3.181251e-02 -4.591425e-02
9.999965e-01 1.859148e-03 6.595821e-04 -1.786046e-03 1.841111e+00 -8.009842e-03 -2.518214e-02
9.999967e-01 1.231084e-04 -9.132131e-04 -2.415181e-03 1.830821e+00 -2.337484e-02 -4.555831e-02
9.999977e-01 6.161847e-04 1.360296e-04 -2.036566e-03 1.831151e+00 -1.390033e-02 -1.400743e-03
9.999946e-01 -2.164246e-03 6.599468e-04 -2.397410e-03 1.844084e+00 -2.316603e-02 -4.540812e-02
9.999982e-01 -8.838880e-04 -2.750900e-05 -1.655541e-03 9.363350e-01 -6.432064e-02 -1.654454e-02
