1.0 0.0 0.0 0.0 0.0 0.0 0.0
9.999983e-01 1.574916e-03 -9.809185e-04 2.313247e-04 2.796529e-01 1.155124e-01 -5.187251e-02
9.999978e-01 1.834462e-03 -6.263580e-04 -7.562480e-04 7.157686e-01 4.807914e-02 1.007311e-02
9.999997e-01 -1.529275e-04 -4.266548e-04 -5.145518e-04 1.729784e-01 7.411462e-02 -3.010003e-02
9.999997e-01 1.047007e-04 -7.029210e-04 -3.260525e-04 2.272334e-01 8.367585e-02 1.917743e-02
9.999924e-01 -3.276581e-03 6.983947e-05 -2.088040e-03 1.622048e+00 -1.615353e-02 -5.976378e-02
9.999976e-01 2.922728e-04 -1.045368e-03 -1.898066e-03 1.761185e+00 -2.910115e-02 -2.508767e-02
9.999982e-01 -4.066010e-04 -1.234263e-04 -1.862550e-03 1.734227e+00 -6.910232e-04 -5.493680e-02
9.999954e-01 2.344146e-03 -6.876935e-04 -1.777081e-03 1.729231e+00 -2.727091e-02 -2.539573e-02
9.999954e-01 -1.536374e-03 1.803354e-03 -1.899586e-03 1.733607e+00 -1.507503e-02 -5.453722e-02
9.999984e-01 -5.708936e-04 3.550679e-04 -1.664507e-03 1.710595e+00 -2.335412e-02 -3.159742e-02
9.999964e-01 -7.068704e-04 1.762666e-03 -1.879856e-03 1.728382e+00 -1.995839e-02 -5.197897e-02
9.999975e-01 6.400943e-04 -2.277940e-04 -2.133947e-03 1.730353e+00 -1.712669e-02 -4.031667e-02
9.999971e-01 8.951298e-04 9.338537e-04 -2.060881e-03 1.721672e+00 -1.628044e-02 -3.451955e-02
9.999965e-01 -1.287248e-03 -8.600985e-04 -2.132152e-03 1.722110e+00 -1.836933e-02 -4.686793e-02
9.999960e-01 -1.244030e-03 -1.887284e-05 -2.531587e-03 1.718185e+00 -3.010173e-02 -2.762011e-02
9.999962e-01 -6.338104e-04 -1.495159e-04 -2.686120e-03 1.713549e+00 -2.343644e-02 -2.595345e-02
9.999975e-01 2.455360e-04 6.064214e-04 -2.150158e-03 1.732402e+00 -1.878059e-02 -4.124909e-02
9.999978e-01 -5.918967e-04 1.713505e-04 -2.020421e-03 1.729382e+00 -1.058850e-02 -2.883129e-02
9.999953e-01 -6.870606e-04 1.002006e-03 -2.829388e-03 1.728360e+00 -3.625898e-02 -5.853386e-02
9.999950e-01 1.198926e-03 3.840545e-04 -2.908774e-03 1.754398e+00 -2.061028e-02 -2.313137e-02
9.999965e-01 2.824059e-04 7.037042e-04 -2.541291e-03 1.741241e+00 -1.671299e-02 -4.789327e-02
9.999957e-01 1.445482e-04 -5.756991e-04 -2.885732e-03 1.753890e+00 -2.080678e-02 -3.340856e-02
9.999911e-01 -2.607320e-03 -5.702304e-04 -3.259787e-03 1.721717e+00 -2.324751e-02 -5.261602e-02
9.999942e-01 -1.254666e-04 -1.083993e-03 -3.226135e-03 1.719223e+00 -2.031546e-02 -3.643124e-02
9.999965e-01 3.272235e-04 -2.106475e-04 -2.631317e-03 1.750214e+00 -1.579041e-02 -2.441905e-02
9.999960e-01 3.956560e-04 2.610541e-04 -2.807338e-03 1.723093e+00 -3.001570e-02 -4.826217e-02
9.999969e-01 -8.263050e-04 -1.038438e-04 -2.322810e-03 1.734598e+00 -1.157905e-02 -6.182088e-02
9.999970e-01 6.179531e-04 2.554880e-04 -2.372474e-03 1.713180e+00 -1.172912e-02 -3.901367e-02
9.999950e-01 -5.122852e-04 -1.507843e-03 -2.716595e-03 1.742147e+00 -3.348828e-02 -5.557595e-02
9.999973e-01 -3.175827e-04 -1.998062e-04 -2.288795e-03 1.734682e+00 -1.938993e-02 -5.187999e-02
9.999980e-01 -4.302013e-04 -4.142035e-04 -1.919393e-03 1.756001e+00 -8.597040e-03 -5.070355e-02
9.999982e-01 7.004463e-04 -1.331194e-04 -1.770092e-03 1.744327e+00 -2.686610e-02 -5.356638e-02
9.999983e-01 -5.744444e-04 -8.675881e-05 -1.743884e-03 1.737907e+00 -2.241657e-02 -7.198769e-02
9.999974e-01 8.111398e-04 -1.442822e-03 -1.565430e-03 1.738107e+00 -1.596545e-02 -5.837050e-02
9.999974e-01 5.742780e-04 -1.582082e-03 -1.544336e-03 1.739229e+00 -6.885383e-03 -6.687642e-02
9.999985e-01 -1.930904e-04 1.559087e-04 -1.727731e-03 1.754486e+00 -1.672268e-02 -5.798616e-02
9.999973e-01 -1.079902e-03 1.120174e-03 -1.711165e-03 1.755052e+00 -2.332370e-02 -6.197299e-02
9.999975e-01 -7.564277e-04 -1.196266e-03 -1.709554e-03 1.755429e+00 -1.690531e-02 -7.103160e-02
9.999964e-01 1.430313e-03 1.039528e-03 -2.012642e-03 1.756860e+00 -1.634977e-02 -5.942845e-02
9.999967e-01 -1.373964e-03 -7.827404e-04 -1.993692e-03 1.735137e+00 -1.567882e-02 -1.057621e-01
9.999909e-01 3.165957e-03 1.536763e-03 -2.432936e-03 1.737779e+00 -3.202153e-02 -2.281568e-02
9.999902e-01 -3.004878e-03 -2.782661e-03 -1.647068e-03 1.744812e+00 -1.335756e-02 -1.154655e-01
9.999921e-01 2.140437e-03 2.440976e-03 -2.309750e-03 1.713018e+00 -3.200092e-02 -2.571315e-02
9.999973e-01 -1.183787e-03 -1.605061e-03 -1.174919e-03 1.733659e+00 -1.683969e-04 -1.014968e-01
9.999970e-01 4.520209e-04 2.230862e-03 -9.653778e-04 1.742603e+00 -1.617987e-02 -2.142265e-02
9.999995e-01 -8.396685e-04 -2.063056e-04 -5.314627e-04 1.712779e+00 -1.309985e-02 -1.181831e-01
9.999994e-01 7.845473e-04 8.437808e-04 -8.671238e-05 1.736114e+00 -1.654849e-02 -1.015552e-02
9.999984e-01 -1.756310e-03 -6.526450e-05 -2.765712e-04 1.713831e+00 -2.186405e-02 -1.039194e-01
9.999998e-01 5.696866e-04 -9.110805e-06 2.751911e-04 1.747015e+00 -1.446112e-02 -1.563044e-02
9.999977e-01 -1.891053e-03 9.536388e-04 -3.346944e-04 1.703054e+00 -1.659856e-02 -1.072466e-01
9.999964e-01 2.212585e-03 -1.455484e-03 -3.146981e-04 1.747916e+00 -1.498418e-02 -4.253140e-02
9.999985e-01 -4.823848e-04 1.590704e-03 -5.492049e-04 1.739644e+00 -1.310401e-02 -6.724977e-02
9.999993e-01 3.176786e-04 -9.181884e-04 -6.489179e-04 1.733034e+00 -3.123686e-02 -5.525663e-02
9.999977e-01 -2.211988e-04 2.137333e-03 -2.282899e-04 1.736967e+00 -3.066020e-03 -5.776154e-02
9.999982e-01 4.169903e-04 -1.815322e-03 -4.507738e-04 1.744255e+00 -8.309364e-03 -4.949058e-02
9.999991e-01 -5.355107e-04 1.064939e-03 -5.808929e-04 1.732858e+00 -4.418827e-02 -5.860854e-02
9.999994e-01 5.538522e-04 -9.190168e-04 -2.346763e-04 1.742824e+00 -1.137164e-02 -5.038307e-02
9.999994e-01 -4.900154e-04 8.781822e-04 -4.098058e-04 1.764570e+00 -1.735802e-02 -6.879433e-02
9.999993e-01 -4.655638e-05 -1.183309e-03 3.528954e-05 1.735208e+00 -1.128157e-02 -5.209849e-02
9.999997e-01 3.157521e-04 6.210953e-04 -3.206268e-04 1.763695e+00 -1.568053e-02 -6.394088e-02
9.999987e-01 -4.499694e-04 -1.528639e-03 -1.008756e-05 1.762044e+00 -2.403332e-02 -8.044940e-02
9.999991e-01 4.727569e-04 1.114715e-03 -6.235090e-04 1.740205e+00 -5.087280e-03 -5.347708e-02
9.999991e-01 -9.270847e-05 -1.291459e-03 -4.436218e-04 1.761921e+00 -2.446412e-02 -6.844935e-02
9.999982e-01 1.624567e-03 8.788083e-04 -5.320956e-04 1.728829e+00 -1.079784e-02 -6.588511e-02
9.999979e-01 -1.597767e-03 -1.028294e-03 -6.749126e-04 1.755829e+00 -2.851615e-02 -5.933699e-02
9.999995e-01 1.407310e-04 -1.272869e-04 -9.296287e-04 1.732091e+00 -1.506973e-02 -5.247854e-02
9.999957e-01 -2.392168e-03 -1.103367e-03 -1.238470e-03 1.736830e+00 -2.713213e-02 -9.926473e-02
9.999961e-01 2.272717e-03 7.322628e-05 -1.655962e-03 1.722977e+00 -1.226584e-02 -4.680664e-02
9.999991e-01 3.791446e-04 6.002224e-04 -1.083606e-03 1.782688e+00 -4.034916e-02 -9.130331e-02
9.999987e-01 -2.198879e-04 1.507678e-03 -5.018929e-04 1.747064e+00 1.022546e-02 -3.613063e-02
9.999970e-01 -2.404838e-03 4.306730e-04 1.435163e-04 1.771961e+00 -1.470116e-02 -9.415659e-02
9.999998e-01 -5.732196e-04 -8.171692e-05 3.196855e-04 1.751184e+00 -4.808330e-02 -6.943246e-02
9.999982e-01 1.894582e-03 -1.700744e-04 3.128775e-04 1.748821e+00 -2.455937e-02 -8.548040e-02
9.999991e-01 1.227763e-03 4.553014e-04 3.336132e-04 1.756833e+00 5.035288e-03 -5.877424e-02
9.999998e-01 -5.705810e-04 1.051312e-04 -1.544485e-04 1.740122e+00 -3.438369e-02 -6.637924e-02
9.999998e-01 6.246662e-05 -6.857407e-04 -1.551067e-04 1.764406e+00 -2.193839e-02 -5.441324e-02
9.999998e-01 -5.906453e-04 9.689133e-05 -3.365769e-04 1.737725e+00 -2.537228e-02 -7.267938e-02
9.999998e-01 3.600273e-04 -2.927330e-04 -3.100152e-04 1.762785e+00 -1.250937e-02 -5.942908e-02
9.999998e-01 -7.185028e-05 -6.630459e-04 -2.207897e-04 1.732389e+00 -2.483772e-02 -6.935363e-02
9.999999e-01 5.135666e-06 3.811829e-04 -2.194147e-04 1.759824e+00 -1.478740e-02 -6.761304e-02
9.999997e-01 -2.349721e-04 6.976510e-04 -2.633993e-04 1.768038e+00 2.045625e-03 -5.928039e-02
9.999992e-01 -1.192033e-03 -4.332898e-04 -2.548634e-04 1.765323e+00 -2.430440e-02 -7.711851e-02
9.999993e-01 8.333649e-04 -3.475800e-04 -7.203312e-04 1.742243e+00 -3.153101e-02 -6.174839e-02
1.000000e+00 3.914448e-05 -2.703507e-04 -8.711172e-05 1.763333e+00 -2.172274e-02 -9.138952e-02
9.999993e-01 8.153446e-04 6.397913e-04 -6.078244e-04 1.742276e+00 -8.198932e-03 -4.859084e-02
9.999998e-01 3.076151e-04 -2.614532e-04 -4.435299e-04 1.749629e+00 -2.741897e-02 -7.922252e-02
9.999999e-01 1.742346e-04 -2.686827e-04 -3.943442e-04 1.740440e+00 -1.257460e-02 -6.357943e-02
9.999995e-01 -1.002250e-03 2.701081e-05 -9.889930e-05 1.772853e+00 -1.502363e-02 -7.441771e-02
9.999995e-01 3.969294e-05 -3.951406e-05 -9.637372e-04 1.694567e+00 -3.968160e-02 -5.776950e-02
9.999995e-01 -8.395234e-04 4.033405e-04 3.652089e-04 1.762358e+00 -4.070881e-03 -7.618720e-02
9.999998e-01 2.382660e-04 -3.746479e-04 -3.872995e-04 1.752529e+00 -8.075837e-03 -6.619838e-02
9.999993e-01 -8.241304e-04 8.925105e-04 -2.794766e-05 1.755002e+00 -2.952564e-02 -8.991042e-02
9.999997e-01 4.895371e-04 -3.971275e-04 3.680901e-04 1.765683e+00 -9.295393e-03 -6.061436e-02
9.999996e-01 5.294441e-04 3.206163e-04 -5.841240e-04 1.686491e+00 -2.251952e-02 -7.831330e-02
9.999998e-01 -2.079049e-04 -2.626235e-04 -5.116999e-04 1.737749e+00 -2.347375e-02 -6.622135e-02
9.999998e-01 2.949630e-04 3.204467e-04 4.218440e-04 1.737446e+00 -1.435022e-02 -7.665102e-02
9.999998e-01 -3.569704e-04 -1.489029e-04 -4.614006e-04 1.713578e+00 -2.531498e-02 -6.386094e-02
9.999998e-01 6.069980e-04 1.376105e-04 -3.251310e-04 1.694499e+00 -2.973489e-02 -7.220134e-02
9.999999e-01 -3.989171e-04 2.854993e-04 3.433057e-05 1.707320e+00 -9.144761e-03 -6.073348e-02
1.000000e+00 9.529283e-05 8.609892e-05 -7.960558e-05 1.677306e+00 -1.043737e-02 -6.781339e-02
9.999995e-01 -2.721986e-04 9.111607e-04 -3.235570e-04 1.688676e+00 -2.807794e-02 -6.635628e-02
9.999996e-01 -1.309348e-04 -5.087753e-04 -6.647655e-04 1.683060e+00 -3.359819e-03 -6.585871e-02
9.999998e-01 3.941563e-04 5.715198e-05 -4.154274e-04 1.694107e+00 -3.267069e-02 -6.758651e-02
9.999997e-01 -4.840553e-04 -6.102291e-04 2.600875e-04 1.674444e+00 -4.779526e-04 -7.459521e-02
9.999996e-01 3.558462e-04 3.707711e-04 -6.187660e-04 1.646420e+00 -9.103304e-03 -6.293965e-02
9.999993e-01 -3.170195e-06 -1.074343e-03 -4.453940e-04 1.641720e+00 -3.434048e-02 -6.705679e-02
9.999995e-01 6.606449e-04 5.383734e-04 -5.539545e-04 1.635836e+00 -3.032232e-02 -6.527608e-02
9.999996e-01 -2.398400e-04 7.903187e-04 -2.739556e-04 1.636914e+00 -1.094198e-02 -6.590196e-02
9.999997e-01 -5.595266e-04 5.227137e-04 -2.710410e-04 1.615477e+00 -1.264805e-02 -6.377449e-02
9.999990e-01 -1.139407e-03 1.417156e-04 -8.048539e-04 1.597991e+00 -2.434998e-02 -5.923167e-02
9.999999e-01 -1.272929e-04 -2.564032e-04 -3.982118e-04 1.610584e+00 -6.795736e-03 -6.866596e-02
1.000000e+00 -4.355671e-05 -6.501814e-05 -2.853981e-04 1.596722e+00 -1.912620e-02 -7.096567e-02
9.999993e-01 -7.405694e-04 -6.549597e-04 -6.384256e-04 1.547227e+00 -1.381985e-02 -6.361373e-02
9.999994e-01 -8.829229e-04 -4.646287e-04 -4.563705e-04 1.568553e+00 -1.694836e-02 -6.619165e-02
9.999991e-01 -5.059176e-04 -1.006602e-03 -7.207623e-04 1.538011e+00 -1.447861e-02 -7.581235e-02
9.999993e-01 -2.191914e-04 8.413081e-05 -1.175113e-03 1.537758e+00 -2.376460e-03 -8.091923e-02
9.999982e-01 2.511903e-04 -1.229196e-03 -1.393937e-03 1.521460e+00 -2.871868e-02 -8.134530e-02
9.999994e-01 -3.169183e-04 -2.163296e-04 -9.950100e-04 1.537243e+00 4.588554e-03 -8.825242e-02
9.999975e-01 -1.526876e-03 -1.366385e-03 -9.368102e-04 1.531302e+00 -2.543656e-02 -7.546119e-02
9.999990e-01 -3.176290e-04 -4.406122e-04 -1.333431e-03 1.478082e+00 -3.655890e-03 -9.381341e-02
9.999992e-01 -6.147387e-04 2.687668e-04 -1.075062e-03 1.496599e+00 -1.646043e-02 -8.438589e-02
9.999998e-01 4.721289e-04 4.789140e-05 -4.881929e-04 1.491245e+00 3.049564e-03 -1.098046e-01
9.999980e-01 -6.058214e-04 1.646768e-03 -9.925916e-04 1.474076e+00 -3.320702e-02 -8.297369e-02
9.999999e-01 9.589769e-05 -2.955307e-04 -8.856735e-05 1.470282e+00 -1.110175e-02 -9.823500e-02
9.999976e-01 -1.145156e-03 1.792930e-03 -4.738733e-04 1.468893e+00 -1.618692e-02 -7.666763e-02
9.999982e-01 -8.266784e-04 -1.641159e-03 -4.561902e-04 1.460662e+00 -9.142497e-03 -9.251980e-02
9.999998e-01 2.185758e-04 6.310178e-04 -1.825013e-04 1.457320e+00 -6.071406e-03 -8.801676e-02
9.999989e-01 -1.030109e-03 9.454755e-04 -4.288537e-04 1.443364e+00 -2.057699e-02 -8.596654e-02
9.999997e-01 -4.743290e-04 5.168768e-04 -2.547788e-04 1.442089e+00 -8.917852e-03 -8.672660e-02
9.999991e-01 -1.158471e-03 5.956511e-04 -4.064254e-04 1.445378e+00 -2.604696e-02 -8.835110e-02
9.999995e-01 4.382171e-04 7.995052e-04 -2.665750e-04 1.444629e+00 -1.110612e-02 -8.080900e-02
9.999995e-01 -6.184524e-04 -8.183718e-04 -2.042941e-04 1.441771e+00 -3.226338e-03 -9.785893e-02
9.999994e-01 2.850930e-04 9.329739e-04 -4.986263e-04 1.436654e+00 -2.982823e-02 -8.235656e-02
9.999979e-01 -6.763312e-04 -1.925785e-03 -1.292494e-05 1.442091e+00 1.242944e-02 -8.344219e-02
9.999998e-01 -6.121612e-04 -2.914301e-05 -1.645062e-04 1.429397e+00 -1.982567e-02 -8.240100e-02
9.999976e-01 -6.836907e-04 -2.045323e-03 1.747084e-04 1.432773e+00 -4.917397e-03 -1.122356e-01
9.999987e-01 6.598050e-04 1.475083e-03 -3.169217e-05 1.431446e+00 -1.676681e-02 -7.391997e-02
9.999990e-01 -9.325791e-04 -8.912143e-04 5.576709e-04 1.457087e+00 -1.009220e-02 -1.092354e-01
9.999979e-01 -1.238787e-03 1.284466e-03 1.033327e-03 1.450362e+00 -4.028594e-03 -9.172889e-02
9.999971e-01 -4.290727e-04 -2.274771e-03 6.585344e-04 1.421977e+00 -1.092700e-02 -1.238293e-01
9.999972e-01 1.920683e-03 1.260984e-03 5.936452e-04 1.456749e+00 -1.186366e-03 -9.170595e-02
9.999970e-01 2.871224e-05 -2.110708e-03 1.210349e-03 1.442312e+00 -1.524692e-02 -1.123883e-01
9.999961e-01 1.534739e-03 2.310677e-03 2.593646e-04 1.444901e+00 -1.017077e-02 -6.442379e-02
9.999950e-01 -2.233954e-03 -2.223960e-03 -1.340005e-04 1.449993e+00 -1.571876e-02 -1.448443e-01
9.999932e-01 -6.043977e-04 3.490673e-03 1.003871e-03 1.467939e+00 -1.975106e-02 -3.681007e-02
9.999902e-01 -3.769822e-03 -2.306239e-03 2.605248e-04 1.413497e+00 -6.475884e-03 -1.506602e-01
9.999997e-01 -2.824223e-04 -4.029026e-04 4.862284e-04 1.460151e+00 -1.993967e-02 -9.224590e-02
9.999980e-01 -3.695645e-04 -1.926752e-03 5.234273e-04 1.432934e+00 5.029729e-03 -1.274942e-01
9.999995e-01 -7.510439e-04 3.387873e-04 5.341394e-04 1.477769e+00 -1.822787e-03 -1.156694e-01
9.999999e-01 2.178633e-04 -3.498591e-05 4.224654e-04 1.419503e+00 -1.018367e-02 -1.281437e-01
9.999982e-01 1.688968e-03 1.908494e-04 8.625094e-04 1.438418e+00 -1.307708e-02 -9.389220e-02
9.999869e-01 -2.420018e-03 -4.318166e-03 1.276781e-03 1.474192e+00 1.183788e-02 -2.117049e-01
9.999737e-01 -5.355859e-03 4.332509e-03 2.276854e-03 1.494492e+00 -1.929358e-02 -9.748514e-02
9.999923e-01 -1.969693e-03 -2.863746e-03 1.823960e-03 1.416016e+00 8.210267e-03 -1.613517e-01
9.999490e-01 9.730254e-03 1.478096e-03 2.255181e-03 1.507156e+00 -5.765193e-03 -5.786695e-02
9.999923e-01 -7.836799e-04 3.370250e-03 1.829097e-03 1.441898e+00 -2.504302e-02 -2.178006e-01
9.999865e-01 3.971444e-03 -4.009646e-04 3.342558e-03 1.500202e+00 -1.400962e-03 -4.243653e-02
9.999831e-01 -5.659197e-03 2.980259e-04 1.329179e-03 1.429625e+00 -1.474159e-02 -1.774692e-01
9.999916e-01 4.785866e-04 -3.713107e-03 1.690809e-03 1.455537e+00 -3.505590e-04 -5.072288e-02
9.999985e-01 -1.439245e-03 -2.199312e-04 9.280979e-04 1.459541e+00 -5.538623e-03 -1.658104e-01
9.999958e-01 1.647153e-03 -1.894115e-03 1.425550e-03 1.480577e+00 2.907896e-03 -1.174618e-01
9.999993e-01 4.367455e-04 8.040007e-04 7.284939e-04 1.476841e+00 -6.463606e-03 -1.551074e-01
9.999995e-01 -1.695045e-04 -8.585441e-05 9.783560e-04 1.452783e+00 -1.932972e-02 -1.200102e-01
9.999990e-01 -1.215160e-03 2.132570e-04 7.323162e-04 1.483001e+00 -1.118180e-02 -1.389025e-01
9.999975e-01 1.265251e-04 -1.875470e-03 1.183806e-03 1.471898e+00 -3.282334e-03 -1.354772e-01
9.999979e-01 -1.369233e-03 1.528268e-03 8.466053e-06 1.494519e+00 -1.507196e-02 -1.434545e-01
9.999964e-01 2.097616e-03 -1.449299e-03 8.376863e-04 1.441229e+00 -7.166034e-03 -1.305365e-01
9.999977e-01 2.988337e-04 2.092142e-03 -4.141649e-05 1.477665e+00 -1.772986e-02 -1.381014e-01
9.999986e-01 -1.611902e-03 -5.264804e-05 5.408814e-04 1.483441e+00 -1.323378e-02 -1.373877e-01
9.999981e-01 -1.851828e-03 5.466218e-04 2.816757e-04 1.442794e+00 -1.562874e-04 -1.314699e-01
9.999984e-01 -7.314864e-04 -1.667186e-03 -5.805640e-05 1.468163e+00 -1.951191e-03 -1.434743e-01
9.999994e-01 8.389060e-04 5.077504e-04 2.964254e-04 1.457998e+00 -9.605703e-03 -1.381613e-01
9.999988e-01 1.427561e-03 -4.586868e-04 4.513484e-04 1.483328e+00 -1.501722e-02 -1.414769e-01
9.999970e-01 -1.806462e-03 1.671015e-03 1.877353e-05 1.454440e+00 -2.471980e-03 -1.539685e-01
9.999969e-01 -4.403583e-04 -2.440080e-03 3.571996e-04 1.455855e+00 -2.011563e-02 -1.250369e-01
9.999987e-01 -1.030037e-03 1.099822e-03 5.166107e-04 1.460929e+00 1.935234e-03 -1.561919e-01
9.999998e-01 4.086347e-04 -4.693758e-04 2.693795e-05 1.479593e+00 -2.458903e-02 -1.429111e-01
9.999943e-01 -2.564077e-03 2.111333e-03 5.497389e-04 1.445627e+00 -4.899452e-03 -1.684912e-01
9.999998e-01 2.904129e-04 -2.117655e-04 4.958144e-04 1.474542e+00 -7.262941e-03 -1.249618e-01
9.999945e-01 3.242591e-03 6.084958e-04 -4.000989e-04 1.441487e+00 1.272801e-02 -1.385441e-01
9.999959e-01 2.865382e-03 8.688061e-05 -7.674334e-05 1.493960e+00 -2.871695e-02 -1.623860e-01
9.999993e-01 -1.028986e-03 5.204579e-04 1.915855e-04 1.494654e+00 -1.227874e-02 -1.329390e-01
1.000000e+00 5.783238e-05 3.546369e-04 3.312409e-05 1.470642e+00 -1.148645e-02 -1.187474e-01
9.999984e-01 -1.671659e-03 5.549755e-04 8.485844e-05 1.462895e+00 -1.982243e-02 -1.149555e-01
9.999944e-01 -3.330098e-03 -3.196209e-04 -1.863572e-05 1.506533e+00 -8.424994e-03 -1.492035e-01
9.999962e-01 -9.096162e-04 -2.595390e-03 -1.924807e-04 1.477900e+00 3.522795e-03 -1.452226e-01
9.999941e-01 -3.385966e-03 5.017009e-04 -3.535295e-04 1.515861e+00 -1.496614e-03 -1.811300e-01
9.999979e-01 1.444955e-03 -1.359539e-03 5.706567e-04 1.469707e+00 1.377670e-02 -1.259042e-01
9.999995e-01 8.706304e-04 6.598621e-05 -3.239124e-04 1.504518e+00 -1.188617e-02 -1.888202e-01
9.999998e-01 -5.865229e-04 -2.435261e-04 2.909017e-04 1.516973e+00 4.123914e-03 -1.459709e-01
9.999996e-01 1.983032e-04 8.184802e-04 -2.794622e-05 1.496739e+00 -3.555140e-03 -1.590991e-01
9.999986e-01 -2.602722e-04 -1.479428e-03 -6.975062e-04 1.478325e+00 -2.437411e-02 -1.799762e-01
9.999972e-01 1.364951e-04 2.371615e-03 -5.604328e-05 1.506620e+00 1.594934e-03 -1.428441e-01
9.999985e-01 -1.142881e-03 -1.183513e-03 -5.627949e-04 1.537463e+00 -9.555555e-03 -1.807964e-01
9.999994e-01 -3.708269e-04 9.389221e-04 -2.754457e-04 1.497795e+00 -6.356557e-03 -1.485119e-01
9.999977e-01 -1.995591e-03 7.820425e-04 -1.662344e-05 1.519693e+00 4.529005e-03 -1.748486e-01
9.999972e-01 1.870825e-03 -1.442744e-03 -2.014795e-04 1.510123e+00 -1.750944e-02 -1.568321e-01
9.999974e-01 -1.639814e-06 2.223753e-03 -4.611875e-04 1.549554e+00 -2.863864e-03 -1.802773e-01
9.999992e-01 -5.204259e-04 -1.114589e-03 -6.414221e-05 1.529815e+00 -1.603071e-02 -1.518978e-01
9.999990e-01 -1.128524e-03 6.943328e-04 5.038110e-04 1.529864e+00 3.349725e-03 -1.839227e-01
9.999996e-01 8.848044e-05 -7.201594e-04 -5.115362e-04 1.549167e+00 -6.978464e-03 -1.652365e-01
9.999984e-01 -9.625787e-04 1.474998e-03 -1.132965e-04 1.528632e+00 -1.759721e-02 -1.712199e-01
9.999989e-01 2.099378e-04 -1.417563e-03 4.040300e-04 1.560934e+00 5.977120e-05 -1.718631e-01
9.999993e-01 -8.152367e-04 6.300588e-04 4.983735e-04 1.538973e+00 -6.837036e-03 -1.879016e-01
9.999995e-01 -5.141146e-05 -7.176336e-04 -6.388762e-04 1.551957e+00 4.846352e-03 -1.617530e-01
9.999991e-01 -8.482909e-04 7.571366e-04 7.705650e-04 1.525868e+00 6.168303e-03 -1.762265e-01
9.999973e-01 1.376644e-04 -2.242556e-03 5.774546e-04 1.557876e+00 1.554209e-02 -1.909624e-01
9.999983e-01 -2.153135e-04 1.789203e-03 -2.384017e-04 1.568099e+00 -1.523193e-02 -1.756900e-01
9.999969e-01 -4.923144e-04 -2.414142e-03 3.316662e-04 1.559689e+00 5.588641e-03 -1.857882e-01
9.999997e-01 4.770587e-04 3.408882e-04 6.021265e-04 1.528983e+00 1.335938e-02 -1.789912e-01
9.999994e-01 -3.868370e-04 -1.019103e-03 5.311040e-05 1.558264e+00 1.050136e-03 -1.987925e-01
1.000000e+00 6.540553e-05 -2.247985e-04 -1.378229e-04 1.545844e+00 6.298962e-03 -1.819856e-01
9.999998e-01 -4.540780e-04 2.615964e-04 -8.005984e-05 1.564866e+00 -1.293048e-02 -1.930162e-01
9.999996e-01 -6.230017e-04 5.278286e-04 2.094859e-04 1.547884e+00 -1.410294e-02 -1.760852e-01
9.999997e-01 -3.451249e-04 -6.331922e-04 3.726137e-04 1.537727e+00 1.196162e-02 -2.211142e-01
9.999988e-01 -7.680744e-04 1.297812e-03 3.904403e-04 1.561544e+00 -6.931346e-03 -1.842097e-01
9.999996e-01 -2.924832e-04 -8.134607e-04 4.082512e-04 1.552726e+00 -5.930287e-04 -2.125899e-01
9.999981e-01 -4.518447e-04 1.871476e-03 3.579534e-04 1.566242e+00 5.120454e-03 -1.648327e-01
9.999985e-01 -7.105924e-04 -1.545920e-03 2.252663e-04 1.537906e+00 4.669320e-03 -2.175498e-01
9.999987e-01 -8.540895e-04 1.341507e-03 3.083526e-04 1.575149e+00 4.333151e-03 -2.168508e-01
9.999994e-01 1.825598e-04 -9.956708e-04 8.751012e-05 1.532583e+00 8.997648e-03 -1.577945e-01
9.999992e-01 -5.813401e-04 1.153213e-03 2.963645e-06 1.577442e+00 -1.997792e-02 -2.247668e-01
9.999983e-01 -1.613371e-03 -8.694951e-04 -2.887880e-04 1.584951e+00 1.208304e-02 -1.990716e-01
9.999997e-01 1.583272e-04 2.908857e-04 6.809692e-04 1.609657e+00 5.859426e-03 -2.118503e-01
9.999994e-01 6.903489e-04 -3.357727e-04 7.138223e-04 1.593696e+00 1.291057e-02 -2.081462e-01
9.999995e-01 9.914479e-04 9.753286e-05 -1.878796e-04 1.584238e+00 9.268185e-04 -2.252671e-01
9.999996e-01 2.037933e-04 -4.594664e-04 7.899814e-04 1.577779e+00 3.639466e-03 -1.680846e-01
9.999988e-01 -1.319510e-03 8.317543e-04 -1.255320e-04 1.577917e+00 -1.919382e-02 -2.081477e-01
9.999980e-01 -1.792668e-03 -8.065145e-04 3.343235e-04 1.618354e+00 7.193745e-03 -2.024481e-01
9.999999e-01 1.378657e-04 1.133044e-04 2.132477e-04 1.570075e+00 1.039865e-02 -2.509333e-01
9.999961e-01 9.940877e-04 2.296080e-03 -1.239653e-03 1.556671e+00 -1.256839e-02 -1.647829e-01
9.999941e-01 -3.060154e-03 -1.542325e-03 1.412892e-04 1.602799e+00 -2.869050e-03 -2.293879e-01
9.999998e-01 -2.682792e-05 -4.169786e-04 6.026112e-04 1.590963e+00 3.948796e-02 -2.246711e-01
9.999942e-01 1.464274e-03 -3.045594e-03 -3.411229e-04 1.606294e+00 4.002122e-03 -2.312681e-01
9.999937e-01 3.437589e-03 -9.221042e-04 -8.949816e-05 1.561397e+00 2.237546e-02 -2.342100e-01
9.999879e-01 2.994743e-03 3.881251e-03 -5.077006e-04 1.617086e+00 -1.732939e-02 -2.027349e-01
9.999979e-01 -7.959293e-04 1.087643e-05 -1.896156e-03 1.469858e+00 -4.900560e-02 -1.640280e-01
9.999873e-01 -4.946475e-03 3.599112e-04 -9.197532e-04 1.585955e+00 -1.189897e-02 -2.078485e-01
9.999920e-01 -2.484016e-03 -2.959487e-03 1.020641e-03 1.571467e+00 2.314976e-02 -2.680533e-01
9.999925e-01 1.834338e-03 3.312138e-03 -7.349418e-04 1.561935e+00 -1.726477e-03 -2.369857e-01
9.999960e-01 1.441719e-03 2.423868e-03 1.824861e-04 1.581163e+00 -1.933068e-03 -1.943593e-01
1.000000e+00 1.798880e-04 -1.164696e-04 -5.578037e-05 1.541818e+00 -7.692494e-03 -2.002783e-01
9.999964e-01 -2.306561e-03 1.138322e-03 7.103856e-04 1.546516e+00 8.179308e-03 -2.035835e-01
9.999958e-01 -1.678186e-04 -2.580062e-03 -1.266712e-03 1.542047e+00 8.193343e-04 -2.216082e-01
9.999988e-01 -2.968571e-04 1.437781e-03 -4.792626e-04 1.539108e+00 -4.259312e-03 -1.868622e-01
9.999935e-01 -2.742128e-04 -3.601553e-03 3.504965e-04 1.556403e+00 2.435015e-02 -2.255101e-01
9.999955e-01 4.123340e-05 2.801784e-03 -1.066658e-03 1.541410e+00 -2.953014e-02 -2.089293e-01
9.999974e-01 -6.559941e-04 -2.089848e-03 5.129319e-04 1.546132e+00 2.219792e-02 -2.196529e-01
9.999962e-01 1.836457e-03 1.643606e-03 1.203346e-03 1.569067e+00 1.901715e-02 -2.314227e-01
9.999999e-01 -4.005352e-04 1.669688e-04 5.403641e-05 1.566274e+00 9.671521e-04 -2.019466e-01
9.999997e-01 -4.299505e-04 6.093501e-04 3.666403e-04 1.553145e+00 2.022604e-02 -1.995908e-01
9.999992e-01 -1.316966e-04 -1.245906e-03 -1.296848e-04 1.540101e+00 -1.635031e-03 -2.135400e-01
9.999997e-01 -6.274095e-05 7.850703e-04 1.483685e-05 1.542047e+00 2.882180e-03 -1.989824e-01
9.999960e-01 1.205054e-03 -2.481810e-03 6.728177e-04 1.506312e+00 1.384813e-02 -2.351419e-01
9.999990e-01 1.330890e-04 1.341148e-03 3.371499e-04 1.523237e+00 1.846286e-03 -1.868126e-01
9.999949e-01 -2.547677e-03 -1.852727e-03 5.284764e-04 1.543723e+00 2.174755e-03 -2.398089e-01
9.999994e-01 -2.832640e-04 5.219168e-04 9.220137e-04 1.545917e+00 1.893158e-02 -2.136227e-01
9.999999e-01 -2.251012e-04 3.377677e-04 9.150919e-05 1.528746e+00 2.094070e-02 -2.331294e-01
9.999946e-01 3.188287e-03 -2.161310e-04 8.365285e-04 1.498645e+00 8.238616e-04 -1.989381e-01
9.999964e-01 -2.525475e-03 -4.848151e-04 -7.031259e-04 1.517224e+00 -6.628766e-03 -2.249325e-01
9.999984e-01 -1.213565e-03 8.489568e-04 1.023539e-03 1.499773e+00 2.196610e-02 -2.040098e-01
9.999996e-01 6.683344e-04 -2.593579e-04 -5.901415e-04 1.563308e+00 -6.110841e-03 -2.207049e-01
9.999969e-01 2.392772e-03 1.166184e-04 6.422820e-04 1.500408e+00 1.127209e-02 -2.026644e-01
9.999983e-01 -1.705395e-03 6.768026e-04 3.217555e-04 1.498288e+00 5.829227e-03 -2.654745e-01
9.999990e-01 5.867361e-04 -1.232642e-03 -2.872208e-04 1.528435e+00 4.043078e-03 -1.659752e-01
9.999988e-01 -1.129464e-03 8.463908e-04 -6.159286e-04 1.403764e+00 1.708187e-03 -2.242552e-01
9.999990e-01 1.409640e-03 -8.878312e-05 -6.653938e-05 1.553440e+00 -6.040356e-03 -1.779038e-01
9.999816e-01 2.224050e-03 -1.721001e-03 5.372071e-03 1.558703e+00 6.071929e-02 -2.297586e-01
9.999962e-01 -2.244573e-03 1.490505e-03 -7.029452e-04 1.440269e+00 -2.846178e-04 -2.265531e-01
9.999991e-01 1.544371e-04 -1.270977e-03 -3.890683e-04 1.530866e+00 1.663753e-03 -1.999883e-01
9.999970e-01 2.027726e-03 1.079084e-04 1.398729e-03 1.556560e+00 3.442338e-03 -1.890636e-01
9.999976e-01 -6.403047e-04 9.266452e-04 -1.910644e-03 1.367704e+00 -4.949665e-04 -2.108593e-01
9.999992e-01 -1.027094e-03 6.409958e-04 -3.162167e-04 1.486786e+00 -8.628470e-03 -2.171921e-01
9.999988e-01 -1.395292e-03 -4.763844e-04 -4.222828e-04 1.442543e+00 1.798862e-03 -1.980855e-01
9.999990e-01 1.073129e-03 4.758610e-04 -8.317335e-04 1.466979e+00 -2.231531e-03 -1.938412e-01
9.999999e-01 2.382358e-04 -4.468392e-05 4.817505e-04 1.427892e+00 8.049361e-03 -2.082362e-01
9.999993e-01 1.542429e-04 -6.244766e-04 -9.193127e-04 1.467264e+00 4.106531e-03 -2.006006e-01
9.999995e-01 6.237412e-04 -3.339091e-04 6.163439e-04 1.442838e+00 9.249325e-03 -1.943399e-01
9.999977e-01 -1.967158e-03 -6.715212e-04 -5.277481e-04 1.412868e+00 -1.702603e-03 -2.427559e-01
9.999987e-01 1.292398e-03 9.675093e-04 1.574211e-04 1.477362e+00 7.703573e-03 -1.387288e-01
9.999989e-01 -3.399181e-04 9.575113e-04 1.054352e-03 1.419084e+00 1.567053e-02 -2.418289e-01
9.999954e-01 2.687087e-03 -1.411001e-03 1.023718e-04 1.447204e+00 -4.713425e-03 -1.524588e-01
9.999970e-01 -2.345118e-03 5.538348e-04 4.147943e-04 1.375855e+00 1.564560e-02 -2.425615e-01
9.999999e-01 -2.816530e-05 -1.162107e-04 3.455854e-04 1.413640e+00 -6.668763e-04 -1.477933e-01
9.999992e-01 -1.027947e-03 -5.267159e-04 6.025943e-04 1.390933e+00 1.990809e-02 -2.405912e-01
9.999964e-01 2.072616e-03 1.653417e-03 -4.150494e-04 1.438199e+00 -8.927687e-03 -1.329953e-01
9.999969e-01 -6.822377e-04 -2.250764e-03 7.717289e-04 1.364780e+00 1.604170e-02 -2.656197e-01
9.999958e-01 1.886776e-03 2.156061e-03 3.440137e-04 1.412586e+00 -1.146495e-03 -1.337414e-01
9.999958e-01 -1.815557e-03 -2.131573e-03 -7.362987e-04 1.345560e+00 -2.004310e-03 -2.506185e-01
9.999960e-01 2.618354e-03 9.603143e-04 5.204165e-04 1.379641e+00 -3.066172e-04 -1.434525e-01
9.999975e-01 -2.172503e-03 -5.839627e-04 1.236001e-04 1.315180e+00 1.782153e-02 -2.119638e-01
9.999978e-01 2.011484e-03 4.602525e-04 -3.641876e-05 1.350729e+00 -1.202969e-02 -1.512786e-01
9.999991e-01 -1.331326e-03 1.498435e-04 -2.085002e-04 1.316462e+00 1.840134e-03 -2.052882e-01
9.999983e-01 1.817031e-03 1.513648e-04 -2.585314e-05 1.303563e+00 6.245831e-03 -1.454965e-01
9.999992e-01 -1.094307e-03 6.402274e-04 -6.601256e-05 1.278561e+00 1.336856e-03 -2.241931e-01
9.999972e-01 1.278955e-03 -1.934484e-03 -5.213706e-04 1.297055e+00 1.122799e-03 -1.361681e-01
9.999951e-01 -2.870659e-03 1.196320e-03 2.477625e-04 1.237326e+00 1.230831e-02 -2.110211e-01
9.999950e-01 1.558941e-03 -2.268337e-03 -1.550484e-03 1.274394e+00 -1.258753e-02 -1.386475e-01
9.999917e-01 -1.232688e-03 3.632323e-03 1.329526e-03 1.237190e+00 1.571013e-02 -2.012506e-01
9.999908e-01 2.309173e-03 -3.375095e-03 -1.302395e-03 1.212887e+00 -7.634238e-03 -1.574511e-01
9.999838e-01 -2.315177e-03 4.888385e-03 1.748107e-03 1.196990e+00 2.989158e-02 -1.823182e-01
9.999940e-01 1.016151e-03 -3.055705e-03 -1.292644e-03 1.210298e+00 -2.307719e-02 -1.627947e-01
9.999982e-01 1.147969e-03 1.478704e-03 4.038256e-04 1.151765e+00 1.356034e-02 -1.418447e-01
9.999988e-01 -1.201025e-03 -9.503165e-04 -9.262758e-06 1.161261e+00 -6.137889e-03 -1.747183e-01
9.999996e-01 2.467699e-04 8.372125e-04 1.784511e-04 1.130805e+00 8.971682e-03 -1.602583e-01
9.999986e-01 3.954914e-07 -1.669432e-03 -7.338003e-05 1.137086e+00 -4.882950e-03 -1.355033e-01
9.999977e-01 -6.868649e-04 1.709661e-03 1.092203e-03 1.110373e+00 1.570178e-02 -1.665138e-01
9.999992e-01 1.012334e-03 -7.236946e-04 -2.021517e-04 1.118330e+00 -2.888069e-04 -1.396152e-01
9.999963e-01 -4.701668e-04 2.015824e-03 1.796288e-03 1.079223e+00 1.412085e-02 -1.602938e-01
9.999943e-01 1.131656e-03 -2.947524e-03 1.204883e-03 1.049318e+00 2.061932e-03 -1.433177e-01
9.999952e-01 -1.042759e-03 2.062754e-03 2.055658e-03 1.037203e+00 -3.984641e-04 -1.364656e-01
9.999934e-01 -2.064681e-03 -2.743420e-03 1.194440e-03 1.061589e+00 9.624476e-03 -1.705024e-01
9.999940e-01 2.191582e-03 1.933936e-03 1.838826e-03 1.028997e+00 -3.173109e-03 -9.837792e-02
9.999928e-01 -2.779368e-03 -1.849006e-03 1.803006e-03 1.005040e+00 7.128759e-03 -1.713535e-01
9.999952e-01 1.771910e-03 6.047090e-04 2.475359e-03 1.006242e+00 3.467544e-03 -8.629002e-02
9.999966e-01 -1.668323e-03 -1.243911e-03 1.578268e-03 9.427870e-01 6.013808e-03 -2.182415e-01
9.999925e-01 4.917953e-05 2.617292e-03 2.842250e-03 1.012102e+00 1.044303e-02 -5.180368e-02
9.999914e-01 -3.789447e-04 -4.115950e-03 4.821318e-04 9.430316e-01 5.814947e-03 -1.970223e-01
9.999886e-01 1.436335e-03 3.663881e-03 2.708439e-03 9.815645e-01 8.254801e-03 -1.009627e-01
9.999833e-01 -6.143950e-04 -5.589913e-03 1.343121e-03 9.249995e-01 9.877081e-03 -1.395780e-01
9.999766e-01 2.269336e-03 5.447193e-03 3.473483e-03 9.350089e-01 2.608041e-02 -1.112240e-01
9.999952e-01 2.082424e-04 -2.878267e-03 1.125471e-03 9.577573e-01 7.379639e-03 -1.293429e-01
9.999946e-01 1.320091e-03 2.150703e-03 2.125101e-03 9.561137e-01 6.620212e-03 -1.384497e-01
9.999983e-01 5.937911e-04 -1.034752e-03 1.410985e-03 8.995450e-01 7.868653e-03 -1.130128e-01
9.999939e-01 1.274914e-03 2.177060e-03 2.410037e-03 9.426179e-01 1.369894e-02 -9.035186e-02
9.999854e-01 -3.520308e-03 -3.720491e-03 1.736157e-03 9.108833e-01 -1.105684e-02 -1.535385e-01
9.999947e-01 -1.039685e-03 2.606312e-03 1.651393e-03 9.738577e-01 -1.430279e-02 -8.367036e-02
9.999910e-01 -1.193803e-03 -3.788853e-03 1.484432e-03 8.961547e-01 2.203306e-02 -1.759351e-01
9.999869e-01 3.573071e-03 3.018065e-03 2.096492e-03 9.412833e-01 -7.075773e-04 -7.300462e-02
9.999962e-01 -6.730864e-04 -2.432644e-03 1.096503e-03 9.020984e-01 1.199176e-02 -1.547477e-01
9.999894e-01 -2.908153e-03 3.461646e-03 9.246088e-04 9.125491e-01 -3.528304e-03 -1.307461e-01
9.999949e-01 -1.956994e-03 -2.241671e-03 1.108928e-03 9.281684e-01 -3.446053e-03 -9.338761e-02
9.999967e-01 -1.811816e-03 1.729690e-03 5.829356e-04 9.067244e-01 9.790088e-03 -1.471105e-01
9.999945e-01 2.356451e-03 -2.260194e-03 5.360060e-04 9.453862e-01 9.860214e-03 -1.187149e-01
9.999987e-01 4.116500e-05 1.317735e-03 9.576824e-04 9.110822e-01 8.474272e-03 -1.546146e-01
9.999995e-01 6.229801e-04 -6.897301e-04 3.122068e-04 9.244646e-01 9.687470e-03 -1.032131e-01
9.999982e-01 -1.797540e-03 6.987897e-04 1.615897e-04 9.138219e-01 5.275610e-03 -1.431799e-01
9.999941e-01 3.500633e-04 -3.157299e-03 -1.294935e-03 9.261396e-01 -1.304579e-02 -1.065825e-01
9.999995e-01 -3.587133e-04 8.584234e-04 4.087115e-04 9.401962e-01 1.464446e-02 -1.512161e-01
9.999977e-01 1.501790e-03 -1.488835e-03 -2.942955e-04 9.220794e-01 9.158763e-03 -1.187069e-01
9.999997e-01 -6.509434e-04 3.530916e-04 -2.561517e-04 9.248553e-01 -1.026024e-02 -1.452587e-01
9.999994e-01 1.062709e-03 -3.937091e-04 7.875290e-05 9.621005e-01 1.189456e-02 -1.185545e-01
9.999995e-01 -8.934205e-04 3.057075e-04 3.147820e-04 9.458177e-01 8.240667e-03 -1.576948e-01
9.999995e-01 8.742924e-04 2.145575e-05 -3.845797e-04 9.663621e-01 -7.288241e-04 -1.073120e-01
9.999994e-01 -9.857329e-04 -1.158603e-04 3.804872e-04 9.570270e-01 1.959747e-02 -1.525982e-01
9.999992e-01 1.827871e-04 -8.386201e-04 -9.005839e-04 9.750119e-01 1.506775e-02 -1.260340e-01
9.999997e-01 -2.265935e-04 5.436236e-04 -4.437880e-04 9.920572e-01 7.062439e-04 -1.598442e-01
9.999992e-01 1.079713e-03 -5.041668e-04 -3.900614e-04 9.884427e-01 -7.308615e-03 -1.352809e-01
9.999988e-01 1.710989e-04 2.561416e-04 -1.510881e-03 9.950909e-01 2.293415e-03 -1.505465e-01
9.999991e-01 -6.409956e-05 -6.244229e-04 -1.215849e-03 9.993650e-01 2.122884e-03 -1.331763e-01
9.999975e-01 -1.043212e-03 -2.394836e-04 -1.985238e-03 9.828897e-01 2.183789e-03 -1.575948e-01
9.999968e-01 3.526544e-04 1.828077e-04 -2.474576e-03 1.003662e+00 2.452556e-04 -1.239412e-01
9.999975e-01 -3.799587e-04 1.631279e-03 -1.516137e-03 1.028065e+00 -8.965461e-03 -1.567086e-01
9.999996e-01 -1.503124e-04 -2.910325e-04 -7.874031e-04 1.024186e+00 1.285005e-02 -1.491202e-01
9.999998e-01 -1.028176e-04 5.419450e-04 -2.660374e-04 1.016969e+00 2.901762e-03 -1.527156e-01
9.999993e-01 3.818602e-04 -7.154918e-04 -9.220083e-04 1.038634e+00 4.782597e-03 -1.495465e-01
9.999987e-01 7.756304e-04 -6.399726e-04 -1.299073e-03 1.018114e+00 4.068741e-03 -1.465121e-01
9.999989e-01 9.240698e-05 1.510056e-05 -1.461513e-03 1.023375e+00 5.668539e-03 -1.516907e-01
9.999990e-01 -2.219627e-05 1.634296e-04 -1.382887e-03 1.024087e+00 -7.917778e-04 -1.512952e-01
9.999994e-01 -1.400891e-04 -1.289437e-04 -1.064788e-03 1.036331e+00 -4.876397e-03 -1.618276e-01
9.999994e-01 1.251809e-04 4.146034e-04 -1.036529e-03 1.027853e+00 9.033905e-03 -1.455982e-01
9.999991e-01 -1.725244e-04 1.209141e-04 -1.313959e-03 1.022414e+00 1.834430e-03 -1.578161e-01
9.999987e-01 6.186189e-04 -2.660777e-04 -1.487246e-03 1.011219e+00 -3.702335e-03 -1.433986e-01
9.999993e-01 5.510453e-04 6.664250e-04 -7.745792e-04 1.025762e+00 -4.787571e-03 -1.565022e-01
9.999994e-01 -2.024290e-04 3.312476e-04 -1.024515e-03 1.008075e+00 2.283768e-02 -1.440610e-01
9.999979e-01 -6.825356e-04 5.616527e-04 -1.843104e-03 1.006931e+00 -2.914886e-02 -1.520097e-01
9.999990e-01 -6.429912e-04 -6.925071e-04 -1.033415e-03 1.007898e+00 1.272054e-02 -1.467964e-01
9.999991e-01 1.098576e-03 2.639743e-04 -7.557154e-04 9.992064e-01 9.124215e-03 -1.436749e-01
9.999984e-01 1.162944e-03 7.333866e-04 -1.107341e-03 9.844525e-01 -5.672121e-04 -1.445631e-01
9.999987e-01 -3.390828e-04 6.842994e-04 -1.454320e-03 9.970429e-01 -9.405028e-04 -1.558528e-01
9.999989e-01 -1.187038e-03 3.374776e-04 -6.994795e-04 9.734645e-01 1.534988e-03 -1.356220e-01
9.999987e-01 -1.287210e-03 -2.007507e-04 -9.931866e-04 9.769597e-01 4.363671e-03 -1.438647e-01
9.999992e-01 -1.697058e-05 -4.183061e-04 -1.238054e-03 9.813627e-01 -2.041983e-03 -1.430545e-01
9.999995e-01 -1.809405e-04 5.891755e-04 -8.277869e-04 9.703382e-01 -1.256733e-03 -1.474208e-01
9.999993e-01 4.175918e-04 -2.818816e-04 -1.081820e-03 9.690293e-01 5.766728e-03 -1.456119e-01
9.999994e-01 4.992414e-04 4.580758e-04 -9.059811e-04 9.764927e-01 -2.196704e-03 -1.426767e-01
9.999993e-01 -1.024593e-03 2.617641e-04 -5.708578e-04 9.635379e-01 1.129318e-02 -1.403812e-01
9.999992e-01 -5.820025e-04 7.243694e-04 -8.424598e-04 9.764367e-01 -2.765004e-03 -1.406690e-01
9.999997e-01 -5.517608e-04 -3.677072e-04 -2.495256e-04 9.707725e-01 -2.035143e-03 -1.531553e-01
9.999998e-01 4.863369e-04 4.974095e-04 -1.767253e-04 9.769829e-01 6.740937e-03 -1.392219e-01
9.999996e-01 4.355999e-04 -6.848726e-04 -2.214151e-04 9.725257e-01 -5.340002e-03 -1.386096e-01
9.999994e-01 -1.610658e-04 1.071739e-03 1.447929e-05 9.808906e-01 8.341765e-03 -1.424020e-01
9.999994e-01 -8.617529e-04 -5.497544e-04 -2.054364e-04 9.780108e-01 -9.778016e-04 -1.573713e-01
9.999991e-01 -7.887945e-04 -1.075314e-03 6.128441e-05 9.705511e-01 4.862801e-03 -1.397877e-01
9.999998e-01 -1.000754e-04 6.180532e-04 -1.322895e-04 9.718097e-01 8.228593e-03 -1.357994e-01
9.999996e-01 6.963639e-04 -5.606389e-04 1.787113e-04 9.811049e-01 -1.991182e-04 -1.546724e-01
9.999999e-01 4.300589e-05 3.114573e-04 -4.578833e-04 9.773043e-01 -1.153674e-03 -1.470693e-01
9.999999e-01 4.933877e-04 -1.010396e-04 1.127576e-04 9.729490e-01 1.564763e-02 -1.396184e-01
9.999996e-01 5.523870e-04 4.667642e-04 5.038279e-04 9.684065e-01 2.122093e-02 -1.491544e-01
9.999997e-01 -6.506873e-04 -1.646046e-04 -2.465120e-04 9.724804e-01 5.519977e-03 -1.375983e-01
9.999999e-01 3.202347e-04 2.581808e-05 -1.124110e-04 9.828522e-01 3.170434e-03 -1.307911e-01
1.000000e+00 -4.801106e-05 -8.668843e-05 -2.790582e-04 9.806356e-01 4.704926e-03 -1.453816e-01
9.999995e-01 -9.352324e-04 -5.487189e-05 -6.942243e-05 9.811020e-01 4.829068e-03 -1.589128e-01
9.999999e-01 -2.537407e-04 -4.042660e-05 -1.934250e-04 9.911037e-01 -5.021813e-03 -1.544222e-01
1.000000e+00 -1.492304e-04 -1.852084e-04 -2.094760e-04 9.764238e-01 9.281548e-03 -1.491379e-01
9.999997e-01 1.180092e-04 6.259024e-04 -4.177233e-04 9.973583e-01 -1.114353e-02 -1.448062e-01
9.999997e-01 -4.791951e-04 -6.027844e-04 -2.042457e-04 9.882708e-01 -3.840706e-03 -1.556666e-01
9.999996e-01 4.647743e-04 7.439105e-04 7.945136e-06 9.948789e-01 2.114314e-02 -1.390112e-01
9.999996e-01 -4.959343e-04 -7.840513e-04 -8.998230e-05 1.032685e+00 -1.084406e-02 -1.591980e-01
9.999998e-01 3.224675e-04 4.663458e-04 -1.204896e-05 9.935296e-01 2.997244e-02 -1.345841e-01
9.999996e-01 -2.314976e-04 -6.305880e-04 -5.380907e-04 9.768706e-01 4.382275e-03 -1.623291e-01
9.999997e-01 4.128755e-04 6.289942e-04 -2.402087e-04 1.052020e+00 -2.840878e-03 -1.437254e-01
9.999991e-01 -1.302038e-03 -3.461360e-04 1.124273e-04 1.032934e+00 1.896331e-02 -1.749432e-01
9.999990e-01 8.196048e-04 -4.820747e-04 -1.014253e-03 1.030621e+00 -4.393209e-04 -1.285114e-01
9.999990e-01 -9.839374e-04 9.707803e-04 -2.095472e-04 1.065284e+00 1.220069e-02 -1.815492e-01
9.999992e-01 4.548905e-04 -8.626047e-04 -8.563736e-04 1.036296e+00 -1.070471e-02 -1.413278e-01
9.999992e-01 -6.543822e-04 6.790820e-04 -8.018336e-04 1.044606e+00 6.476700e-03 -1.710031e-01
9.999996e-01 6.803570e-04 -6.371663e-04 -8.530621e-05 1.078941e+00 4.871591e-03 -1.496386e-01
9.999995e-01 -4.269146e-04 7.188080e-04 -5.261646e-04 1.076064e+00 1.245940e-02 -1.690748e-01
9.999995e-01 1.548882e-04 -4.148970e-04 -8.484888e-04 1.084392e+00 -2.129954e-03 -1.686939e-01
9.999996e-01 -6.386934e-04 5.068752e-04 -3.903250e-04 1.077588e+00 6.514676e-03 -1.588853e-01
9.999998e-01 5.957110e-04 -1.379118e-04 -3.346874e-04 1.102913e+00 9.636805e-03 -1.657800e-01
9.999998e-01 -4.797361e-04 2.787870e-04 3.468672e-04 1.112244e+00 1.397061e-02 -1.694121e-01
9.999995e-01 1.017905e-03 -7.917223e-06 5.632270e-05 1.135504e+00 7.348955e-03 -1.598020e-01
9.999997e-01 4.833966e-04 3.394146e-04 4.522962e-04 1.115603e+00 7.752314e-03 -1.781752e-01
1.000000e+00 -3.400407e-05 -2.804059e-04 -1.138344e-04 1.118995e+00 1.036973e-02 -1.653698e-01
1.000000e+00 2.127910e-05 1.571501e-05 -1.010269e-04 1.148285e+00 7.680623e-03 -1.677380e-01
1.000000e+00 -1.627944e-04 7.823816e-05 1.501051e-04 1.148850e+00 8.737329e-03 -1.697584e-01
1.000000e+00 4.498860e-05 2.714809e-04 -1.115001e-04 1.079009e+00 -3.037860e-03 -1.712065e-01
9.999988e-01 -1.477812e-03 8.399401e-05 4.692817e-04 1.167963e+00 1.212536e-02 -1.685339e-01
9.999999e-01 2.005162e-04 -3.019353e-04 -1.554490e-04 1.158307e+00 -3.438410e-03 -1.764589e-01
9.999998e-01 -5.801569e-04 -1.260085e-04 2.335507e-04 1.109337e+00 2.249930e-02 -1.692901e-01
9.999996e-01 8.722091e-04 3.094165e-05 2.708164e-04 1.159457e+00 1.550151e-02 -1.765483e-01
9.999999e-01 -3.712254e-04 1.403783e-04 2.628909e-04 1.120087e+00 1.003817e-02 -1.760938e-01
9.999994e-01 1.103491e-03 -3.911435e-05 -1.207190e-04 1.137112e+00 1.872079e-02 -1.660589e-01
9.999999e-01 -1.742636e-04 5.449872e-04 1.738483e-05 1.110343e+00 -4.001833e-03 -1.638295e-01
9.999998e-01 5.207289e-04 -7.425022e-05 4.260080e-05 1.172709e+00 -2.660407e-03 -1.736946e-01
1.000000e+00 -2.472469e-04 1.597900e-04 7.786087e-05 1.130955e+00 1.225963e-02 -1.689950e-01
9.999998e-01 2.494216e-04 6.161033e-04 -1.032326e-04 1.168150e+00 -9.014197e-03 -1.742429e-01
9.999998e-01 -5.805428e-04 -3.226336e-04 -4.808394e-05 1.080084e+00 1.688793e-02 -1.652117e-01
9.999999e-01 7.282132e-05 -1.617811e-04 -4.169697e-04 1.189873e+00 -1.407200e-02 -1.623631e-01
9.999996e-01 7.949449e-04 -3.650019e-04 6.164099e-05 1.171230e+00 1.196163e-02 -1.747114e-01
9.999998e-01 4.894790e-04 4.792396e-04 -2.146928e-04 1.146114e+00 -8.818668e-03 -1.737852e-01
9.999994e-01 -9.717363e-04 1.719068e-04 5.489920e-04 1.145708e+00 2.662235e-03 -1.842508e-01
9.999998e-01 2.489914e-04 2.686726e-04 -5.036794e-04 1.156884e+00 4.757961e-03 -1.584305e-01
1.000000e+00 -2.421408e-04 -5.384289e-05 -7.557840e-06 1.135612e+00 -1.035446e-02 -1.744818e-01
1.000000e+00 -2.766283e-04 -1.293978e-05 8.557530e-05 1.149917e+00 1.455235e-02 -1.680049e-01
9.999999e-01 -8.051296e-05 -1.200809e-04 4.651394e-04 1.141741e+00 2.394429e-02 -1.693547e-01
9.999998e-01 4.950598e-04 -2.699039e-04 -3.245029e-04 1.135299e+00 -9.807782e-03 -1.610213e-01
9.999998e-01 -3.512319e-04 4.305361e-04 3.138493e-05 1.150362e+00 8.633421e-03 -1.740778e-01
9.999997e-01 6.409097e-04 -2.742757e-04 -2.356088e-04 1.127975e+00 7.168297e-03 -1.592055e-01
9.999992e-01 -1.922476e-04 1.171540e-03 4.359453e-04 1.127508e+00 2.054901e-02 -1.706039e-01
9.999997e-01 1.948329e-05 -6.955671e-04 -2.531375e-04 1.126092e+00 6.223344e-03 -1.693280e-01
9.999991e-01 2.864404e-04 1.343830e-03 2.634083e-05 1.135472e+00 -6.379689e-03 -1.470286e-01
9.999995e-01 -9.567501e-04 -2.913625e-04 3.433036e-05 1.128091e+00 8.284729e-03 -1.905664e-01
9.999992e-01 7.179808e-05 1.156158e-03 5.321833e-04 1.129767e+00 2.014263e-02 -1.550344e-01
9.999999e-01 1.565121e-04 -3.852455e-04 -1.907305e-04 1.129664e+00 -1.338871e-02 -1.707848e-01
9.999993e-01 1.171075e-03 -9.395422e-05 -8.889875e-05 1.119991e+00 1.124729e-02 -1.499131e-01
9.999999e-01 -4.578775e-04 -7.545832e-05 1.598231e-04 1.122671e+00 -1.674330e-02 -1.609966e-01
9.999988e-01 -1.536629e-03 -1.707925e-04 1.279130e-04 1.113746e+00 2.102881e-02 -1.733491e-01
9.999992e-01 -1.120576e-04 -9.771690e-04 7.661084e-04 1.077059e+00 1.809639e-02 -1.448149e-01
9.999999e-01 4.769325e-04 -1.629608e-05 -9.253531e-05 1.115397e+00 -9.431649e-03 -1.757641e-01
9.999994e-01 6.432135e-04 -7.661042e-04 4.137155e-04 1.087978e+00 1.506637e-02 -1.456860e-01
9.999988e-01 -1.481069e-03 7.158318e-05 3.932151e-04 1.103001e+00 1.523835e-02 -1.832807e-01
9.999996e-01 1.965223e-04 -5.985313e-04 5.613219e-04 1.101705e+00 1.896552e-02 -1.533918e-01
9.999997e-01 -3.039332e-04 4.286796e-07 7.092514e-04 1.097057e+00 1.996867e-03 -1.621726e-01
9.999995e-01 9.223925e-04 2.640860e-04 3.258998e-04 1.104452e+00 7.499176e-03 -1.637297e-01
9.999994e-01 -2.208086e-04 -3.470666e-04 1.021982e-03 1.087401e+00 7.251160e-03 -1.670499e-01
9.999994e-01 7.150552e-04 5.218368e-04 5.627390e-04 1.104591e+00 1.056506e-02 -1.561153e-01
9.999994e-01 -7.906395e-04 -3.568169e-04 7.527963e-04 1.091701e+00 -1.536448e-03 -1.792430e-01
9.999993e-01 8.142069e-04 4.952578e-04 7.423522e-04 1.111931e+00 -1.955305e-03 -1.497547e-01
9.999997e-01 1.798935e-04 -1.642822e-04 7.195637e-04 1.088546e+00 3.014814e-02 -1.709644e-01
9.999996e-01 -3.732537e-04 1.248491e-04 8.513659e-04 1.083824e+00 -7.594977e-03 -1.446406e-01
9.999993e-01 -9.942984e-04 2.150431e-04 6.404576e-04 1.108888e+00 1.557359e-02 -1.792386e-01
9.999994e-01 -5.190828e-04 -2.052898e-04 9.228180e-04 1.081977e+00 6.610949e-03 -1.451502e-01
9.999988e-01 -1.247572e-03 5.528447e-04 7.599641e-04 1.078856e+00 6.721005e-04 -1.751068e-01
9.999988e-01 6.431952e-04 -1.347216e-03 5.220806e-04 1.091911e+00 1.391800e-02 -1.658761e-01
9.999998e-01 6.438635e-04 4.391324e-06 -2.029528e-05 1.112085e+00 1.131099e-02 -1.588633e-01
9.999982e-01 1.662461e-03 -9.078546e-04 8.576340e-05 1.077543e+00 1.240493e-02 -1.642012e-01
9.999994e-01 -6.959400e-04 -3.591432e-04 -7.789429e-04 1.096912e+00 7.457215e-03 -1.724996e-01
9.999996e-01 5.131599e-04 -6.044120e-04 -2.157790e-04 1.092857e+00 3.385281e-03 -1.438368e-01
9.999996e-01 -2.011448e-04 8.596138e-04 -2.328173e-04 1.100772e+00 1.570620e-02 -1.846687e-01
9.999994e-01 5.378733e-05 -1.126859e-03 5.270065e-05 1.084829e+00 3.947118e-03 -1.553819e-01
9.999992e-01 -6.743933e-04 1.052240e-03 3.374150e-04 1.084533e+00 1.985333e-02 -1.620473e-01
9.999999e-01 -3.592904e-04 -2.256680e-04 2.541691e-05 1.087161e+00 4.827654e-03 -1.660563e-01
9.999998e-01 4.632141e-04 2.201696e-04 1.442440e-04 1.099394e+00 1.273278e-02 -1.653230e-01
9.999993e-01 -1.019718e-03 3.541835e-04 5.409434e-04 1.074270e+00 6.802725e-03 -1.693702e-01
9.999999e-01 -3.361745e-04 8.517997e-05 2.452740e-04 1.107272e+00 1.085418e-02 -1.602888e-01
9.999999e-01 2.061701e-04 2.522270e-04 -2.992385e-04 1.141585e+00 -5.780386e-03 -1.763959e-01
9.999999e-01 9.872055e-05 -2.576348e-04 1.992759e-04 1.103668e+00 1.056057e-02 -1.707904e-01
9.999994e-01 7.015823e-04 5.891683e-04 5.299831e-04 1.110220e+00 1.059974e-02 -1.605158e-01
9.999999e-01 -4.454360e-04 2.496873e-04 2.313931e-04 1.109841e+00 -6.139100e-03 -1.707731e-01
9.999995e-01 2.606793e-04 -6.361537e-05 8.979886e-04 1.106698e+00 3.140976e-02 -1.573128e-01
9.999997e-01 -7.623696e-04 1.060473e-04 -2.181406e-04 1.126263e+00 -1.024973e-02 -1.757942e-01
9.999999e-01 4.326747e-05 -4.295828e-04 -7.699812e-05 1.136836e+00 7.696525e-03 -1.663915e-01
9.999999e-01 2.894379e-05 -1.209715e-04 3.834252e-04 1.119026e+00 1.645382e-02 -1.664503e-01
9.999998e-01 -2.070449e-04 -7.871657e-05 5.584137e-04 1.115491e+00 9.592130e-03 -1.674519e-01
9.999999e-01 -1.879604e-05 -2.794370e-04 2.767348e-04 1.141927e+00 3.095828e-02 -1.683730e-01
9.999991e-01 9.007529e-04 -6.960991e-04 -7.218787e-04 1.109488e+00 -1.604174e-02 -1.693820e-01
9.999990e-01 -1.024460e-03 3.023892e-04 8.894456e-04 1.187752e+00 3.972323e-02 -1.796061e-01
9.999996e-01 -3.596684e-05 -3.656791e-04 7.378094e-04 1.158747e+00 9.338588e-04 -1.707847e-01
9.999985e-01 -1.374987e-03 7.623465e-04 6.105114e-04 1.158999e+00 7.285242e-03 -1.792521e-01
9.999972e-01 1.517754e-03 -1.328959e-03 1.258557e-03 1.195242e+00 1.594546e-02 -1.712281e-01
9.999987e-01 -3.945674e-04 1.326513e-03 8.728970e-04 1.180970e+00 9.839923e-03 -2.003322e-01
9.999983e-01 7.419505e-04 -1.575661e-03 5.568571e-04 1.167189e+00 -1.571681e-02 -1.609690e-01
9.999982e-01 -2.880498e-04 8.983901e-04 1.635938e-03 1.170727e+00 3.026444e-02 -1.875678e-01
9.999989e-01 -1.609313e-04 -5.198185e-04 1.365853e-03 1.225158e+00 1.589540e-03 -1.751050e-01
9.999983e-01 2.787076e-04 1.118228e-03 1.415078e-03 1.181734e+00 2.103514e-02 -1.811731e-01
9.999984e-01 -6.435802e-04 7.024607e-05 1.697330e-03 1.219034e+00 2.808054e-03 -1.763855e-01
9.999983e-01 9.422948e-04 3.170944e-04 1.514332e-03 1.222464e+00 1.367754e-03 -1.853102e-01
9.999991e-01 -5.753740e-04 7.474445e-04 9.750518e-04 1.164808e+00 2.243311e-02 -1.701914e-01
9.999981e-01 1.225800e-03 -1.409840e-03 4.781110e-04 1.263762e+00 -6.301496e-03 -1.823078e-01
1.000000e+00 -1.049469e-04 3.619840e-05 -1.627833e-04 1.228160e+00 1.769869e-02 -1.918715e-01
9.999991e-01 1.244508e-04 -9.408555e-04 -9.809804e-04 1.228692e+00 8.326201e-03 -1.628134e-01
9.999993e-01 4.577505e-05 -6.323038e-04 -9.877575e-04 1.222810e+00 8.847909e-03 -1.846898e-01
9.999993e-01 -2.209503e-04 4.512399e-04 -1.064353e-03 1.245967e+00 1.701426e-02 -1.839864e-01
9.999989e-01 1.384245e-03 1.070257e-04 -5.725561e-04 1.246905e+00 -6.772341e-04 -1.797259e-01
9.999995e-01 5.934230e-05 1.413349e-04 -9.461059e-04 1.225002e+00 5.100090e-03 -1.962110e-01
9.999997e-01 4.441027e-04 -1.132021e-04 -6.749479e-04 1.246259e+00 6.222853e-03 -1.779223e-01
9.999996e-01 4.887907e-04 -1.181221e-04 -7.050871e-04 1.240733e+00 1.164104e-02 -1.873882e-01
9.999997e-01 4.481662e-04 -1.854267e-04 -5.486659e-04 1.234772e+00 2.702767e-03 -1.797908e-01
9.999992e-01 -5.997276e-04 9.272929e-04 -6.912604e-04 1.227585e+00 -2.591637e-03 -1.883515e-01
9.999997e-01 -7.872553e-05 -7.201139e-04 -1.446723e-04 1.243207e+00 1.318044e-02 -1.719452e-01
9.999996e-01 -1.448027e-04 7.830330e-04 -3.239020e-04 1.252587e+00 1.451556e-02 -1.907628e-01
9.999981e-01 3.207747e-04 -1.715767e-03 -9.254041e-04 1.224691e+00 -7.500938e-03 -1.780941e-01
9.999984e-01 3.238527e-04 1.688563e-03 -4.168410e-04 1.237948e+00 7.698937e-03 -1.806442e-01
9.999998e-01 8.260466e-05 -5.997244e-04 -2.928421e-04 1.222817e+00 1.629793e-02 -1.949160e-01
9.999994e-01 -8.417770e-04 7.262636e-04 -4.780572e-06 1.250086e+00 1.700517e-02 -1.703461e-01
9.999993e-01 -3.955687e-04 -1.113842e-03 -1.697500e-04 1.234402e+00 1.320262e-02 -1.914766e-01
9.999993e-01 5.671910e-04 8.546817e-04 -5.775650e-04 1.244158e+00 -7.494806e-05 -1.663490e-01
9.999988e-01 -7.006964e-04 -1.430221e-03 1.859568e-05 1.237462e+00 -4.456844e-03 -2.062505e-01
9.999996e-01 5.182455e-04 6.769109e-04 -1.588128e-04 1.268642e+00 1.940437e-02 -1.768933e-01
9.999998e-01 -3.421825e-04 -4.342145e-04 -2.970578e-04 1.254787e+00 9.965010e-04 -2.024056e-01
9.999996e-01 6.774132e-04 5.008232e-04 1.988155e-04 1.226662e+00 8.872645e-03 -1.653409e-01
9.999992e-01 -7.644459e-04 -8.514361e-04 -4.861327e-04 1.277299e+00 7.726564e-03 -2.079029e-01
9.999976e-01 1.584615e-03 1.288039e-03 8.514370e-04 1.260185e+00 1.661563e-02 -1.691355e-01
9.999990e-01 -7.342234e-04 -9.695423e-04 -6.400429e-04 1.244990e+00 1.166093e-02 -1.976242e-01
9.999995e-01 4.428455e-04 8.500080e-04 -3.479212e-04 1.272743e+00 -1.099601e-03 -1.788045e-01
9.999998e-01 -3.490875e-04 -5.849791e-04 -8.048825e-05 1.237001e+00 5.525313e-03 -1.834320e-01
9.999997e-01 5.242240e-04 4.513307e-04 4.316873e-04 1.306276e+00 1.396465e-02 -1.783997e-01
9.999995e-01 -1.994823e-04 7.898211e-04 5.263387e-04 1.250630e+00 7.241230e-03 -1.831326e-01
9.999998e-01 1.027110e-04 -5.525799e-04 1.087843e-04 1.289464e+00 -6.717897e-03 -1.903673e-01
9.999994e-01 3.148795e-07 5.941315e-04 8.852173e-04 1.287553e+00 1.722076e-02 -1.949254e-01
9.999994e-01 9.034660e-04 -6.191722e-04 2.940958e-04 1.270247e+00 1.687267e-02 -1.703428e-01
9.999995e-01 4.027645e-04 7.187078e-04 5.522382e-04 1.308933e+00 -2.075695e-03 -1.893632e-01
9.999994e-01 1.248295e-04 -5.138648e-04 9.712695e-04 1.247037e+00 2.010232e-02 -1.775461e-01
9.999998e-01 -4.865562e-04 1.072470e-04 3.903132e-04 1.299490e+00 7.303833e-03 -1.942478e-01
9.999999e-01 -2.224657e-04 1.719733e-04 3.979018e-04 1.307343e+00 6.011148e-03 -1.804269e-01
9.999993e-01 6.038661e-04 -8.575630e-04 6.400590e-04 1.277503e+00 6.637567e-04 -1.830303e-01
9.999991e-01 -3.363633e-04 1.168070e-03 5.134193e-04 1.299406e+00 1.507794e-02 -1.802604e-01
9.999980e-01 -5.262232e-05 -1.966876e-03 4.739274e-04 1.316826e+00 4.731596e-03 -2.034596e-01
9.999993e-01 2.213333e-04 9.250683e-04 6.629366e-04 1.293376e+00 6.498671e-03 -1.786140e-01
1.000000e+00 2.646402e-05 2.529167e-05 -1.928839e-05 1.296193e+00 1.167184e-02 -1.904538e-01
9.999982e-01 1.353581e-03 -1.140031e-04 1.352047e-03 1.309060e+00 3.611107e-02 -1.682512e-01
9.999979e-01 -1.607757e-03 1.127910e-03 4.806897e-04 1.329868e+00 2.102781e-02 -2.026137e-01
9.999978e-01 1.163868e-03 -1.761123e-03 -3.425277e-05 1.298882e+00 -1.247659e-02 -1.700958e-01
9.999977e-01 -7.262462e-04 1.812691e-03 8.491703e-04 1.343566e+00 2.059766e-02 -2.031963e-01
9.999985e-01 6.487312e-04 -1.616374e-03 1.108224e-04 1.296282e+00 -1.081152e-03 -1.747009e-01
9.999992e-01 7.880223e-04 9.838613e-04 2.565724e-04 1.346488e+00 3.715678e-03 -1.844166e-01
9.999992e-01 1.136752e-04 -1.217526e-03 4.456240e-04 1.306977e+00 7.937999e-03 -1.718171e-01
9.999998e-01 3.039006e-04 4.785025e-04 3.322319e-04 1.333529e+00 3.168627e-02 -2.074933e-01
9.999996e-01 5.422049e-04 -7.808468e-04 1.564470e-04 1.391841e+00 -2.488653e-02 -1.662191e-01
9.999981e-01 -1.310522e-03 1.401124e-03 4.359966e-04 1.326405e+00 1.284009e-02 -1.979839e-01
9.999972e-01 1.112270e-03 -2.085318e-03 2.203197e-05 1.348479e+00 5.667939e-03 -1.716973e-01
9.999977e-01 -7.056674e-04 1.996398e-03 -1.648930e-04 1.338942e+00 -2.388213e-03 -2.025707e-01
9.999971e-01 3.103190e-04 -2.389746e-03 3.452295e-04 1.333393e+00 1.072207e-02 -1.758922e-01
9.999986e-01 -9.450013e-04 1.397269e-03 1.640523e-05 1.346489e+00 1.810032e-02 -2.081044e-01
9.999992e-01 -4.218763e-05 -1.278722e-03 1.256474e-04 1.356235e+00 -6.631313e-03 -1.761678e-01
9.999986e-01 -9.029188e-04 1.381777e-03 1.783263e-04 1.359222e+00 -8.855257e-03 -2.121728e-01
9.999964e-01 1.685602e-03 -1.971169e-03 6.535492e-04 1.350872e+00 3.323499e-02 -1.823946e-01
9.999974e-01 -2.952699e-04 2.080048e-03 8.573391e-04 1.356928e+00 2.518861e-02 -2.034746e-01
9.999962e-01 6.595324e-04 -2.659416e-03 -4.364734e-04 1.331285e+00 -2.449458e-02 -1.762870e-01
9.999960e-01 4.157231e-04 2.731624e-03 4.646661e-04 1.406981e+00 1.138614e-02 -2.094543e-01
9.999976e-01 1.761921e-04 -2.179927e-03 -1.315275e-04 1.353585e+00 2.179215e-02 -1.642737e-01
9.999961e-01 -2.818631e-04 2.676257e-03 -7.539904e-04 1.386704e+00 -1.449375e-02 -2.169635e-01
9.999976e-01 -2.340811e-04 -2.107676e-03 5.249845e-04 1.302403e+00 -1.062944e-02 -1.827982e-01
9.999985e-01 2.904174e-04 1.650737e-03 5.046560e-04 1.392003e+00 -4.834588e-03 -1.943373e-01
9.999982e-01 -2.868089e-05 -1.820329e-03 4.979061e-04 1.368938e+00 1.955878e-02 -1.918532e-01
9.999984e-01 8.011447e-04 1.476129e-03 6.978484e-04 1.369455e+00 1.347406e-02 -1.807756e-01
9.999989e-01 -2.230634e-04 -1.466728e-03 6.622495e-05 1.363462e+00 -4.313963e-03 -2.086451e-01
9.999976e-01 2.224565e-04 2.009709e-03 8.651646e-04 1.410241e+00 6.916220e-03 -1.883253e-01
9.999983e-01 -6.125720e-04 -1.718145e-03 -3.330746e-04 1.357451e+00 -1.581954e-02 -2.076275e-01
9.999989e-01 2.297917e-04 1.312660e-03 6.037186e-04 1.370625e+00 3.038871e-02 -1.862122e-01
9.999981e-01 6.386736e-04 -1.808451e-03 -3.455636e-04 1.373000e+00 -1.593171e-02 -1.884491e-01
9.999987e-01 8.753018e-04 1.253631e-03 6.201794e-04 1.355772e+00 6.824947e-04 -1.740767e-01
9.999996e-01 -2.338865e-04 -7.092538e-04 4.603830e-04 1.353152e+00 8.729115e-03 -1.825013e-01
9.999995e-01 1.413483e-04 -3.829885e-05 9.217155e-04 1.385233e+00 1.500110e-02 -1.999080e-01
9.999999e-01 -1.265551e-04 -2.527521e-04 5.088011e-04 1.383775e+00 1.648352e-03 -1.927397e-01
9.999999e-01 -3.713498e-04 7.629916e-05 -2.423671e-04 1.372158e+00 -2.046665e-03 -1.849563e-01
9.999998e-01 -5.135742e-04 3.291310e-04 2.118311e-04 1.341191e+00 8.406604e-03 -2.013636e-01
9.999995e-01 4.445857e-04 -4.662331e-04 7.190674e-04 1.393749e+00 1.033563e-02 -1.840544e-01
9.999999e-01 3.159893e-04 4.314578e-04 1.024405e-04 1.371436e+00 -1.313089e-02 -1.994052e-01
9.999998e-01 -2.050194e-04 -5.321227e-04 8.557209e-06 1.390911e+00 1.344202e-03 -1.955509e-01
9.999996e-01 -5.805240e-04 2.497739e-04 6.691877e-04 1.427986e+00 2.983457e-02 -1.959423e-01
1.000000e+00 -1.677756e-04 -2.162862e-04 -9.429983e-05 1.382943e+00 -1.593633e-02 -1.959553e-01
9.999999e-01 4.240303e-04 -3.464543e-05 2.445041e-04 1.372645e+00 2.288311e-02 -1.852440e-01
9.999997e-01 5.977880e-04 -1.451711e-04 3.373525e-04 1.421642e+00 -7.355169e-03 -1.982385e-01
9.999990e-01 1.251930e-04 1.276620e-03 5.487654e-04 1.383165e+00 7.339413e-03 -1.815698e-01
9.999987e-01 4.638790e-04 -1.505689e-03 -1.301766e-04 1.435629e+00 -8.880229e-03 -1.934264e-01
9.999982e-01 -8.391715e-04 1.372888e-03 1.027196e-03 1.398299e+00 1.296647e-02 -1.902047e-01
9.999991e-01 5.271109e-04 -1.130229e-03 4.801435e-04 1.432711e+00 3.058947e-03 -1.978733e-01
9.999988e-01 7.874417e-04 9.821923e-04 9.445837e-04 1.403760e+00 -1.551309e-03 -1.978605e-01
9.999969e-01 -1.911652e-03 1.067711e-03 1.163319e-03 1.476732e+00 1.216059e-02 -2.155017e-01
9.999978e-01 6.461195e-04 -1.963452e-03 -3.629071e-04 1.437982e+00 -2.876187e-04 -1.820090e-01
9.999997e-01 9.662813e-05 7.728106e-04 -2.243718e-04 1.445174e+00 2.589240e-03 -1.978549e-01
9.999986e-01 4.224594e-04 -1.589030e-03 3.876641e-04 1.455251e+00 -1.108439e-03 -2.070023e-01
9.999999e-01 3.154270e-05 -1.086203e-04 2.004579e-04 -9.046856e-02 8.010706e-03 1.683019e-02
