1.0 0.0 0.0 0.0 0.0 0.0 0.0
9.999997e-01 -1.878128e-04 -9.295042e-05 -6.823692e-04 1.630961e+00 -7.024542e-02 -3.978233e-02
9.999971e-01 -2.335351e-03 5.464682e-04 -1.340486e-04 1.396998e+00 -2.145977e-02 -3.435532e-02
9.999990e-01 -9.629160e-04 -1.064281e-03 1.794296e-04 1.410772e+00 -1.077501e-02 -3.940494e-02
9.999996e-01 -3.853586e-04 7.979043e-04 -1.311139e-04 1.401054e+00 -2.596645e-02 -4.397927e-02
9.999996e-01 3.842312e-04 -8.628280e-04 1.334661e-04 1.418762e+00 -1.855586e-02 -2.722066e-02
9.999992e-01 -5.326713e-04 1.071489e-03 -1.858994e-04 1.384135e+00 -6.902415e-03 -5.322234e-02
9.999998e-01 1.358386e-04 -5.563266e-04 3.890923e-04 1.396441e+00 -2.904018e-02 -2.542761e-02
9.999995e-01 4.264121e-04 7.340852e-04 5.342698e-04 1.376791e+00 7.432239e-03 -4.173864e-02
9.999991e-01 6.100912e-04 -9.948708e-04 6.135331e-04 1.415234e+00 -7.510481e-03 -3.014060e-02
9.999998e-01 3.155082e-04 5.105156e-04 2.972065e-04 1.377001e+00 -1.401054e-02 -4.922642e-02
9.999997e-01 -4.284117e-04 -2.328611e-04 5.389091e-04 1.422754e+00 -1.245553e-02 -3.062201e-02
9.999998e-01 9.811115e-06 -4.381159e-04 3.994501e-04 1.397888e+00 -9.135922e-03 -3.645864e-02
9.999995e-01 -7.060848e-04 6.295354e-04 2.909423e-04 1.386590e+00 -6.288800e-03 -4.051125e-02
9.999999e-01 -5.104224e-05 9.855349e-06 4.459784e-04 1.355849e+00 -1.953231e-02 -2.748638e-02
9.999996e-01 -5.704525e-04 6.476911e-04 2.900241e-04 1.389989e+00 -1.648249e-03 -6.281126e-02
9.999982e-01 1.403406e-03 -1.238711e-03 2.646892e-04 1.383230e+00 -2.010048e-02 -1.679714e-02
9.999990e-01 -2.147292e-05 1.364108e-03 3.991752e-04 1.360056e+00 -8.699002e-03 -5.449519e-02
9.999995e-01 5.122411e-04 -6.401868e-04 6.686512e-04 1.398223e+00 -1.848983e-02 -2.324583e-02
9.999983e-01 -1.313836e-03 1.145451e-03 5.409980e-04 1.361429e+00 -1.644921e-02 -4.889312e-02
9.999995e-01 -3.821010e-04 -5.898243e-04 6.823516e-04 1.412536e+00 -1.199028e-02 -2.289153e-02
1.000000e+00 1.522160e-04 1.881702e-04 2.065535e-04 1.422740e+00 -2.496650e-02 -4.558761e-02
9.999994e-01 -2.112773e-04 -3.491446e-04 9.907539e-04 1.389552e+00 3.656941e-03 -3.004439e-02
9.999997e-01 -3.440377e-04 3.684071e-04 6.586515e-04 1.385963e+00 -2.010112e-02 -4.093577e-02
9.999989e-01 -8.209726e-04 -8.454894e-04 8.993991e-04 1.388600e+00 -1.837201e-02 -3.024281e-02
9.999996e-01 -4.040463e-04 4.994818e-04 6.103713e-04 1.401881e+00 -1.147104e-02 -4.810084e-02
9.999996e-01 7.854400e-04 -1.043818e-04 3.765480e-04 1.392998e+00 -1.634554e-02 -3.251181e-02
9.999995e-01 -2.939209e-05 8.815253e-04 3.611533e-04 1.403466e+00 -6.837231e-03 -5.136179e-02
9.999995e-01 -6.082781e-04 4.090885e-05 8.105114e-04 1.380302e+00 -8.690833e-03 -3.205946e-02
9.999998e-01 3.155202e-04 2.774490e-04 4.107175e-04 1.365861e+00 -1.428273e-02 -3.785915e-02
9.999998e-01 -5.938183e-05 1.258520e-04 5.716309e-04 1.392757e+00 -2.376657e-03 -3.028335e-02
9.999997e-01 1.509406e-04 -4.710353e-05 8.334009e-04 1.402038e+00 -1.473276e-03 -2.662283e-02
9.999990e-01 -1.151808e-03 6.403023e-04 4.994601e-04 1.390386e+00 -1.888110e-02 -5.442044e-02
9.999990e-01 -4.278755e-04 -1.250824e-03 3.538365e-04 1.390851e+00 -9.632189e-03 -2.681720e-02
9.999998e-01 3.833707e-04 5.010861e-04 4.999670e-05 1.440645e+00 -1.514352e-02 -4.615923e-02
1.000000e+00 -2.210529e-04 -1.627778e-04 1.069948e-05 1.393694e+00 -2.629994e-02 -3.271988e-02
9.999999e-01 -1.533712e-04 5.305271e-04 1.499023e-04 1.381528e+00 7.262090e-03 -4.475811e-02
9.999998e-01 2.898390e-04 4.035347e-04 -2.676051e-04 1.401751e+00 -2.077969e-02 -3.925494e-02
9.999997e-01 3.981689e-04 2.203445e-04 5.881993e-04 1.404557e+00 -1.870565e-02 -4.401792e-02
9.999994e-01 -4.198035e-04 -5.341338e-04 -8.887197e-04 1.366780e+00 -1.963906e-02 -3.009475e-02
9.999995e-01 5.968601e-04 8.769551e-04 2.988428e-05 1.420435e+00 8.961243e-03 -4.343825e-02
9.999997e-01 8.527998e-05 -7.110487e-04 2.310327e-05 1.375735e+00 -1.958959e-02 -3.893448e-02
9.999997e-01 5.997940e-04 4.966148e-04 1.759443e-04 1.367790e+00 8.366669e-03 -2.036744e-02
9.999994e-01 -8.829583e-04 3.534784e-04 4.606264e-04 1.383411e+00 -9.996742e-03 -5.280532e-02
9.999992e-01 7.889665e-04 -5.313200e-05 1.021658e-03 1.355260e+00 -1.592980e-02 -1.956687e-03
9.999996e-01 -2.044022e-04 -3.289129e-04 7.694414e-04 1.408975e+00 1.653828e-02 -5.844691e-02
9.999996e-01 1.589371e-04 3.197165e-04 7.435117e-04 1.339293e+00 -1.637023e-02 -2.182269e-02
9.999996e-01 -6.300955e-04 -6.486274e-04 -1.351428e-04 1.243629e+00 -2.554622e-02 -5.831452e-02
9.999983e-01 -2.975738e-04 7.377279e-04 1.682817e-03 1.385379e+00 -2.669193e-02 -2.559707e-02
9.999988e-01 -3.825044e-04 -5.093743e-04 1.377985e-03 1.307578e+00 -8.924926e-03 -3.710029e-02
9.999972e-01 1.697641e-03 -1.794080e-04 1.670432e-03 1.381047e+00 9.006929e-03 -2.674714e-02
9.999993e-01 7.842835e-04 -2.869755e-05 9.295131e-04 1.345101e+00 -2.495830e-02 -3.856356e-02
9.999991e-01 8.754655e-04 -3.238732e-04 9.466338e-04 1.327067e+00 -8.165931e-03 -2.499736e-02
9.999970e-01 -2.156463e-03 7.925315e-04 8.513453e-04 1.322000e+00 1.253427e-02 -5.257156e-02
9.999989e-01 6.782332e-05 -1.434554e-03 4.684297e-04 1.318133e+00 -2.300105e-02 -6.989906e-03
9.999969e-01 -1.804931e-03 1.458693e-03 9.709100e-04 1.333688e+00 1.536370e-02 -6.249355e-02
9.999984e-01 8.390628e-04 -1.247090e-03 9.844503e-04 1.306179e+00 -1.126289e-02 -2.191262e-02
9.999989e-01 -1.183733e-03 4.341583e-04 7.334821e-04 1.303548e+00 -1.463151e-02 -4.208412e-02
9.999995e-01 7.737865e-04 -4.986608e-04 5.028047e-04 1.340706e+00 -2.122089e-02 -2.223612e-02
9.999998e-01 -5.988243e-04 -1.695911e-04 3.633000e-04 1.319839e+00 -5.134640e-03 -6.084367e-02
9.999996e-01 -9.056835e-05 -5.600288e-04 6.251267e-04 1.308776e+00 -5.997121e-04 -1.395292e-02
9.999986e-01 -7.950351e-04 1.443780e-03 2.650489e-04 1.329394e+00 -2.732897e-02 -6.427345e-02
9.999965e-01 1.274868e-03 -2.257610e-03 4.801097e-04 1.321529e+00 -5.799562e-03 -1.312487e-02
9.999969e-01 -1.105546e-03 2.133115e-03 7.043460e-04 1.308528e+00 -3.631327e-03 -7.228381e-02
9.999977e-01 1.929601e-04 -2.028335e-03 6.856095e-04 1.339309e+00 -2.244845e-02 -4.799348e-03
9.999972e-01 7.741319e-04 2.200134e-03 4.829950e-04 1.301301e+00 -5.375805e-03 -6.791868e-02
9.999983e-01 -3.387276e-04 -1.490440e-03 9.692574e-04 1.299350e+00 -1.168801e-02 -2.849402e-02
9.999992e-01 7.207340e-04 9.988793e-04 3.202685e-04 1.337835e+00 -1.623855e-02 -4.060436e-02
9.999985e-01 7.766154e-05 -1.517305e-03 8.065022e-04 1.323829e+00 4.583115e-03 -2.989006e-02
9.999995e-01 -1.442218e-06 8.678332e-04 4.448483e-04 1.334767e+00 -1.393048e-02 -4.226296e-02
9.999994e-01 -1.001877e-03 -3.475379e-04 3.330099e-04 1.313121e+00 -1.498673e-02 -4.174894e-02
9.999992e-01 1.053813e-03 -5.872198e-04 3.874726e-04 1.365471e+00 -2.363818e-02 -3.508091e-02
9.999997e-01 -6.749406e-04 -3.919704e-04 2.430217e-04 1.313347e+00 -2.204504e-02 -5.864943e-02
9.999997e-01 5.676925e-04 -4.648054e-04 7.358286e-05 1.328395e+00 2.474178e-03 -2.777845e-02
1.000000e+00 -1.550612e-04 1.126869e-04 -4.545121e-05 1.350397e+00 -2.205874e-02 -5.695604e-02
9.999997e-01 -1.526049e-04 -5.332309e-04 5.015570e-04 1.343153e+00 -1.084269e-02 -3.430719e-02
9.999996e-01 5.845119e-05 8.974212e-04 -2.513165e-04 1.350802e+00 -2.068939e-02 -5.079415e-02
9.999991e-01 -1.036102e-03 -8.447205e-04 6.332545e-05 1.358140e+00 -2.233566e-03 -4.822956e-02
9.999999e-01 -1.176580e-05 4.254752e-04 1.558327e-04 1.311012e+00 -8.803118e-03 -4.360655e-02
9.999985e-01 -7.011449e-04 -1.555301e-03 2.335873e-04 1.304423e+00 8.133738e-03 -4.651800e-02
9.999996e-01 1.558934e-04 8.442810e-04 -4.132252e-04 1.367966e+00 -1.942323e-02 -4.726766e-02
9.999995e-01 -1.284419e-04 -9.631944e-04 -3.988149e-04 1.359797e+00 -1.131241e-02 -5.358419e-02
9.999993e-01 -5.300218e-04 9.347277e-04 -5.188161e-04 1.353041e+00 -1.391548e-02 -5.449652e-02
9.999993e-01 3.307373e-04 -1.099705e-03 -2.666947e-04 1.357452e+00 -1.866837e-02 -5.072056e-02
9.999996e-01 8.894135e-05 8.963695e-04 -1.337041e-04 1.344719e+00 9.776929e-03 -6.192167e-02
9.999996e-01 -3.454621e-05 -8.465575e-04 -2.202238e-04 1.354755e+00 -1.336791e-02 -4.097452e-02
9.999995e-01 7.979855e-04 5.983427e-04 -1.600104e-04 1.382816e+00 -8.053901e-03 -5.213848e-02
9.999996e-01 -8.615601e-04 3.182620e-04 2.955328e-04 1.358499e+00 1.256980e-03 -5.426545e-02
9.999995e-01 6.565196e-04 -5.570239e-04 2.976876e-04 1.385772e+00 -9.128208e-03 -4.792446e-02
9.999998e-01 4.819176e-04 1.281370e-04 -2.971876e-04 1.382976e+00 -1.149737e-02 -5.687711e-02
9.999983e-01 -1.270034e-03 1.310288e-03 3.555478e-04 1.364419e+00 -1.425957e-02 -5.785181e-02
9.999989e-01 -7.052549e-04 -8.433182e-04 1.003005e-03 1.355164e+00 1.369497e-02 -4.698606e-02
9.999993e-01 8.113578e-04 -6.056495e-04 -6.388738e-04 1.417088e+00 -3.748643e-02 -5.983343e-02
9.999989e-01 1.010741e-03 -3.784254e-04 9.699589e-04 1.385927e+00 1.532612e-02 -3.981482e-02
9.999977e-01 -1.071955e-03 1.818048e-03 3.295114e-04 1.398457e+00 -1.453864e-02 -6.503779e-02
9.999964e-01 -1.546454e-03 -1.891439e-03 -1.066146e-03 1.399947e+00 -2.160111e-02 -5.359739e-02
9.999994e-01 -3.315733e-05 1.102087e-03 1.181446e-04 1.424459e+00 -6.173778e-03 -6.035861e-02
9.999982e-01 1.158601e-03 -1.495973e-03 -8.704377e-05 1.381503e+00 -8.439366e-03 -4.233986e-02
9.999969e-01 1.372188e-03 2.041589e-03 -2.779796e-05 1.384958e+00 -1.517777e-02 -5.551153e-02
9.999998e-01 -4.659477e-04 -3.286047e-04 -3.811350e-04 1.427935e+00 -1.086037e-02 -6.974294e-02
9.999994e-01 -4.431551e-04 8.334068e-04 5.252102e-04 1.421413e+00 -2.374835e-02 -4.137795e-02
9.999987e-01 -7.321921e-04 -1.343102e-03 -3.994496e-04 1.410289e+00 -3.492392e-03 -6.112715e-02
9.999990e-01 4.751836e-04 1.328111e-03 1.347344e-04 1.435637e+00 -2.362766e-03 -4.776302e-02
9.999983e-01 -6.769324e-04 -1.529059e-03 -7.480160e-04 1.436347e+00 -1.306582e-02 -6.259449e-02
9.999989e-01 -3.433185e-04 1.410076e-03 3.012376e-04 1.387154e+00 -5.274779e-03 -6.009073e-02
9.999978e-01 -3.420166e-04 -2.099838e-03 -1.583178e-05 1.446109e+00 -8.201428e-03 -5.190545e-02
9.999990e-01 7.053013e-04 1.161296e-03 1.583013e-04 1.444318e+00 -9.062241e-03 -5.695062e-02
9.999988e-01 -3.695983e-04 -1.488413e-03 -3.255782e-04 1.431362e+00 -1.553745e-02 -7.071083e-02
9.999985e-01 1.072649e-03 1.339911e-03 -1.848447e-04 1.457713e+00 -1.071641e-02 -5.152505e-02
9.999995e-01 -1.926814e-04 -7.101401e-04 6.909648e-04 1.444334e+00 -1.549853e-02 -6.016433e-02
9.999996e-01 -2.382773e-04 7.649968e-04 -3.051030e-04 1.459655e+00 3.107123e-03 -6.049593e-02
9.999999e-01 2.063701e-04 -3.827771e-04 -2.847611e-04 1.459402e+00 -1.911572e-02 -5.687178e-02
9.999998e-01 5.002929e-04 3.476259e-04 2.195956e-04 1.441652e+00 -1.668591e-02 -5.425772e-02
9.999995e-01 -1.004880e-03 5.832551e-05 4.051421e-05 1.474145e+00 8.178783e-04 -5.985238e-02
9.999998e-01 -3.224806e-04 2.061445e-04 -5.992092e-04 1.442141e+00 -7.066691e-03 -6.377963e-02
9.999999e-01 -2.424904e-04 -2.333575e-04 1.478055e-04 1.440504e+00 -6.476234e-03 -5.959727e-02
9.999997e-01 5.419815e-04 2.544361e-04 -3.858492e-04 1.460324e+00 -7.443935e-03 -4.737698e-02
9.999991e-01 -1.157068e-03 -5.477268e-04 3.071973e-04 1.482121e+00 -3.147220e-03 -7.764302e-02
9.999993e-01 5.717095e-04 9.832362e-04 -2.265254e-04 1.484322e+00 -2.514059e-02 -3.508643e-02
9.999990e-01 -1.031465e-03 -7.925273e-04 5.209543e-04 1.500486e+00 1.198525e-02 -9.417141e-02
9.999994e-01 2.680688e-04 9.490194e-04 -4.718058e-04 1.485122e+00 -2.718632e-02 -1.326753e-02
9.999996e-01 -7.973856e-04 -3.276675e-04 -3.723978e-04 1.474202e+00 -5.297524e-03 -1.099673e-01
9.999998e-01 4.526377e-04 4.387825e-04 -9.667752e-05 1.500051e+00 -1.508745e-02 -4.212186e-02
9.999984e-01 -1.647379e-03 -5.634030e-04 2.309546e-04 1.480521e+00 -7.905835e-03 -8.560745e-02
9.999971e-01 2.396298e-03 -3.061960e-04 1.706054e-05 1.477913e+00 -1.092306e-02 -3.131035e-02
9.999993e-01 -9.549629e-04 6.760110e-04 1.861129e-04 1.523324e+00 -1.069459e-02 -9.086109e-02
9.999982e-01 1.846261e-03 3.044993e-04 1.839700e-04 1.509948e+00 -1.389298e-02 -3.184649e-02
9.999980e-01 -1.534392e-03 6.787220e-04 1.137134e-03 1.499153e+00 -1.163577e-02 -9.399075e-02
9.999992e-01 1.018384e-04 -8.343157e-04 9.298868e-04 1.530349e+00 -2.029604e-02 -4.413275e-02
9.999968e-01 -1.804742e-03 3.670763e-04 1.722317e-03 1.483017e+00 1.904356e-02 -7.196052e-02
9.999994e-01 -5.528884e-04 -8.841379e-04 -2.061168e-04 1.517960e+00 -2.515281e-02 -5.531062e-02
9.999998e-01 -5.890415e-04 -2.502588e-04 7.049669e-05 1.535085e+00 -7.599643e-03 -7.681052e-02
9.999991e-01 7.110819e-04 -9.314706e-04 -6.784393e-04 1.500605e+00 -1.603581e-02 -6.187114e-02
9.999995e-01 6.667754e-05 9.121407e-04 -3.881018e-04 1.537711e+00 -6.918462e-03 -8.407238e-02
9.999999e-01 2.032638e-04 -2.055062e-04 3.411350e-04 1.519616e+00 -8.486494e-03 -5.655956e-02
9.999995e-01 -6.459863e-04 7.332599e-04 4.207336e-05 1.534271e+00 -1.561219e-02 -8.698584e-02
9.999999e-01 3.605541e-04 -4.073178e-04 -2.107770e-04 1.528803e+00 -1.074397e-02 -5.740167e-02
9.999995e-01 -6.198136e-04 7.756017e-04 2.268422e-04 1.518563e+00 -1.141792e-02 -8.237658e-02
9.999999e-01 2.449710e-05 -3.915471e-04 2.382951e-04 1.545922e+00 -1.293420e-02 -6.177975e-02
9.999996e-01 8.758204e-05 6.272640e-04 6.878217e-04 1.501079e+00 -1.033265e-02 -6.744121e-02
9.999996e-01 -2.059143e-04 -1.498258e-04 8.434378e-04 1.536410e+00 -1.269685e-02 -7.295319e-02
9.999998e-01 2.052115e-04 -1.087601e-05 6.069314e-04 1.570403e+00 -1.464688e-02 -7.572648e-02
9.999995e-01 -6.342233e-04 5.613792e-04 5.368596e-04 1.526854e+00 -2.174437e-03 -7.621306e-02
9.999997e-01 2.109389e-04 -7.324946e-04 2.001999e-04 1.537648e+00 -3.243603e-02 -7.120076e-02
9.999998e-01 4.821042e-04 2.411951e-04 3.488402e-04 1.541001e+00 -1.091400e-02 -5.606163e-02
9.999994e-01 -7.621294e-04 -6.449153e-04 4.133355e-04 1.553307e+00 3.013062e-03 -7.549085e-02
9.999986e-01 1.363370e-03 -1.915649e-04 9.214688e-04 1.525776e+00 -6.133556e-04 -6.167513e-02
9.999986e-01 -1.476740e-03 8.153721e-04 9.934016e-05 1.541699e+00 -1.742773e-02 -8.764963e-02
9.999997e-01 -2.623761e-04 -4.376331e-04 6.929349e-04 1.558051e+00 4.888207e-03 -6.142579e-02
9.999993e-01 2.195654e-04 1.146349e-03 -1.828030e-04 1.566668e+00 -2.141854e-02 -8.665720e-02
9.999991e-01 -3.649414e-04 -1.026198e-03 7.287984e-04 1.546119e+00 -1.469439e-02 -5.574094e-02
9.999999e-01 -1.767695e-04 -7.733970e-05 -5.221656e-04 1.566757e+00 -1.942805e-02 -9.239452e-02
9.999997e-01 -9.591856e-05 -1.804439e-04 7.663522e-04 1.536651e+00 -3.145566e-03 -6.158047e-02
9.999997e-01 6.684319e-04 2.769160e-04 -3.600150e-04 1.528726e+00 -2.005161e-02 -7.568048e-02
9.999998e-01 -5.116617e-04 3.190543e-06 3.912892e-04 1.565870e+00 -1.960760e-02 -7.262985e-02
9.999998e-01 -2.300373e-04 5.022937e-04 1.235225e-04 1.555526e+00 -1.067070e-02 -9.002291e-02
9.999998e-01 -9.928996e-05 -6.479358e-04 -4.184114e-06 1.561596e+00 -5.847824e-03 -7.196481e-02
9.999999e-01 5.282147e-04 7.956700e-07 -3.702771e-05 1.562437e+00 -2.791708e-02 -7.352186e-02
9.999997e-01 -7.072542e-04 1.831190e-04 -3.246897e-04 1.554257e+00 -1.640161e-02 -8.196642e-02
9.999996e-01 -2.577923e-04 -3.535029e-04 -7.343097e-04 1.547209e+00 -2.098701e-02 -7.514445e-02
9.999999e-01 1.809476e-04 3.653206e-04 -3.158839e-04 1.567419e+00 -1.436717e-02 -7.306491e-02
9.999999e-01 -3.678942e-04 -1.103022e-05 -3.076635e-04 1.572640e+00 7.533872e-04 -7.797181e-02
9.999991e-01 1.160484e-03 -5.683489e-04 -2.826385e-04 1.568726e+00 -2.300240e-02 -7.314863e-02
9.999981e-01 -1.534919e-03 1.166283e-03 -1.434000e-04 1.562509e+00 -4.473534e-03 -9.259456e-02
9.999996e-01 -3.836659e-04 -8.473976e-04 -1.109161e-04 1.562167e+00 1.578771e-04 -6.537992e-02
9.999995e-01 -8.839795e-04 4.334763e-04 2.254691e-04 1.579319e+00 -7.703576e-03 -7.704711e-02
9.999990e-01 1.091971e-03 -8.589465e-04 -3.083929e-04 1.554639e+00 -9.016290e-03 -7.692517e-02
9.999988e-01 -4.703198e-05 1.492790e-03 -3.403731e-04 1.559312e+00 -7.772814e-03 -9.208291e-02
9.999993e-01 -8.747219e-04 -7.537752e-04 2.852112e-04 1.602126e+00 8.211729e-03 -6.193418e-02
9.999994e-01 9.402394e-04 3.664564e-04 -3.123717e-04 1.576964e+00 -1.160286e-02 -9.230834e-02
9.999993e-01 -1.018861e-03 5.173950e-04 -5.062825e-05 1.549629e+00 -1.647333e-02 -7.614639e-02
9.999991e-01 1.250988e-03 -1.750062e-04 4.161099e-04 1.596061e+00 1.560086e-02 -7.902591e-02
9.999995e-01 -7.477509e-04 5.793948e-04 -1.885639e-04 1.574782e+00 -1.215491e-02 -7.992992e-02
9.999994e-01 -1.047921e-03 1.605124e-04 4.618399e-05 1.601779e+00 -9.979105e-03 -8.061360e-02
9.999999e-01 9.901255e-07 -3.766835e-04 1.966743e-04 1.567400e+00 -4.863912e-03 -7.381355e-02
9.999998e-01 -4.646914e-04 3.514222e-04 4.965611e-05 1.579777e+00 -7.976825e-03 -8.282631e-02
9.999999e-01 4.491938e-04 3.909190e-05 1.956306e-04 1.604271e+00 -4.826624e-03 -8.554725e-02
9.999994e-01 -6.028790e-04 5.557268e-04 7.078297e-04 1.517097e+00 7.471792e-04 -7.674952e-02
9.999995e-01 -7.338446e-04 4.171087e-04 -5.170080e-04 1.630314e+00 -1.564531e-02 -9.807358e-02
9.999998e-01 2.066130e-04 -4.509163e-04 -4.311162e-04 1.606176e+00 -1.031724e-02 -7.628334e-02
9.999995e-01 -6.417500e-04 -5.126032e-04 -4.446150e-04 1.613232e+00 -2.427870e-02 -9.800531e-02
9.999999e-01 -3.896649e-05 -3.239814e-04 -1.577499e-04 1.590798e+00 -8.609450e-03 -9.781645e-02
1.000000e+00 -2.295560e-04 -1.137935e-04 -6.900005e-05 1.596778e+00 -1.561994e-02 -7.994331e-02
9.999999e-01 1.956415e-04 6.899686e-05 -3.841052e-04 1.602635e+00 -1.192000e-02 -9.600044e-02
9.999998e-01 -5.620303e-04 1.140000e-04 2.314416e-04 1.622315e+00 3.235467e-03 -8.316447e-02
9.999998e-01 -4.501011e-04 2.702882e-04 -3.011075e-05 1.594338e+00 -1.146571e-02 -9.811985e-02
9.999999e-01 -2.885044e-05 1.322433e-04 3.234462e-04 1.608873e+00 -6.318148e-04 -8.460970e-02
9.999994e-01 5.756289e-04 9.712519e-04 1.029476e-04 1.608060e+00 -9.670870e-03 -9.410641e-02
9.999999e-01 -4.314061e-04 -3.042915e-04 -9.387780e-05 1.606476e+00 -2.356021e-02 -9.536090e-02
9.999993e-01 -9.395201e-04 5.000190e-04 5.471852e-04 1.628902e+00 8.429828e-03 -1.060466e-01
9.999972e-01 1.444830e-03 1.844329e-03 -2.321370e-04 1.604768e+00 -1.279840e-02 -1.060109e-01
9.999972e-01 2.094506e-03 -8.591874e-04 6.299625e-04 1.610062e+00 -8.236148e-03 3.734290e-03
9.999923e-01 -3.921292e-03 2.280517e-04 9.171744e-05 1.621649e+00 -1.881280e-02 -1.567435e-01
9.999995e-01 -9.497271e-04 -4.480589e-05 5.901763e-05 1.604115e+00 -1.995089e-02 -7.371945e-02
9.999990e-01 -4.974721e-04 -1.313353e-03 8.360997e-05 1.545198e+00 -3.236692e-02 -9.489252e-02
9.999961e-01 2.621777e-03 9.855278e-05 9.249597e-04 1.644735e+00 2.299436e-02 -6.771465e-02
9.999997e-01 -7.453613e-05 -4.645759e-05 7.799822e-04 1.629223e+00 -1.542089e-02 -1.130927e-01
9.999998e-01 -3.734743e-04 -5.262129e-04 -2.760948e-04 1.570994e+00 -5.580789e-02 -7.826487e-02
9.999989e-01 -1.022728e-03 -9.875847e-04 5.523367e-04 1.633976e+00 9.057041e-03 -1.070146e-01
9.999996e-01 7.894570e-04 1.308948e-04 3.881578e-04 1.602844e+00 -3.771844e-03 -6.911914e-02
9.999997e-01 7.278746e-04 -1.463220e-04 -1.433009e-05 1.618767e+00 5.047446e-03 -1.058535e-01
9.999999e-01 1.141680e-04 4.587598e-04 3.385315e-04 1.625564e+00 -1.626574e-02 -7.478596e-02
9.999986e-01 -1.088064e-03 1.131101e-03 5.643701e-04 1.641645e+00 -5.256580e-04 -1.053588e-01
9.999993e-01 -2.225210e-04 1.070358e-03 3.760409e-04 1.597339e+00 -1.969891e-02 -8.968241e-02
9.999986e-01 -1.100592e-03 -5.167642e-04 1.119258e-03 1.637620e+00 7.116275e-05 -8.519432e-02
9.999985e-01 1.521788e-03 -2.636685e-04 8.086524e-04 1.635721e+00 3.727990e-03 -7.133111e-02
9.999995e-01 -4.560873e-04 3.122594e-04 8.197205e-04 1.631086e+00 -1.768989e-02 -1.211149e-01
9.999997e-01 5.294114e-04 1.653066e-04 5.792260e-04 1.646595e+00 -8.227048e-03 -7.867566e-02
9.999998e-01 -4.556434e-04 -3.990415e-04 2.822931e-04 1.631955e+00 -2.876963e-02 -9.930962e-02
9.999997e-01 7.584326e-05 -3.201143e-04 6.692812e-04 1.640389e+00 -1.204122e-02 -6.840100e-02
9.999994e-01 8.345509e-04 -6.913540e-04 9.859575e-05 1.649032e+00 -8.161280e-03 -1.022947e-01
9.999999e-01 2.752565e-05 -3.796157e-04 2.063732e-04 1.650917e+00 -9.243804e-03 -8.173397e-02
9.999993e-01 2.890423e-04 -1.067689e-03 2.076200e-04 1.648912e+00 7.124872e-03 -9.969173e-02
9.999998e-01 -6.613408e-04 2.424847e-04 -7.420648e-06 1.646375e+00 -5.340101e-03 -8.253777e-02
9.999990e-01 -1.156631e-03 -8.379986e-04 -1.216171e-04 1.650101e+00 4.020393e-03 -1.068985e-01
1.000000e+00 1.324376e-04 1.113607e-04 9.435150e-05 1.680676e+00 -3.591933e-02 -8.510306e-02
9.999995e-01 -6.979819e-04 -6.731451e-04 1.476724e-04 1.653514e+00 -2.250849e-03 -1.096429e-01
9.999978e-01 2.059973e-03 3.100973e-04 -1.242750e-04 1.616409e+00 -4.343966e-02 -8.082645e-02
9.999990e-01 -4.528551e-04 1.013079e-03 8.984001e-04 1.746917e+00 2.647376e-02 -1.175672e-01
1.000000e+00 -6.415093e-05 -2.493169e-04 -2.046909e-04 1.634364e+00 -5.778876e-02 -8.559716e-02
9.999978e-01 -1.241384e-03 1.723188e-03 6.932671e-06 1.678620e+00 3.661717e-02 -1.186924e-01
9.999988e-01 6.209686e-04 -1.322448e-03 -4.569130e-04 1.671255e+00 -4.043419e-02 -8.110696e-02
9.999995e-01 -9.853431e-04 -2.321347e-05 -4.194240e-04 1.664203e+00 -1.170596e-02 -1.035552e-01
9.999990e-01 1.123667e-03 7.168177e-04 -4.114890e-04 1.697229e+00 -8.568675e-03 -9.591766e-02
1.000000e+00 1.912536e-04 1.249303e-04 -2.306761e-04 1.685141e+00 -1.741938e-02 -9.386902e-02
9.999981e-01 7.118919e-04 1.800440e-03 -3.030222e-04 1.673794e+00 -2.108935e-02 -9.650191e-02
9.999991e-01 -1.373363e-03 1.634863e-04 -3.673338e-06 1.676581e+00 -9.520025e-03 -9.094565e-02
9.999991e-01 -1.082610e-04 -1.293532e-03 1.977172e-04 1.706172e+00 -2.061781e-03 -9.909464e-02
9.999994e-01 1.044958e-03 3.004955e-04 -1.949213e-05 1.682064e+00 -1.317229e-02 -8.408814e-02
9.999998e-01 1.934991e-04 3.558346e-04 4.509326e-04 1.691930e+00 -2.333383e-02 -1.001244e-01
9.999996e-01 1.947243e-04 5.569241e-04 6.091676e-04 1.701345e+00 -2.003408e-02 -8.150509e-02
9.999995e-01 -6.312091e-04 7.092263e-04 3.213234e-04 1.676700e+00 -1.474745e-02 -1.000695e-01
9.999997e-01 -5.878935e-04 -1.429814e-04 4.105720e-04 1.699467e+00 -6.470363e-03 -8.127196e-02
9.999994e-01 1.598562e-04 -9.588780e-04 5.734716e-04 1.714951e+00 -1.117963e-02 -9.698982e-02
9.999994e-01 1.006181e-03 -1.584047e-05 3.312085e-04 1.692408e+00 -9.224713e-03 -9.216917e-02
9.999998e-01 1.389280e-04 -6.570862e-04 4.154041e-05 1.696437e+00 -2.738499e-02 -1.015487e-01
9.999995e-01 -8.648542e-04 3.472174e-04 -4.679230e-04 1.696704e+00 -1.228064e-02 -7.795815e-02
9.999994e-01 2.339408e-04 -1.034428e-03 -4.476108e-05 1.733396e+00 -1.711063e-03 -9.644722e-02
9.999995e-01 -3.057253e-04 8.751652e-04 -3.481110e-04 1.683147e+00 -2.632182e-02 -9.548806e-02
9.999997e-01 6.675964e-04 -2.765427e-04 -2.265510e-04 1.743165e+00 -1.091477e-02 -1.005712e-01
9.999998e-01 5.976720e-04 2.131153e-04 -2.512130e-04 1.708859e+00 -1.586754e-02 -8.674979e-02
9.999997e-01 3.033593e-05 -5.544925e-04 -6.125612e-04 1.727709e+00 -8.452363e-03 -1.091802e-01
9.999993e-01 1.055543e-03 3.748430e-04 -3.575506e-04 1.693964e+00 -8.750490e-03 -8.126025e-02
9.999985e-01 -1.635011e-03 4.477439e-04 1.801286e-04 1.750224e+00 -1.533371e-03 -9.350528e-02
9.999990e-01 4.981737e-04 -1.251628e-03 -4.338870e-04 1.700333e+00 -1.582688e-02 -1.011569e-01
9.999987e-01 -6.698371e-04 1.390014e-03 -4.104485e-04 1.702471e+00 -4.333899e-03 -8.953396e-02
9.999990e-01 6.087713e-04 -1.310178e-03 -1.555680e-04 1.721256e+00 -1.020621e-02 -1.057459e-01
9.999991e-01 4.921318e-04 1.236677e-03 -3.767730e-04 1.709989e+00 -2.271798e-02 -1.015247e-01
9.999997e-01 2.731464e-05 -7.484844e-04 -1.024324e-05 1.695120e+00 1.034042e-04 -9.333717e-02
9.999991e-01 8.363482e-05 1.270907e-03 3.472158e-04 1.695404e+00 2.654193e-03 -8.601908e-02
9.999990e-01 -1.268146e-03 -6.356712e-04 -1.630754e-04 1.681920e+00 -2.674041e-02 -9.499687e-02
9.999995e-01 9.395935e-04 1.187368e-04 -1.104042e-04 1.719257e+00 -1.228474e-02 -8.999192e-02
9.999998e-01 6.251624e-04 -2.564285e-05 -1.258548e-05 1.682659e+00 1.974490e-03 -9.350140e-02
9.999994e-01 -6.612001e-04 8.025892e-04 2.558319e-04 1.682162e+00 -1.900924e-02 -9.106271e-02
9.999994e-01 -7.441462e-04 -2.730237e-05 7.908582e-04 1.676977e+00 -1.307743e-02 -1.034370e-01
9.999999e-01 4.589132e-04 1.644505e-04 3.251534e-05 1.670438e+00 -2.680746e-02 -8.254384e-02
9.999995e-01 2.574793e-04 -6.562646e-04 6.417974e-04 1.690837e+00 -1.024625e-02 -9.331551e-02
9.999997e-01 -5.300125e-04 1.876125e-04 4.044559e-04 1.700804e+00 1.267896e-02 -9.155009e-02
9.999995e-01 -2.936608e-04 -9.387439e-04 3.199756e-04 1.690124e+00 -7.559720e-03 -9.277501e-02
9.999999e-01 2.384792e-05 2.517978e-04 3.761968e-04 1.687681e+00 -1.598353e-02 -8.963396e-02
9.999999e-01 -9.288723e-05 -3.696475e-04 3.303802e-04 1.698428e+00 -8.837225e-03 -9.498930e-02
9.999997e-01 3.704386e-04 4.567687e-04 4.546252e-04 1.684114e+00 -1.254673e-02 -9.565646e-02
9.999995e-01 2.622935e-04 -7.208927e-04 5.785604e-04 1.707951e+00 1.243810e-02 -1.044760e-01
9.999995e-01 9.338316e-04 2.476287e-04 -4.546713e-05 1.695650e+00 -2.121057e-02 -7.729070e-02
9.999996e-01 -8.483983e-04 -2.154186e-04 -2.907499e-05 1.696251e+00 -1.617920e-02 -9.776169e-02
9.999995e-01 8.363501e-04 1.535793e-04 4.670120e-04 1.684349e+00 5.582169e-03 -8.898730e-02
9.999998e-01 -5.384924e-04 -2.933133e-04 -1.672053e-04 1.710163e+00 -3.803447e-02 -8.682648e-02
9.999999e-01 2.237208e-04 5.241075e-04 1.256250e-04 1.690612e+00 1.027138e-03 -1.022746e-01
9.999996e-01 -3.475654e-04 -7.657059e-04 2.319566e-04 1.705368e+00 -1.401460e-02 -9.280344e-02
9.999998e-01 2.540700e-04 6.518962e-04 -3.378885e-05 1.706004e+00 -1.011496e-02 -9.608725e-02
9.999999e-01 -3.655564e-04 -2.552493e-06 8.241905e-05 1.689660e+00 -1.177993e-02 -9.469363e-02
1.000000e+00 -7.147565e-05 1.424332e-04 2.379863e-04 1.691697e+00 -1.640529e-02 -8.848904e-02
9.999999e-01 -5.028285e-06 6.659559e-05 3.791741e-04 1.672095e+00 -1.680975e-02 -1.113936e-01
9.999996e-01 8.700834e-04 3.575461e-04 -3.420362e-05 1.679187e+00 1.138289e-03 -7.565598e-02
9.999999e-01 -1.984116e-04 7.100970e-05 2.820432e-04 1.685908e+00 -1.938941e-02 -1.048373e-01
9.999998e-01 4.241069e-04 3.569727e-04 -4.072573e-04 1.680315e+00 -6.808347e-03 -7.481869e-02
9.999998e-01 -9.048772e-05 -4.506361e-04 3.569943e-04 1.655885e+00 -1.059509e-02 -9.459936e-02
9.999998e-01 2.866961e-04 4.240939e-04 -4.641928e-04 1.673175e+00 -3.608850e-02 -8.480755e-02
9.999998e-01 -3.681900e-04 3.594738e-04 3.995693e-04 1.663573e+00 3.631068e-03 -9.114296e-02
9.999998e-01 -9.944847e-05 -6.049424e-04 2.443610e-04 1.674952e+00 -8.961775e-03 -7.874277e-02
9.999999e-01 -2.726301e-05 4.776073e-04 1.795892e-04 1.661680e+00 -6.503882e-03 -9.749530e-02
9.999999e-01 2.379903e-04 -5.188280e-04 -9.765631e-05 1.649794e+00 -1.675218e-02 -7.835193e-02
9.999999e-01 -2.601310e-04 4.028505e-04 -1.159911e-04 1.657314e+00 -1.009140e-02 -1.026092e-01
1.000000e+00 -1.863051e-05 -1.634745e-04 -9.711617e-05 1.668043e+00 -1.454840e-02 -7.805802e-02
9.999999e-01 -9.342367e-05 1.481798e-04 4.129977e-04 1.634941e+00 6.541792e-03 -7.996700e-02
9.999998e-01 -4.612572e-04 6.258150e-05 2.909829e-04 1.654703e+00 -2.875216e-02 -9.194855e-02
9.999996e-01 3.381414e-04 -5.576089e-04 5.012021e-04 1.667136e+00 -7.323042e-03 -8.408732e-02
9.999994e-01 1.799422e-04 1.096003e-03 -1.188468e-04 1.647184e+00 -2.146309e-02 -9.078828e-02
9.999997e-01 -3.413572e-04 -2.055791e-04 5.348570e-04 1.661733e+00 -1.100865e-02 -8.181165e-02
9.999998e-01 -4.626081e-04 -1.299545e-04 4.498925e-04 1.660345e+00 -3.832757e-03 -8.108416e-02
9.999998e-01 1.614954e-04 -6.598175e-04 2.670443e-05 1.646260e+00 -1.004153e-02 -9.371417e-02
9.999999e-01 2.696260e-05 -6.862812e-05 2.301181e-04 1.668141e+00 -5.869135e-03 -9.571902e-02
1.000000e+00 -7.327821e-05 -8.031681e-05 -8.730765e-05 1.669723e+00 -2.348089e-02 -8.042057e-02
9.999998e-01 -7.901532e-05 -4.924520e-04 -2.519243e-04 1.639057e+00 -2.602917e-03 -1.002125e-01
9.999998e-01 1.850516e-04 -1.258385e-04 -6.084345e-04 1.674836e+00 -7.235247e-03 -8.101449e-02
9.999996e-01 -3.689480e-04 8.014855e-04 1.147934e-04 1.655484e+00 -1.583683e-02 -1.002685e-01
9.999997e-01 -6.930209e-05 -3.313732e-04 -7.235026e-04 1.690254e+00 -2.208318e-02 -8.380492e-02
9.999996e-01 -1.384827e-04 7.873880e-04 2.836005e-04 1.637497e+00 8.720503e-03 -9.456649e-02
9.999997e-01 4.530708e-04 -5.035662e-04 -3.524246e-04 1.722353e+00 -4.183395e-02 -8.698605e-02
1.000000e+00 1.081010e-04 7.070604e-05 -7.712125e-05 1.692907e+00 2.414687e-02 -9.215751e-02
9.999994e-01 -8.732795e-04 6.844555e-04 1.017102e-05 1.684467e+00 -1.044939e-02 -1.040885e-01
9.999998e-01 3.227067e-04 -3.378401e-04 3.437329e-04 1.647246e+00 -1.703726e-02 -7.447309e-02
9.999998e-01 6.816838e-05 1.240626e-04 5.155568e-04 1.648753e+00 -9.006568e-03 -9.261966e-02
9.999999e-01 -1.018441e-05 4.242678e-04 -3.077255e-04 1.668598e+00 -2.817128e-02 -9.646924e-02
1.000000e+00 -3.277147e-05 -1.814386e-04 8.669601e-05 1.699598e+00 3.055243e-03 -8.352161e-02
1.000000e+00 -2.742137e-06 -3.065993e-04 6.376049e-06 1.693124e+00 -2.064517e-02 -9.235691e-02
9.999998e-01 1.308621e-04 2.304311e-04 4.862821e-04 1.683273e+00 -3.837281e-04 -8.340533e-02
9.999996e-01 -1.596872e-04 6.071367e-04 6.477195e-04 1.705417e+00 4.617343e-03 -9.226889e-02
9.999991e-01 -1.112143e-03 -1.962472e-04 -6.804588e-04 1.743269e+00 -3.729157e-02 -9.192916e-02
9.999998e-01 4.280754e-04 1.856888e-04 2.550334e-04 1.682000e+00 -2.954137e-02 -7.716692e-02
9.999993e-01 8.761281e-04 -4.459224e-04 7.086721e-04 1.689102e+00 5.220193e-03 -9.786402e-02
9.999998e-01 -5.207734e-05 5.898849e-04 8.648572e-05 1.728099e+00 -1.699245e-02 -1.046382e-01
9.999998e-01 4.636770e-04 -2.033392e-05 2.724834e-04 1.687180e+00 -3.744097e-03 -8.713787e-02
9.999999e-01 -2.994116e-04 -9.623781e-05 -1.296605e-04 1.706904e+00 -1.629673e-02 -8.737520e-02
9.999996e-01 -1.956258e-04 -3.242792e-05 8.765679e-04 1.709624e+00 -1.113609e-02 -8.649458e-02
9.999997e-01 -5.257716e-04 -5.930862e-04 6.579646e-05 1.693333e+00 -1.966194e-02 -9.995452e-02
9.999997e-01 -7.678011e-04 9.527140e-05 1.108303e-04 1.708722e+00 -1.675655e-03 -9.033941e-02
9.999985e-01 -2.620459e-05 -1.612650e-03 5.449576e-04 1.691486e+00 -3.598575e-03 -7.896691e-02
9.999998e-01 -4.739051e-04 -3.645746e-04 1.020480e-04 1.697813e+00 -2.437976e-02 -1.122729e-01
9.999984e-01 8.834011e-04 -1.483456e-03 5.394228e-04 1.704974e+00 9.256494e-03 -9.258329e-02
9.999998e-01 -5.132105e-04 1.114231e-04 -3.673188e-05 1.690961e+00 -3.071583e-02 -1.088651e-01
9.999989e-01 -1.004496e-03 -1.067304e-03 2.082039e-04 1.705011e+00 1.029155e-02 -1.146970e-01
9.999990e-01 2.317074e-04 -1.348389e-03 2.971263e-04 1.721914e+00 -1.492741e-02 -9.304431e-02
9.999983e-01 -3.799277e-04 -1.715263e-03 4.551263e-04 1.719778e+00 8.298611e-03 -1.397445e-01
9.999999e-01 6.620774e-05 -4.217243e-04 1.809989e-04 1.696704e+00 -5.308109e-03 -1.080918e-01
9.999982e-01 -5.619032e-04 -1.490373e-03 1.039814e-03 1.707279e+00 -1.001827e-03 -1.347586e-01
9.999987e-01 1.015972e-03 -9.428349e-04 8.565639e-04 1.669069e+00 -2.916768e-02 -1.144603e-01
9.999988e-01 -1.131000e-03 -8.128772e-04 7.073671e-04 1.706898e+00 2.645082e-04 -1.402754e-01
9.999983e-01 -1.266113e-05 -1.758680e-03 5.669188e-04 1.708833e+00 8.151425e-03 -1.258135e-01
9.999985e-01 3.701132e-04 -1.548903e-03 7.266679e-04 1.728151e+00 -3.124759e-03 -1.424083e-01
9.999990e-01 2.569353e-04 -1.369291e-03 2.223862e-04 1.638566e+00 1.130820e-02 -1.332527e-01
9.999995e-01 -6.724300e-04 -6.953327e-04 -1.130343e-04 1.720370e+00 -1.388189e-02 -1.571556e-01
9.999992e-01 6.133951e-04 -1.063406e-03 -3.553574e-04 1.711658e+00 -3.331094e-03 -1.381780e-01
9.999997e-01 -4.156759e-05 -7.893160e-04 1.170362e-04 1.668033e+00 7.594376e-03 -1.679950e-01
9.999996e-01 7.027258e-04 -4.781016e-04 1.438546e-04 1.714660e+00 -2.908635e-02 -1.407015e-01
9.999976e-01 -1.583036e-03 -1.506805e-03 2.657473e-04 1.690299e+00 -6.267124e-04 -1.662206e-01
9.999997e-01 -3.244398e-06 -6.591369e-04 3.861443e-04 1.696770e+00 2.311983e-03 -1.603743e-01
9.999992e-01 1.910708e-04 -1.259819e-03 -1.095281e-04 1.644869e+00 2.109938e-03 -1.592198e-01
9.999998e-01 1.458971e-04 -1.984953e-04 6.413834e-04 1.719268e+00 1.859810e-03 -1.706672e-01
9.999993e-01 -4.126511e-04 -8.739519e-04 5.526061e-04 1.682715e+00 8.670873e-03 -1.742644e-01
9.999993e-01 1.105236e-03 -4.775538e-04 3.988994e-06 1.673801e+00 -5.373193e-03 -1.662869e-01
9.999999e-01 6.772783e-05 1.974605e-04 -2.296484e-04 1.698067e+00 -1.130233e-02 -1.698133e-01
9.999993e-01 -9.412395e-04 -1.450996e-04 7.112978e-04 1.656608e+00 6.006257e-03 -1.641062e-01
9.999995e-01 -8.316704e-04 1.867275e-04 4.231614e-04 1.685296e+00 2.103647e-03 -1.646454e-01
9.999998e-01 -3.609795e-05 -7.128456e-04 -1.475821e-05 1.659049e+00 -8.398157e-03 -1.785514e-01
9.999999e-01 5.194627e-05 1.099012e-04 4.575224e-04 1.675952e+00 -7.333507e-04 -1.631203e-01
9.999999e-01 1.949518e-04 -4.071108e-04 -5.361939e-05 1.678501e+00 -1.297692e-02 -1.896847e-01
9.999995e-01 7.264530e-04 3.698343e-04 6.161695e-04 1.675877e+00 5.646275e-03 -1.599170e-01
9.999996e-01 -6.796580e-04 2.020193e-04 4.014637e-04 1.662451e+00 4.182645e-03 -1.773764e-01
9.999997e-01 -1.425730e-04 -3.369903e-04 7.588204e-04 1.694399e+00 8.902896e-03 -1.773045e-01
9.999995e-01 -5.302923e-04 -5.801458e-04 6.978549e-04 1.703775e+00 7.016468e-03 -1.582903e-01
9.999998e-01 1.628613e-04 1.039804e-04 5.555666e-04 1.651123e+00 -3.969185e-03 -1.867909e-01
9.999996e-01 -3.433058e-04 2.837198e-04 7.730425e-04 1.700267e+00 -7.647881e-03 -1.747899e-01
9.999992e-01 -2.342889e-04 2.133032e-05 1.240583e-03 1.717540e+00 6.872292e-03 -1.777597e-01
9.999992e-01 2.721053e-04 -9.982204e-05 1.253014e-03 1.688084e+00 -5.945146e-03 -1.780700e-01
9.999978e-01 1.301516e-03 -2.027364e-04 1.661542e-03 1.666360e+00 -8.544124e-04 -1.757607e-01
9.999976e-01 -5.757056e-04 1.308064e-03 1.672004e-03 1.687522e+00 1.678194e-02 -1.766287e-01
9.999972e-01 -1.232632e-03 -8.701621e-04 1.846592e-03 1.688177e+00 -1.302172e-02 -1.667007e-01
9.999986e-01 6.297480e-04 -4.875624e-04 1.482740e-03 1.682831e+00 -3.081218e-03 -1.800835e-01
9.999990e-01 2.708887e-04 -4.817895e-04 1.310330e-03 1.686573e+00 5.788997e-03 -1.804490e-01
9.999989e-01 2.404352e-04 2.053672e-04 1.453577e-03 1.668396e+00 -7.672280e-03 -1.761618e-01
9.999992e-01 -3.795321e-04 -8.889969e-04 7.808825e-04 1.671951e+00 4.602686e-03 -1.830238e-01
9.999993e-01 7.705314e-05 -5.531726e-04 1.056714e-03 1.688444e+00 7.256177e-03 -1.668557e-01
9.999999e-01 -3.104780e-04 1.557684e-04 6.316788e-05 1.651610e+00 -2.973241e-02 -1.855237e-01
9.999997e-01 2.830035e-04 -3.743640e-04 5.757007e-04 1.643250e+00 1.368474e-03 -1.686016e-01
1.000000e+00 -1.583685e-04 -2.221224e-04 -1.103329e-05 1.651491e+00 -9.961910e-03 -1.938320e-01
9.999993e-01 3.683411e-04 -4.393545e-04 9.914261e-04 1.685673e+00 1.539741e-02 -1.688625e-01
9.999981e-01 -4.842909e-04 3.729749e-05 1.903170e-03 1.659511e+00 5.182891e-02 -1.765300e-01
9.999998e-01 -2.641357e-04 -4.712643e-04 4.057787e-04 1.648704e+00 -2.448292e-02 -1.925803e-01
9.999981e-01 1.480483e-03 7.215782e-04 1.042690e-03 1.675253e+00 2.390368e-03 -1.692119e-01
9.999988e-01 -8.639187e-04 -9.627434e-05 1.238091e-03 1.648265e+00 -1.406873e-03 -1.888158e-01
9.999986e-01 6.574250e-05 2.322378e-04 1.663309e-03 1.617745e+00 1.117880e-02 -1.648072e-01
9.999984e-01 -5.966948e-04 -3.587717e-04 1.623351e-03 1.622629e+00 -9.695637e-03 -1.817367e-01
9.999990e-01 -1.675178e-04 -2.091178e-04 1.393967e-03 1.642101e+00 1.577385e-02 -1.748232e-01
9.999992e-01 -7.053906e-04 -5.646412e-05 1.075513e-03 1.663896e+00 -8.508860e-03 -1.807179e-01
9.999971e-01 7.787182e-04 -1.365899e-03 1.830768e-03 1.628364e+00 4.270202e-03 -1.800895e-01
9.999986e-01 2.517792e-04 1.089338e-03 1.254935e-03 1.598769e+00 4.478687e-03 -1.800425e-01
9.999980e-01 1.101131e-03 -7.117947e-04 1.487707e-03 1.661766e+00 2.321582e-03 -1.820751e-01
9.999986e-01 -1.127525e-03 2.961948e-04 1.179060e-03 1.606189e+00 -1.774865e-02 -1.766423e-01
9.999975e-01 -6.698070e-04 -1.358190e-03 1.665517e-03 1.622762e+00 2.880193e-02 -1.704312e-01
9.999995e-01 7.060622e-04 2.006809e-05 6.533946e-04 1.622735e+00 -1.175420e-03 -1.940381e-01
9.999994e-01 -7.779102e-04 3.515303e-04 7.611428e-04 1.595469e+00 -1.362774e-02 -1.591000e-01
9.999997e-01 1.803629e-04 5.319112e-05 6.432710e-04 1.644007e+00 -9.830361e-03 -1.874870e-01
9.999991e-01 -3.584738e-04 -7.558961e-04 1.110322e-03 1.609009e+00 1.606962e-04 -1.785661e-01
9.999991e-01 -4.325702e-04 9.377835e-04 8.802334e-04 1.649690e+00 -2.757881e-03 -2.030300e-01
9.999985e-01 1.816961e-04 -1.293029e-03 1.152705e-03 1.630560e+00 3.183707e-03 -1.574220e-01
9.999990e-01 -1.051246e-04 2.459869e-04 1.371610e-03 1.629127e+00 1.653896e-02 -1.858823e-01
9.999994e-01 -8.744858e-04 2.797384e-04 5.925622e-04 1.610480e+00 -2.680784e-02 -1.873328e-01
9.999986e-01 8.517223e-04 6.579119e-05 1.425331e-03 1.628799e+00 -2.562707e-03 -1.736347e-01
9.999974e-01 -7.965100e-04 4.712227e-04 2.092377e-03 1.609117e+00 2.016572e-02 -1.822806e-01
9.999984e-01 5.836381e-04 -6.266753e-04 1.544288e-03 1.641059e+00 -5.722073e-03 -1.858160e-01
9.999980e-01 6.197326e-04 6.064906e-04 1.785380e-03 1.632248e+00 8.508785e-03 -1.908960e-01
9.999979e-01 3.602294e-04 -1.185695e-04 2.015120e-03 1.633557e+00 1.302774e-02 -1.767330e-01
9.999987e-01 -7.628788e-07 -4.540866e-06 1.597410e-03 1.663526e+00 -1.702323e-02 -1.791581e-01
9.999983e-01 -6.618536e-05 -4.621446e-04 1.757799e-03 1.582969e+00 1.215724e-02 -1.733928e-01
9.999978e-01 7.567799e-04 -1.290751e-03 1.459819e-03 1.627056e+00 9.810491e-03 -1.846980e-01
9.999991e-01 -6.567697e-04 2.254039e-04 1.179297e-03 1.627173e+00 1.171721e-02 -1.742078e-01
9.999993e-01 2.290630e-04 -1.035976e-03 4.602915e-04 1.629735e+00 -1.520203e-03 -1.895613e-01
9.999995e-01 -7.740304e-04 3.604227e-04 4.468963e-04 1.595475e+00 -7.702206e-03 -1.778337e-01
9.999997e-01 -4.174137e-04 8.766293e-05 6.339838e-04 1.626761e+00 5.582684e-03 -1.813326e-01
9.999994e-01 1.100792e-04 -2.826377e-04 1.087191e-03 1.651231e+00 1.419459e-02 -1.865508e-01
9.999991e-01 1.598001e-04 2.791440e-04 1.319181e-03 1.574433e+00 6.038571e-03 -1.732464e-01
9.999986e-01 5.403195e-05 1.167714e-03 1.149397e-03 1.593844e+00 -2.886830e-03 -1.953001e-01
9.999986e-01 9.982982e-05 -2.873235e-05 1.678024e-03 1.618310e+00 -5.642590e-03 -1.665577e-01
9.999986e-01 -3.111796e-04 4.046065e-05 1.669251e-03 1.603094e+00 1.032292e-02 -1.825855e-01
9.999982e-01 -1.594035e-04 -1.913350e-04 1.896345e-03 1.603931e+00 -5.388166e-03 -1.854140e-01
9.999988e-01 6.858246e-04 -3.742935e-05 1.382845e-03 1.566840e+00 6.257800e-03 -1.791663e-01
9.999990e-01 -5.823712e-05 -9.189567e-05 1.415866e-03 1.607293e+00 1.932021e-02 -1.703885e-01
9.999980e-01 -2.681419e-04 -3.989493e-04 1.971670e-03 1.598486e+00 8.061849e-03 -1.661400e-01
9.999993e-01 -2.950518e-04 -3.633189e-04 1.125748e-03 1.599588e+00 -7.038050e-03 -1.857224e-01
9.999990e-01 7.732278e-05 3.427413e-04 1.327954e-03 1.554441e+00 9.532589e-03 -1.737614e-01
9.999988e-01 -6.717300e-04 -1.099978e-04 1.408132e-03 1.608402e+00 -3.206453e-03 -1.851727e-01
9.999985e-01 3.772760e-04 -8.882226e-04 1.417138e-03 1.551815e+00 4.736398e-03 -1.699048e-01
9.999988e-01 9.320631e-04 -3.296044e-04 1.161177e-03 1.604164e+00 -9.041749e-03 -1.860176e-01
9.999991e-01 6.527341e-04 -2.522938e-04 1.121528e-03 1.548619e+00 2.186716e-02 -1.630733e-01
9.999976e-01 -8.246078e-04 2.686781e-04 2.030942e-03 1.561085e+00 1.573806e-02 -1.729127e-01
9.999995e-01 -5.984314e-04 3.261851e-04 6.980913e-04 1.573211e+00 -2.255496e-02 -1.828907e-01
9.999990e-01 -5.246927e-05 -4.174054e-04 1.350567e-03 1.554393e+00 1.266992e-02 -1.694600e-01
9.999990e-01 1.565188e-04 2.274787e-04 1.406718e-03 1.588872e+00 5.094995e-04 -1.832854e-01
9.999985e-01 -1.099806e-03 2.364258e-05 1.327277e-03 1.533565e+00 3.052061e-03 -1.814111e-01
9.999983e-01 6.588855e-04 -1.247795e-03 1.195611e-03 1.542312e+00 7.986527e-03 -1.621074e-01
9.999996e-01 -9.037213e-05 5.675295e-04 7.483493e-04 1.577160e+00 -4.520373e-03 -1.909320e-01
9.999991e-01 -5.856956e-04 -2.263613e-04 1.208821e-03 1.543727e+00 -1.576010e-03 -1.693693e-01
9.999988e-01 2.174460e-04 2.737363e-04 1.531734e-03 1.548997e+00 1.906679e-02 -1.718834e-01
9.999991e-01 -7.809497e-04 1.196322e-04 1.055180e-03 1.579325e+00 7.560182e-03 -1.790485e-01
9.999992e-01 3.007246e-04 -1.411003e-04 1.225619e-03 1.541219e+00 8.772995e-03 -1.736544e-01
9.999997e-01 1.869570e-04 -4.259167e-04 5.975769e-04 1.580602e+00 -5.730379e-04 -1.783752e-01
9.999993e-01 5.785927e-05 -1.653427e-04 1.170362e-03 1.567242e+00 2.243347e-03 -1.798609e-01
9.999996e-01 -3.231727e-04 -6.378840e-04 6.174121e-04 1.569851e+00 -7.995604e-03 -1.800622e-01
9.999984e-01 -5.862819e-05 6.434961e-04 1.627571e-03 1.552747e+00 2.199221e-02 -1.738336e-01
9.999993e-01 1.167512e-04 -1.707920e-04 1.165191e-03 1.581459e+00 1.632637e-02 -1.714000e-01
9.999996e-01 2.289246e-04 2.803019e-04 7.981128e-04 1.570941e+00 -6.463415e-03 -1.821414e-01
9.999985e-01 -6.618161e-04 2.801912e-04 1.589344e-03 1.562748e+00 8.911265e-03 -1.766676e-01
9.999995e-01 1.790495e-04 -5.494147e-04 8.358432e-04 1.571133e+00 -8.959576e-03 -1.815171e-01
9.999987e-01 1.277518e-04 6.477962e-04 1.502627e-03 1.596392e+00 1.238971e-02 -1.746080e-01
9.999992e-01 -3.868677e-04 1.097734e-05 1.159102e-03 1.565570e+00 -1.049563e-02 -1.811306e-01
9.999986e-01 3.495043e-04 -1.494178e-04 1.660395e-03 1.551675e+00 1.620637e-02 -1.784115e-01
9.999994e-01 4.023279e-04 -2.241625e-04 9.999605e-04 1.614880e+00 -6.600976e-04 -1.767253e-01
9.999988e-01 3.785712e-05 1.500221e-04 1.564974e-03 1.565516e+00 4.355577e-03 -1.752504e-01
9.999985e-01 -1.052865e-03 -5.757687e-04 1.258726e-03 1.548467e+00 -1.906898e-03 -1.723714e-01
9.999986e-01 5.132724e-04 -1.256202e-03 9.484357e-04 1.585053e+00 1.002439e-02 -1.890988e-01
9.999975e-01 1.124858e-03 5.301482e-04 1.861485e-03 1.555290e+00 -5.510661e-03 -1.820647e-01
9.999984e-01 -2.289279e-04 1.325148e-04 1.772828e-03 1.549723e+00 1.310099e-03 -1.765606e-01
9.999990e-01 -1.781552e-04 4.281134e-04 1.349371e-03 1.545457e+00 4.831892e-03 -1.548402e-01
9.999983e-01 -1.071756e-03 -4.193295e-04 1.461716e-03 1.579070e+00 2.557001e-02 -1.993635e-01
9.999993e-01 4.841141e-05 -3.629335e-04 1.157155e-03 1.561271e+00 5.399832e-04 -1.541272e-01
9.999982e-01 -9.066071e-05 -3.598304e-04 1.851275e-03 1.541596e+00 1.535876e-02 -1.938628e-01
9.999986e-01 4.122485e-04 -1.061406e-03 1.215573e-03 1.560425e+00 5.128280e-03 -1.724528e-01
9.999985e-01 9.044544e-05 1.269539e-03 1.182656e-03 1.534711e+00 5.859334e-03 -1.903647e-01
9.999990e-01 3.021592e-04 -5.063880e-04 1.310338e-03 1.551234e+00 1.752544e-02 -1.635045e-01
9.999991e-01 -4.927346e-04 2.076898e-04 1.231012e-03 1.552896e+00 -1.369229e-02 -1.785572e-01
9.999988e-01 -6.067023e-05 -6.337835e-04 1.429343e-03 1.544840e+00 1.783276e-02 -1.768794e-01
9.999988e-01 -1.617886e-04 3.642329e-04 1.499178e-03 1.526672e+00 -1.907957e-03 -1.740889e-01
9.999985e-01 -4.385638e-04 -3.641865e-04 1.673593e-03 1.557805e+00 7.117276e-03 -1.772378e-01
9.999997e-01 1.023092e-04 4.531461e-04 5.604767e-04 1.506940e+00 -7.377867e-03 -1.735603e-01
9.999985e-01 -6.822431e-04 -4.151138e-04 1.524921e-03 1.495021e+00 -2.265195e-03 -1.888499e-01
9.999985e-01 4.352924e-04 1.335336e-04 1.705542e-03 1.528171e+00 2.685866e-02 -1.627515e-01
9.999992e-01 -2.397673e-04 -7.783386e-04 9.660850e-04 1.500111e+00 -9.590186e-03 -1.733703e-01
9.999997e-01 9.233887e-05 1.484848e-04 8.078038e-04 1.517618e+00 -8.356115e-03 -1.768712e-01
9.999989e-01 5.462169e-04 -1.158441e-03 7.422121e-04 1.597134e+00 2.151588e-02 -1.779181e-01
9.999991e-01 5.051408e-04 9.180805e-04 9.374383e-04 1.473390e+00 2.330520e-03 -1.634101e-01
9.999976e-01 -1.829056e-03 6.299263e-04 1.048520e-03 1.426612e+00 4.294461e-03 -1.649648e-01
9.999991e-01 -7.262080e-04 -1.398788e-05 1.132963e-03 1.525687e+00 1.827888e-02 -1.862523e-01
9.999994e-01 5.826349e-04 -7.098936e-04 4.940127e-04 1.528734e+00 -1.175191e-02 -1.714919e-01
9.999998e-01 3.232643e-04 -4.171974e-04 2.762399e-04 1.574777e+00 1.519816e-03 -1.945664e-01
9.999983e-01 2.125594e-04 -1.018154e-03 1.488346e-03 1.481911e+00 3.868238e-02 -1.634187e-01
1.000000e+00 -1.966773e-05 7.003296e-05 2.418074e-04 1.427823e+00 -2.811803e-02 -1.761082e-01
9.999991e-01 6.068088e-04 -5.159453e-04 1.036422e-03 1.495312e+00 3.293677e-05 -1.596392e-01
9.999992e-01 -1.745520e-04 1.007622e-03 8.071675e-04 1.437010e+00 -2.631943e-03 -1.831384e-01
9.999977e-01 -2.744563e-04 -7.222012e-04 2.005965e-03 1.578750e+00 3.088304e-02 -1.618202e-01
9.999991e-01 2.235852e-04 1.261685e-03 3.527676e-04 1.391482e+00 -2.295617e-02 -1.814145e-01
9.999993e-01 3.917370e-04 -1.096158e-03 1.487740e-04 1.456581e+00 -2.216683e-03 -1.497430e-01
9.999965e-01 1.121939e-03 1.993853e-03 1.328551e-03 1.454294e+00 4.106645e-03 -1.750931e-01
9.999988e-01 -1.307939e-03 -1.667953e-04 8.170843e-04 1.462823e+00 7.151610e-03 -1.597925e-01
9.999998e-01 2.712732e-04 1.567845e-04 6.370759e-04 1.452839e+00 5.229975e-03 -1.562769e-01
9.999993e-01 -7.046706e-04 -3.223583e-04 8.951814e-04 1.458376e+00 -5.409757e-03 -1.742417e-01
9.999986e-01 1.160466e-03 9.417346e-04 7.423151e-04 1.462452e+00 1.799989e-03 -1.390529e-01
9.999981e-01 -1.253137e-03 5.499376e-04 1.391803e-03 1.468295e+00 -1.368588e-02 -1.914034e-01
9.999996e-01 3.942134e-04 3.172899e-05 7.562918e-04 1.497999e+00 1.131148e-02 -1.460829e-01
9.999995e-01 -2.871769e-04 2.505377e-04 9.389119e-04 1.454569e+00 1.069996e-02 -1.834574e-01
9.999990e-01 8.678776e-04 -2.562746e-04 1.071445e-03 1.422828e+00 -2.481505e-03 -1.483735e-01
9.999979e-01 -5.544089e-04 1.153742e-03 1.552870e-03 1.485372e+00 -6.464211e-04 -1.734791e-01
9.999990e-01 -6.321843e-04 -3.236878e-04 1.220532e-03 1.527113e+00 2.354743e-02 -1.582902e-01
9.999988e-01 2.680333e-04 2.844668e-04 1.509273e-03 1.407942e+00 5.368000e-03 -1.497667e-01
9.999990e-01 1.052657e-03 2.631167e-04 8.757379e-04 1.480106e+00 -9.006411e-03 -1.473023e-01
9.999990e-01 1.128663e-04 3.727000e-04 1.369736e-03 1.484826e+00 3.262632e-03 -1.804186e-01
9.999992e-01 4.999166e-04 -1.157048e-03 1.446151e-04 1.481799e+00 6.303642e-04 -1.415680e-01
9.999951e-01 -1.410470e-04 -1.199407e-03 2.896879e-03 1.529611e+00 3.544001e-02 -1.800825e-01
9.999994e-01 -7.302421e-04 -6.845052e-04 4.593355e-04 1.426986e+00 -2.535742e-02 -1.306315e-01
9.999973e-01 1.029958e-03 -1.965249e-03 6.714776e-04 1.462976e+00 1.386035e-02 -1.532188e-01
9.999988e-01 -6.203814e-04 -8.968484e-05 1.465081e-03 1.450625e+00 1.930640e-02 -1.872143e-01
9.999983e-01 3.777515e-04 1.144708e-03 1.378209e-03 1.453900e+00 1.224311e-02 -1.385608e-01
9.999978e-01 -1.738331e-03 4.004812e-04 1.160704e-03 1.451425e+00 6.635140e-04 -1.763031e-01
9.999994e-01 9.495479e-04 -3.580706e-04 4.225889e-04 1.434746e+00 -9.561359e-03 -1.332982e-01
9.999991e-01 6.975411e-04 9.111989e-04 7.198696e-04 1.461838e+00 6.998003e-03 -1.769459e-01
9.999996e-01 7.154668e-04 2.558209e-04 5.935147e-04 1.439532e+00 1.847084e-02 -1.481253e-01
9.999967e-01 -9.248514e-04 2.189094e-03 9.642503e-04 1.429845e+00 9.255201e-03 -1.607320e-01
9.999999e-01 1.097755e-04 -2.197035e-05 4.579266e-04 1.456840e+00 -1.126359e-02 -1.314931e-01
9.999976e-01 9.313259e-04 1.833997e-03 7.462284e-04 1.429266e+00 -6.006458e-03 -1.643630e-01
9.999997e-01 5.817865e-04 -2.224005e-04 3.175361e-04 1.432274e+00 -2.374382e-03 -1.487521e-01
9.999981e-01 1.618659e-03 9.011645e-04 6.794223e-04 1.480056e+00 -1.308031e-02 -1.321579e-01
9.999996e-01 -4.690746e-04 7.062144e-04 1.017472e-04 1.408220e+00 4.651633e-03 -1.540358e-01
9.999997e-01 7.687751e-04 1.229143e-04 2.529738e-04 1.469517e+00 -1.332898e-02 -1.266085e-01
9.999997e-01 6.405210e-04 2.671448e-04 1.402871e-04 1.453001e+00 -9.759874e-03 -1.459994e-01
9.999997e-01 7.936906e-04 8.213375e-05 2.148684e-04 1.440629e+00 3.171920e-03 -1.251227e-01
9.999981e-01 -1.795994e-03 3.327819e-04 6.724014e-04 1.462762e+00 1.261974e-02 -1.506371e-01
9.999973e-01 2.284002e-03 1.143025e-04 4.360368e-04 1.450700e+00 -5.787106e-03 -1.056988e-01
9.999974e-01 -2.065572e-03 8.092111e-04 4.731174e-04 1.433529e+00 -3.296373e-03 -1.631500e-01
9.999976e-01 1.556121e-03 -1.215473e-03 9.673586e-04 1.473613e+00 8.001782e-03 -9.763493e-02
9.999993e-01 -1.040674e-03 5.488535e-04 -6.001433e-05 1.467165e+00 -1.031698e-02 -1.741257e-01
9.999995e-01 8.289911e-04 -1.214818e-04 5.501997e-04 1.456032e+00 -4.356296e-03 -9.308707e-02
9.999996e-01 5.430235e-04 5.152219e-04 4.683676e-04 1.475178e+00 -5.193849e-03 -1.604648e-01
9.999996e-01 -4.174359e-04 7.170151e-04 3.234998e-04 1.483310e+00 9.104675e-03 -1.009861e-01
9.999984e-01 -4.134956e-04 1.661386e-03 4.755532e-04 1.450438e+00 -1.484550e-02 -1.535441e-01
9.999997e-01 -5.024869e-04 -4.461426e-04 4.550533e-04 1.473891e+00 -8.965732e-03 -1.096575e-01
9.999978e-01 1.241551e-03 1.673140e-03 2.921438e-04 1.451696e+00 -9.641323e-03 -1.404159e-01
9.999993e-01 1.100347e-03 -1.475850e-04 2.684110e-04 1.482958e+00 -4.913046e-03 -1.172573e-01
9.999982e-01 1.537057e-03 8.572246e-04 7.290614e-04 1.455397e+00 -5.694742e-03 -9.739842e-02
9.999974e-01 1.646203e-03 1.472793e-03 4.773194e-04 1.490334e+00 -1.771352e-02 -1.282972e-01
9.999992e-01 -3.819271e-04 1.235787e-03 1.351240e-04 1.475448e+00 -9.952561e-03 -1.281789e-01
9.999995e-01 -8.765587e-05 7.309405e-04 6.430274e-04 1.499792e+00 -2.454491e-03 -1.151958e-01
9.999992e-01 -9.048045e-04 8.125545e-04 3.831406e-04 1.465704e+00 -1.552173e-02 -1.115912e-01
9.999997e-01 5.919526e-05 -1.662288e-04 7.314296e-04 1.500206e+00 6.295912e-03 -1.082245e-01
9.999999e-01 -3.520653e-04 -1.127857e-04 7.639425e-06 1.476195e+00 -7.856883e-03 -1.037110e-01
9.999995e-01 -2.555946e-04 9.686236e-04 2.866546e-04 1.481094e+00 -1.359566e-03 -1.126909e-01
9.999998e-01 -5.674300e-04 3.522792e-04 1.459023e-04 1.535107e+00 -1.468448e-03 -1.024849e-01
9.999992e-01 7.890213e-05 1.218489e-03 -1.004138e-04 1.508884e+00 -3.798227e-03 -1.176051e-01
9.999963e-01 1.422168e-05 -2.654175e-03 -5.835762e-04 1.540988e+00 4.616018e-03 -1.100884e-01
9.999988e-01 8.290384e-04 1.129232e-03 6.467621e-04 1.470279e+00 1.975861e-03 -1.051114e-01
9.999980e-01 -1.906350e-03 -3.423115e-04 -4.995365e-04 1.584459e+00 -1.679701e-02 -1.363167e-01
9.999995e-01 8.154347e-04 5.395506e-04 3.799884e-04 1.493460e+00 -9.724389e-03 -8.907366e-02
9.999992e-01 -6.857008e-04 -3.960771e-04 -1.056618e-03 1.519743e+00 -2.637094e-02 -1.336536e-01
9.999988e-01 1.232693e-03 2.062325e-04 9.229904e-04 1.480768e+00 7.087834e-03 -8.511885e-02
9.999986e-01 -1.078213e-03 1.207398e-03 -1.456519e-04 1.538713e+00 4.165232e-03 -1.453333e-01
1.000000e+00 -2.185483e-04 -1.816302e-04 -1.412298e-04 1.496436e+00 -7.810065e-03 -9.752022e-02
9.999991e-01 1.282911e-03 1.259107e-04 -3.583338e-04 1.548960e+00 -1.000268e-02 -1.163779e-01
9.999998e-01 3.246704e-04 4.521144e-04 -2.645839e-04 1.540023e+00 -3.528567e-02 -1.189623e-01
9.999998e-01 -4.672392e-04 -8.419962e-05 3.786780e-04 1.495107e+00 2.553531e-02 -1.065768e-01
9.999996e-01 5.987688e-04 2.497314e-04 -5.987026e-04 1.503722e+00 1.565877e-02 -1.228251e-01
9.999981e-01 -1.546535e-03 -1.131688e-03 3.749546e-04 1.557373e+00 2.070878e-03 -1.217895e-01
9.999999e-01 4.522780e-04 -2.239325e-04 -2.490786e-04 1.507579e+00 -2.549963e-03 -1.111788e-01
9.999990e-01 5.523396e-04 -1.265890e-03 -9.746518e-05 1.533725e+00 9.250709e-04 -1.000959e-01
9.999989e-01 -1.067785e-03 7.761723e-04 6.313566e-04 1.657982e+00 -8.769869e-02 -1.470251e-01
9.999995e-01 -9.794461e-04 -3.807689e-05 2.834911e-04 1.440035e+00 3.583492e-02 -1.219054e-01
9.999990e-01 -6.100766e-04 1.235912e-03 -1.958716e-04 1.467788e+00 2.071281e-02 -1.220296e-01
9.999997e-01 5.292306e-04 -5.135404e-04 -2.139260e-05 1.524892e+00 -4.815892e-03 -9.508222e-02
9.999998e-01 5.347729e-04 -3.071693e-05 -8.610590e-05 1.512642e+00 -4.940421e-03 -1.197274e-01
9.999996e-01 6.969136e-04 -2.386664e-04 -5.010147e-04 1.508036e+00 1.073836e-02 -1.173390e-01
9.999997e-01 -1.810320e-04 6.253735e-04 -3.172345e-04 1.521289e+00 -8.225109e-03 -1.288023e-01
9.999992e-01 -8.695733e-04 6.096445e-04 6.922056e-04 1.560294e+00 -1.610985e-02 -1.233729e-01
9.999971e-01 -3.837261e-04 -3.553979e-05 -2.385341e-03 1.444120e+00 -9.428014e-03 -1.037308e-01
9.999992e-01 6.791185e-04 -5.648865e-04 -9.390733e-04 1.495725e+00 -7.375768e-02 -9.104015e-02
9.999939e-01 6.228474e-04 3.018327e-04 -3.417004e-03 1.438616e+00 -6.024680e-02 -1.456968e-01
9.999774e-01 -3.498175e-04 -5.633928e-05 6.718787e-03 1.700458e+00 1.616347e-01 -1.097693e-01
9.999997e-01 -6.076064e-04 3.816018e-04 -1.238405e-04 1.496011e+00 1.572156e-02 -1.236211e-01
9.999998e-01 -5.061671e-04 -6.384677e-05 -2.750210e-04 1.549058e+00 -2.147035e-02 -1.182565e-01
9.999996e-01 8.527076e-04 -2.758026e-04 -6.292233e-06 1.555779e+00 5.431573e-03 -1.115921e-01
9.999999e-01 -2.032713e-04 -3.809124e-05 -2.836173e-04 1.513140e+00 -2.659286e-03 -1.246531e-01
9.999997e-01 3.550534e-04 5.078833e-04 -4.189685e-04 1.532292e+00 -2.680828e-02 -1.119053e-01
9.999999e-01 -3.889559e-04 5.721732e-05 -2.227889e-04 1.558308e+00 -3.206716e-03 -1.147611e-01
9.999998e-01 5.883511e-04 -1.891890e-04 -2.689167e-04 1.534912e+00 3.458606e-03 -1.038332e-01
9.999997e-01 -4.537230e-04 3.501305e-04 -5.791111e-04 1.560909e+00 -1.412264e-02 -1.263159e-01
9.999999e-01 -5.354287e-05 2.888049e-04 -2.936072e-04 1.526307e+00 1.716982e-02 -1.220554e-01
9.999997e-01 3.160417e-04 -4.565267e-04 -5.269984e-04 1.577101e+00 -2.063779e-02 -1.106408e-01
9.999987e-01 1.499168e-03 2.551937e-04 -5.563153e-04 1.535587e+00 -1.652512e-02 -9.987637e-02
9.999993e-01 6.671867e-04 8.297138e-04 -5.921422e-04 1.569549e+00 2.144433e-03 -1.123526e-01
9.999999e-01 -4.387632e-06 8.981770e-05 -4.467973e-04 1.548608e+00 -4.289946e-03 -1.177203e-01
9.999979e-01 1.557405e-03 9.017635e-04 -9.375395e-04 1.538832e+00 -3.095188e-02 -9.036946e-02
9.999971e-01 8.994386e-04 1.698132e-03 -1.426750e-03 1.600382e+00 -1.290568e-02 -1.009212e-01
9.999989e-01 3.623408e-04 1.005340e-03 -1.039485e-03 1.531373e+00 -2.225302e-02 -8.532154e-02
9.999994e-01 -5.156308e-04 7.268835e-04 -5.428892e-04 1.585095e+00 9.880237e-03 -1.129379e-01
9.999974e-01 -1.629789e-03 -5.069665e-04 -1.527716e-03 1.512124e+00 -1.517006e-02 -1.168861e-01
9.999984e-01 -7.751680e-05 -7.744681e-04 -1.593390e-03 1.599428e+00 -1.296852e-02 -9.425532e-02
9.999965e-01 1.379845e-03 -6.171860e-04 -2.160217e-03 1.576704e+00 -7.661547e-03 -1.217749e-01
9.999952e-01 2.288926e-03 -9.774308e-04 -1.828754e-03 1.577380e+00 -1.749750e-02 -7.401389e-02
9.999937e-01 -6.382118e-04 2.496273e-03 -2.452339e-03 1.540543e+00 -2.404173e-02 -1.001318e-01
9.999920e-01 -3.561318e-03 1.672467e-03 -7.235601e-04 1.586541e+00 -4.825852e-03 -1.113743e-01
9.999960e-01 -2.547259e-03 -2.780000e-04 -1.197383e-03 1.586405e+00 1.869232e-02 -9.572829e-02
9.999962e-01 2.330097e-03 -3.098678e-04 -1.389296e-03 1.538169e+00 -3.513220e-02 -1.232553e-01
9.999967e-01 2.204534e-03 1.055564e-03 -8.155250e-04 1.585758e+00 1.297319e-02 -9.106038e-02
9.999989e-01 -5.922385e-04 -9.716248e-04 -1.011081e-03 1.585362e+00 -1.683447e-02 -1.177273e-01
9.999978e-01 -1.753725e-03 3.820365e-04 -1.032364e-03 1.659461e+00 4.126627e-03 -8.414581e-02
9.999929e-01 -2.168918e-03 -1.508291e-03 -2.698135e-03 1.544255e+00 -4.700974e-02 -1.218323e-01
9.999956e-01 2.943908e-03 -1.779952e-04 -1.058828e-04 1.558567e+00 -1.013075e-02 -9.242917e-02
9.999990e-01 7.719840e-04 1.124224e-03 3.268579e-04 1.570854e+00 2.218045e-02 -1.222767e-01
9.999946e-01 1.503882e-03 2.535138e-03 -1.457585e-03 1.542126e+00 -3.179938e-02 -8.087509e-02
9.999920e-01 -2.690589e-03 2.328432e-03 -1.818056e-03 1.581109e+00 1.694745e-03 -1.297873e-01
9.999992e-01 -9.128120e-04 -4.551254e-04 -7.678580e-04 1.612777e+00 -1.339880e-02 -9.093344e-02
9.999983e-01 4.127496e-04 -1.040543e-03 -1.481691e-03 1.551453e+00 2.799451e-03 -9.068105e-02
9.999965e-01 2.376986e-03 -1.377596e-04 -1.207085e-03 1.548413e+00 -2.008796e-02 -8.943494e-02
9.999964e-01 -4.583711e-06 9.865764e-04 -2.473646e-03 1.567475e+00 -1.205946e-02 -1.096370e-01
9.999984e-01 5.040463e-04 1.536495e-04 -1.678411e-03 1.568421e+00 -6.154939e-03 -9.605895e-02
9.999870e-01 -1.370055e-03 2.653362e-03 -4.124128e-03 1.532825e+00 -4.676658e-02 -1.018191e-01
9.999998e-01 -3.430235e-04 -4.200258e-04 1.271928e-04 1.524353e+00 2.211081e-02 -7.270844e-02
9.999976e-01 3.736049e-04 5.059302e-04 -2.084960e-03 1.554651e+00 -1.969476e-02 -1.044963e-01
9.999987e-01 -2.051755e-04 2.061842e-04 -1.601093e-03 1.535470e+00 -1.365235e-02 -9.577900e-02
9.999976e-01 -7.484578e-04 -3.462850e-04 -2.033557e-03 1.541451e+00 -1.291036e-02 -9.528618e-02
9.999855e-01 -1.842313e-03 9.057879e-05 -5.054592e-03 7.303922e-01 -9.200342e-02 -7.353510e-02
